/*--------------------------------*- C++ -*----------------------------------*\
  =========                 |
  \\      /  F ield         | OpenFOAM: The Open Source CFD Toolbox
   \\    /   O peration     | Website:  https://openfoam.org
    \\  /    A nd           | Version:  10
     \\/     M anipulation  |
\*---------------------------------------------------------------------------*/
FoamFile
{
    format      ascii;
    class       volScalarField;
    location    "0.4";
    object      p;
}
// * * * * * * * * * * * * * * * * * * * * * * * * * * * * * * * * * * * * * //

dimensions      [0 2 -2 0 0 0 0];

internalField   nonuniform List<scalar> 
12920
(
727676
692068
636524
676944
623652
631493
581276
570796
519653
495303
443326
408051
357936
319732
266399
223624
173224
130863
80107.4
27447.3
401979
651866
624737
678236
634554
636737
585041
575060
518533
494721
440394
406033
353946
315812
264577
222625
172687
130512
80010.8
27381
789393
754266
668889
693717
650609
647619
598548
581504
523368
493446
440484
404479
352410
313600
263045
221534
172024
130025
79738.2
27284.5
1.08772e+06
839097
731401
730747
678254
661943
611640
581103
527065
491624
440524
401991
351510
311666
262080
220283
171468
129396
79500.4
27112.5
1.10051e+06
858866
754384
745303
702475
670486
622756
586763
532138
493549
439029
400289
349954
310619
260987
219429
170839
128875
79139.2
26951.1
930984
846708
758154
760224
711835
684661
638389
590348
542699
493831
439466
396296
349093
308862
261437
218659
170861
128366
78969.5
26708.5
1.0326e+06
906370
791479
778020
732253
693907
634553
596690
550260
498040
438283
395178
347678
308674
260855
218715
170602
128056
78427.9
26511.6
898544
905331
785819
791386
738549
704149
651549
607772
562534
515199
459049
410059
363719
320453
261663
216986
170910
127619
78507.2
26352.3
929141
903323
806428
811802
739669
725311
667487
620761
574621
528666
474942
424783
376104
329407
277716
218458
170071
127613
78461.4
26330.9
978897
913384
809717
833532
759579
732822
680453
634889
582559
529430
476687
426546
378509
330676
276988
218573
170020
127294
78314.3
26122.8
1.07299e+06
943664
855008
864692
784465
769008
710649
651464
591187
532300
478739
428836
380152
331510
277780
218270
169239
126805
77912.8
25947.6
910020
954253
869325
888363
796045
774633
718778
656474
598006
542000
488211
435988
384128
333498
278487
218566
168997
126878
77923.8
25864.3
1.10082e+06
1.08386e+06
925555
914141
797651
760480
714153
660109
603597
548237
490875
435735
381785
330239
267592
219022
170758
127516
78942.5
26046.6
838186
1.06808e+06
930273
936625
813382
791454
701627
661262
588844
535675
474679
424456
370385
321417
268533
221178
171642
128605
79940.4
26280.5
807823
1.08407e+06
970050
931319
802465
783777
687716
655145
589048
539013
475951
424425
370241
321479
269340
221843
172202
128902
80314.6
26428.8
955430
1.1267e+06
1.00117e+06
981331
839527
804650
699872
660055
588611
543298
473279
423815
368282
321037
268669
222144
171833
128662
80033
26505.2
1.22818e+06
1.13551e+06
996468
955257
824704
796935
696277
658449
579326
533791
468866
424218
367770
321167
268250
222097
171582
128292
79726.7
26521.7
964269
1.10044e+06
1.00581e+06
999554
880578
821788
706358
654742
575491
531419
466771
423528
366472
321610
268073
222582
171596
128323
79753.9
26642
1.08296e+06
1.03913e+06
962121
970395
871709
803915
694926
646518
571794
527065
464543
421642
364777
320935
267887
222750
171610
128407
79845.9
26710.6
566756
940610
932114
956757
863572
803448
692813
645495
570076
524790
463221
420714
363796
320515
267719
222825
171666
128545
79888
26726.1
663537
686252
636976
676489
624352
631945
581968
571027
519522
494905
442639
408647
357568
319146
266275
223609
173215
130849
80087.1
27440
420912
648334
624300
675900
634836
636117
585426
574870
519423
493846
440128
406009
353902
315699
264539
222609
172683
130500
79991.7
27373.9
778391
741805
669782
693209
649731
647857
599176
581760
523625
493198
440347
404409
352394
313585
263036
221525
172023
130014
79718.3
27277.5
963430
823737
725512
728344
676817
662351
611740
581384
527147
491619
440485
401971
351503
311659
262079
220279
171471
129387
79482.4
27105.4
1.01048e+06
831802
747078
741892
701269
670767
623029
586988
532178
493551
439031
400279
349962
310616
260990
219426
170844
128866
79118.8
26944
775245
846992
756910
757902
711921
684528
638371
590369
542660
493790
439458
396294
349106
308866
261438
218661
170866
128360
78950.9
26701.6
1.035e+06
895975
790183
777310
731638
694269
633987
597005
550309
498027
438279
395182
347686
308678
260865
218721
170608
128051
78405.3
26504.7
961564
898401
786139
792322
737245
704243
648433
608114
562643
514971
458906
410095
363758
320470
261669
216993
170911
127600
78499.8
26346.4
913803
904151
812958
811208
742037
725961
667121
620527
574865
528464
474956
424750
376144
329410
277625
218464
170075
127603
78450.2
26323.5
988164
920727
808886
832326
756187
734647
681024
634321
581994
529394
476694
426476
378495
330656
276940
218579
170018
127289
78323.3
26118.5
963401
928513
848999
863616
780885
767556
710500
651289
591391
532615
478735
428941
380167
331526
277787
218253
169231
126799
77923.6
25942.4
895504
955654
871473
891589
797318
777798
719525
657146
598133
542211
488196
435970
384095
333472
278426
218597
168999
126873
77930.5
25855.4
1.12531e+06
1.07634e+06
936781
914338
794251
761069
714531
661788
603984
548273
490804
435681
381767
330215
267540
219038
170765
127514
78998.9
26037.2
835236
1.05382e+06
925674
930193
808419
789175
700522
659463
587720
535685
474899
424285
370178
321296
268482
221165
171636
128596
79999.7
26276.4
855776
1.0851e+06
970727
929416
804096
783371
687477
655158
588339
537453
475021
424106
369999
321349
269295
221828
172188
128887
80305
26482.2
931227
1.15249e+06
998652
980955
839759
805434
699672
660838
588813
540762
473147
423597
368096
320923
268624
222131
171828
128655
80027.2
26562.9
1.18468e+06
1.13075e+06
1.00256e+06
957848
829785
797084
696357
655644
578596
534097
468884
424108
367658
321106
268229
222091
171579
128286
79724.1
26577.4
1.04911e+06
1.09459e+06
1.00608e+06
1.00141e+06
879642
818115
706654
655367
575575
531221
466654
423390
366390
321577
268060
222580
171594
128318
79751.8
26696.9
983611
1.02949e+06
968222
969484
870837
803277
694960
647457
571819
527045
464520
421610
364756
320924
267881
222750
171609
128401
79844.5
26764.5
656400
967392
935394
955102
861953
803476
692855
645961
570140
524807
463230
420718
363786
320515
267716
222826
171664
128539
79886
26782.1
760366
703800
641619
677390
625518
631923
583635
572135
519498
494387
442165
409110
356751
318259
266019
223554
173193
130834
80077.4
27441.2
430153
641608
625934
675628
635223
636237
586171
575177
519889
493632
440094
406068
353807
315507
264472
222583
172673
130488
79982.7
27375.1
733525
729919
665124
693230
650343
648581
599767
582066
524039
493042
440187
404353
352352
313537
263016
221512
172021
130005
79709
27278.8
904286
816467
712614
724078
674219
662518
611711
581754
527258
491687
440445
401944
351489
311644
262071
220272
171472
129379
79474.4
27106.9
764420
813473
743836
738798
700965
671268
623735
587411
532313
493579
439012
400264
349959
310609
260990
219423
170847
128858
79109.5
26945.6
832095
839188
754561
755343
711025
684488
638321
590528
542537
493728
439427
396292
349123
308867
261439
218661
170870
128354
78943.1
26703.4
973852
878224
789262
775422
731528
694714
633460
597474
550273
498073
438254
395189
347709
308690
260871
218725
170613
128044
78396.1
26507
750638
886279
785080
793206
738259
704579
646325
608547
562807
514954
458920
410108
363771
320468
261674
217000
170913
127586
78497
26349.5
952128
885268
807871
811498
742629
726627
666698
620907
574597
528335
474954
424742
376155
329404
277614
218469
170080
127593
78446.8
26326.4
810115
872309
814675
832822
757389
735055
680985
633660
580723
529188
476649
426230
378378
330587
276922
218578
170016
127284
78333.5
26122.1
708630
919343
849388
865353
781681
766445
706805
649804
591044
530381
479464
429247
380247
331603
277779
218241
169224
126793
77935.5
25945.2
847699
949558
879957
890452
799687
778879
721261
659811
599408
542409
488071
435883
384053
333450
278416
218615
168998
126867
77938.5
25856.9
992230
1.07211e+06
935606
914222
791998
762329
716223
663844
604479
548022
490628
435564
381686
330166
267502
219043
170768
127508
79030
26039.9
859192
1.02628e+06
925824
928233
808197
788926
699101
657944
587148
534919
474556
423972
369928
321155
268420
221148
171629
128582
80033.2
26285.3
968810
1.08729e+06
973020
928023
804922
783402
688534
655322
586450
535700
474077
423750
369706
321170
269221
221805
172179
128874
80296.9
26510.9
967517
1.17381e+06
1.01495e+06
981988
842269
805349
698378
660378
587076
538340
472370
423421
367850
320764
268554
222110
171821
128649
80024.6
26597.7
1.1251e+06
1.12411e+06
1.01576e+06
963707
835120
796186
696243
653718
578124
534127
468838
423968
367512
321017
268199
222081
171576
128283
79726.9
26612.3
970738
1.07293e+06
1.00723e+06
1.00394e+06
883510
815592
706545
656029
575434
531101
466544
423244
366297
321534
268042
222576
171594
128315
79754.7
26731.8
950813
1.02802e+06
974469
971485
865403
802849
695307
648469
571873
527025
464487
421571
364731
320907
267876
222750
171610
128398
79848.1
26798.9
658092
985786
933009
955021
860368
802881
693459
646707
570296
524865
463233
420708
363779
320510
267714
222827
171665
128535
79889.3
26817.7
842511
715207
637358
678124
628057
632580
585874
573255
518860
494237
441931
408907
356140
317630
265780
223497
173168
130825
80077.6
27441
442821
631086
623518
674222
635335
636625
587018
576042
520232
493520
440095
406118
353707
315334
264403
222560
172661
130483
79983.8
27374.9
636541
692487
656527
692331
648906
649434
600276
582460
524431
493042
440109
404322
352313
313486
262990
221501
172017
130002
79710.4
27278.6
691652
798238
704966
722191
669822
664862
612501
582330
527407
491786
440383
401921
351471
311629
262059
220267
171470
129378
79476
27106.8
637922
772208
734595
736286
699194
672080
624532
588026
532496
493592
439001
400252
349951
310603
260987
219422
170846
128857
79111.2
26945.5
761400
809758
747322
750712
711408
684209
638089
590839
542394
493664
439381
396289
349130
308866
261440
218661
170871
128354
78945.4
26703.4
786318
853067
784587
774986
730752
695202
633429
597955
550052
498043
438223
395188
347711
308692
260870
218727
170615
128045
78398.9
26507.3
846400
873692
787823
793397
739155
705110
645572
608795
562855
514954
458914
410109
363781
320470
261677
217000
170914
127582
78499
26350
962285
889933
805914
809512
743286
726314
666536
620808
574017
528194
474912
424737
376163
329405
277608
218474
170078
127595
78452
26326.6
786195
840592
805407
830352
761273
735954
681367
633576
580262
528900
476568
426300
378428
330604
276913
218577
170015
127285
78341.2
26122.9
575784
912256
838181
865081
780473
763923
702856
648091
590795
532393
478863
429016
380215
331576
277786
218243
169222
126792
77943.6
25946.1
795154
971330
876714
889932
799415
776816
723514
662383
601171
542600
488058
435860
384028
333433
278407
218619
168994
126864
77944.2
25856.7
1.15674e+06
1.05606e+06
940355
912898
788586
763804
717574
665424
604084
547496
490387
435452
381605
330128
267487
219034
170761
127503
79048.8
26039.3
1.01803e+06
1.03701e+06
925695
928259
809297
788051
698045
657079
586131
533975
474127
423683
369725
321041
268365
221130
171621
128578
80050.2
26284.2
1.1334e+06
1.10531e+06
978486
930547
807868
782031
688871
653195
585315
534701
473762
423531
369501
321015
269146
221782
172171
128866
80293.8
26513.9
1.10598e+06
1.20704e+06
1.02655e+06
982267
844371
801838
699080
658715
585707
537044
472064
423260
367653
320628
268489
222092
171815
128646
80025.4
26605.3
1.05522e+06
1.11279e+06
1.02581e+06
972068
838657
795795
696467
653397
577697
533958
468775
423866
367386
320934
268168
222072
171575
128284
79733
26620.3
935919
1.09761e+06
1.0161e+06
1.00816e+06
880308
815849
705777
656480
575526
530978
466482
423157
366227
321503
268026
222573
171594
128316
79761.2
26740
1.04915e+06
1.01964e+06
967785
970168
864477
802577
696332
649597
572011
527019
464473
421543
364711
320895
267870
222750
171611
128399
79854.7
26806.9
674099
1.01089e+06
928072
954522
859474
802163
695263
647573
570595
524961
463234
420701
363769
320505
267710
222827
171666
128536
79896
26826.3
831200
736103
641641
678003
628504
632849
586202
574094
519636
495025
442174
409194
355915
317332
265668
223467
173153
130821
80077
27436.8
444395
624905
627951
675569
637535
636977
587843
577395
520425
493593
440069
406166
353663
315239
264364
222547
172654
130481
79983.6
27370.9
629611
690593
657142
691765
649668
649993
600813
582690
524853
493052
440077
404304
352295
313455
262974
221495
172015
130001
79710.6
27274.5
654545
801949
705112
721861
670471
664575
614041
582891
527867
491894
440361
401906
351465
311620
262051
220264
171469
129378
79476.2
27102.6
509724
756132
738427
739626
699767
672467
624811
588386
532649
493638
438997
400247
349950
310601
260985
219421
170845
128857
79111.8
26941.2
425013
787029
744681
751068
713309
683850
637871
591088
542389
493667
439357
396293
349129
308865
261441
218662
170871
128355
78946.1
26699.1
717326
845312
783512
773193
730074
696634
633194
598364
550038
498082
438212
395194
347712
308692
260867
218727
170616
128045
78401.4
26502.7
865565
886981
789399
795389
736247
705562
645491
608936
562961
515023
458895
410096
363781
320467
261679
216998
170913
127581
78498.8
26345.9
953479
891521
800621
809752
741195
727438
666734
621008
574110
528032
474860
424743
376169
329410
277615
218475
170076
127597
78452.8
26323.3
739097
845634
813687
832614
764506
738445
682164
633176
579474
528573
476524
426469
378516
330660
276917
218573
170013
127286
78343.7
26119.6
632067
898642
846548
864689
779974
761772
700110
647416
590731
532290
478737
428910
380134
331516
277784
218253
169223
126793
77946
25942.6
800984
945130
881310
888437
799413
775004
724737
663568
602625
542724
488077
435860
384022
333430
278404
218613
168992
126862
77948.4
25850.9
1.30972e+06
1.06581e+06
940829
912081
785768
765212
717747
665932
603889
547123
490121
435384
381567
330107
267484
219026
170751
127501
79068
26032.6
989790
1.03449e+06
921245
927353
811783
787112
697502
656675
585698
533429
473849
423537
369629
320979
268333
221118
171615
128576
80062.5
26279.8
1.2287e+06
1.1207e+06
976972
934244
810655
781143
688573
652899
584848
534285
473628
423403
369387
320926
269100
221767
172165
128862
80292.6
26513.5
1.14395e+06
1.20966e+06
1.02745e+06
982537
844411
801078
700028
657988
585096
536591
471903
423154
367536
320550
268450
222080
171811
128644
80024.9
26607.9
1.00957e+06
1.11653e+06
1.03002e+06
981732
845210
796048
696136
653593
577492
533836
468735
423801
367307
320883
268148
222066
171573
128283
79735.7
26622.9
851950
1.06609e+06
1.01741e+06
1.00834e+06
879699
815942
705260
656843
575644
530890
466456
423116
366185
321484
268015
222571
171593
128316
79764.1
26742.5
1.07112e+06
1.01951e+06
975761
975822
865530
802440
697633
650505
572110
527029
464467
421524
364698
320886
267865
222751
171610
128399
79857.6
26809.3
899905
1.02841e+06
936565
952828
859064
801711
697355
648087
570927
525041
463228
420695
363761
320501
267707
222828
171666
128536
79898.9
26829.4
489489
529807
490147
528974
489413
529361
490037
438014
477730
442930
476599
437998
477687
442928
491788
539202
498459
529726
491755
539379
498435
443835
485471
446073
479443
443859
485438
446043
631137
677571
640267
667176
631714
676955
640136
586143
630568
591720
620531
585786
630048
591366
540748
579850
541495
574826
540939
579542
541464
487663
529375
489323
528484
487730
529381
489314
435810
476791
437864
474955
435787
476778
437820
387496
426511
389522
424754
387538
426459
389505
339746
378183
341509
376142
339740
378175
341503
294339
330562
294159
329414
294380
330553
294135
644938
706034
662136
680817
644825
704492
662011
595611
649536
604556
634511
595090
649435
604690
542299
589859
545215
582240
542251
590073
545370
489480
531128
490323
529429
489490
531275
490435
438336
477536
439921
476703
438294
477622
439969
390161
427963
391527
426503
390141
428038
391541
342164
379554
343226
378511
342155
379570
343244
294370
331277
294869
330672
294337
331293
294878
664412
717810
668777
710959
664437
718294
669109
606064
655543
609961
651408
606128
655834
610062
546346
595732
552081
591404
546617
595749
552046
491574
538877
498448
532502
491593
538947
498546
440894
485654
446266
478726
440952
485672
446274
392181
433939
395260
428909
392194
433957
395250
343541
383035
344905
380158
343555
383028
344898
295082
332956
295294
331520
295094
332953
295301
669326
719399
671092
719204
669706
719489
671973
611430
658578
617350
656848
611571
659278
617690
554694
604155
562282
598007
554747
604218
562274
500687
549599
506958
542152
500766
549660
506951
447828
493650
451428
488208
447833
493517
451532
396057
438564
397335
435979
396043
438456
397415
345055
384847
345718
384104
345050
384780
345796
295072
333562
295314
333480
295098
333489
295409
631529
676804
640236
667266
631111
676955
640662
585772
630060
591200
620785
585696
630237
590194
540904
579320
541418
574739
540799
578649
541200
487750
529358
489301
528378
487761
529233
489265
435782
476764
437794
474957
435759
476720
437686
387553
426433
389490
424744
387571
426334
389428
339742
378164
341495
376152
339740
378121
341461
294383
330545
294123
329405
294383
330514
294103
644862
703750
661517
681193
644638
701019
658850
594813
649152
604601
633786
593814
647305
604051
542197
590037
545405
580949
541949
589748
545379
489478
531365
490459
529243
489459
531445
490602
438264
477638
439938
476643
438105
477956
440561
390123
428072
391549
426321
390042
428342
391505
342145
379576
343256
378427
342094
379542
343224
294320
331305
294875
330614
294288
331288
294943
664274
718656
669392
707710
662875
720008
671023
606058
656082
610062
650325
605655
657612
610541
546676
595792
552092
591177
546714
596032
552316
491604
538998
498552
532862
491475
539158
498512
440978
485662
446266
478866
441089
485559
446167
392207
433957
395245
429029
392245
433901
395216
343563
383024
344902
380225
343630
383006
344904
295094
332954
295299
331575
295126
332953
295296
670010
719456
672320
720747
671638
720180
673344
611702
659721
618067
659005
612848
661012
619388
554808
604471
562285
599029
555041
605521
562428
500772
549700
506954
542363
500745
549755
506897
447819
493503
451517
488127
447728
493427
451430
396034
438437
397414
435916
396000
438377
397369
345048
384766
345799
384064
345035
384731
345767
295094
333478
295418
333454
295082
333454
295418
631051
677056
640760
666409
630533
677968
641109
585562
630224
590018
620805
585117
630527
589883
540844
578476
541124
574210
540745
578157
540883
487758
529190
489274
528223
487715
529012
489203
435751
476724
437648
474926
435736
476675
437631
387573
426295
389403
424736
387579
426284
389401
339738
378098
341444
376161
339736
378097
341442
294381
330503
294099
329404
294377
330499
294092
644557
699927
657838
681102
644379
696796
655212
593586
646475
603731
633561
593169
644390
602558
541850
589586
545157
580326
541526
588911
544870
516568
515783
529925
529119
516450
515759
529861
463361
463291
476795
476670
463422
463282
476867
389997
428606
391491
426217
389993
428572
391482
342063
379525
343193
378375
342060
379527
343197
294282
331263
294952
330582
294275
331266
294952
662063
720531
671815
704143
659859
721976
673758
605438
658368
610968
648435
604958
660284
612420
546297
596387
552405
590807
546016
597605
552757
519056
518056
533619
527996
520005
516599
532926
467406
466863
480952
480109
467873
468316
480338
392256
433846
395201
429237
392238
433817
395175
343667
382998
344896
380240
343668
382976
344882
295116
332949
295302
331603
295112
332936
295296
672343
720723
673704
722913
674273
722029
674709
613396
661587
619836
661780
615117
662593
621637
555136
605849
562495
600705
555509
606424
562639
500705
549759
506852
542544
500668
549617
506669
447681
493390
451392
488032
447642
493246
451284
395987
438354
397349
435847
395958
438280
397293
345028
384719
345752
384032
345011
384681
345717
295078
333446
295412
333437
295070
333425
295397
630668
678317
641199
666875
631320
679019
641629
584976
630714
589937
621019
585456
630937
589763
540710
578334
540802
573942
540494
578017
540511
487692
528940
489151
528071
487614
528692
489078
435734
476641
437661
474871
435734
476615
437744
387582
426318
389426
424741
387586
426405
389492
339737
378121
341457
376169
339741
378169
341489
294376
330509
294092
329409
294376
330539
294107
644282
695716
654213
681820
644354
694039
652998
593226
643562
602318
633397
592812
642565
601821
541421
588672
544969
579823
541065
588117
544670
489341
530951
490470
528648
489242
530715
490278
438078
477912
440550
476535
438216
477532
439958
390038
428317
391497
426442
390122
428079
391535
342089
379546
343236
378500
342138
379572
343269
294275
331299
294938
330644
294296
331318
294863
659208
722085
674176
700205
658102
721116
674949
604899
660756
612889
647316
604892
661886
614035
546436
598006
552902
590711
546482
598916
553185
491461
539457
498500
532321
491575
539588
498524
441158
485523
446128
478754
441005
485601
446196
392222
433859
395175
428945
392174
433892
395174
343631
382972
344882
380146
343561
382959
344861
295118
332933
295287
331524
295078
332918
295277
674828
722486
674977
724825
675807
723277
675576
615675
662957
622564
663472
617154
664081
623663
555648
606554
562701
602400
555963
606920
562680
500685
549558
506610
542716
500686
549363
506427
447672
493202
451244
488078
447700
493029
451168
395955
438257
397277
435864
395947
438198
397235
345009
384667
345708
384022
344998
384635
345682
295067
333419
295393
333430
295059
333400
295379
631391
679399
641524
666671
631748
679766
641492
586016
630851
589435
621495
586731
630338
589208
540362
577606
540397
574511
540058
577432
540187
487584
528610
489063
528070
487519
528459
489036
435732
476608
437765
474835
435730
476592
437794
387583
426428
389507
424747
387573
426466
389524
339741
378179
341496
376153
339741
378189
341506
294374
330546
294112
329409
294346
330555
294129
644169
693748
653044
682310
643844
692906
653203
592388
642695
601709
632842
591560
642978
601601
540964
587987
544599
578852
540772
587818
544228
489224
530632
490247
528413
489171
530327
490034
438241
477503
439974
476482
438266
477353
439905
390138
428042
391526
426499
390159
427958
391510
342148
379563
343256
378523
342159
379546
343234
294303
331307
294860
330669
294322
331289
294842
658358
720839
674961
700499
659129
721404
674381
604922
662104
614227
648172
604945
661552
614326
546494
598994
553202
590740
546411
599003
553137
491571
539604
498519
532252
491506
539515
498404
440970
485605
446194
478709
440882
485566
446175
392162
433886
395171
428825
392149
433856
395166
343552
382955
344854
380125
343535
382950
344848
295075
332913
295274
331505
295071
332907
295265
675901
723466
675915
723656
675560
724139
676230
617405
664558
623843
663248
616992
665154
624586
556012
607051
562629
602283
555855
607472
562749
500681
549317
506374
542573
500577
549228
506289
447699
492987
451149
488064
447676
493023
451039
395945
438186
397220
435851
395939
438215
397172
344994
384628
345671
384031
344984
384647
345629
295056
333399
295373
333439
295020
333425
295337
503653
503036
489785
489529
503398
503067
489968
516252
529922
516146
527295
516326
529465
513894
503628
489892
503234
489587
503253
490409
502180
516505
529048
515646
529661
515714
529785
516288
503614
489501
502940
489676
503034
489932
503264
516199
526829
529679
515839
529340
513867
516149
503579
489546
489783
503055
490363
502125
503086
450637
450850
437976
437945
450802
450817
437768
464868
477182
464670
477531
464168
477808
465010
452076
439555
452847
443106
451870
439310
453763
463349
476650
463254
476723
463267
476843
463383
450628
437939
450828
437963
450810
437761
450779
464848
477504
477126
464733
477782
465012
464153
452066
443254
439533
452921
439334
453685
451871
506243
505109
493652
492157
507044
504905
492942
522887
536698
525329
539234
522911
536786
525316
509519
495984
512277
498387
509712
495718
512236
518998
527306
517674
533597
516536
532809
520004
506224
492131
504984
493649
504841
492928
507010
522915
539293
536854
525399
536859
525331
522955
509521
498372
495945
512280
495704
512233
509688
455530
454897
442869
444059
455462
457321
443017
469073
482945
471902
485377
469448
482651
471787
456155
443768
459222
445977
456646
443399
459095
467417
480090
466988
480930
468379
480317
467897
455559
444259
455088
442898
457359
443065
455524
469056
485360
482912
471874
482632
471773
469434
456124
445968
443747
459193
443375
459087
456627
628986
657115
632310
650347
628861
657081
632115
592976
613742
592554
607886
592983
613749
592526
541936
567937
543286
562589
541938
567957
543343
489056
520730
489842
515040
489022
520584
489925
435052
464864
436880
458949
435025
464881
436853
385435
415845
389961
410080
385521
415887
390030
341733
367832
341507
363729
341718
367845
341485
296903
322796
297324
320453
296909
322805
297332
686877
725182
690689
725558
686620
725868
690614
656280
655105
672096
667347
655108
672013
656311
610986
609058
625732
620599
608861
625660
611008
564552
564103
577069
574627
564316
577048
564388
515326
514721
530267
528569
514749
530244
515314
462252
461221
477593
474939
461221
477603
462262
412580
411912
426729
424764
411937
426747
412584
363744
363235
377524
376121
363245
377545
363746
317129
317302
330472
329408
317321
330478
317132
252674
278568
251077
277653
252748
278542
251097
696335
746903
715657
733953
696020
746760
714798
673158
665158
686627
680572
665435
686527
673435
627233
621875
641050
634711
621630
640749
627446
571153
568824
585709
582567
568820
585774
571105
516186
515887
529855
529442
515897
529886
516145
463677
463427
476764
476694
463432
476774
463670
414575
414196
426835
426538
414187
426833
414581
366572
366133
378817
378518
366134
378815
366574
318759
318458
330969
330682
318457
330965
318764
252198
277696
251907
276963
252204
277689
251914
727817
774348
735963
768165
727540
775082
736099
695394
691929
714302
710769
691945
714331
695366
637330
635949
653136
651432
635899
653143
637379
577146
575865
592431
591298
575994
592540
576974
520150
518216
533997
532401
518260
533980
520156
467846
465781
480904
478732
465772
480926
467828
417684
416473
430233
428851
416482
430233
417689
368541
367870
380975
380154
367869
380974
368543
319589
319224
331980
331512
319226
331980
319591
251983
278050
252326
277784
251987
278046
252321
737852
776429
740792
775809
738313
776877
740821
699793
698674
718500
718819
698735
718528
699757
640982
640317
656818
656556
640413
656954
640899
585705
582709
600543
597947
582536
600386
585668
530574
527653
544943
542034
527697
544947
530556
476203
474101
490606
488210
474120
490620
476207
423154
422027
437338
435988
422025
437335
423155
370991
370458
384743
384119
370459
384721
370987
320312
320073
333812
333493
320070
333794
320303
251305
277184
252144
278445
251302
277156
252187
685719
712872
695250
714209
686163
713112
694911
630026
665334
635122
660653
630495
665287
635565
571743
602567
575280
603705
571707
602530
574764
517251
546349
519472
548279
517252
546246
519557
459458
488551
460535
490818
459494
488515
460619
404755
433958
408140
435708
404715
433852
408242
353064
380483
355208
381791
353035
380432
355224
301998
329353
305333
330236
302004
329306
305378
628627
656855
631682
647051
628476
655846
631293
593039
613775
592688
608351
593140
613870
592849
541912
567989
543321
562699
541873
568021
543315
489018
520539
490032
514964
489039
520533
490059
435005
464891
436836
458914
434982
464901
436825
385585
415910
390097
410105
385580
415922
390123
341714
367862
341474
363768
341717
367877
341474
296918
322812
297341
320471
296928
322814
297348
686027
726418
690121
726917
686936
727244
691585
656112
654428
671621
667389
655976
654260
671700
610503
608418
624817
620545
610799
608382
624707
564961
564804
577103
574854
564944
564715
577214
515306
514750
530207
528444
515329
514727
530185
462233
461231
477610
474958
462240
461230
477607
412578
411970
426747
424748
412581
411970
426740
363742
363262
377559
376147
363741
363266
377562
317124
317341
330481
329409
317125
317342
330478
252786
278522
251109
277620
252797
278514
251117
696275
746135
714441
734672
696512
746115
713647
672272
666036
686180
681231
672582
666265
686116
625510
620865
639569
634114
625920
620585
639174
570833
568460
585615
581652
571009
568241
585339
516181
515868
529903
529345
516218
515837
529849
463591
463410
476762
476680
463624
463388
476753
414495
414129
426783
426442
414524
414097
426748
366541
366116
378793
378478
366552
366101
378782
318719
318416
330948
330646
318729
318405
330937
252205
277687
251913
276927
252204
277690
251914
726954
775661
736659
767089
725707
775500
737166
695394
691398
714141
709773
695447
690756
713952
637113
635669
653126
651075
637212
635458
653068
577354
576212
592626
591347
577361
576207
592578
520273
518523
534002
532658
520260
518592
533999
467875
465640
480980
478736
467855
465575
480991
417725
416552
430251
428945
417698
416583
430274
368565
367887
380984
380181
368545
367901
381007
319595
319239
331987
331536
319591
319247
332000
251991
278043
252319
277787
251989
278043
252316
739127
777722
741240
778777
739663
778275
741546
700598
699467
719108
719876
700305
699862
719388
642235
640893
657513
657598
641694
641314
657952
585836
582596
600515
598321
585686
582756
600786
530688
527862
545053
542261
530665
527896
545089
476164
474097
490591
488185
476179
474076
490579
423117
422005
437318
435959
423130
421994
437310
370970
370446
384687
384085
370979
370439
384677
320300
320059
333763
333465
320306
320057
333756
251299
277144
252206
278421
251294
277139
252210
686599
713879
694715
715212
686931
713762
694574
631250
665254
636362
662846
631888
665239
636868
571627
602576
574125
604291
571514
602554
573511
517341
546068
519974
548161
517313
545794
520053
459433
488605
460449
490749
459325
488602
460305
404676
433795
408194
435630
404621
433709
408104
352999
380375
355177
381727
352962
380310
355118
301989
329266
305387
330189
301969
329221
305367
628418
653991
631410
646066
628388
653161
631529
593165
614074
593106
608689
593270
614331
593423
541841
568012
543320
562859
541817
568036
543297
489083
520472
490051
514951
489083
520429
490036
434972
464898
436813
458920
434961
464891
436801
385577
415927
390136
410110
385579
415927
390145
341721
367888
341475
363778
341724
367896
341476
296932
322815
297351
320468
296938
322817
297353
688330
727773
693240
726651
689459
728599
694448
656931
652351
671503
666442
656599
652182
671728
610211
608603
624856
620943
610275
608618
624745
564588
564582
577097
574473
564684
564537
576998
515195
514649
530079
528293
515226
514621
530039
462206
461219
477593
474948
462214
461214
477585
412559
411966
426714
424739
412562
411965
426710
363741
363269
377559
376158
363741
363270
377559
317120
317340
330471
329404
317120
317339
330469
252803
278508
251122
277609
252804
278503
251124
696882
745345
712808
735598
697950
745015
711839
671151
666359
685843
680890
671448
666278
685520
623829
619915
637980
633595
624207
619768
637642
569874
567554
584214
580554
570124
567354
583880
426439
426159
426285
414170
413925
414287
413867
366430
366017
378733
378335
366476
365976
378693
318618
318363
330880
330556
318661
318343
330838
252200
277695
251913
276917
252198
277692
251910
724117
774082
737090
765401
722751
772958
736427
693498
687684
712318
706000
694197
686690
711649
636610
634494
652632
649316
636685
634163
652580
577008
576075
592198
590922
577078
575999
592120
430325
429181
430302
417840
416576
417821
416419
368771
367978
381143
380264
368727
367997
381181
319700
319297
332126
331630
319657
319323
332187
251983
278043
252311
277779
251977
278040
252306
739845
778552
741977
777951
739948
778906
742339
702420
701467
720498
721771
701919
702072
720925
645180
643405
659849
660530
644531
644105
660478
586872
583791
602003
599817
586623
584100
602355
527934
542435
527930
530717
545237
530728
545274
473929
488023
473874
476031
490489
476068
490452
435849
423053
421937
437262
423069
421916
437243
370932
370409
384646
384044
370941
370400
384637
320273
320042
333736
333448
320279
320036
333731
251287
277130
252208
278410
251284
277125
252204
687230
713486
694251
716941
687381
712971
693576
632495
665230
637547
664745
633095
664812
638002
571368
602467
573007
604427
571234
602355
572641
517156
545495
519932
547733
516916
545138
519683
459218
488457
460185
490502
459092
488302
460067
404555
433587
407992
435504
404496
433501
407885
352926
380224
355047
381643
352892
380153
354982
301955
329170
305336
330145
301942
329131
305307
628318
653030
631561
645390
628297
653192
631748
593459
614471
593704
608875
593609
614511
593864
541778
568034
543255
562892
541775
568051
543204
489050
520404
489994
514973
489020
520393
489920
434949
464878
436796
458886
434949
464856
436792
385585
415926
390149
410104
385607
415918
390144
341724
367902
341477
363783
341724
367902
341479
296940
322818
297355
320471
296942
322818
297356
690429
729148
695501
726725
691105
729910
696197
658282
653301
672326
666651
658009
653912
672504
610026
608720
624762
620939
610010
608774
624880
564155
564258
576535
573867
564248
564155
576416
515031
514519
529899
528158
515071
514488
529847
462167
461188
477539
474897
462176
461181
477523
412569
411966
426710
424738
412563
411969
426717
363748
363274
377565
376166
363745
363276
377570
317122
317340
330471
329406
317120
317341
330474
252803
278504
251123
277608
252800
278504
251122
699426
745171
711018
737154
700097
745418
710473
669562
666055
684867
681561
669941
665909
684829
622789
619547
636785
633565
622908
619515
636656
568987
566790
583141
580201
569205
566632
582931
515555
529448
515987
515855
528818
515474
529317
463261
476638
463426
463455
476549
463276
476613
426564
414427
413977
426364
414367
414034
426654
366526
366056
378755
378454
366505
366084
378776
318704
318370
330901
330617
318684
318382
330921
252195
277678
251902
276915
252192
277662
251895
721113
771384
735479
762697
719822
770562
734080
691048
683503
709210
701656
691627
682343
708350
636889
633477
652577
647734
636780
633319
652593
577435
575951
592448
590767
577285
575953
592641
518660
533965
520266
520423
532653
518900
534168
465802
481085
467976
467952
478785
465520
481076
430271
417680
416569
428965
417732
416577
430241
368569
367948
381060
380185
368634
367915
381002
319588
319277
332050
331551
319610
319256
332005
251975
278039
252304
277787
251975
278038
252304
740187
778916
742759
775541
740692
778002
742635
704129
703742
722319
724038
703793
704163
722705
647396
646295
662205
662922
646941
646898
662696
587916
584966
603670
601605
587624
585250
604129
528008
530729
545314
542646
530728
528027
545332
473927
476004
490431
488073
476007
473953
490431
423010
421904
437206
435867
423018
421905
437196
370907
370385
384614
384025
370912
370384
384607
320261
320030
333718
333431
320263
320028
333714
251282
277121
252200
278404
251281
277115
252194
687419
712646
693085
717626
687474
712426
693021
633600
664278
638344
665689
633767
663734
638496
571143
602176
572332
603925
570984
602106
572091
516734
544725
519383
547250
516535
544396
519168
458971
488127
459902
490257
458902
487978
459791
404459
433428
407763
435410
404422
433370
407682
352865
380082
354906
381581
352844
380025
354857
301932
329097
305276
330115
301926
329065
305254
628359
652458
631844
645610
628406
652196
631955
593666
614485
593916
608960
593780
614365
593933
541750
568090
543157
563021
541722
568116
543004
488999
520430
489815
515120
488997
520535
489760
434942
464850
436790
458952
434940
464820
436789
385583
415905
390128
410078
385541
415883
390110
341726
367900
341480
363784
341730
367899
341481
296948
322817
297356
320469
296949
322816
297355
691347
730953
696878
727907
691475
731401
697205
658441
654527
672994
666798
658457
654112
673237
610440
608792
625023
621034
610322
608854
625073
563762
563850
576423
574284
563897
563731
576431
514869
514417
529649
528007
514908
514391
529591
462144
461158
477483
474848
462149
461149
477471
412586
411973
426732
424742
412583
411973
426733
363757
363276
377578
376169
363755
363273
377578
317128
317346
330480
329410
317127
317344
330481
252788
278513
251120
277631
252769
278519
251120
701070
745520
710251
739481
701790
745414
710217
669083
666224
684864
682268
669300
666259
684656
622057
618912
636261
632976
622334
618806
636056
567984
566054
582213
579129
568200
565919
581967
515529
515309
528973
528507
515592
515265
528890
463542
463303
476585
476509
463535
463296
476575
414535
414132
426779
426485
414523
414147
426791
366576
366132
378809
378522
366569
366137
378816
318741
318419
330951
330665
318732
318429
330958
252190
277655
251890
276918
252187
277653
251883
719029
769654
733352
761706
719093
769380
734125
690977
680896
707561
700208
690565
681116
707778
637939
633126
653016
647700
637600
633304
653512
577892
576020
593165
590739
577816
575998
593296
520415
518123
534277
532292
520427
518120
534303
467846
465743
480955
478723
467864
465756
480931
417629
416509
430216
428872
417642
416483
430199
368500
367867
380942
380129
368506
367853
380933
319556
319229
331954
331511
319559
319223
331950
251971
278039
252305
277781
251973
278038
252310
740293
776698
742276
774764
739934
777308
742233
704768
704649
723242
724479
704697
704380
723174
648314
647814
663814
663514
648198
647642
663951
588971
585893
605022
602597
588837
585919
605128
530709
528081
545411
542691
530731
528062
545413
475973
473973
490417
488070
475981
473971
490410
422987
421902
437164
435856
422992
421900
437156
370898
370376
384599
384022
370900
370374
384599
320250
320018
333712
333429
320254
320017
333714
251277
277114
252186
278404
251270
277115
252178
687666
712781
693283
717622
687780
712800
693021
633795
663352
638611
666043
634010
663222
638666
570780
601959
571917
603926
570776
601807
571895
516344
544196
518965
547074
516254
544126
518832
458855
487831
459714
490083
458784
487771
459679
404395
433335
407612
435374
404378
433356
407530
352830
379985
354826
381552
352819
379996
354786
301921
329041
305227
330104
301915
329046
305202
648447
645051
634535
631383
644800
634717
648462
659170
675491
661847
677458
675305
661901
659213
649949
636934
653634
640181
636926
653336
649853
656085
667157
654771
671755
654922
671806
656032
648381
631819
644047
634284
644392
634531
648335
659046
677098
674794
662011
674978
661902
658963
649896
640027
636689
653255
636784
653103
649869
600724
598041
586768
586007
597612
586625
600998
613972
627126
617457
630501
626847
617393
613926
602181
588851
605508
591646
588632
605373
602177
610969
620496
608494
625011
608543
625257
610936
600549
585770
597136
586579
597211
586589
600484
613824
630169
626291
616890
626446
617150
613760
602009
591557
588402
604994
588509
605184
601850
554426
552344
540401
540816
552359
540485
554269
565793
577717
566775
579775
577622
566777
565633
554227
541101
554868
541486
541128
554873
554171
564723
574758
564802
576994
564627
576996
564842
554685
540907
552433
540728
552410
540664
554782
566066
579659
577518
566671
577546
566757
566123
554365
541483
541187
554872
541184
554909
554414
504230
501928
488693
487683
501933
488690
504230
515621
529195
515736
529383
529185
515736
515627
503102
489270
503154
489323
489268
503155
503108
515339
528507
514770
530220
514770
530230
515341
504230
487709
501971
488685
501950
488687
504232
515613
529388
529164
515724
529173
515733
515601
503094
489320
489257
503157
489264
503158
503088
450799
448758
436422
435806
448719
436410
450809
462914
476613
463119
476788
476612
463114
462917
450493
437519
450884
437854
437513
450875
450494
462247
474950
461227
477610
461221
477608
462245
450791
435791
448695
436396
448703
436402
450785
462910
476784
476608
463092
476610
463105
462904
450487
437839
437495
450850
437506
450862
450482
401818
400665
387596
387513
400676
387600
401801
413357
426040
413761
426494
426033
413754
413362
401591
388905
402329
389521
388905
402335
401592
412584
424755
411969
426751
411965
426752
412584
401828
387524
400711
387606
400700
387604
401833
413351
426477
426016
413725
426024
413742
413342
401587
389515
388898
402316
388903
402327
401583
353603
352176
339789
339743
352171
339774
353595
364894
377422
365473
378184
377421
365475
364895
353381
340947
354099
341510
340943
354104
353383
363741
376139
363255
377559
363248
377558
363741
353606
339737
352167
339767
352172
339767
353604
364891
378179
377415
365469
377418
365473
364886
353377
341507
340934
354097
340939
354099
353371
307358
306688
293778
294363
306680
293756
307349
317826
329946
318124
330563
329951
318124
317828
306746
294324
307056
294153
294318
307062
306739
317127
329414
317338
330482
317331
330483
317126
307363
294373
306682
293748
306685
293748
307362
317818
330559
329943
318105
329948
318116
317811
306746
294141
294306
307043
294311
307058
306735
664873
657711
651663
644689
657378
651548
665073
681663
698833
688877
705823
698537
688747
681953
671745
658111
677037
662140
657913
677034
671990
672957
680634
665749
686340
665511
686376
672827
664444
644701
657620
650897
657381
651254
664053
680940
705202
697367
687859
697916
688479
680255
671089
662159
656611
676543
657315
676964
670433
614252
609564
599699
595517
609331
599750
614317
631616
646275
634255
649514
646262
634205
631603
617710
602534
619951
604610
602619
619954
617653
626765
634595
621147
639988
621384
640359
626346
613793
595314
608823
599305
609065
599569
613418
631439
649520
645435
634128
645961
634199
631102
617747
604691
602785
619906
602782
619958
617588
557338
555872
543222
542300
555876
543254
557303
573190
588109
574672
589913
588192
574740
573128
558787
544191
560052
545290
544234
560119
558744
571175
582422
568633
585784
568781
585856
571124
557352
542285
555807
543256
555865
543269
557336
573263
590029
588370
574888
588327
574829
573286
558832
545345
544273
560236
544266
560189
558849
503066
502978
489612
489487
502991
489629
503038
516499
530364
516993
531201
530401
517070
516441
503284
489861
503702
490380
489903
503766
503238
516223
529444
515890
529919
515900
529915
516228
503101
489492
503005
489637
503001
489648
503112
516545
531259
530420
517169
530426
517154
516549
503325
490408
489928
503879
489928
503832
503338
451280
451029
438709
438328
451029
438709
451273
464073
477039
464639
477570
477064
464659
464065
451731
439235
452372
439929
439246
452392
451722
463672
476700
463428
476776
463433
476780
463658
451279
438311
451021
438673
451025
438696
451272
464070
477585
477084
464661
477080
464650
464066
451734
439938
439268
452431
439253
452378
451737
402786
402514
390566
390160
402507
390565
402792
415051
427293
415710
427976
427298
415718
415048
403128
390927
403736
391531
390929
403742
403126
414562
426520
414154
426812
414172
426824
414548
402779
390154
402481
390552
402495
390560
402772
415052
428002
427313
415746
427305
415734
415051
403131
391540
390932
403762
390933
403756
403127
354809
354449
342603
342163
354452
342602
354812
366873
379038
367374
379556
379038
367377
366873
354980
342826
355401
343229
342828
355404
354979
366568
378515
366127
378803
366131
378811
366562
354806
342160
354447
342594
354451
342599
354799
366875
379567
379040
367390
379043
367386
366870
354983
343237
342829
355417
342831
355412
354978
307130
306798
294544
294362
306809
294540
307138
318765
330964
319041
331278
330965
319046
318762
306894
294796
307193
294878
294802
307203
306882
318749
330678
318430
330956
318446
330963
318738
307125
294347
306792
294515
306808
294525
307118
318767
331286
330968
319062
330969
319053
318770
306906
294873
294802
307222
294800
307212
306914
682481
680254
666250
664408
680267
666266
682461
696659
716505
698466
717841
716559
698502
696616
684091
667554
685472
668829
667590
685514
684072
695428
711002
691809
714296
691947
714329
695450
682541
664454
680214
666358
680288
666311
682643
696752
718041
716781
698855
716672
698635
696855
684170
668953
667810
685816
667676
685643
684330
623146
621719
607461
606135
621668
607443
623198
638468
654442
639482
655599
654482
639514
638491
624434
608797
625547
610001
608770
625585
624468
637283
651440
635814
653158
635882
653161
637258
623132
606160
621589
607408
621652
607441
623076
638426
655704
654619
639671
654547
639573
638428
624420
610041
608729
625700
608750
625632
624395
562542
561228
547764
546479
561346
547789
562401
578691
594072
580476
595719
594118
580343
578712
564226
549685
566379
552043
549507
566232
564298
577287
591380
576193
592643
576134
592620
577338
562634
546567
561531
547829
561452
547812
562684
578717
595728
594217
580280
594191
580288
578750
564199
552031
549438
566163
549441
566178
564194
507108
504971
493731
491574
504978
493769
507093
522585
536223
525048
538875
536160
525096
522541
509638
496084
512122
498500
496127
512165
509593
520186
532473
518336
533995
518322
533987
520211
507148
491585
505017
493824
505000
493797
507194
522642
538906
536212
525201
536177
525155
522684
509687
498533
496183
512240
496161
512208
509727
455290
453424
442543
440913
453416
442535
455298
470005
483255
472169
485672
483278
472200
469978
457371
444322
459515
446271
444322
459519
457364
467845
478724
465717
480952
465745
480935
467847
455286
440923
453382
442558
453399
442533
455301
470012
485680
483296
472200
483291
472203
470006
457365
446273
444313
459511
444319
459517
457357
405540
404463
393072
392186
404472
393073
405537
419154
431989
420751
433947
431984
420751
419156
406890
394107
408414
395257
394099
408410
406890
417681
428877
416528
430249
416502
430234
417694
405545
392191
404507
393081
404487
393077
405558
419153
433952
431993
420751
431985
420751
419156
406893
395253
394099
408407
394096
408409
406898
356430
355820
344006
343544
355821
344008
356429
369191
381940
369969
383032
381939
369961
369189
357064
344375
357815
344901
344375
357813
357062
368539
380156
367879
380979
367871
380974
368542
356428
343549
355833
344012
355824
344009
356434
369194
383028
381948
369956
381942
369956
369199
357067
344896
344380
357813
344375
357811
357073
307728
307282
295163
295085
307284
295169
307728
319746
332390
320083
332955
332392
320073
319747
307854
295299
308284
295298
295299
308282
307857
319589
331516
319234
331984
319228
331982
319588
307729
295086
307291
295181
307288
295175
307729
319742
332952
332396
320068
332391
320069
319740
307854
295300
295301
308278
295301
308281
307853
686750
686471
669579
669400
686510
669720
686732
698795
719412
701871
719482
719457
701961
698745
686877
668244
687245
671326
668384
687248
686857
699919
718983
699136
718850
698903
718651
700088
686860
669535
686853
670006
686650
669866
687026
698831
719495
719670
701944
719554
701927
698874
686948
671652
668443
687543
668387
687367
687048
628038
626880
613496
611468
626950
613348
628023
640925
657775
644228
658672
657907
644358
640850
629865
613889
631419
617360
613798
631446
629852
641128
656677
640642
657222
640504
657056
641353
628122
611498
627168
613438
627025
613336
628339
641000
658907
658169
644946
657985
644601
641246
629989
617493
614014
631897
613808
631558
630228
572116
569174
557818
554692
569102
557746
572077
586919
602957
590289
604125
602868
590310
586956
574967
559316
576469
562282
559258
576275
574882
585637
597946
582483
600361
582463
600317
585632
572064
554715
569113
557755
569079
557734
572074
586926
604110
602971
590431
602847
590381
587028
574997
562262
559345
576247
559276
576192
575042
517610
514920
503267
500728
514949
503274
517599
532251
548469
534941
549580
548599
535035
532168
520505
504403
521753
506960
504381
521745
520469
530606
542092
527824
545017
527780
544984
530636
517627
500756
515030
503277
514993
503278
517644
532320
549615
548716
535215
548674
535152
532377
520508
506961
504363
521814
504371
521785
520522
463474
461614
449537
447842
461603
449536
463484
477124
493532
479363
493580
493503
479403
477127
465468
449822
465897
451495
449832
465838
465487
476199
488211
474109
490600
474120
490610
476191
463466
447842
461576
449523
461590
449531
463457
477117
493536
493474
479421
493487
479420
477107
465452
451529
449831
465792
449834
465814
465439
410715
409884
396799
396055
409879
396808
410727
422854
438884
424136
438507
438874
424214
422854
411450
396057
411015
397386
396076
410974
411477
423149
435984
422014
437326
422021
437332
423141
410707
396050
409864
396800
409871
396808
410697
422854
438473
438849
424267
438862
424259
422848
411437
397408
396077
410945
396082
410955
411423
358973
358530
345485
345056
358520
345496
358985
370338
385488
371521
384811
385446
371575
370315
359550
344724
359065
345760
344771
359017
359584
370991
384111
370451
384699
370456
384709
370986
358961
345053
358507
345496
358513
345498
358952
370344
384793
385411
371607
385426
371601
370340
359530
345786
344791
358983
344791
358996
359519
308884
308578
295267
295096
308556
295284
308901
319320
334358
320189
333522
334322
320235
319294
308855
294413
308224
295367
294484
308187
308907
320314
333487
320062
333772
320066
333781
320311
308875
295100
308539
295286
308545
295287
308871
319328
333500
334292
320266
334302
320257
319325
308830
295394
294521
308160
294515
308171
308820
648581
643915
633998
631296
648377
643700
633826
659140
674411
662185
676947
658913
674360
662433
650176
636690
653621
640427
649896
636825
654011
656207
667378
653098
671574
653582
671551
656398
648830
631110
643525
633690
643534
633684
649135
659235
676842
674271
662718
674139
662551
659330
650527
640544
637010
654450
636923
654277
650909
600587
597073
586579
585689
600499
597051
586576
613403
626208
616677
630147
613625
626299
616602
601595
588415
604925
590852
601734
588462
604869
610324
620663
608599
624904
608509
624819
610298
600615
585719
597205
586421
597128
586533
600501
613137
630277
626410
616284
626372
616467
612989
601505
590467
588406
604360
588483
604611
601390
554626
552409
540680
540853
554730
552381
540615
565884
577671
566565
579043
566047
577808
566418
554255
541132
554753
541355
554358
541070
554624
564924
574825
564567
577207
564625
577264
564824
554512
540805
552284
540528
552351
540546
554455
565710
578827
577744
566089
577836
566245
565591
554143
541278
540957
554390
541001
554501
554066
504223
501982
488681
487758
504230
501987
488676
515553
529144
515703
529320
515580
529113
515670
503066
489247
503151
489282
503078
489235
503136
515281
528419
514675
530119
514701
530156
515253
504214
487761
501981
488662
501986
488669
504203
515623
515522
529277
529027
529073
515646
515493
503121
503052
489267
489217
489225
503123
503040
450766
448682
436387
435774
450776
448674
436378
462884
476603
463075
476745
462895
476598
463054
450461
437481
450831
437763
450472
437466
450809
462226
474958
461223
477599
461227
477603
462220
450756
435766
448661
436357
448667
436367
450747
463011
462872
476726
476589
476592
463030
462863
450755
450447
437725
437432
437449
450781
450436
401833
400718
387607
387561
401834
400724
387608
413316
426004
413700
426406
413330
425991
413673
401567
388892
402296
389474
401576
388885
402277
412572
424746
411967
426723
411969
426731
412567
401830
387567
400731
387606
400728
387607
401828
413300
426371
425961
413603
425976
413639
413284
401555
389450
388866
402214
388875
402243
401543
353598
352159
339766
339742
353601
352156
339765
364875
377411
365460
378155
364880
377406
365449
353359
340928
354084
341486
353366
340922
354076
363742
376150
363269
377560
363267
377560
363742
353595
339741
352151
339762
352153
339764
353592
364868
378136
377394
365419
377400
365433
364862
353353
341473
340909
354051
340915
354061
353347
307359
306677
293746
294385
307359
306676
293746
317798
329936
318096
330536
317804
329929
318088
306722
294296
307034
294116
306729
294290
307025
317123
329407
317341
330472
317341
330475
317122
307358
294384
306676
293744
306676
293745
307357
317792
330525
329916
318068
329921
318078
317787
306717
294109
294278
307008
294283
307016
306712
663237
657741
650440
644798
663600
657839
650018
678656
696722
686954
702967
679426
696177
685928
668953
655922
675812
660793
669732
655225
674893
671973
681242
666379
686046
666354
686102
671704
662916
644716
658024
649265
657963
649645
662621
677935
701984
694796
683809
695507
684810
677123
668168
659855
653800
672781
654506
673807
667456
612685
608554
599017
594477
613068
608276
598649
630188
644855
633933
648708
630703
644220
633644
616876
602624
619772
604465
617286
602358
619581
625075
633946
620119
638375
620345
638774
624635
612288
594132
607757
597814
608009
598227
611891
629559
648075
642879
632696
643536
633241
628934
616343
604293
601518
618947
601989
619323
615768
557176
555682
543212
542126
557273
555550
543153
573156
588293
574894
589967
573243
588144
574861
558777
544257
560264
545393
558825
544224
560255
570612
581280
567769
584588
568001
584976
570367
543032
557059
542042
555258
555408
543094
556924
573034
589879
587677
574740
587942
574816
572872
544175
558714
545441
560223
544201
560274
558627
503104
502997
489619
489466
503099
502988
489620
516491
530400
517334
531282
516537
530322
517323
503305
489899
503964
490517
503319
489899
504045
515791
529840
516244
516210
529297
515811
529860
502999
489663
503201
503134
489449
502984
489622
530213
517478
516404
516472
531767
530283
518038
489791
504150
503239
503273
490606
489836
504317
451207
451004
438621
438230
451238
450985
438560
463992
477050
464593
477712
464018
477042
464587
451710
439270
452283
439969
451715
439272
452335
463312
476744
463484
463526
476652
463347
476731
450903
438298
451034
451109
438181
450944
438434
477013
464638
463982
463921
477781
476991
464472
439405
452229
451747
451668
439723
439306
451707
402744
402460
390541
390101
402760
402434
390529
415033
427318
415765
428102
415046
427312
415777
403110
390929
403777
391537
403124
390919
403774
426588
414447
426392
413991
414052
426679
414384
402722
390074
402356
390485
402399
390511
402690
427293
415016
428173
415746
427312
415785
414979
403103
391537
390904
403728
390918
403774
403078
354777
354437
342584
342134
354790
354424
342573
366858
379041
367398
379568
366871
379029
367390
354969
342832
355430
343255
354982
342822
355427
366525
378450
366055
378752
366079
378772
366504
354762
342115
354379
342534
354399
342554
354740
366852
379570
379010
367356
379029
367386
366828
354963
343251
342789
355389
342811
355420
354934
307108
306777
294505
294309
307114
306763
294496
318771
330972
319071
331306
318773
330964
319079
306922
294798
307229
294892
306919
294802
307243
318706
330628
318379
330903
318393
330923
318688
307098
294298
306735
294471
306751
294484
307081
318766
331305
330936
319090
330956
319084
318754
306920
294898
294800
307282
294799
307254
306914
682911
679950
666397
663975
682796
679506
666417
697400
716889
699201
719031
697088
717147
699605
684937
668046
686116
669790
684628
668285
686505
695230
708720
688803
713151
689875
713576
694873
682923
663516
677979
666295
678852
666395
682739
697760
719529
717921
700702
717565
700122
698138
685350
670348
668994
687682
668621
687046
685797
622838
621472
607332
605958
622971
621309
607233
638525
654757
639854
656441
638472
654911
640113
624342
608686
625812
610138
624368
608635
625971
636970
650767
634849
652798
635190
652964
636795
622675
605834
620850
606947
621110
607114
622490
638578
656957
655394
640980
655164
640476
638665
624315
610266
608521
626502
608572
626183
624320
562728
561580
547837
546707
562712
561589
547851
578774
594203
580322
595840
578794
594168
580370
564245
549472
566179
552151
564212
549519
566243
577311
591286
576145
592362
576192
592500
577209
547858
562732
546775
561601
561617
547877
562687
578717
595907
593975
580621
594092
580468
578596
549640
564279
552230
566534
549575
566352
564275
507276
505089
493850
491568
507248
505101
493855
522759
536273
525238
539051
522734
536322
525268
509786
496201
512265
498550
509765
496201
512280
519027
533901
520236
520343
533088
519175
534033
505106
493870
507255
507321
491557
505195
493888
536518
525316
522878
522826
539113
536427
525296
496145
512294
509822
509818
498540
496194
512293
455342
453272
442565
441002
455305
453194
442617
469945
483288
472185
485646
469986
483266
472157
457283
444288
459498
446251
457328
444251
459472
465704
481110
467960
467922
478747
465432
481060
452805
442763
455420
455356
440643
452507
442635
483147
472022
469735
469870
485618
483231
472110
444037
459350
457002
457180
446222
444174
459428
405594
404530
393089
392219
405571
404550
393111
419154
431990
420747
433951
419156
431984
420741
406908
394097
408399
395239
406902
394101
408394
430296
417733
428969
416623
416625
430267
417781
405611
392231
404564
393178
404568
393130
405658
431897
419141
433934
420706
431960
420727
419111
406903
395228
394089
408365
394095
408381
406894
356460
355841
344016
343577
356438
355858
344035
369216
381952
369956
383020
369206
381961
369959
357098
344386
357816
344908
357082
344398
357819
368594
380199
367951
381082
367920
381029
368654
356494
343596
355915
344125
355878
344067
356557
369229
383013
381973
369949
381967
369953
369239
357113
344905
344421
357818
344410
357819
357126
307732
307296
295186
295105
307734
307301
295182
319738
332400
320067
332956
319736
332408
320066
307850
295301
308276
295298
307851
295292
308273
319603
331550
319277
332063
319257
332022
319621
307734
295111
307326
295156
307310
295176
307724
319739
332954
332422
320059
332415
320063
319738
307852
295296
295279
308271
295294
308271
307849
687608
687184
670258
670424
687281
687582
670640
699035
719861
702072
719553
698884
720076
702268
687432
668674
687764
672632
687188
668984
688060
700976
720308
700876
720070
700336
719718
701425
688026
670988
688715
671679
688107
671132
688510
699292
719853
720690
702947
720382
702592
699720
687773
672992
669749
688743
669358
688410
688224
629139
627409
613668
611931
628651
627793
614058
642390
658529
645405
660146
641710
658969
645841
631218
614396
632450
618501
630597
614935
633047
642961
658235
642674
659175
641924
658522
643781
629797
612295
629052
615215
628361
614636
630555
643071
660557
660043
646797
659467
646324
643654
631893
618969
616156
634012
615578
633575
632551
572241
569201
557794
554869
572139
569309
557865
587437
603251
590582
604807
587222
603608
590774
575176
559412
576349
562314
575098
559469
576469
586061
598614
583446
601625
583030
601180
586340
572381
554949
569750
558109
569479
557973
572557
587674
605179
604609
591216
604090
590996
587912
575271
562359
559559
576716
559526
576596
575366
517671
515058
503274
500771
517659
515079
503269
532443
548745
535246
549728
532420
548763
535252
520549
504359
521840
506945
520540
504353
521850
527941
530709
542316
545175
527931
545127
530719
515091
517679
500766
503232
515095
503257
517673
532457
549748
548757
535234
548769
535246
532450
520552
506927
504317
521835
504342
521852
520531
463431
461556
449512
447799
463445
461532
449498
477078
493465
479403
493484
477095
493452
479376
465402
449825
465761
451492
465421
449810
465734
473994
476142
488166
490533
474045
490563
476109
461447
463410
447769
449455
461497
449480
463381
477057
493457
493410
479311
493436
479344
477029
465380
451462
449767
465664
449790
465700
465350
410674
409854
396790
396024
410685
409843
396779
422824
438835
424263
438419
422837
438819
424251
411393
396068
410931
397403
411407
396057
410918
423103
435941
421959
437282
421978
437298
423087
410662
396013
409814
396755
409830
396767
410649
422810
438398
438782
424215
438801
424234
422795
411378
397386
396031
410887
396045
410901
411365
358936
358500
345494
345046
358944
358492
345488
370325
385396
371607
384755
370334
385383
371600
359499
344789
358969
345793
359508
344783
358958
370959
384074
370420
384656
370430
384666
370950
358929
345041
358481
345472
358486
345481
358922
370316
384742
385360
371575
385371
371589
370305
359491
345780
344765
358934
344775
358945
359483
308863
308533
295285
295091
308866
308527
295283
319313
334283
320269
333470
319320
334276
320264
308806
294524
308150
295422
308811
294524
308143
320293
333458
320048
333742
320053
333749
320286
308860
295086
308519
295276
308522
295280
308856
319305
333462
334261
320245
334268
320255
319297
308801
295421
294517
308131
294521
308137
308798
649317
643616
633698
630834
649180
643846
633729
659567
674488
662823
677306
659365
674831
662957
651508
637094
654569
640882
651209
637295
654709
657293
666356
652742
672129
652312
671919
657672
649495
630594
644098
634177
643934
633899
649682
659757
677619
675446
663181
675135
663084
660025
651659
641004
637760
655011
637515
654864
651831
599998
597250
586303
585378
600279
597272
586190
612982
626462
616209
630279
612929
626582
616238
601346
588293
604247
589939
601292
588242
604210
610088
620852
608752
624649
608711
624648
610026
599800
585231
597320
586022
597301
586097
599644
613166
630386
626929
616348
626735
616295
613362
601433
589887
588120
604221
588196
604201
601512
554450
552210
540564
540826
554479
552149
540547
565467
577622
565953
578328
565536
577533
565820
541045
553986
540939
554287
554030
540893
554195
564492
574356
564344
576727
564452
576884
564378
554406
540781
552065
540479
552105
540504
554386
565391
578176
577188
565600
577408
565670
565325
540964
553938
540799
554006
540834
554105
553912
504173
501973
488653
487750
504190
501959
488641
515601
529135
515570
515430
528976
515462
528928
503129
489283
503127
503011
489211
503026
489203
515161
528258
514553
529946
514591
529998
515114
504151
487738
501910
488598
501942
488625
504114
529077
515472
515527
515388
528821
528882
515335
489260
503034
503096
502982
489144
489181
502933
450730
448655
436348
435745
450738
448649
436340
463001
476733
462998
462853
476587
462858
476584
450729
437622
450711
450420
437419
450427
437409
462197
474940
461197
477558
461207
477575
462186
450723
435739
448636
436333
448643
436335
450718
476716
462964
462985
462840
476541
476567
462826
437617
450705
450704
450412
437403
437403
450405
401824
400734
387604
387575
401825
400736
387604
426268
413264
425947
413568
413272
425939
413545
401528
388857
402177
389388
401534
388852
402161
412558
424737
411965
426706
411964
426706
412559
401824
387577
400740
387607
400738
387605
401826
426264
413261
425936
413559
425935
413542
413264
401527
389387
388855
402172
388851
402158
401530
353589
352150
339761
339737
353590
352151
339759
364851
377387
365397
378084
364855
377384
365381
353337
340902
354029
341430
353341
340898
354016
363741
376160
363272
377562
363271
377560
363742
353589
339737
352152
339759
352151
339759
353590
364850
378083
377388
365397
377383
365381
364855
353337
341430
340900
354028
340897
354016
353341
307356
306677
293742
294379
307356
306677
293740
317780
329910
318059
330494
317783
329907
318051
306707
294274
307003
294098
306708
294271
306999
317119
329404
317339
330470
317339
330469
317119
307356
294378
306678
293737
306678
293738
307356
317778
330493
329907
318054
329906
318050
317779
306705
294095
294268
306998
294269
306997
306705
662029
658035
648881
644507
662316
658042
648560
675374
693963
682899
698912
676223
693169
682020
666076
653089
671790
656924
666763
652390
670860
670745
680952
666118
684942
666190
685177
670364
661712
644450
657974
647982
658013
648265
661407
674547
697849
691283
679894
692273
681032
673762
665364
656052
651037
668878
651688
669855
664640
611170
607540
597420
593424
611509
607384
597074
627776
642230
632020
645752
628335
641608
631432
614683
600969
618476
603348
615192
600453
617959
623495
633564
619592
637079
619654
637347
623203
610865
593288
607248
596519
607283
596776
610579
627212
645073
640386
630407
640993
630901
626631
614213
602901
599634
617132
600013
617533
613748
542956
541738
542837
556607
555107
556779
554949
572449
587348
574635
589386
572671
586976
574498
544092
544471
543879
558346
560187
558505
560055
569636
580441
566988
583352
567166
583595
569413
541629
542602
542719
556435
554636
554792
556265
572235
589157
586264
574272
586591
574375
572038
544320
543789
543779
558197
559898
559957
558064
402570
402300
390447
389957
402641
402246
390385
427268
428706
427190
414892
415637
414948
415520
403053
390920
403668
391497
403076
390928
403624
426154
426422
426282
414167
413914
413863
414275
402568
389956
402293
390446
402243
390386
402636
428734
427251
427194
414889
415606
415515
414934
403054
391493
390920
403647
390932
403617
403069
354685
354344
342508
342024
354721
354305
342463
366833
379022
367331
379540
366829
379022
367349
354920
342780
355352
343199
354925
342771
355359
366430
378334
366016
378733
365976
378694
366475
354684
342024
354342
342504
354304
342461
354718
366834
379540
379025
367336
379024
367349
366832
354921
343203
342782
355356
342772
355363
354927
307040
306727
294461
294279
307066
306716
294455
318716
330923
319082
331263
318738
330912
319084
306868
294788
307285
294955
306897
294773
307281
318619
330554
318357
330878
318341
330837
318659
307040
294276
306719
294457
306713
294452
307064
318715
331265
330927
319085
330913
319085
318740
306869
294954
294786
307286
294772
307281
306899
681716
677086
666084
661322
682303
676171
665866
698555
718188
701367
721036
698485
718104
701988
686379
669406
688429
672558
686250
669595
689119
692842
705098
684810
710230
685763
710940
692277
681149
660575
674318
665397
675280
665562
680781
698370
721602
717335
703067
717762
702587
698065
686324
673241
669773
690284
669684
689766
686197
622368
620558
606783
605226
622356
620275
606774
639390
655709
641605
659045
639051
655987
642222
624932
608719
627041
611444
624613
609009
627639
636653
648784
633653
652591
633840
652594
636716
622396
605061
619988
607028
620089
606902
622546
639724
659711
656536
643392
656271
642834
640047
625273
611943
609639
628782
609325
628223
625615
547763
545562
547575
562542
561563
562612
561486
578520
593920
580948
596769
578461
594089
581235
549723
552487
549806
564293
566796
564259
566970
577035
590841
575949
592271
575958
592152
577138
545358
547784
547567
562559
561431
561450
562657
578712
597190
594676
581790
594378
581512
578935
552611
550075
549928
564402
567334
567141
564559
405731
404551
393232
392269
405707
404539
393262
431793
433789
431656
418997
420673
419060
420640
406836
394066
408344
395188
406867
394045
408328
429231
430304
430315
417837
416526
416409
417787
405723
392263
404515
393213
404530
393256
405679
433780
431772
431638
418982
420641
420630
419030
406824
395178
394039
408315
394035
408317
406837
356694
355948
344208
343698
356638
355964
344266
369241
381969
369943
382993
369241
381965
369938
357133
344417
357813
344891
357130
344413
357809
368768
380261
367978
381130
367997
381179
368716
356691
343699
355949
344200
355964
344264
356629
369234
382984
381949
369920
381958
369930
369220
357127
344886
344401
357797
344408
357803
357114
307744
307336
295141
295094
307727
307351
295146
319749
332422
320057
332945
319743
332420
320058
307876
295293
308277
295306
307859
295318
308282
319699
331630
319297
332119
319322
332185
319651
307740
295090
307333
295136
307352
295143
307721
319744
332940
332408
320046
332415
320053
319731
307872
295303
295290
308270
295316
308279
307851
689555
689395
672263
673019
689043
690059
672827
700648
721103
703403
721147
700199
721503
703838
689174
670150
689220
674008
688702
670660
689728
702919
722367
703222
721838
702674
721407
703372
690082
673679
691250
673893
690697
673384
690570
701069
721629
722364
704634
721960
704295
701501
689698
674388
671469
690663
671121
690253
690265
631961
629661
615765
613970
631305
630289
616274
644752
660676
647326
662036
644217
661197
647860
633730
616680
634464
620273
633197
617164
634848
645820
661180
645586
661662
644826
661086
646397
632616
614558
631721
617387
630973
616807
633275
645156
662301
662304
648964
661750
648519
645397
634272
620866
618245
635638
617663
635276
634968
555236
572874
570049
558240
572732
570220
558335
588400
605121
591423
606068
588172
605513
591577
575599
559597
576849
562562
575473
559652
576941
587115
600262
584667
603142
584379
602729
587353
555357
573014
570576
558470
570389
558413
573154
588557
606233
605921
591840
605714
591697
588695
575728
562614
559801
577143
559726
577040
575860
515067
500665
515044
517627
503199
517653
503163
532408
548742
535217
549729
532433
548738
535185
520450
504286
521811
506799
520491
504246
521753
542488
527977
527951
530721
545298
545284
530725
500657
515051
515043
517614
503137
503146
517604
532380
549675
548764
534962
548744
535103
532334
520413
506734
504169
521539
504210
521663
520376
461385
447637
461329
463312
449426
463345
449398
476964
493382
479273
493347
476998
493344
479234
465284
449742
465623
451356
465316
449715
465583
488014
473888
473861
476013
490435
490437
476008
447619
461344
461312
463295
449373
449382
463288
476932
493294
493268
479134
493308
479187
476902
465259
451320
449665
465501
449689
465540
465238
410621
409795
396741
395974
410634
409777
396729
422760
438761
424192
438329
422777
438739
424171
411336
396017
410872
397329
411351
396002
410855
435834
423039
421901
437217
421903
437228
423028
410610
395964
409763
396710
409766
396719
410599
422743
438303
438702
424128
438720
424148
422727
411323
397310
395978
410817
395990
410835
411308
358910
358476
345464
345020
358916
358472
345456
370286
385350
371560
384707
370295
385340
371546
359467
344754
358924
345739
359475
344745
358914
370925
384037
370388
384622
370392
384629
370918
358904
345014
358460
345443
358467
345450
358898
370278
384694
385321
371523
385331
371534
370270
359460
345727
344730
358895
344738
358904
359452
308850
308519
295272
295077
308853
308520
295268
319282
334255
320235
333438
319289
334248
320226
308791
294511
308127
295406
308794
294507
308122
320268
333444
320031
333722
320032
333726
320265
308848
295073
308511
295261
308517
295264
308845
319277
333431
334237
320213
334243
320219
319273
308788
295401
294499
308114
294502
308118
308785
650158
644310
634493
630936
649893
644632
634861
660650
675753
663216
678526
660297
675953
663351
652172
638078
655154
641464
651982
638320
655223
658386
666794
654482
672851
654283
672660
658447
650371
631171
644997
635252
644885
635135
650575
660947
678748
676420
663731
676145
663531
661221
652347
641629
638524
655292
638475
655270
652516
599427
597402
585991
584969
599467
597481
585975
613898
627156
616362
630908
613596
627362
616478
601645
587997
604188
589966
601573
588063
604197
610133
621001
608874
625046
608863
624996
610217
599499
585140
597663
586022
597548
585981
599635
613950
630966
627430
616296
627480
616432
613859
601631
589897
588049
603939
588063
604079
601583
554360
552025
540449
540658
554407
551972
540393
565288
576795
565587
578295
565350
576592
565502
553863
540788
553934
540717
553919
540735
553861
564085
573867
563962
576381
564047
576366
564001
554224
540590
551837
540165
551907
540302
554039
565227
578221
576621
565198
576576
565358
565066
553713
540622
540493
553590
540638
553749
553551
504043
501880
488571
487667
504077
501849
488546
515407
515234
528756
528863
515282
528695
515343
502964
502845
489108
489117
502886
489078
502907
514990
528115
514437
529719
514462
529787
514949
504010
487641
501785
488507
501817
488525
503980
515191
528778
528558
515231
528630
515284
515147
502811
489095
489039
502827
489057
502863
502780
450714
448633
436334
435734
450715
448630
436337
462957
462805
476516
476625
462814
476495
462956
450718
450403
437408
437691
450403
437417
450731
462160
474884
461166
477495
461174
477508
462154
450715
435733
448628
436344
448628
436341
450716
462800
476620
476466
462971
476479
462964
462797
450406
437720
437436
450759
437428
450747
450407
401836
400742
387610
387584
401830
400744
387615
413291
425946
413591
426350
413275
425960
413626
401554
388864
402207
389451
401540
388877
402240
412575
424739
411972
426729
411971
426724
412579
401841
387586
400747
387623
400746
387620
401846
413306
426381
425985
413684
425974
413659
413319
401567
389474
388897
402293
388887
402273
401579
353597
352152
339761
339738
353593
352155
339764
364871
377396
365419
378140
364862
377405
365435
353354
340906
354050
341469
353347
340913
354062
363751
376168
363277
377576
363277
377574
363753
353600
339740
352160
339770
352157
339767
353604
364877
378157
377420
365460
377413
365450
364884
353361
341481
340926
354083
340919
354075
353368
307358
306679
293735
294376
307357
306679
293735
317786
329912
318061
330521
317782
329918
318071
306709
294268
307001
294096
306706
294269
307009
317124
329408
317345
330479
317343
330476
317125
307361
294377
306682
293734
306680
293734
307361
317792
330531
329932
318089
329925
318080
317798
306713
294101
294275
307027
294272
307018
306720
660743
657905
647621
644312
661033
657809
647297
672627
690247
678464
694840
673114
689487
677216
663254
650352
667669
653467
663784
649903
666699
669315
681683
665993
684761
665886
684761
669259
660533
644368
657757
647077
657766
647139
660453
672349
694346
688812
676322
689093
676560
672080
662955
653096
649484
666129
649630
666267
662768
610018
607286
596296
593284
610200
607161
596110
625413
639628
629807
642903
625879
639120
629296
612792
599285
616744
602121
613254
599016
616433
622707
633500
619122
636428
619285
636548
622579
609873
593091
606694
595672
606896
595902
609710
625165
642620
638864
628897
638901
628984
625093
612500
601963
598600
616014
598793
616208
612366
542453
555882
554480
541305
556084
554324
542285
571620
585986
574135
588444
571842
585737
573972
543652
557704
559756
544864
557904
543446
559634
568746
580063
566233
582475
566442
582715
568498
555659
541184
553992
541966
554157
542116
555431
571379
588260
585279
573663
585503
573813
571124
557494
544720
543138
559421
543277
559505
557279
502835
489494
503002
502872
489291
502752
489424
529840
517063
516115
516092
531182
529746
517610
489628
503905
502994
502996
490463
489645
504044
515719
528730
515355
529062
515407
529164
515650
502779
489265
502654
489364
502698
489393
502723
516032
530652
529603
516849
529634
516848
516008
502992
490350
489644
503661
489667
503753
502960
450869
438272
451005
451065
438146
450896
438402
476936
464685
463957
463882
477729
476877
464486
439374
452314
451744
451642
439760
439280
451742
463503
476545
463302
476592
463297
476609
463517
451151
438186
450930
438577
450922
438521
451170
463920
477629
476869
464553
476887
464574
463919
451672
439994
439244
452270
439248
452344
451662
402713
402348
390484
390073
402683
402394
390509
427268
414997
415715
428156
414959
427287
415758
403091
390902
403705
391528
403067
390915
403751
414473
426409
414106
426751
414076
426719
414499
402732
390100
402452
390536
402427
390525
402745
415015
428104
427297
415754
427291
415761
415028
403097
391526
390923
403757
390914
403753
403110
354761
354376
342532
342109
354738
354398
342551
366859
379014
367365
379572
366833
379034
367395
354969
342793
355400
343264
354940
342816
355433
366545
378482
366121
378799
366105
378787
366559
354778
342127
354436
342580
354423
342569
354791
366865
379567
379043
367403
379031
367399
366877
354976
343268
342838
355442
342827
355442
354988
307091
306727
294460
294283
307076
306741
294473
318772
330942
319096
331318
318758
330963
319092
306920
294794
307283
294894
306916
294791
307255
318714
330635
318404
330945
318393
330933
318723
307100
294290
306764
294483
306750
294477
307105
318776
331319
330979
319081
330972
319089
318778
306920
294882
294782
307231
294789
307246
306915
679957
673313
665224
658607
680379
672426
665075
697428
716893
703485
721918
697682
716453
703621
685988
669869
690730
674473
686051
670007
690991
690571
700709
680962
707424
681443
707655
690369
679635
658186
671696
665100
671858
665014
679649
697289
721506
715918
703461
716070
703598
697201
686009
674741
670519
691277
670233
691155
686079
622846
619881
607213
604876
622685
619797
607403
640703
656796
643906
661123
640374
657068
644385
626313
609956
629331
613327
625964
610268
629847
637070
647423
633072
652738
633174
652623
637312
623041
604878
619717
607759
619727
607588
623279
641028
661530
657728
645285
657400
644839
641382
626663
613722
610877
630695
610582
630322
626981
547944
562876
561429
546475
562767
561424
548027
579383
594963
582065
598358
579155
595255
582321
550216
564893
567520
553025
564739
550316
567706
577588
590729
576015
593041
575977
592853
577720
562983
546454
561480
548173
561438
548092
563086
579620
598688
595731
582744
595511
582556
579808
565034
553125
550396
568018
550374
567887
565137
504995
493867
507270
507348
491529
505087
493885
536851
525444
522973
522985
539521
536895
525471
496117
512314
509793
509822
498524
496169
512322
520416
532319
518301
534236
518333
534171
520437
507275
491540
504992
493827
504994
493828
507265
522972
539563
536891
525504
536898
525488
522976
509812
498528
496182
512310
496181
512315
509806
452981
442792
455487
455410
440722
452618
442663
483121
471988
469729
469858
485577
483206
472063
444027
459310
457001
457179
446174
444166
459371
467907
478761
465684
480981
465639
481004
467875
455388
441048
453305
442573
453264
442633
455338
469922
485593
483257
472110
483242
472095
469952
457276
446193
444260
459417
444235
459403
457303
405562
404522
393148
392202
405616
404522
393094
431873
419091
420658
433885
419070
431928
420668
406854
394052
408321
395176
406854
394048
408325
417669
428949
416527
430220
416549
430243
417643
405541
392188
404491
393046
404508
393070
405518
419098
433894
431939
420670
431941
420672
419094
406854
395176
394040
408325
394049
408328
406842
356473
355914
344110
343597
356540
355878
344047
369191
381943
369916
382968
369211
381928
369910
357082
344395
357793
344876
357102
344379
357786
368535
380164
367878
380949
367894
380974
368512
356434
343576
355839
343988
355857
344010
356408
369171
382965
381901
369896
381916
369907
369153
357060
344871
344342
357769
344361
357779
357036
307722
307319
295148
295101
307714
307301
295166
319716
332400
320043
332929
319720
332390
320041
307838
295273
308261
295281
307839
295285
308256
319574
331535
319235
331961
319245
331978
319565
307717
295091
307284
295171
307292
295168
307713
319709
332925
332363
320035
332378
320038
319704
307832
295278
295288
308252
295280
308253
307830
691445
691774
674393
675281
691047
692197
674855
702212
722794
705012
722809
701914
723107
705316
691158
671897
691049
675147
690784
672471
691307
704413
724602
704625
723235
704492
723076
704584
691798
675618
692620
675642
692500
675284
692059
702477
723123
723617
705834
723425
705641
702661
691514
675339
673684
691647
673124
691548
691866
634475
632428
618032
616202
633933
633049
618628
646201
662720
649300
663261
645760
663151
649569
636200
618797
636043
623107
635692
619246
636352
647749
663293
647748
663515
647411
663136
648007
634890
616707
634023
619461
633616
619152
635158
646696
663658
664192
650334
663651
649903
647221
636583
623467
619861
636851
619598
636641
636861
573459
570771
558512
555768
573303
570964
558587
589260
606171
592073
606699
588958
606455
592246
576169
559886
577212
562750
575997
559984
577273
588245
602038
585738
604823
585516
604530
588555
573631
555878
571320
558778
571148
558673
573838
589570
606828
606801
592606
606667
592438
589799
576381
562736
560091
577328
560060
577323
576617
515061
517587
503131
500692
517597
515063
503124
532234
548794
534831
549498
532289
548804
534697
520316
504132
521408
506547
520348
504090
521281
530733
542687
528063
545389
528047
545352
530737
517578
500691
515060
503107
515061
503116
517570
532195
549419
548839
534600
548817
534625
532168
520291
506479
504019
521104
504053
521179
520258
461386
463281
449367
447691
463286
461414
449360
476845
493234
479070
493152
476874
493193
479016
465202
449644
465464
451213
465220
449624
465429
475998
488078
473972
490424
473966
490429
475990
463275
447698
461429
449342
461426
449351
463267
476818
493088
493121
478944
493155
478973
476793
465186
451188
449589
465369
449605
465397
465170
410581
409763
396701
395952
410590
409761
396693
422698
438686
424105
438236
422711
438670
424088
411282
395966
410800
397262
411295
395954
410784
423003
435867
421903
437174
421905
437185
422997
410574
395949
409758
396680
409760
396686
410568
422687
438215
438644
424061
438656
424072
422679
411271
397248
395932
410756
395942
410769
411262
358884
358455
345439
345006
358891
358451
345434
370256
385312
371514
384655
370263
385303
371506
359437
344723
358887
345700
359445
344717
358877
370905
384023
370380
384599
370382
384602
370902
358879
345003
358448
345425
358449
345429
358875
370250
384644
385290
371490
385296
371498
370245
359430
345690
344708
358861
344712
358869
359425
308840
308508
295258
295064
308842
308507
295256
319267
334232
320208
333412
319270
334227
320203
308779
294497
308110
295389
308782
294494
308107
320259
333430
320021
333711
320025
333712
320257
308838
295063
308507
295251
308505
295254
308836
319265
333405
334222
320193
334224
320198
319262
308776
295385
294489
308100
294492
308103
308774
650989
644925
635241
631513
650798
644745
635112
661792
676747
663945
679637
661502
677026
664151
652790
638461
655310
641439
652682
638470
655343
658503
666738
652818
673440
653348
673388
658510
650947
631684
644401
634624
644549
634780
650942
661957
679708
677206
664328
677136
664270
662044
652919
641503
638424
655561
638465
655472
652992
600459
597804
586110
586533
599956
598029
586320
613520
627228
616076
630592
613647
627130
615992
601387
588001
603754
589229
601492
588000
603477
610536
621263
609452
625289
609067
625246
610589
600723
586779
598555
586618
598400
586504
600893
613403
630461
627016
615865
627099
615930
613267
601277
589155
588039
603310
588000
603427
601260
553445
551756
539971
540233
553730
551698
539751
564485
576712
564994
577432
564760
576663
564806
553062
540311
553393
540289
553314
540150
553224
563587
574438
563537
576527
563610
576483
563443
553272
540126
551651
539461
551659
539551
553166
564291
577373
576594
564631
576626
564667
564158
552867
540215
539989
553123
540039
553140
552795
503926
501755
488492
487558
503952
501727
488478
515072
528492
515183
528539
515108
528433
515141
502732
489025
502795
489051
502754
489012
502767
514836
528021
514357
529562
514367
529562
514817
503910
487534
501711
488467
501712
488470
503902
515047
528488
528388
515093
528399
515110
515036
502719
489041
488998
502733
489003
502745
502715
450716
448631
436346
435728
450717
448630
436347
462791
476454
462976
476600
462795
476443
462976
450406
437444
450769
437779
450407
437448
450775
462143
474838
461143
477452
461145
477459
462149
450716
435731
448654
436352
448632
436349
450719
462788
476594
476431
462972
476436
462974
462786
450406
437789
437451
450780
437450
450779
450404
401850
400748
387626
387580
401849
400748
387627
413338
425994
413707
426444
413329
426000
413723
401595
388904
402315
389517
401588
388911
402326
412590
424741
411982
426722
411972
426730
412597
401849
387578
400750
387627
400746
387628
401845
413343
426456
426007
413738
426004
413733
413347
401599
389523
388916
402332
388914
402334
401602
353609
352164
339772
339739
353607
352166
339774
364894
377426
365469
378184
364889
377431
365474
353379
340931
354093
341501
353374
340935
354096
363758
376162
363266
377567
363272
377575
363758
353610
339741
352170
339782
352165
339777
353608
364897
378188
377436
365476
377434
365477
364898
353382
341505
340942
354097
340939
354100
353384
307364
306686
293734
294372
307364
306690
293734
317807
329939
318095
330552
317803
329945
318101
306731
294280
307034
294117
306724
294284
307041
317130
329409
317329
330478
317339
330480
317132
307366
294365
306710
293756
306694
293742
307366
317813
330554
329944
318109
329947
318107
317816
306729
294122
294290
307041
294288
307042
306724
660154
657640
647029
643941
660373
657480
646932
671258
688525
676237
693441
671705
688130
676148
662409
649370
666077
653133
662578
649272
666070
668876
682280
666253
684731
666268
684717
668725
659980
643859
657425
646589
657450
646691
659841
670896
693102
687695
676108
687844
676094
670602
662182
653152
649074
666074
649131
666073
662119
609342
606317
595435
592017
609514
606088
595223
625170
638874
628950
642845
625142
638882
629085
612329
598418
615951
601640
612345
598311
615947
621924
632873
618633
635856
618673
635912
621887
609218
591798
605767
594991
605903
595074
609189
625187
642950
638807
629211
638832
629183
625198
612342
601593
598262
616018
598262
615992
612371
555065
553857
541842
540877
555227
553752
541731
570642
585067
573513
587888
570874
584895
573386
556871
543011
559305
544512
557067
542883
559174
567869
578956
565843
581596
565854
581776
567786
554961
540812
553654
541571
553689
541639
554884
570445
587830
584728
573237
584782
573308
570317
556723
544377
542662
558903
542762
559029
556606
502634
502616
489349
489203
502684
502579
489321
515886
529548
516663
530579
515955
529472
516612
502867
489650
503561
490189
502929
489613
503475
515453
528451
515202
528762
515227
528813
515403
502572
489185
502525
489270
502547
489291
502536
515780
530451
529296
516382
529376
516482
515691
502778
490110
489497
503261
489555
503357
502704
451200
450936
438627
438254
451197
450934
438650
463934
476877
464608
477451
463941
476860
464579
451665
439240
452405
439934
451675
439226
452338
463545
476494
463283
476545
463289
476558
463540
451202
438264
450929
438662
450932
438661
451201
463930
477403
476797
464541
476828
464568
463921
451658
439917
439211
452314
439220
452339
451649
402761
402471
390545
390149
402755
402482
390550
415035
427293
415737
428002
415033
427287
415723
403115
390924
403744
391524
403113
390923
403735
414548
426496
414165
426798
414160
426798
414554
402768
390157
402498
390558
402492
390557
402775
415037
427974
427279
415698
427284
415706
415037
403114
391514
390916
403712
390918
403721
403113
354812
354448
342590
342152
354803
354453
342595
366881
379041
367392
379557
366875
379043
367386
354989
342834
355427
343247
354984
342836
355418
366578
378528
366141
378818
366141
378817
366579
354815
342157
354455
342600
354456
342599
354817
366877
379547
379032
367374
379035
367376
366876
354987
343237
342833
355406
342833
355409
354988
307114
306775
294484
294308
307109
306782
294487
318773
330976
319073
331300
318775
330975
319065
306905
294779
307225
294853
306910
294772
307215
318750
330671
318444
330965
318439
330960
318757
307117
294315
306779
294486
306786
294487
307123
318769
331291
330970
319054
330971
319058
318767
306900
294847
294759
307200
294765
307207
306896
680538
671849
665425
658719
679993
672150
665984
697781
716092
703265
720943
697289
716482
703224
686795
670883
691313
674828
686315
671331
691231
691447
700361
681828
708334
681510
708116
691743
681046
659024
672709
666670
672525
666536
681217
698557
721278
717548
702948
717203
703038
698908
687473
674581
671919
690805
671686
690970
687849
623699
619746
607896
604939
623485
619831
608031
642265
658097
645635
662039
641806
658594
645760
627577
611047
630978
614288
627293
611197
631161
638224
648006
633606
654143
633484
654004
638349
623898
604953
619924
608198
619899
608192
623947
642698
661750
659196
645572
658978
645644
642758
627882
614309
611410
631048
611355
631122
627903
563216
561493
548248
546483
563168
561470
548289
580033
595948
582867
599015
579973
596013
582845
565257
550400
568157
553183
565194
550401
568122
577943
590763
575863
593399
575951
593396
577967
563246
546433
561328
548356
561399
548316
563266
580088
598967
596148
582840
596097
582760
580195
565340
553155
550530
568087
550433
568013
565449
507222
504922
493817
491555
507248
504897
493795
522954
536848
525515
539582
522977
536818
525486
509767
496175
512307
498498
509798
496150
512282
520380
532244
518106
534351
518082
534311
520346
507181
491521
504856
493718
504855
493758
507143
522892
539537
536832
525339
536812
525412
522840
509710
498453
496063
512186
496106
512230
509666
455297
453402
442557
440923
455321
453405
442526
469967
483261
472114
485599
469968
483250
472111
457318
444274
459421
446186
457317
444272
459419
467825
478713
465767
480871
465766
480899
467804
455291
440902
453414
442523
453412
442521
455292
469949
485583
483202
472065
483226
472097
469924
457319
446180
444273
459413
444273
459416
457317
405496
404472
393036
392159
405508
404455
393029
419084
431934
420667
433876
419089
431922
420662
406824
394038
408323
395167
406835
394026
408318
417632
428841
416448
430190
416461
430195
417635
405491
392155
404430
393024
404441
393026
405488
419081
433867
431923
420656
431919
420658
419080
406816
395166
394030
408317
394024
408317
406814
356395
355828
343981
343545
356400
355815
343976
369132
381891
369889
382950
369142
381880
369885
357016
344332
357761
344847
357024
344325
357755
368502
380127
367846
380930
367849
380932
368500
356396
343539
355805
343971
355807
343976
356393
369127
382949
381873
369891
381874
369885
369123
357013
344846
344319
357753
344323
357753
357009
307701
307278
295164
295069
307705
307273
295158
319702
332354
320031
332907
319702
332347
320027
307828
295283
308250
295271
307828
295282
308249
319555
331507
319215
331947
319219
331949
319553
307700
295068
307270
295152
307269
295155
307700
319703
332906
332344
320032
332345
320027
319703
307828
295267
295279
308249
295279
308248
307827
692467
692656
675974
675823
692294
692576
676036
703014
723950
706153
723680
702857
724163
706317
692596
674291
691915
676079
692323
674459
692092
704913
723931
704078
723118
704193
723107
704932
692626
675665
692455
675851
692550
675903
692675
703282
723867
724329
706584
724199
706485
703494
692724
676151
673811
692397
674102
692332
692756
635436
634184
619623
617387
635343
633964
619722
648082
664475
650906
664852
647762
664674
651289
637445
620143
637068
624050
637135
620420
637295
648416
663357
647206
664010
647411
663955
648473
635561
617149
633506
619681
633727
619803
635669
648325
665104
664871
651677
664825
651556
648501
637804
624333
620966
637737
620741
637547
638051
574124
571488
558913
556005
574052
571472
558941
590140
606955
592802
607194
589974
607224
592957
576895
560085
577324
562608
576799
560092
577366
588997
602402
585881
605056
585892
605176
588890
574085
555960
571333
558890
571365
558894
574071
590331
607377
608093
593389
607675
593174
590386
576894
562658
560195
577609
560154
577464
576724
517538
515061
503097
500662
517557
515035
503084
532098
548866
534587
549270
532141
548844
534556
520187
503989
521050
506339
520217
503968
521005
530676
542624
527880
545351
527981
545384
530650
517518
500622
514944
503053
514983
503070
517504
532048
549222
548623
534393
548742
534462
531971
520170
506309
503974
520961
503967
520963
520138
463253
461433
449333
447696
463259
461436
449327
476756
493093
478926
492968
476773
493077
478903
465149
449573
465351
451130
465157
449560
465339
475966
488064
473930
490379
473957
490403
475961
463252
447689
461452
449317
461443
449324
463257
476745
492979
493078
478832
493069
478875
476739
465155
451095
449521
465380
449548
465341
465171
410563
409757
396674
395943
410565
409756
396669
422666
438635
424046
438181
422671
438627
424033
411255
395921
410745
397209
411257
395913
410739
422982
435853
421896
437151
421897
437152
422979
410565
395940
409759
396646
409757
396659
410573
422662
438190
438633
423962
438625
424008
422655
411260
397196
395866
410762
395897
410741
411284
358873
358446
345419
344992
358873
358446
345414
370240
385287
371481
384624
370242
385286
371473
359419
344703
358857
345661
359420
344702
358855
370893
384024
370366
384625
370371
384607
370885
358879
344989
358459
345386
358450
345402
358886
370238
384627
385314
371433
385292
371462
370236
359425
345650
344670
358881
344693
358858
359428
308836
308510
295249
295052
308836
308510
295246
319254
334222
320186
333399
319258
334223
320180
308772
294485
308099
295368
308772
294482
308100
320243
333434
320011
333739
320013
333723
320232
308839
295040
308537
295231
308517
295239
308850
319243
333406
334258
320159
334234
320175
319224
308780
295361
294453
308123
294472
308104
308796
)
;

boundaryField
{
    inlet
    {
        type            zeroGradient;
    }
    outlet
    {
        type            fixedValue;
        value           uniform 0;
    }
    seabed
    {
        type            zeroGradient;
    }
    top
    {
        type            zeroGradient;
    }
    side1
    {
        type            zeroGradient;
    }
    side2
    {
        type            zeroGradient;
    }
    submarine
    {
        type            zeroGradient;
    }
}


// ************************************************************************* //
