/*--------------------------------*- C++ -*----------------------------------*\
  =========                 |
  \\      /  F ield         | OpenFOAM: The Open Source CFD Toolbox
   \\    /   O peration     | Website:  https://openfoam.org
    \\  /    A nd           | Version:  10
     \\/     M anipulation  |
\*---------------------------------------------------------------------------*/
FoamFile
{
    format      ascii;
    class       volScalarField;
    location    "8.3";
    object      p;
}
// * * * * * * * * * * * * * * * * * * * * * * * * * * * * * * * * * * * * * //

dimensions      [0 2 -2 0 0 0 0];

internalField   nonuniform List<scalar> 
12920
(
959297
932337
889076
910969
846216
846980
789808
758293
701664
654595
595833
541981
481688
422955
359846
296856
231856
168730
106242
46771.1
588809
873360
879736
917917
849184
854313
793309
763936
704813
658339
598324
543981
482761
423521
359994
296913
231869
168630
105641
44746.4
757625
988568
923536
940896
869742
870006
803900
772919
712534
664478
603458
547888
485612
425399
361210
297708
232329
168835
105528
43798.3
1.04345e+06
1.08562e+06
965558
984082
908498
898161
823122
787821
722383
673470
610212
552972
489364
428044
363278
299148
233304
169308
105624
43307.8
1.2866e+06
1.21784e+06
1.05967e+06
1.04376e+06
944460
924249
845703
803985
737139
684674
620049
560491
495372
432568
366799
301710
235053
170387
106153
43215.3
997296
1.34099e+06
1.08011e+06
1.09128e+06
983349
957219
872498
826016
754213
697605
631564
569024
502558
437684
370932
304493
236970
171454
106544
42864
1.16573e+06
1.34587e+06
1.15746e+06
1.14124e+06
1.01731e+06
982202
900598
846905
774126
712614
643742
578610
510356
443504
375736
308025
239217
172704
106766
42042.6
1.31944e+06
1.4124e+06
1.15118e+06
1.1661e+06
1.04981e+06
1.00967e+06
941406
877582
808892
740145
672337
603523
534699
466031
381289
311477
241719
173964
106690
40244.1
1.57242e+06
1.43309e+06
1.22645e+06
1.20673e+06
1.08218e+06
1.04228e+06
971447
902947
832315
763831
693399
622279
551837
481627
403320
316930
244407
175626
106638
38489
1.60098e+06
1.4193e+06
1.21852e+06
1.22378e+06
1.09848e+06
1.05916e+06
991951
922100
849087
775381
704735
633549
561961
490358
410578
322010
247874
176981
106791
38624.4
1.67608e+06
1.47398e+06
1.28893e+06
1.2598e+06
1.13006e+06
1.08572e+06
1.01397e+06
939424
863378
789019
717921
645597
572143
498898
417753
327365
251546
179029
108338
39022.4
1.39123e+06
1.4975e+06
1.27575e+06
1.28996e+06
1.15073e+06
1.10948e+06
1.03357e+06
954871
878223
805113
731635
657585
582218
507429
424962
332828
255028
182279
109989
38010.2
1.41069e+06
1.53626e+06
1.33569e+06
1.30841e+06
1.17431e+06
1.11652e+06
1.03905e+06
964650
888465
814602
737198
660866
583818
508003
413398
335341
259600
185177
112159
37271
1.38304e+06
1.47617e+06
1.3231e+06
1.31151e+06
1.18886e+06
1.1381e+06
1.03053e+06
971664
879989
811581
729857
653865
573719
496774
417597
340866
263613
188696
114638
38426.2
1.39107e+06
1.44802e+06
1.33403e+06
1.30722e+06
1.20115e+06
1.14996e+06
1.05337e+06
984834
895392
819962
737324
659691
579586
501679
423060
345718
268129
192158
117509
41354.1
1.33604e+06
1.40915e+06
1.36824e+06
1.34098e+06
1.23157e+06
1.17844e+06
1.06583e+06
999144
901265
828414
741709
665393
583651
506005
426613
349673
271553
195580
120292
44195.8
1.43504e+06
1.55553e+06
1.41239e+06
1.37562e+06
1.24827e+06
1.19466e+06
1.08122e+06
1.01093e+06
912649
836257
748678
670239
588035
509858
430416
352967
274830
198495
122654
45511.9
1.99324e+06
1.75439e+06
1.5234e+06
1.44351e+06
1.29107e+06
1.22642e+06
1.09813e+06
1.02333e+06
918023
841538
751306
673234
590282
512697
433209
355745
277086
200466
124074
46621.4
2.2353e+06
1.92128e+06
1.58038e+06
1.48737e+06
1.30508e+06
1.23091e+06
1.10735e+06
1.02734e+06
925970
844910
754854
675702
592933
515047
435208
357348
278510
201642
125281
48839.9
1.95443e+06
1.86632e+06
1.59497e+06
1.50633e+06
1.32109e+06
1.23995e+06
1.11216e+06
1.03065e+06
928426
847049
757334
677786
594885
516762
436789
358668
279012
201971
126146
52409.6
1.06381e+06
940489
889431
912192
846394
847092
789793
758351
701528
654588
595567
541849
481821
423246
360076
297043
231810
168478
105521
44734.3
737941
894875
875130
918847
849209
854370
793359
763772
704569
658187
598109
543929
482826
423655
360153
297033
231804
168375
105193
42786.1
739934
992297
927429
942375
870220
870097
804406
773047
712480
664449
603452
547887
485687
425466
361291
297685
232185
168561
105152
41693.4
884432
1.06437e+06
966678
983695
909365
897983
823506
788409
722659
673447
610159
552933
489342
428020
363260
299135
233175
169037
105303
41146.1
1.19655e+06
1.20352e+06
1.05992e+06
1.04203e+06
944963
924559
845966
804263
737272
684635
619931
560430
495322
432530
366785
301729
234945
170110
105798
41016.8
1.16578e+06
1.27199e+06
1.08025e+06
1.09004e+06
984079
957228
872425
826024
753792
697513
631315
568979
502555
437696
370959
304561
236908
171226
106263
40879.2
1.40689e+06
1.37084e+06
1.15632e+06
1.14274e+06
1.01811e+06
981477
900316
845891
773973
712521
643914
578575
510264
443514
375725
308054
239159
172503
106628
40309.3
1.33987e+06
1.37614e+06
1.15744e+06
1.1628e+06
1.0497e+06
1.00842e+06
941445
876693
808190
740639
672138
603467
534772
466059
381265
311500
241706
173860
106589
38530.3
1.40224e+06
1.40045e+06
1.22385e+06
1.20242e+06
1.07867e+06
1.04122e+06
970230
902709
832319
763676
693213
622248
551878
481787
403715
317026
244450
175666
106703
36950.2
1.40436e+06
1.40317e+06
1.22092e+06
1.22285e+06
1.09935e+06
1.06013e+06
991975
921868
848908
775770
704903
633270
561883
490360
410853
322099
248000
177060
106958
37104.5
1.56777e+06
1.45723e+06
1.28634e+06
1.25953e+06
1.13009e+06
1.08605e+06
1.0142e+06
939020
862892
789814
717789
645246
571891
498855
417871
327547
251613
179270
108411
37421.7
1.37299e+06
1.50834e+06
1.27839e+06
1.29189e+06
1.15084e+06
1.10956e+06
1.03401e+06
954562
877158
805543
731659
657171
581922
507396
425072
332711
254970
182244
110156
36748.4
1.51361e+06
1.57155e+06
1.33222e+06
1.30751e+06
1.17353e+06
1.11551e+06
1.0382e+06
964232
888328
814603
736674
660702
583825
507931
413789
335330
259586
184970
112326
36190.9
1.58896e+06
1.50381e+06
1.32861e+06
1.31213e+06
1.18639e+06
1.14037e+06
1.03337e+06
970156
881281
809979
728333
654529
574524
497574
417807
340839
263505
188538
114852
37126.4
1.51924e+06
1.45143e+06
1.34031e+06
1.30914e+06
1.20144e+06
1.15148e+06
1.05306e+06
984205
895798
820275
737568
660093
579876
501700
423029
345714
267932
191814
117374
39654.6
1.39558e+06
1.41426e+06
1.36601e+06
1.34077e+06
1.22932e+06
1.1798e+06
1.06652e+06
999420
901584
828697
741827
665569
583823
505937
426539
349816
271584
195453
120191
42445.6
1.50331e+06
1.56559e+06
1.41482e+06
1.37791e+06
1.2458e+06
1.19586e+06
1.08061e+06
1.01108e+06
912726
836275
748747
670230
588056
509905
430440
353027
274875
198424
122564
43746.4
1.94983e+06
1.74875e+06
1.5206e+06
1.44297e+06
1.28906e+06
1.22516e+06
1.09879e+06
1.02413e+06
918270
841599
751185
673004
590233
512659
433053
355589
277091
200416
123918
44770.4
2.12208e+06
1.93063e+06
1.57317e+06
1.48803e+06
1.30472e+06
1.23061e+06
1.10698e+06
1.02735e+06
925898
844851
754913
675828
592935
515109
435514
357593
278558
201515
125000
47618
1.83798e+06
1.86233e+06
1.59141e+06
1.50295e+06
1.32129e+06
1.23982e+06
1.1121e+06
1.03067e+06
928380
847179
757434
677952
594981
516862
437025
358937
278964
201756
125876
51825.3
858589
923073
890662
912763
847874
847849
790279
758744
701541
654676
595057
541722
482131
423801
360331
297258
231658
167986
104383
41690.8
600846
905418
868932
917550
852392
855409
794519
763862
704482
657945
597838
543836
482933
423887
360375
297230
231700
167994
104545
39645.8
794631
1.00988e+06
927677
943778
872240
870988
805375
772988
712286
664330
603371
547857
485778
425576
361335
297648
231879
167994
104608
38404.7
804666
1.04307e+06
968342
982073
910640
898239
824139
789526
722819
673562
610208
552847
489298
427968
363224
299142
232950
168449
104881
38038.7
1.1022e+06
1.17779e+06
1.05549e+06
1.03771e+06
946398
924629
846596
804937
737497
684582
619829
560287
495252
432456
366772
301787
234781
169489
105358
37990
1.13629e+06
1.26383e+06
1.08605e+06
1.08829e+06
985146
956435
872530
826225
753127
697376
631093
568974
502579
437738
371019
304733
236822
170818
106023
37962.2
1.57096e+06
1.41882e+06
1.16806e+06
1.14254e+06
1.02019e+06
980528
899885
845317
773465
712291
643967
578659
510201
443635
375746
308158
239095
172309
106678
37569.1
1.3824e+06
1.37299e+06
1.16688e+06
1.16128e+06
1.04961e+06
1.0078e+06
940392
875633
806902
741205
671887
603325
534856
466250
381051
311565
241708
173718
106613
36053.7
1.38549e+06
1.36878e+06
1.22458e+06
1.1968e+06
1.07663e+06
1.03997e+06
969442
901593
832171
763771
693225
622397
551908
481801
404154
317324
244471
175621
106858
34835.1
1.37051e+06
1.3474e+06
1.22889e+06
1.22138e+06
1.10115e+06
1.06216e+06
992675
921031
848433
776320
705065
633112
561708
490336
411392
322548
248166
177032
107179
35164.9
1.60048e+06
1.44484e+06
1.29019e+06
1.26026e+06
1.13114e+06
1.08782e+06
1.01507e+06
938620
863070
788415
717800
644467
571551
498734
418271
327807
251598
179292
108674
35507.9
1.38748e+06
1.48424e+06
1.28805e+06
1.28903e+06
1.1525e+06
1.11083e+06
1.03446e+06
954458
876964
805515
731165
656259
581434
507280
425272
333012
255084
182086
110463
35162.4
1.52298e+06
1.55181e+06
1.33119e+06
1.30375e+06
1.17685e+06
1.11496e+06
1.03654e+06
964300
887706
813850
736126
660694
583980
508572
413609
336021
259995
184968
112942
35441.8
1.53407e+06
1.51484e+06
1.32058e+06
1.30867e+06
1.18563e+06
1.13904e+06
1.03507e+06
969706
882769
810698
727652
653109
574147
497612
417960
341122
263590
188323
115537
36343.6
1.52294e+06
1.46517e+06
1.34436e+06
1.31534e+06
1.19853e+06
1.1557e+06
1.05111e+06
983693
895330
821823
738379
660916
580359
501687
422948
345719
267677
190984
117175
37658.4
1.26582e+06
1.39413e+06
1.35842e+06
1.34451e+06
1.22675e+06
1.18068e+06
1.06386e+06
999667
903121
829159
742024
665781
584098
505872
426638
349872
271598
195243
120132
39733.6
1.53969e+06
1.55789e+06
1.41933e+06
1.38036e+06
1.24378e+06
1.1953e+06
1.07967e+06
1.01168e+06
912526
836559
748874
670427
588084
510154
430661
353336
274898
198211
122455
41011.6
1.9317e+06
1.74351e+06
1.51637e+06
1.44351e+06
1.28842e+06
1.22481e+06
1.09589e+06
1.02389e+06
920223
841967
750908
672846
590055
512592
432918
355510
276981
200136
123685
42397
2.13389e+06
1.92823e+06
1.57341e+06
1.48969e+06
1.30486e+06
1.23041e+06
1.10588e+06
1.02732e+06
925679
844868
755095
676060
593316
515503
435926
357974
278702
201279
124545
45339.5
1.86007e+06
1.86945e+06
1.58533e+06
1.50069e+06
1.32174e+06
1.23994e+06
1.11193e+06
1.03069e+06
928321
847405
757653
678210
595138
517093
437558
359298
278880
201492
125477
50798.9
854477
944760
887097
914838
849023
848475
790989
759023
701643
654600
594230
541423
482513
424621
360517
297372
231359
167314
103213
38516.3
626187
908057
865001
917797
853480
857875
796480
763751
704278
657612
597511
543678
482983
424130
360595
297469
231507
167318
103956
35781.7
986482
1.04894e+06
935299
944895
875011
873231
806943
773080
712170
664170
603279
547820
485848
425690
361147
297435
231373
167028
104230
35316.1
896125
1.05758e+06
977090
980556
910266
897973
825770
791248
722938
673957
610362
552756
489190
427780
363005
298959
232590
167523
104677
35325.2
1.00718e+06
1.17131e+06
1.05462e+06
1.03472e+06
948441
923433
848046
805641
737542
684606
619765
560050
495024
432184
366595
301772
234548
168663
105271
35397.8
1.20672e+06
1.26263e+06
1.09202e+06
1.08676e+06
985576
954436
873587
826466
752818
697213
631198
569036
502748
437840
371185
305100
236845
170360
106361
35793.3
1.61419e+06
1.41334e+06
1.16518e+06
1.14103e+06
1.02e+06
978688
899203
844910
772628
711929
643996
578733
510458
443638
375945
308452
239257
172056
107264
36065.8
1.37042e+06
1.34669e+06
1.17691e+06
1.15948e+06
1.04782e+06
1.00643e+06
938202
875265
806875
741041
672157
603883
535660
466950
380842
311937
241821
173418
106741
36037
1.29824e+06
1.33322e+06
1.21783e+06
1.1917e+06
1.07539e+06
1.03939e+06
968203
901152
832488
764164
693866
623318
552540
482226
405070
317000
244375
175416
107131
35510.5
1.14084e+06
1.29364e+06
1.22406e+06
1.21722e+06
1.1017e+06
1.06367e+06
993536
920580
848596
776855
705358
633185
561551
490268
411664
322392
248065
177145
107735
35789.7
1.39431e+06
1.41896e+06
1.2874e+06
1.25821e+06
1.13091e+06
1.09063e+06
1.01627e+06
938707
863817
790888
717199
642991
570796
498556
418687
327282
251751
179383
109116
36083.7
1.38385e+06
1.46753e+06
1.2922e+06
1.2854e+06
1.15299e+06
1.10816e+06
1.03423e+06
954777
877185
804588
730028
655265
580856
507231
425234
332926
254717
181495
110635
36023.9
1.51448e+06
1.55767e+06
1.33161e+06
1.30221e+06
1.17959e+06
1.11419e+06
1.0365e+06
965824
887659
812853
735626
660013
583378
507993
413621
336254
259805
184412
112574
35426.3
1.44751e+06
1.52227e+06
1.31896e+06
1.30761e+06
1.18442e+06
1.13797e+06
1.03582e+06
969826
883834
811286
728568
653407
573936
497428
418040
341233
263410
187653
114932
35974.3
1.46772e+06
1.47767e+06
1.3524e+06
1.32043e+06
1.2002e+06
1.15604e+06
1.05171e+06
984268
894486
821574
737528
661149
580387
501598
422925
345790
267512
190580
117213
37477
1.20306e+06
1.38406e+06
1.35617e+06
1.34507e+06
1.22522e+06
1.17893e+06
1.06386e+06
999435
900630
829612
742718
665836
584264
505960
426603
349813
271333
194588
119912
39813.1
1.64252e+06
1.55618e+06
1.42596e+06
1.37951e+06
1.24422e+06
1.19274e+06
1.07669e+06
1.01092e+06
912455
836955
749507
670812
588158
510286
430750
353436
274696
197547
122148
41016.7
1.86042e+06
1.74695e+06
1.51566e+06
1.44333e+06
1.28996e+06
1.22291e+06
1.09522e+06
1.0235e+06
917899
841437
751465
673304
590121
512747
432921
355509
276720
199468
123397
42008.6
2.08193e+06
1.92181e+06
1.56831e+06
1.48965e+06
1.30489e+06
1.23092e+06
1.10295e+06
1.02771e+06
925232
845102
755304
676447
594141
516110
436570
358498
279040
200954
124170
42045.4
1.8639e+06
1.89582e+06
1.58335e+06
1.49884e+06
1.32104e+06
1.24073e+06
1.11175e+06
1.03075e+06
928209
847699
757830
678507
595286
517343
438402
360244
278815
201143
125034
49508.6
898944
939548
884235
915159
851291
849291
791888
759368
702212
654556
592901
540710
482268
425566
360272
297287
230962
166559
102541
36465.5
692631
897872
862325
918659
855847
858004
798418
764426
704865
657281
597374
543007
482648
423936
360371
297137
231247
166767
103736
34904.3
1.09279e+06
1.04797e+06
941166
948543
877776
873364
809698
773178
712345
663547
603123
547215
485648
425222
360825
297196
231290
166402
103888
34761.2
978223
1.06501e+06
974864
976272
912232
896499
827496
790445
723835
673668
610584
552654
489270
427621
362953
298819
232479
167145
104312
34763.6
1.11132e+06
1.17687e+06
1.05272e+06
1.03132e+06
950093
921939
849362
805245
738054
684339
620014
559993
495104
432062
366631
301747
234522
168432
105033
34831.8
1.16283e+06
1.25728e+06
1.09243e+06
1.08425e+06
987397
952776
874034
825890
754310
697143
631513
569033
502835
437846
371221
305081
236884
170086
106041
35151.8
1.60081e+06
1.42618e+06
1.16417e+06
1.14016e+06
1.02071e+06
977313
899452
844170
773509
711813
644082
578747
510663
443562
376040
308631
239377
171775
106767
35277.5
1.32494e+06
1.33741e+06
1.18296e+06
1.15857e+06
1.04619e+06
1.0061e+06
938569
875086
806422
740831
672138
603962
535209
466463
381068
312229
241979
173200
106652
35088.6
1.20374e+06
1.31966e+06
1.21984e+06
1.18753e+06
1.07584e+06
1.0397e+06
968244
901006
832145
763633
693375
622999
552301
481932
404361
317129
244641
175240
107142
34751.3
1.1017e+06
1.28324e+06
1.22978e+06
1.21497e+06
1.10201e+06
1.06378e+06
993418
920473
848719
777036
705403
633391
561632
490290
411604
322619
248320
177203
108081
34945.8
1.40881e+06
1.41657e+06
1.28975e+06
1.2568e+06
1.13255e+06
1.09023e+06
1.01629e+06
938958
864399
790690
717079
642962
570593
498695
418656
327510
252028
179464
109295
35210
1.46518e+06
1.47151e+06
1.29633e+06
1.28471e+06
1.15293e+06
1.10731e+06
1.03289e+06
954922
877184
803276
729457
654850
580613
507050
425045
332741
255168
181688
110624
35164.5
1.52543e+06
1.54604e+06
1.33257e+06
1.30191e+06
1.17997e+06
1.11441e+06
1.0368e+06
965889
888333
812983
735299
659569
583296
507718
413483
336544
259920
184436
112644
34972.6
1.35333e+06
1.56368e+06
1.31419e+06
1.30848e+06
1.18359e+06
1.13773e+06
1.03611e+06
969837
883910
811683
729084
653603
574024
497433
418304
341345
263304
187591
114843
35568.8
1.52604e+06
1.49908e+06
1.35906e+06
1.32476e+06
1.20123e+06
1.15511e+06
1.05247e+06
984076
895259
820988
737886
660757
580370
501577
423215
345600
267383
190603
117129
36752.5
1.15069e+06
1.38003e+06
1.35798e+06
1.34401e+06
1.22254e+06
1.17839e+06
1.06275e+06
999143
901219
829537
742993
665798
584467
505947
426670
349754
271259
194283
119809
38586
1.6098e+06
1.55429e+06
1.43199e+06
1.3809e+06
1.24464e+06
1.19125e+06
1.07711e+06
1.0098e+06
912730
836970
749668
670720
588190
510227
430709
353419
274590
197207
121997
39763.1
1.61323e+06
1.73913e+06
1.50783e+06
1.4438e+06
1.2892e+06
1.22365e+06
1.09435e+06
1.02272e+06
918492
841247
751686
673380
590233
512707
432951
355490
276531
198872
123156
40694.3
2.29275e+06
1.93664e+06
1.56247e+06
1.49285e+06
1.30544e+06
1.23054e+06
1.10365e+06
1.02746e+06
925239
844970
755480
676344
594091
515903
436582
358623
278819
200446
123883
41183.9
1.86159e+06
1.8952e+06
1.58022e+06
1.4978e+06
1.31925e+06
1.24182e+06
1.11161e+06
1.03094e+06
928056
847934
757915
678687
595378
517629
439896
361879
278584
200824
124753
47587.8
722833
783867
731879
776728
723071
784845
732033
650849
713987
661541
705276
650900
713889
660720
736118
803580
746029
788793
735986
802221
745241
664171
727559
671726
717416
663294
726776
670868
921684
986185
934456
970761
921214
986577
934395
849475
917350
863041
902851
849900
917329
862982
781644
845129
790640
832339
781526
845105
790831
710557
773253
719801
763707
710590
773360
719793
639968
702272
647883
693242
640042
702265
647892
569451
630726
577010
622248
569615
630626
576979
499321
559520
505749
551881
499458
559484
505758
428894
488298
433982
481744
429110
488309
434139
939326
1.0079e+06
953388
992094
939225
1.00814e+06
953051
867499
935639
879875
921992
867360
935280
879712
793262
860319
801963
849005
793427
859992
802638
722473
783940
731661
775614
722579
784628
731668
651083
714285
660452
704863
650848
714176
660325
579768
642501
587832
633334
579691
642327
587640
508103
569615
514944
561908
508091
569440
514866
436256
496792
442074
490359
436360
496753
442117
957672
1.02882e+06
970017
1.01426e+06
957344
1.02906e+06
969823
882959
950920
892808
939129
882602
950721
892516
806910
873786
821401
862950
807530
873299
820953
735566
803650
746095
789565
735756
803705
746235
663655
727990
673093
717815
663540
727991
672912
590533
654700
598334
645410
590273
654480
598053
517145
579654
523628
571953
517081
579494
523579
444055
505254
449361
498868
444072
505232
449385
974020
1.04491e+06
986657
1.03392e+06
973803
1.04459e+06
986389
896710
966883
910613
954631
896230
966570
909602
822869
891411
836401
877438
822985
890285
836670
749579
817529
760626
805416
749805
817745
760612
675952
741380
684571
731679
675785
741169
684442
600814
665132
607887
657349
600480
664931
607838
525711
588640
532304
582013
525667
588548
532303
451108
513272
456768
507409
451143
513345
456907
920829
986632
934325
969831
919608
987445
933897
849925
917215
862846
901863
850028
916596
862408
781522
845048
790906
832189
781484
844729
791130
710624
773432
719802
763637
710782
773644
719909
640129
702283
647960
693161
640376
702372
648241
569707
630634
576964
622311
570032
630739
576901
499545
559466
505760
551879
499799
559404
505730
429321
488315
434307
481797
430075
488324
434580
939139
1.00808e+06
952960
992715
938710
1.00875e+06
952841
867222
935135
879539
921238
866691
934791
878738
793546
859875
802881
848525
793955
859733
803531
722610
784949
731697
776173
722780
785391
731831
650804
714106
660146
705030
650813
713930
659618
579658
642180
587562
633133
579499
641606
587288
508082
569384
514840
561766
508025
569172
514718
436511
496741
442208
490350
436745
496676
442343
957261
1.02905e+06
969780
1.01506e+06
957144
1.02985e+06
969719
882475
950652
892460
938771
882111
950543
892333
807740
873199
821009
862928
808242
873244
821093
735855
803761
746267
790209
736225
803750
746151
663396
727969
672770
717848
662359
727725
672015
590185
654302
597938
644507
589888
653559
597530
517054
579415
523550
571669
516919
579114
523389
444143
505217
449458
498783
444281
505131
449567
973754
1.04413e+06
986358
1.03464e+06
973649
1.04295e+06
986066
896101
966501
909425
954452
895743
966344
909102
823167
890008
836711
876909
823676
889396
836374
749849
817786
760547
805620
749734
817399
760074
675635
741032
684334
731372
674913
740418
683902
600362
664802
607809
656495
599940
664340
607544
525637
588509
532316
581585
525472
588389
532019
451230
513408
457171
507318
451315
513468
457176
919293
987365
933690
968715
918143
987436
933048
850124
916383
862280
901146
850128
915894
861920
781267
844672
791208
832351
780510
844781
791322
710814
773735
719951
764357
710629
774085
720016
640399
702403
648321
693684
640052
702606
648379
570127
630795
576869
623052
569952
631016
576736
499842
559389
505692
552343
499385
559448
505438
430375
488323
434793
482078
430148
488353
434765
938528
1.00873e+06
952820
993553
938051
1.0094e+06
952678
866523
934699
878625
920619
866165
934413
878538
794113
859786
803758
848566
794494
860088
804832
761396
758354
778674
776481
761024
758499
779162
689446
686910
707818
705115
689519
686941
707814
579418
641511
587147
633142
579131
640582
586432
507982
569057
514641
561555
507747
568489
514314
436940
496629
442505
490272
436978
496445
442548
957107
1.02982e+06
969720
1.01595e+06
957186
1.03023e+06
969837
882124
950550
892371
938670
882447
950745
892796
808393
873415
821041
863632
808974
873946
820703
777092
771335
795057
788155
777136
770169
795189
702195
699237
720945
718608
702210
700359
720926
589745
653295
597347
643433
588973
652460
596518
516835
578960
523292
570915
516498
578349
522875
444439
505083
449698
498568
444641
504954
449658
973626
1.0422e+06
985966
1.03432e+06
973648
1.04206e+06
985799
895705
966289
909149
954642
895812
966506
909766
823635
889286
836191
877207
822681
889050
835552
749589
817153
759871
804877
748733
816193
759185
674661
740182
683705
730308
673822
739338
683224
599759
664187
607406
655501
598992
663935
606781
525369
588439
531781
580958
524857
588741
531346
451435
513476
457039
507224
451392
513457
456592
917881
987146
932846
968367
918197
987065
933038
850081
915842
861858
901023
850323
915856
862235
780764
844872
791313
832232
780970
844909
791429
710556
774198
720028
763745
711185
774007
720078
639928
702658
648375
693447
640499
702600
648611
569781
631084
576735
623060
570194
631183
577046
499117
559509
505349
552311
499598
559636
505583
429980
488386
434783
481940
430319
488369
434971
937948
1.00946e+06
952663
993480
938105
1.01017e+06
952854
866200
934495
878886
920559
866395
934582
879111
794608
860294
804979
848708
794727
860599
804762
723149
786837
732123
776931
723176
786897
732544
650899
713841
658399
705377
651160
714157
658614
579087
640336
586257
633351
579268
640462
586143
507673
568368
514255
561641
507786
568258
514364
436987
496422
442697
490287
437135
496541
442845
957186
1.03005e+06
969909
1.01641e+06
957437
1.02986e+06
970052
882718
950893
892868
938953
883137
951142
893017
809096
874129
820240
864241
808574
874282
818352
735901
801571
744919
790536
735753
800088
744058
660672
726491
670497
717032
661100
725818
669884
588787
652152
596264
642971
588669
651722
596224
516442
578212
522776
570675
516576
578058
522972
444765
504955
449771
498678
444867
504978
449734
973705
1.04151e+06
985970
1.0332e+06
973814
1.0415e+06
986167
895794
966581
909673
954984
895883
966893
910517
822408
888910
835491
876985
821351
889399
834658
748407
815973
759044
803655
747497
815003
758671
673453
739166
683140
729481
672952
738938
683085
598737
663904
606804
655016
598690
663578
606850
524734
588556
531539
580671
524960
587801
531754
451457
513183
456913
507124
451257
512748
457230
918272
987231
933026
968034
918414
987472
932927
850381
915737
862247
901062
850383
915555
862218
780971
844895
791459
831818
780770
844845
791477
711345
774015
720161
763353
711392
773994
720254
640604
702638
648660
693231
640685
702661
648725
570336
631208
577105
623006
570445
631183
577154
499736
559658
505658
552429
499906
559684
505795
430518
488389
435127
482069
430520
488488
435033
938110
1.01029e+06
952886
993670
938071
1.01085e+06
952894
866416
934560
879153
920332
866384
934515
879156
794829
860720
805054
848691
794911
860820
805522
723215
787076
732617
777113
723285
787388
732630
651236
714227
658695
705425
651342
714254
658821
579303
640496
586096
633445
579359
640571
586054
507813
568184
514359
561617
507924
568091
514351
437234
496550
442978
490334
437150
496547
442843
957470
1.0295e+06
970015
1.01645e+06
957441
1.02898e+06
969870
883180
951074
893090
938914
883109
950971
893323
808758
874330
818170
864565
809083
874582
818391
735708
799672
744017
790822
735648
799799
744031
661125
725826
669883
717074
661273
725657
669716
588592
651625
596174
643034
588482
651427
596085
516583
577993
522949
570491
516575
577915
522906
444958
504941
449828
498695
444803
504838
449639
973718
1.04156e+06
986154
1.03259e+06
973564
1.04089e+06
986063
896042
966989
910670
954827
896488
966496
911107
821262
889597
834594
877776
821433
889775
834441
747524
814993
758643
803196
747373
814890
758310
672956
738927
682895
729122
672789
738862
682410
598653
663507
606789
654588
598581
662921
606679
524929
587492
531766
580539
524839
587004
531827
451342
512643
457395
506951
451135
512332
457494
743796
740794
725684
722888
743582
740898
725758
764839
781794
766814
783783
764304
782400
765451
746437
728353
749637
731130
746337
728288
748643
761746
776620
758724
779803
758640
779571
761971
744031
722970
741169
726022
741041
725862
744260
765245
783830
783028
767732
782835
765822
765419
746716
731180
728804
750167
728438
748804
747161
671224
669018
653183
650881
671337
669060
653066
692176
710672
695719
713313
692362
710505
695729
674062
656321
678299
662467
674158
656382
679238
689454
705191
687011
708034
686964
707871
689592
671223
650895
669181
653095
669115
653023
671390
692189
713332
710851
695584
710565
695672
692380
673960
662623
656001
677822
656266
679098
674065
758865
754130
739956
736891
758844
754593
739931
781505
799683
784361
803297
781565
799713
783926
762577
743030
765056
745840
762818
742772
764777
777049
787961
771847
795158
770358
795170
776978
758692
736774
754197
739223
754398
739643
758391
781246
802833
799449
782877
799630
783404
780792
762143
745564
742006
764081
742396
764437
761566
683908
681556
665589
665561
683741
684666
665561
705146
724035
708872
727334
705411
723836
708592
686742
668535
690478
671454
687064
668214
690196
701923
718395
698764
720256
700208
720675
701493
683567
665707
680764
664606
684254
665209
682962
704855
727061
723299
708027
723571
708304
704602
686416
671169
667605
689616
667892
689906
686178
913203
955058
923591
941655
913154
954669
923609
843099
889603
851452
877265
842932
889138
851381
775393
817963
784497
808676
775444
817979
784430
706527
750766
713522
740305
706573
750588
713549
637523
680424
644044
672233
637524
680383
644035
568549
609898
572610
603474
568660
609952
572683
499708
539543
502833
534743
499872
539664
502924
432342
469877
433784
466034
432309
469922
433699
997961
1.05041e+06
1.0077e+06
1.04192e+06
997835
1.05063e+06
1.0079e+06
958124
955454
975459
971269
955349
975431
958048
889394
885019
907490
902948
885025
907526
889341
819054
815360
837113
832323
815380
837123
818891
749239
745570
767954
763800
745579
767948
749219
678266
675457
697120
693353
675462
697117
678233
606717
604278
625443
622262
604303
625447
606696
536175
534144
554652
551850
534152
554655
536171
465621
463977
484066
481654
464002
484087
465596
368358
407031
370306
403454
368356
407187
370268
1.01813e+06
1.07233e+06
1.03027e+06
1.05915e+06
1.01807e+06
1.07232e+06
1.03019e+06
979169
973839
997900
991930
973790
997968
979155
909103
904200
926963
922099
904223
926900
909159
833626
830508
852964
849079
830443
852995
833623
759703
757587
777114
775348
757590
777145
759656
689660
686594
707664
704778
686620
707694
689692
618435
615610
636482
633494
615564
636443
618472
546398
543900
564509
561948
543892
564484
546421
474430
472302
492518
490356
472305
492513
474430
374317
414204
377190
410665
374314
414251
377205
1.04181e+06
1.09698e+06
1.05332e+06
1.08576e+06
1.04175e+06
1.09706e+06
1.0533e+06
998933
994377
1.01823e+06
1.0139e+06
994313
1.01808e+06
999019
924231
920903
943121
939338
920810
943083
924277
847410
843717
866113
863175
843781
866122
847807
776156
770916
793959
789108
771047
794085
776083
703105
699752
721360
717892
699717
721337
703136
630203
627294
648666
645576
627255
648645
630243
556079
553751
574622
572086
553715
574584
556100
482643
480636
501019
498889
480634
501012
482645
380557
421123
383779
417789
380565
421161
383782
1.06423e+06
1.11927e+06
1.07489e+06
1.10948e+06
1.06413e+06
1.11878e+06
1.07396e+06
1.0178e+06
1.01307e+06
1.03904e+06
1.03349e+06
1.01302e+06
1.03883e+06
1.01783e+06
939351
935314
959027
954778
935205
958914
939530
864731
860427
882845
878081
860133
882605
865001
790770
786778
809305
805147
786812
809341
790726
716268
712998
735185
731651
712987
735197
716268
640981
638465
660298
657555
638435
660270
641009
565360
563080
584575
582175
563049
584542
565406
490453
488487
509532
507424
488490
509526
490446
386505
427856
390288
424993
386494
427848
390298
1.00122e+06
1.04411e+06
1.01194e+06
1.0391e+06
1.00116e+06
1.04425e+06
1.01191e+06
925040
973509
934483
964525
925008
972971
934405
849842
893233
857402
888348
850036
892978
857409
774220
818796
780837
814780
774094
818815
781083
697489
741235
704081
736980
697435
740756
704042
620121
664398
625346
660803
620099
664489
625385
544254
586499
548911
583791
544304
586703
548958
468579
510266
472640
507936
468532
510284
472662
912983
953311
923438
941449
912702
952848
923002
842903
888215
851417
875974
842851
887626
851469
775559
817979
784382
807611
775420
817905
784327
706599
750509
713579
740748
706707
750534
713584
637613
680302
644075
671965
637738
680195
644195
568911
609989
572845
603377
569135
610031
573044
500182
539791
503084
534839
500651
539888
503259
432520
470017
433876
466159
432403
470111
433662
998267
1.05001e+06
1.00821e+06
1.04087e+06
998285
1.05016e+06
1.00853e+06
957829
954012
975588
970188
957802
953468
975963
889279
884888
907455
902449
889375
884724
907328
819338
815569
837060
832266
819287
815570
837028
749422
745717
767782
763629
749375
745777
767723
678495
675749
696999
693177
678443
675873
696965
606942
604509
625456
622253
606873
604591
625476
536290
534290
554629
551869
536258
534339
554618
465877
464205
484151
481793
465808
464291
484151
368605
407389
370519
403917
368841
407614
370632
1.01825e+06
1.07242e+06
1.03024e+06
1.06126e+06
1.01851e+06
1.07319e+06
1.03041e+06
978895
973615
997834
992383
978901
973648
998150
908421
903898
926588
921695
908686
903649
926441
833628
830296
852813
848787
833611
830272
852683
760228
757938
777550
775913
760080
758051
777753
689620
686720
707798
704950
689627
686776
707811
618085
615380
636143
633212
618198
615312
636011
546280
543850
564382
561852
546316
543828
564339
474484
472364
492500
490360
474469
472386
492494
374576
414360
377435
411103
374591
414532
377450
1.04197e+06
1.09746e+06
1.05352e+06
1.08714e+06
1.04236e+06
1.09862e+06
1.05389e+06
999014
994173
1.01846e+06
1.01462e+06
998936
994233
1.01888e+06
923818
920418
942794
938928
923923
920292
942730
847394
843859
866105
862825
847360
843876
866093
776835
771863
794617
790022
776715
772088
794747
702678
699380
721238
717782
702826
699219
721175
629579
626851
648316
645032
629774
626675
648090
555897
553573
574404
571826
555954
553521
574331
482644
480640
500978
498839
482645
480641
500959
380778
421255
383976
418026
380811
421425
383986
1.06429e+06
1.11789e+06
1.07212e+06
1.11025e+06
1.06416e+06
1.1169e+06
1.06988e+06
1.01765e+06
1.01299e+06
1.03896e+06
1.03436e+06
1.01767e+06
1.01303e+06
1.03925e+06
938814
934904
958653
954507
938952
934803
958572
863495
859387
881632
876992
863798
859208
881366
791125
787207
809743
805616
791094
787272
809795
716001
712838
735139
731606
716129
712727
735058
640452
637987
659906
656956
640607
637791
659718
565126
562901
584302
581823
565196
562833
584203
490508
488510
509481
507377
490502
488508
509454
386644
428024
390603
425121
386608
428165
390379
1.00087e+06
1.04369e+06
1.012e+06
1.03809e+06
1.00107e+06
1.04493e+06
1.01173e+06
925194
971793
934204
964160
925635
971728
934090
850020
892830
857975
888079
849707
893222
858393
773854
818541
780960
814207
773428
817782
780004
697148
740327
703946
736336
696509
740122
703591
620035
664672
625216
660674
619888
664738
624947
544325
586986
549022
583976
544051
587087
548815
468618
510588
472849
508258
468461
511136
472581
911954
951843
921962
939609
911309
951312
920695
843436
887166
851710
874915
843651
886905
851947
774562
817813
783473
806553
773666
817752
782860
707142
750815
713856
741594
707183
751259
713909
637881
680247
644265
672046
637731
680420
644140
569335
610171
573236
603714
569517
610480
573526
501110
540022
503469
535169
501065
540465
503403
432694
470205
433929
466526
432277
470579
433507
998233
1.04983e+06
1.0085e+06
1.03988e+06
998043
1.05013e+06
1.00847e+06
957377
952591
975806
969302
957565
952352
975797
888685
884409
906669
901336
888819
884310
906452
819433
815562
837009
832181
819493
815492
837028
749498
746016
767718
763906
749495
746090
767801
678648
676193
696984
693376
678635
676211
697118
607347
604945
625662
622587
607241
605080
625847
536388
534441
554665
552012
536369
534488
554775
466061
464475
484169
481853
466050
464508
484233
369662
407925
371140
404692
369250
408494
370702
1.01856e+06
1.07387e+06
1.03039e+06
1.06374e+06
1.01908e+06
1.07578e+06
1.03081e+06
978831
973594
998222
993004
978829
973582
998476
907313
902900
925816
920858
907553
902687
925653
833995
830286
852285
848431
833874
830359
852322
635530
633106
635400
617439
615087
617621
615012
545988
543704
564127
561644
546101
543624
564010
474450
472424
492440
490315
474494
472393
492398
374984
414772
377804
411619
374773
414992
377643
1.04263e+06
1.09933e+06
1.05415e+06
1.08938e+06
1.04295e+06
1.10053e+06
1.05438e+06
999273
994378
1.01943e+06
1.01543e+06
999184
994465
1.01979e+06
923604
919820
942612
938612
923608
919756
942627
848108
844237
866395
863247
847843
844449
866653
647335
644482
647145
628710
626070
628956
625759
555444
553272
574032
571350
555627
553087
573825
482565
480618
500845
498664
482612
480575
500776
381228
421663
384342
418576
381154
421846
384071
1.0629e+06
1.11632e+06
1.0692e+06
1.10962e+06
1.06121e+06
1.116e+06
1.07017e+06
1.01725e+06
1.01302e+06
1.03881e+06
1.03455e+06
1.0174e+06
1.013e+06
1.03866e+06
938584
934635
958444
954489
938581
934653
958460
862260
859094
880733
877066
862556
859176
880519
787019
805334
786794
790632
809522
790842
809342
712092
730899
711808
715047
734503
715312
734221
656015
639688
637180
659089
639911
636939
658858
564629
562485
583843
581264
564808
562287
583703
490336
488427
509360
507249
490420
488333
509338
386963
428587
390274
425486
386532
428920
389799
1.00094e+06
1.04405e+06
1.01146e+06
1.03732e+06
1.00083e+06
1.04338e+06
1.01101e+06
926855
971874
935881
965188
926438
971811
937380
848756
893487
858221
887281
849105
893787
858097
773009
817605
779237
813157
772499
817806
778881
695976
740000
703445
735962
696173
739740
703530
619605
664204
624785
660249
619482
663548
624622
543858
586986
548828
583607
544133
586849
548811
468341
511446
472489
508268
468285
511187
472735
911201
949760
920860
938578
910393
950596
920300
842725
886914
851231
875239
842975
886905
851718
773943
817649
783616
806439
773701
817570
783333
706765
750905
713726
740980
707171
750756
714278
637785
680393
644278
672225
638012
680432
644389
569455
610543
573692
604021
569553
610651
573752
500629
540906
503238
535446
500953
540685
503603
432126
470898
433301
466657
432237
470622
433155
997601
1.04985e+06
1.00814e+06
1.0406e+06
997535
1.05058e+06
1.00815e+06
956091
951073
974929
968054
956506
950578
974807
888334
884055
906049
901116
888265
884012
906010
819305
815136
837327
832421
819161
815217
837246
749272
745986
767959
763993
749312
745908
767763
678560
675889
697540
693687
678534
675844
697310
607608
605215
626514
623214
607521
605227
626379
536366
534532
555260
552453
536332
534527
555134
465909
464352
484577
482101
465897
464330
484402
368843
408857
370493
404870
368810
408656
370505
1.01914e+06
1.07586e+06
1.03124e+06
1.06406e+06
1.01995e+06
1.07675e+06
1.03242e+06
978611
973396
998786
993506
978698
973398
999015
907044
902191
925463
920600
906966
902285
925504
834194
830487
852592
848631
834225
830455
852648
758782
779919
762035
762093
776828
758786
779845
687056
708149
689726
689817
705425
687088
708237
635406
617056
614867
633241
617081
614871
635480
545702
543428
563717
561577
545679
543483
563696
474392
472271
492297
490275
474302
472355
492328
374908
415097
377857
411755
374656
415261
377665
1.04302e+06
1.10124e+06
1.0541e+06
1.09114e+06
1.04385e+06
1.10131e+06
1.05384e+06
999448
994572
1.0201e+06
1.01633e+06
999402
994665
1.02029e+06
924052
919733
942909
938842
923847
920141
943033
848839
844684
867383
863923
848774
844725
867547
773181
795078
776706
776471
791139
773266
795092
698046
719930
701097
700830
717093
697842
719708
645951
627297
624772
642845
627569
624654
645707
554951
552599
573228
570770
554913
552621
573214
482595
480546
500679
498604
482538
480605
500722
381262
421835
384144
418827
380874
421852
383730
1.06008e+06
1.1158e+06
1.07142e+06
1.10768e+06
1.06031e+06
1.11627e+06
1.07173e+06
1.01634e+06
1.01282e+06
1.03708e+06
1.03401e+06
1.0166e+06
1.01257e+06
1.03671e+06
938890
934928
958702
954885
938768
935052
958861
862092
858924
880215
877172
861981
858736
880130
785818
789392
808632
804287
789708
785457
808454
710961
713921
733358
729758
714198
710624
733099
638720
636115
658234
655099
638928
635895
658091
564240
561768
583416
580769
564170
561827
583323
490214
488207
509222
507204
490218
488257
509154
386627
428633
390477
425167
386223
428341
390535
1.00063e+06
1.04264e+06
1.01096e+06
1.0367e+06
1.00072e+06
1.0432e+06
1.01074e+06
927235
971590
938433
966001
927841
971322
938723
849039
894189
858213
888025
848943
894302
858287
771882
818154
779488
812840
772259
818231
780113
696692
739686
703444
735433
696393
739608
703182
619233
663542
624965
659745
619546
663523
625372
544438
586762
548994
583255
544235
586626
549038
468459
510816
473244
507819
468230
510426
473429
910372
950826
920124
938330
910310
951226
920323
842949
886842
851922
875252
842889
886777
851954
773713
817476
783286
806365
773879
817474
783153
707266
750577
714446
740536
707231
750495
714333
638197
680324
644521
671910
638446
680225
644614
569863
610627
574012
603884
570346
610564
574195
501185
540411
503945
535152
501376
540278
504175
433060
470490
433933
466353
433448
470352
434222
997503
1.05034e+06
1.00819e+06
1.04017e+06
997957
1.05066e+06
1.00848e+06
956392
951106
974751
968164
956352
951283
974815
888680
884475
905994
900955
888582
884724
906033
819354
815340
837116
832005
819384
815376
837050
749692
746616
767764
763423
749658
746771
767747
678841
676123
697163
693313
678783
676226
697145
608060
605677
626293
622954
607967
605846
626288
536876
535137
555131
552327
536739
535371
555191
466395
464895
484375
481959
466226
465182
484449
369390
408422
370862
403865
369973
408334
370957
1.02095e+06
1.0768e+06
1.03385e+06
1.06408e+06
1.02131e+06
1.07756e+06
1.03441e+06
979465
973783
999257
993629
979283
973912
999603
906812
902237
925297
920402
906858
902166
925246
834579
830718
852824
848725
834509
830762
852834
762371
758970
780302
777083
762258
759072
780463
690093
687259
708335
705423
690065
687293
708355
617466
615184
635724
633422
617416
615228
635759
545641
543609
563665
561623
545664
543605
563636
474491
472478
492329
490303
474489
472490
492326
374892
415140
377936
411546
374960
415053
378040
1.04445e+06
1.10004e+06
1.05404e+06
1.0901e+06
1.0444e+06
1.0996e+06
1.05381e+06
999882
995087
1.02063e+06
1.0165e+06
999794
995214
1.0208e+06
924263
920222
943202
938928
924277
920191
943174
849558
845585
868061
864514
849385
845875
868140
775629
772606
794300
790795
775718
772595
794231
700936
698208
719686
717081
700900
698272
719686
627266
624677
645610
642986
627300
624703
645579
554847
552544
573045
570527
554885
552508
572974
482722
480735
500811
498703
482719
480740
500816
380978
421662
383840
418531
381032
421527
383829
1.06088e+06
1.11547e+06
1.07124e+06
1.10771e+06
1.06139e+06
1.1149e+06
1.07071e+06
1.01585e+06
1.01232e+06
1.03596e+06
1.03284e+06
1.01593e+06
1.01217e+06
1.03595e+06
939235
935110
958786
954926
939141
935162
958799
862599
858151
881047
877340
862442
858350
881195
788439
784370
807396
803184
788523
784344
807261
713680
710420
732778
729283
713745
710301
732649
638723
635863
657847
654714
638790
635764
657703
564174
561783
583086
580568
564217
561748
582990
490157
488243
508913
506986
490178
488207
508845
386299
427889
390949
425063
386319
427382
391574
1.00059e+06
1.04353e+06
1.01082e+06
1.03661e+06
1.00037e+06
1.04321e+06
1.01061e+06
928032
971223
938566
965757
928131
971218
938367
848864
894509
858480
888328
848860
894329
858317
772653
818327
780749
813090
772837
818467
781067
696043
739651
703063
735175
695835
739357
703129
619759
663388
625702
659638
619726
662679
625987
544076
586529
549128
583392
543871
586134
549470
468361
510131
473792
507799
468329
509623
474255
941395
939264
923822
921643
939191
923904
941334
962598
980068
968447
986175
980148
968409
962543
946145
929001
951990
934453
929013
951929
946131
958079
970972
954683
975687
955077
975381
958002
941382
921507
938389
923975
938933
923953
941373
962640
986189
980676
968496
980216
968374
962877
946159
934424
929049
951909
929024
951880
946261
872296
867417
853920
849582
867430
853951
872287
894221
912073
899295
917391
912097
899370
894165
876676
858496
881560
863045
858508
881585
876663
889426
902950
884979
907534
885035
907549
889422
872267
849821
867416
853943
867461
853978
872204
894220
917381
912091
899290
912104
899359
894193
876658
863035
858455
881478
858517
881574
876599
802261
798618
784865
781606
798644
784874
802237
822843
840860
826737
845138
840878
826735
822787
805396
787635
809021
790677
787705
809038
805374
819176
832353
815497
837103
815463
837122
819238
802319
781561
798583
784876
798631
784877
802373
822915
845131
840874
826730
840886
826737
822964
805431
790752
787788
809120
787751
809076
805461
731997
727942
713908
710571
727938
713841
732021
752306
770140
755145
773278
770158
755162
752299
734823
717233
737824
719805
717188
737831
734803
749277
763771
745650
767850
745609
767913
749323
731980
710589
727905
713777
727938
713780
731958
752332
773300
770257
755256
770211
755203
752360
734827
719804
717071
737869
717123
737849
734826
660949
657618
642476
639962
657601
642486
660955
681385
699490
683867
702272
699464
683865
681447
663326
645295
666077
647865
645309
666078
663307
678315
693315
675613
697044
675520
697086
678381
660959
639990
657580
642569
657589
642516
660968
681350
702268
699419
683918
699434
683880
681349
663370
647863
645411
666155
645346
666102
663429
589777
586829
571343
569470
586834
571356
589762
609773
627869
612719
630686
627869
612673
609775
592322
574313
595165
577001
574313
595144
592325
606754
622261
604428
625450
604360
625456
606810
589790
569539
586882
571437
586867
571389
589785
609781
630642
627903
612596
627880
612623
609801
592320
576991
574323
595091
574317
595118
592320
519290
516741
500811
499343
516738
500831
519287
538914
556945
541385
559510
556941
541382
538915
521508
503460
523873
505750
503467
523868
521510
536192
551864
534234
554643
534185
554664
536224
519302
499391
516738
500924
516731
500869
519290
538917
559499
556927
541372
556936
541378
538922
521506
505755
503499
523855
503482
523862
521503
448665
446607
430006
428923
446616
429994
448633
468017
486091
470117
488298
486096
470128
468002
450689
432233
452656
433978
432234
452668
450664
465668
481700
464121
484152
464052
484127
465732
448725
429054
446700
430142
446642
430086
448795
468052
488303
486127
470179
486112
470151
468095
450733
434091
432386
452748
432340
452699
450788
961750
956845
944219
939308
956810
944149
961809
984302
1.00369e+06
989326
1.00782e+06
1.00364e+06
989250
984337
966589
948894
971383
953289
948798
971290
966659
979068
991771
973672
998172
973679
997864
979031
961680
939269
956738
943993
956756
944071
961633
984187
1.00784e+06
1.00385e+06
989097
1.00352e+06
989160
984165
966519
953182
948585
971127
948705
971209
966475
890931
886174
872046
867505
886195
872030
890938
913621
931491
917625
935548
931368
917498
913734
895344
876271
899186
879908
876251
899060
895368
909017
922059
904086
926717
904186
926809
908890
890877
867453
886020
871842
886151
871957
890723
913466
935413
931109
917164
931237
917319
913307
895248
879830
876025
898708
876153
898898
895087
814196
812113
795054
793253
812106
795069
814198
836608
856704
840165
860289
856745
840277
836546
816296
797341
820510
802157
797515
820614
816069
833607
849062
830323
852914
830370
852966
833600
814231
793336
812073
795244
812092
795128
814311
836690
860129
856583
840182
856666
840254
836682
816567
802411
798031
821080
797771
820892
816791
742749
740283
725294
722525
740280
725327
742758
761995
779319
765952
784101
779509
766113
761938
745241
728291
748670
731626
728304
748757
745248
759811
775458
757806
777366
757680
777235
759946
742819
722562
740375
725430
740313
725382
742925
762243
784357
780134
766706
779818
766388
762544
745364
731643
728368
749097
728337
748916
745513
671991
668946
654205
651021
668905
654154
672036
692915
710847
696310
714259
710849
696263
692955
675154
657317
678414
660435
657284
678383
675202
689639
704830
686682
707768
686650
707730
689631
671911
650923
668835
653936
668861
654057
671819
692832
714231
710833
696058
710846
696179
692756
675061
660386
657081
678205
657207
678313
674925
600524
597833
582458
579746
597804
582426
600557
621344
639458
624304
642481
639428
624271
621380
603286
585150
606113
587787
585115
606070
603321
618372
633411
615443
636264
615505
636368
618292
600476
579720
597723
582344
597766
582387
600419
621276
642420
639260
624082
639361
624194
621186
603224
587717
585002
605897
585062
605993
603148
528472
526122
510422
508099
526116
510410
528490
548885
567062
551374
569561
567026
551320
548927
530816
512711
533168
514928
512697
533133
530853
546372
561930
543867
564419
543881
564453
546345
528452
508097
526099
510384
526109
510398
528431
548837
569498
566931
551211
566979
551257
548795
530772
514898
512644
533046
512673
533087
530736
456515
454534
438189
436246
454537
438174
456518
476533
494652
478600
496784
494646
478599
476534
458512
440227
460478
442063
440214
460482
458514
474436
490358
472338
492504
472320
492507
474449
456529
436326
454617
438249
454571
438235
456570
476536
496767
494624
478599
494638
478597
476542
458521
442116
440248
460520
440256
460501
458553
980228
975989
961715
957565
975914
961658
980288
1.00391e+06
1.024e+06
1.00875e+06
1.02871e+06
1.0239e+06
1.00869e+06
1.00395e+06
984782
965825
989443
969933
965763
989381
984833
998894
1.01387e+06
994219
1.01849e+06
994194
1.0181e+06
998942
980204
957468
975806
961491
975826
961587
980200
1.00385e+06
1.0287e+06
1.0242e+06
1.00864e+06
1.02386e+06
1.00864e+06
1.00391e+06
984750
969882
965642
989285
965707
989331
984751
904991
902140
885641
882839
902102
885617
904996
927723
946959
931559
950858
946895
931485
927781
908444
888757
912265
892645
888777
912158
908477
924144
939250
920550
942928
920665
943018
924043
904918
882713
901810
885544
901941
885564
904881
927630
950801
946753
931311
946835
931406
927548
908357
892595
888880
911961
888839
912067
908280
829704
825048
811633
807082
825176
811746
829605
851109
869098
855998
873678
869175
855795
851189
834389
816567
839318
821183
816561
838760
834612
847371
863055
843832
866130
843824
866165
847338
829778
807318
825892
812008
825529
811903
829589
851030
873458
869365
855347
869277
855578
850969
834024
821074
816762
838062
816664
838313
833730
758088
753131
739729
735615
753280
739800
758014
781021
799081
784458
803619
799160
784497
780972
762646
743318
765180
746110
743356
765200
762594
776293
789323
771590
794459
771266
794290
776470
758256
735679
753686
739953
753491
739878
758460
781164
803661
799428
784770
799314
784628
781308
762754
746181
743467
765366
743423
765280
762863
685064
681739
666875
663637
681715
666855
685088
706407
724656
709789
727990
724629
709773
706434
688380
670002
691678
673068
669977
691656
688403
703042
717851
699538
721281
699647
721307
702950
685011
663591
681569
666739
681657
666810
684925
706355
727997
724562
709680
724599
709738
706279
688326
673008
669820
691524
669917
691606
688239
611719
608970
593159
590466
608911
593090
611783
633076
651703
635895
654669
651676
635861
633112
614503
595750
617308
598265
595690
617243
614568
630108
645512
627021
648497
627161
648593
629959
611604
590366
608673
592898
608805
592993
611464
632982
654598
651501
635608
651612
635772
632813
614383
598163
595496
616960
595596
617118
614232
537706
535438
519318
517125
535413
519307
537720
558442
577126
560798
579620
577097
560779
558460
540003
521490
542315
523618
521480
542302
540016
556046
572013
553621
574470
553667
574532
556003
537683
517106
535349
519267
535382
519290
537652
558411
579564
576986
560702
577048
560747
558369
539982
523602
521440
542249
521463
542280
539952
464386
462452
445815
444044
462453
445809
464385
484638
503132
486583
505249
503127
486582
484640
466347
447696
468268
449358
447690
468268
466347
482643
498880
480636
500992
480635
501004
482643
464396
444076
462482
445837
462465
445836
464412
484638
505242
503109
486587
503119
486585
484638
466356
449389
447712
468292
447715
468277
466370
998048
993665
978375
973925
993595
978299
998115
1.0215e+06
1.0435e+06
1.02551e+06
1.04482e+06
1.04332e+06
1.02549e+06
1.0215e+06
1.00216e+06
982144
1.00593e+06
986592
982081
1.00584e+06
1.00222e+06
1.01777e+06
1.03352e+06
1.01299e+06
1.03911e+06
1.01299e+06
1.03883e+06
1.01774e+06
998032
973870
993525
978169
993561
978250
997974
1.02149e+06
1.04467e+06
1.04325e+06
1.0252e+06
1.04322e+06
1.02538e+06
1.02143e+06
1.00213e+06
986521
981940
1.00566e+06
982020
1.00578e+06
1.00207e+06
920115
916197
900948
896573
916020
900845
920276
943411
963048
947903
966757
962939
947803
943543
924316
905134
927488
910140
905035
927473
924356
939269
954714
935011
958744
935124
958848
939105
919879
896389
915738
900377
915896
900617
919655
943243
966692
962783
947361
962889
947600
943073
924121
909984
904540
927297
904820
927497
923858
845806
842128
827145
822826
841835
827097
846037
868928
887824
872997
890893
887448
872925
869193
850467
831456
854299
836461
831451
854422
850561
864445
877777
859569
881957
859834
882328
864100
845711
822891
841622
827155
841712
827131
845664
868694
890801
886775
872852
887052
872901
868412
850311
836560
831592
854346
831508
854402
850182
772384
768396
753470
749624
768444
753512
772355
794623
813860
798709
817559
813872
798739
794566
776379
756820
779525
760645
756829
779525
776356
790872
805275
787087
809618
786933
809465
790991
772473
749746
768671
753596
768559
753566
772578
794701
817647
814117
798890
813987
798806
794796
776431
760640
756847
779488
756847
779518
776449
697928
694871
678903
675932
694852
678882
697948
719102
738806
722241
741344
738785
722253
719088
700989
681323
703299
684574
681308
703268
701021
716254
731676
712915
735185
712963
735203
716210
697878
675878
694725
678719
694805
678825
697795
719092
741267
738686
722164
738750
722218
719042
700914
684521
681131
703071
681248
703186
700800
622322
619948
603198
600729
619895
603130
622365
643225
663238
645849
665104
663204
645850
643247
624862
605156
626586
607887
605109
626575
624892
640893
657478
638188
660071
638344
660194
640765
622231
600602
619629
602915
619779
603017
622109
643162
665034
663011
645774
663132
645829
643082
624797
607874
605001
626481
605050
626550
624705
546882
544649
527870
525703
544633
527863
546908
567377
587132
569755
588627
587111
569735
567417
549244
529710
550787
532304
529692
550785
549257
565306
582098
562958
584395
563007
584479
565255
546851
525688
544575
527831
544608
527850
546812
567334
588608
586994
569671
587066
569706
567318
549220
532310
529691
550744
529685
550785
549181
472242
470344
452895
451105
470343
452886
472237
492204
511882
494162
513288
511888
494171
492185
474203
454660
475491
456751
454650
475519
474173
490468
507418
488504
509500
488498
509516
490483
472259
451148
470367
452938
470354
452946
472275
492237
513337
511870
494332
511886
494253
492280
474248
456875
454749
475622
454730
475588
474269
941408
937503
923954
920381
941380
936801
923944
963248
980863
968556
987093
963040
981379
968645
946435
929041
951905
934232
946347
929013
951921
957774
969897
952827
976048
953074
975890
957723
941381
920001
936052
923780
936367
923897
941301
963302
987148
981686
968641
981447
968648
963322
946450
934087
928789
951835
928931
951894
946411
871953
867358
853879
849921
872093
867227
853828
893982
912028
899139
917046
894116
911921
898927
876319
858317
881322
862696
876478
858192
881130
889128
902185
884463
906913
884592
907142
888964
871800
849981
866993
853804
867118
853795
871670
893804
916828
911547
898474
911756
898691
893620
876151
862548
858019
880761
858094
880939
876007
802451
798543
784897
781524
802420
798491
784932
823012
840825
826726
844939
822990
840749
826720
805546
787833
809157
790979
805494
787884
809186
819398
832229
815569
837006
815563
837008
819461
802468
781527
798434
784971
798459
784964
802474
823034
844828
840618
826710
840676
826714
823059
805616
791054
787986
809233
787936
809205
805676
731925
727897
713807
710659
731938
727876
713846
752445
770294
755311
773496
752398
770331
755374
734855
717060
737898
719833
734837
717072
737933
749457
763618
745923
767658
745849
767675
749484
731924
710727
727882
713930
727874
713891
731934
755522
752502
773567
770424
770372
755445
752563
738024
734880
719870
717100
717089
737977
734909
660995
657603
642640
640214
660980
657633
642723
681407
699421
683988
702311
681373
699440
684053
663563
645497
666244
648054
663496
645593
666340
678547
693159
676116
696945
676004
696947
678596
661014
640303
657687
642896
657667
642812
661045
684167
681446
702342
699488
699464
684114
681483
666493
663625
648149
645769
645689
666420
663684
589807
586907
571492
569804
589790
586942
571548
609872
627939
612577
630658
609832
627988
612563
592335
574333
595065
576946
592324
574344
595041
607024
622273
604806
625566
604689
625510
607124
589835
569915
587049
571659
586989
571605
589880
609924
630694
628121
612548
628048
612553
609988
592356
576925
574378
595006
574359
595020
592389
519269
516725
500983
499635
519279
516718
501038
538933
556917
541363
559447
538928
556910
541351
521493
503517
523845
505757
521498
503532
523833
536319
551866
534412
554625
534376
554614
536345
519256
499719
516698
501104
516706
501081
519242
538936
559425
556910
541313
556906
541335
538938
521484
505748
503537
523800
503541
523818
521474
448924
446769
430371
429490
448860
446834
430478
468200
486141
470215
488321
468150
486154
470247
450932
432571
452806
434352
450858
432639
452869
465947
481794
464430
484152
464361
484150
466002
448999
429887
446935
430852
446884
430748
449066
468252
488324
486173
470298
486165
470279
468291
451014
434538
432921
453001
432853
452937
451090
961652
956696
943907
939038
961621
956690
943839
984108
1.00366e+06
989033
1.00841e+06
984065
1.004e+06
989072
966494
948499
971113
952901
966461
948438
971153
978839
992393
973630
998294
973616
998043
978856
961671
938890
956626
943625
956662
943744
961704
984071
1.00843e+06
1.00424e+06
989118
1.00395e+06
989063
984137
966533
952863
948317
971320
948380
971223
966597
890197
885822
871677
867058
890478
885596
871473
912853
930971
916967
935010
913090
930846
916772
894533
875849
898501
879194
894834
875624
898281
908113
921472
903121
926023
903373
926246
907813
889914
866878
885170
870977
885376
871237
889643
912569
934893
930548
916350
930707
916565
912271
894212
878917
875034
897633
875308
898032
893899
814600
812074
795440
793684
814434
812090
795655
836789
856449
840152
859729
836700
856333
840258
817235
798325
821258
803155
817010
798598
821424
833669
848653
830248
852395
830246
852536
833754
796224
814819
793812
812233
812138
795908
815094
836921
859710
856106
840608
856224
840424
837044
799231
817489
803343
821800
798883
821595
817784
743128
740454
725477
722660
743033
740539
725527
763123
780427
766989
785178
762834
780707
767243
745846
728392
749297
731737
745679
728399
749497
758246
778284
760687
760429
776041
758153
777995
740713
725639
743400
743249
722721
740628
725580
781384
767676
763831
763452
785516
781029
767599
728390
749799
746198
746023
731787
728396
749711
671649
668837
653801
650784
671727
668872
653672
692614
710808
695900
714039
692689
710786
695734
674625
656913
677998
660032
674771
656750
677817
686878
707831
689587
689603
704993
686835
707822
668974
653380
671495
671569
650793
668923
653523
710752
695357
692455
692518
713963
710767
695476
656380
677120
674302
674443
659514
656546
677157
600273
597673
582295
579616
600353
597615
582237
620966
639131
623948
642015
621084
638983
623813
602978
584939
605797
587481
603068
584869
605695
635704
617951
633166
615164
615239
635862
617797
600176
579564
597478
582074
597550
582165
600059
638604
620820
641762
623491
638804
623641
620641
602872
587391
584689
605455
584789
605580
602742
528382
526085
510367
508069
528409
526068
510346
548711
566883
551167
569323
548755
566829
551118
530671
512614
533011
514809
530705
512586
532972
546237
561814
543759
564217
543798
564286
546180
528349
508052
526016
510282
526045
510319
528306
548658
569255
566687
550987
566766
551061
548589
530629
514771
512508
532860
512553
532924
530574
456680
454675
438387
436548
456629
454729
438421
476560
494609
478606
496726
476553
494598
478610
458642
440366
460549
442213
458600
440385
460580
474499
490358
472422
492467
472409
492484
474501
456732
436714
454847
438590
454791
438578
456777
476569
496706
494558
478606
494582
478614
476564
458685
442332
440531
460656
440524
460619
458726
980284
975767
961420
957214
980221
975826
961386
1.00394e+06
1.02418e+06
1.0086e+06
1.02945e+06
1.00389e+06
1.0246e+06
1.00863e+06
984812
965594
989284
969749
984762
965566
989308
999051
1.01468e+06
994332
1.01939e+06
994252
1.01897e+06
999136
980359
957178
975993
961355
975898
961365
980455
1.00396e+06
1.0295e+06
1.02511e+06
1.00867e+06
1.0247e+06
1.00862e+06
1.00402e+06
984878
969728
965551
989423
965551
989354
984971
904738
901651
885506
882272
904815
901471
885379
927396
946681
931219
950597
927467
946628
931137
908132
888879
911859
892401
908199
888850
911768
923720
938847
919908
942637
920151
942680
923645
904668
882153
901137
885409
901244
885377
904633
927340
950559
946579
931032
946592
931072
927309
908092
892353
888848
911679
888832
911704
908093
829665
826046
812137
807956
829552
826119
812254
850989
869421
855172
873145
850962
869479
855088
833651
816834
837991
821113
833629
816845
837988
847487
862838
844076
866205
843965
866133
847634
812554
829964
808104
826166
826152
812398
830197
851108
873152
869665
855238
869544
855117
851307
816899
833799
821151
838176
816855
838072
834084
758668
753882
740002
735964
758578
754080
740024
781498
799519
784873
803808
781425
799579
784915
763026
743483
765451
746267
762995
743450
765458
772693
794961
777050
776948
790218
772414
794861
754508
739995
758798
758740
736074
754302
740020
799645
784668
781567
781542
803821
799619
784851
743224
765262
762956
763017
746229
743364
765396
684643
681385
666621
663213
684801
681179
666398
706041
724510
709595
727920
706175
724435
709478
687944
669675
691407
672565
688113
669467
691247
698980
721010
702337
702502
717779
699019
721093
680322
665759
684043
684356
662616
680549
666037
724202
709123
705662
705870
727841
724331
709324
668868
690768
687409
687703
672306
669183
691031
611174
608544
592802
590093
611318
608422
592702
632387
651331
635392
654076
632604
651106
635176
613918
595391
616798
597816
614074
595281
616635
647559
629378
644749
626307
626479
647818
629176
611032
589996
608160
592478
608295
592596
610882
650554
632171
653817
634749
650840
634968
631948
613757
597683
595028
616284
595164
616466
613582
537569
535313
519238
517020
537614
535271
519202
558256
576915
560647
579327
558317
576836
560581
539867
521411
542209
523510
539914
521372
542159
555830
571754
553384
574158
553460
574252
555746
537512
516978
535151
519092
535220
519155
537437
558183
579229
576644
560402
576748
560501
558091
539806
523458
521254
542015
521322
542096
539727
464461
462506
445901
444155
464434
462535
445917
484636
503095
486590
505197
484639
503076
486587
466412
447775
468311
449464
466389
447784
468332
482642
498816
480633
500897
480642
500933
482631
464493
444255
462605
446037
462569
446011
464526
484632
505169
503013
486564
503050
486581
484617
466438
449559
447891
468382
447872
468357
466468
997960
993543
978099
973712
997974
993568
978029
1.02123e+06
1.04281e+06
1.02508e+06
1.04386e+06
1.02133e+06
1.04275e+06
1.02491e+06
1.00204e+06
981855
1.00563e+06
986209
1.00204e+06
981787
1.00556e+06
1.01759e+06
1.03437e+06
1.01304e+06
1.03923e+06
1.01302e+06
1.0391e+06
1.01753e+06
997965
973678
993667
977895
993619
977961
997951
1.0211e+06
1.04317e+06
1.04192e+06
1.02455e+06
1.04218e+06
1.02477e+06
1.02092e+06
1.00203e+06
986115
981645
1.00538e+06
981719
1.00551e+06
1.00199e+06
919278
915594
900133
895972
919455
915449
899899
942783
962694
947217
966411
942909
962666
947091
923460
904274
927171
909258
923635
904032
927052
938706
954469
934660
958466
934719
958509
938627
919133
895841
915290
899549
915349
899704
919026
942682
966355
962667
947050
962656
947026
942617
923329
909136
903638
927022
903817
926990
923240
845328
841578
827205
823383
845594
841501
827222
867637
886474
872853
889746
868031
886168
872596
850144
831605
854315
836657
850236
831550
854227
863227
876913
859080
880931
859109
881134
862910
844982
823544
841620
827005
841503
827129
844669
867306
889555
885635
872234
885900
872409
866967
849930
836560
831346
853931
831462
854132
849718
772669
768828
753607
749854
772652
768863
753582
794855
814214
798899
817741
794857
814246
798862
776400
756823
779434
760433
776446
756759
779328
787180
791090
805645
809661
787266
809760
790994
768769
772630
749819
753384
768844
753512
772530
794790
817620
814057
798596
814194
798770
794665
776300
760271
756445
778965
756636
779177
776138
697491
694606
678557
675423
697668
694441
678354
718781
738588
722060
740858
718940
738452
721936
700468
680998
702922
684220
700652
680853
702754
712355
715814
731514
734747
712570
734933
715577
693967
697270
675174
677917
694223
678135
697022
718588
740650
738060
721622
738278
721786
718379
700253
684064
680524
702322
680697
702552
700020
621837
619474
602818
600236
621978
619312
602712
642886
662852
645702
664650
642991
662672
645617
624471
604948
626427
607743
624597
604881
626307
640286
656727
637395
659307
637597
659517
640106
621685
600097
618958
602450
619142
602592
621515
642762
664501
662280
645418
662481
645530
642619
624331
607669
604676
625970
604796
626183
624161
546710
544533
527806
525597
546767
544482
527769
567261
586912
569658
588438
567296
586822
569624
549073
529690
550713
532280
549135
529669
550638
565044
581712
562632
583975
562747
584096
564940
546642
525545
544339
527631
544419
527719
546547
567208
588407
586647
569560
586732
569614
567127
548994
532206
529515
550430
529619
550553
548889
472326
470386
453058
451230
472303
470405
453059
492396
511853
494488
513417
492347
511826
494585
474352
454925
475734
457210
474311
454979
475777
490509
507352
488476
509388
488501
509423
490479
472354
451327
470447
453158
470428
453190
472369
492436
513459
511780
494715
511798
494709
492422
474396
457373
455088
475877
455143
475850
474421
940937
935796
923597
918984
941142
935503
923397
963086
981586
968545
987538
963228
981660
968434
946135
928597
951725
933501
946294
928396
951600
957119
968901
951711
975368
952058
975489
956861
940718
918574
934937
922828
935239
923179
940527
962880
987383
981423
968111
981446
968276
962678
945965
933314
927902
951348
928192
951474
945814
871493
866928
853830
850143
871567
866867
853828
893314
911335
898284
916197
893461
911146
898106
875787
857961
880597
862141
875886
857897
880446
888496
901193
884113
906117
884220
906256
888354
871442
850168
866967
853785
866905
853805
871460
893134
916025
910813
897725
910976
897885
892993
875676
862015
857822
880215
857833
880294
875640
802417
798320
784891
780993
802464
798150
784685
823081
840599
826711
844664
823086
840599
826715
791268
805731
788024
809278
805712
788034
809336
819345
832243
815275
837194
815405
837084
819251
802380
780730
797996
784332
798054
784510
802383
823059
844710
840667
826754
840617
826740
823044
791307
805739
788014
809464
788041
809399
805756
732063
727945
713942
710786
731976
728025
713882
755606
773854
755684
752652
770484
752616
770558
738079
719976
738148
735007
717100
734949
717088
749462
764130
746069
768059
746122
767919
749403
732160
710733
728284
713678
728129
713799
732296
773971
755785
755753
752677
770706
770627
752702
720000
738245
738205
735052
717040
717066
735099
661140
657689
642953
640316
661085
657708
642914
684210
702452
684237
681539
699521
681517
699583
666558
648373
666618
663815
645832
663744
645863
678646
693500
676061
697386
676175
697238
678603
661197
640198
657755
642756
657718
642856
661256
702536
684250
684241
681548
699700
699640
681558
648376
666740
666676
663886
645914
645890
663947
590056
587114
571696
570149
589947
587210
571687
630868
610136
628212
612546
610063
628335
612541
592517
574394
595003
576816
592438
574394
595024
607448
622790
605233
626269
605195
626037
607493
590179
570080
587442
571679
587318
571696
590323
630945
610210
628565
612564
628456
612547
610272
592609
576767
574429
595127
574403
595065
592717
519228
516676
501093
499814
519228
516665
501009
538926
556931
541282
559393
538937
556985
541231
521470
503513
523779
505615
521465
503449
523766
536387
552178
534559
555082
534523
554923
536365
519269
499629
516738
500765
516681
500874
519343
538910
559411
557126
541139
557048
541180
538898
521484
505528
503306
523758
503374
523756
521514
449195
446977
431108
430380
449136
447003
431088
468304
486183
470304
488330
468319
486209
470268
451264
433163
453074
434771
451175
433189
453147
466039
481960
464435
484442
464490
484333
465971
449282
430374
447108
430968
447043
431133
449364
468275
488337
486274
470168
486236
470223
468231
451348
434842
433265
453270
433316
453216
451412
961736
956569
943490
938367
961714
956530
943366
984233
1.0042e+06
989143
1.00902e+06
984147
1.00456e+06
989206
966729
948234
971365
952796
966656
948151
971457
978788
993122
973471
998877
973527
998590
978733
961781
938196
956515
943138
956512
943232
961835
984235
1.00905e+06
1.00533e+06
989229
1.00482e+06
989225
984255
966804
952772
947999
971678
948064
971552
966861
889096
884974
870702
866344
889385
884778
870446
911764
930377
916160
934628
911998
930234
915851
893179
874745
897412
878537
893539
874447
897240
907072
920703
902304
925453
902455
925506
906948
888899
866242
884531
870260
884612
870323
888788
911459
934532
930060
915569
930112
915685
911261
892886
878436
874453
896949
874342
897034
892727
796625
794283
797051
815707
812370
815427
812504
837311
855988
840767
859756
837185
856033
840834
799688
804124
800237
818559
822115
818196
822503
834134
848501
830487
852550
830427
852423
834259
794397
797638
797377
815940
812738
812618
816130
837456
859881
856280
840950
856129
840918
837534
804482
801000
800691
818892
823028
822815
819205
599766
597402
581954
579315
599922
597328
581803
638407
641575
638257
620154
623214
620410
622926
602339
584553
605272
586927
602566
584354
605013
633114
635344
635337
617258
614890
614935
617141
599604
579213
597238
581454
597269
581623
599467
641258
637803
638031
619860
622241
622557
619610
602091
586659
583918
604467
584123
604716
601877
528169
525977
510227
507908
528247
525929
510139
548351
566579
550878
568872
548492
566423
550710
530388
512442
532767
514526
530497
512341
532630
545869
561589
543476
563784
543542
563892
545758
528079
507826
525838
509954
525877
510040
528010
548200
568660
566094
550376
566246
550523
548072
530270
514400
512147
532389
512231
532485
530179
456875
454912
438758
436938
456829
454983
438722
476505
494519
478591
496558
476552
494460
478540
458821
440710
460697
442482
458773
440711
460729
474404
490291
472312
492319
472356
492353
474350
456920
437027
455095
438722
455046
438776
456958
476459
496489
494354
478465
494397
478498
476412
458871
442554
440807
460810
440818
460770
458913
980684
976086
961359
957132
980559
976205
961395
1.00412e+06
1.02516e+06
1.00867e+06
1.03009e+06
1.00405e+06
1.02551e+06
1.00871e+06
985190
965563
989496
969737
985070
965595
989583
999334
1.01547e+06
994578
1.02012e+06
994521
1.01981e+06
999403
980820
957162
976479
961552
976331
961461
980978
1.00417e+06
1.03002e+06
1.02589e+06
1.00875e+06
1.02554e+06
1.00872e+06
1.00424e+06
985321
969773
965750
989766
965656
989670
985477
904709
901076
885495
882194
904645
901059
885656
927350
946589
931026
950585
927310
946625
931062
908254
888918
911703
892485
908145
889070
911784
923642
938631
919713
942786
919722
942684
923732
904836
882342
901119
886170
901078
885892
905032
927434
950646
946820
931255
946699
931140
927560
908427
892643
889540
912106
889298
911927
908654
812711
808614
812885
830464
826266
830306
826450
851822
869870
855441
873624
851562
870130
855642
816969
821012
817085
834484
838343
834286
838489
848310
863475
844608
867178
844514
866940
848536
808702
813109
812999
830628
826781
826620
830792
852045
873786
870581
856134
870413
855889
852331
820956
817269
817196
834687
838714
838619
834893
610441
607985
592321
589517
610686
607721
592084
650268
653029
649980
631454
634516
631713
634268
613140
594840
616083
597121
613381
594607
615850
644126
646329
646819
628375
625027
625355
627923
610122
589218
607120
591501
607393
591776
609810
652752
649358
649676
631150
633680
633998
630773
612841
596824
594008
615265
594305
615573
612511
537179
535051
519002
516711
537331
534900
518872
557780
576507
560267
578760
557964
576298
560072
539476
521160
541911
523149
539620
521025
541776
555197
571104
552694
573353
552864
573562
555015
537022
516586
534642
518645
534740
518743
536919
557546
578540
575846
559675
576053
559854
557357
539329
522998
520775
541536
520886
541640
539227
464602
462648
446177
444474
464564
462696
446170
484542
502963
486534
505026
484594
502900
486469
466567
448033
468414
449659
466509
448054
468456
482532
498604
480528
500688
480544
500720
482515
464649
444601
462800
446249
462751
446237
464699
484498
504980
502823
486366
502850
486411
484468
466632
449688
448168
468536
448153
468500
466693
997876
993724
977831
973610
997926
993766
977780
1.02034e+06
1.04104e+06
1.02415e+06
1.04216e+06
1.02063e+06
1.04067e+06
1.0239e+06
1.00179e+06
981556
1.00513e+06
985973
1.0019e+06
981481
1.005e+06
1.01705e+06
1.03426e+06
1.01293e+06
1.03769e+06
1.01296e+06
1.03802e+06
1.01684e+06
997810
973613
993850
977757
993807
977758
997750
1.02006e+06
1.04186e+06
1.04019e+06
1.02347e+06
1.04003e+06
1.02355e+06
1.01989e+06
1.00168e+06
985918
981421
1.00471e+06
981427
1.00496e+06
1.00161e+06
918944
915276
899433
895728
918961
915320
899348
942574
962691
947063
966318
942579
962736
947194
923157
903476
927111
909243
923186
903335
927196
938626
954549
934805
958585
934715
958510
938688
918967
895783
915537
899282
915419
899297
919024
942577
966246
962819
947544
962778
947314
942603
923158
909406
903262
927416
903251
927259
923175
823390
844416
841781
826933
844496
841844
826891
866504
885382
872131
889190
866680
885157
872055
849422
831199
853715
835935
849559
831031
853421
862097
877148
859228
880280
859299
880365
861997
823016
844379
841387
826705
841738
826817
844403
866452
889127
885041
872051
885019
872043
866490
849277
835754
830645
852838
830850
853183
849120
768635
749368
768433
772122
753186
772365
752913
794214
813850
798381
816843
794473
813598
798113
775635
756204
778724
759641
775915
755943
778413
805119
786188
786519
790362
808871
809121
790035
749066
767815
768155
771810
752289
752600
771470
793908
816539
813036
797690
813314
797886
793612
775323
759412
755414
777634
755683
778076
775005
693693
674408
693422
696506
677693
696768
677453
717944
737808
721452
739907
718166
737538
721265
699503
680321
702041
683506
699773
680073
701679
730602
711254
711529
714785
733639
733930
714513
674133
692864
693147
696232
676880
677194
695941
717705
739612
736997
720942
737264
721100
717422
699218
683383
679483
701116
679763
701374
698942
621119
618760
602278
599541
621324
618536
602063
642224
662077
645304
664046
642447
661891
645139
623812
604505
625787
607239
623983
604287
625587
655761
639423
636369
658396
636671
658620
639157
620915
599267
618057
601646
618292
601843
620732
642005
663970
661641
644754
661734
644959
641793
623665
607043
603855
625399
604078
625476
623568
546311
544241
527500
525201
546433
544119
527338
566828
586596
569460
588478
566998
586554
569316
548679
529317
550332
531550
548780
529097
550249
564457
581098
561906
583485
562083
583577
564304
546195
525015
543909
527049
543991
527184
546112
566643
588591
586580
569016
586541
569163
566469
548615
531327
528738
550257
528898
550238
548580
472415
470482
453258
451411
472397
470521
453172
492231
511830
494649
513506
492351
511891
494507
474550
455153
475973
456731
474495
455003
476045
490254
507227
488188
509301
488250
509321
490181
472448
451455
470595
453041
470572
453166
472452
492093
513588
511988
494119
511953
494308
491951
474608
456545
454818
476193
454946
476120
474636
940225
934859
922552
918159
940304
934903
922453
962092
981141
967813
987089
962407
981194
967573
945567
927649
951220
932721
945624
927464
951187
955892
967970
951033
974409
950699
974419
956306
940325
918174
934742
922787
934958
922783
940392
961898
986950
981331
967820
981138
967454
962261
945687
932970
927811
951517
927747
951307
945904
871486
867055
853760
850096
871506
866857
853910
892969
910740
897618
915873
892913
910750
897679
875660
857843
880177
862037
875638
857988
880195
888410
901074
884323
905996
884187
906032
888498
871513
850232
866926
854114
866890
854019
871530
893041
915985
910736
897714
910845
897739
893053
875700
862169
858181
880212
858102
880231
875699
802462
798032
784409
780964
802420
798170
784644
823135
840724
826759
844872
823034
840751
826838
805774
787971
809536
791369
805761
788073
809480
819357
832332
815317
837169
815283
837211
819387
802340
780988
797621
784596
797891
784628
802189
823204
844904
840800
826955
840793
826898
823244
805781
791392
788133
809467
788115
809465
805754
732256
728413
713568
710750
732443
728274
713777
755803
752705
770772
774083
752736
770657
755790
738308
735086
717028
720039
735148
717064
738274
749416
763883
746456
767769
746222
767757
749566
732222
710985
728400
714052
728338
713901
732206
752689
774006
770593
755834
770602
755768
752725
735060
720002
717162
738282
717084
738237
735077
661318
657821
642638
640166
661323
657832
642895
684260
681603
699761
702634
681570
699681
684290
666802
664016
645943
648436
663999
646062
666835
678531
693538
675995
697170
675851
697193
678662
661391
640370
657762
643157
657837
643063
661333
681597
702558
699633
684374
699618
684334
681664
664048
648551
646227
666841
646167
666829
664044
590538
587599
571622
569913
590485
587674
571864
610411
628655
612586
631103
610326
628635
612681
592894
574480
595205
576855
592834
574652
595260
607624
623112
605489
626304
605267
626318
607811
590635
570036
587629
572181
587702
572037
590610
610462
631141
628657
612837
628631
612760
610566
592968
576975
574883
595353
574786
595342
592978
519487
516814
500648
499282
519435
516961
500897
538984
557215
541112
559537
538900
557216
541195
521580
503250
523779
505444
521555
503403
523787
536334
552308
534833
555091
534518
555052
536538
519626
499459
517038
501189
517124
501096
519577
539057
559601
557288
541360
557237
541277
539177
521649
505522
503638
523833
503531
523837
521656
449412
447181
430940
430111
449446
447244
431199
468272
486322
470113
488353
468191
486278
470199
451439
433277
453320
434847
451465
433355
453293
465871
481943
464579
484329
464307
484292
466021
449428
430401
447255
431496
447314
431618
449439
468329
488362
486298
470308
486270
470257
468418
451477
435058
433456
453252
433572
453321
451409
961838
956531
943095
938007
961859
956543
943140
984102
1.00504e+06
989231
1.00979e+06
984210
1.0052e+06
989178
966940
948012
971749
952750
966888
948040
971815
978799
993309
973610
999238
973396
998950
979065
961869
938079
956602
943192
956631
943171
961870
984360
1.00982e+06
1.00532e+06
989747
1.00504e+06
989457
984639
966965
952807
948071
971949
948054
971887
966998
888920
884525
870405
866286
888823
884589
870526
911442
930104
915693
934670
911327
930170
915881
893097
874654
897200
878979
892899
874757
897422
906974
920633
902297
925359
902325
925438
906907
888901
866345
884498
870647
884548
870596
888883
911426
934620
929990
915895
930062
915896
911407
893165
879047
874888
897561
874831
897506
893201
797840
816015
812838
794601
816101
812774
797773
837625
856437
840876
860379
837549
856579
841073
801188
818907
822776
804732
819057
801008
822522
834307
848679
830649
852801
830559
852738
834423
816159
794625
812842
798053
812774
797799
816322
837841
860477
856796
841670
856701
841384
838058
819175
804492
801216
823039
800919
822735
819527
741260
726109
744383
744492
723202
741269
726168
783153
768993
765422
765475
787190
783149
769268
729009
750577
747370
747511
732311
729142
750841
762059
776820
758875
780062
758740
779764
762111
744419
723183
741204
726200
741203
726188
744395
765369
786990
783220
768852
783057
769069
765352
747495
732433
729272
750917
729218
750891
747485
669256
653225
671605
671747
650898
669330
653291
711049
694979
692522
692635
713968
711178
695020
655886
676446
674229
674367
657952
655906
676339
689928
705381
687204
708288
687154
708258
690011
671884
651049
669388
653634
669347
653491
671994
692761
714068
711305
695492
711248
695290
692872
674515
658390
656211
677141
656070
676907
674636
599389
597238
581344
579139
599401
597258
581331
637749
619421
622063
640283
619479
637806
622022
601673
583758
604283
586194
601731
583696
604182
617209
633287
615119
635674
615014
635573
617339
599443
579206
597363
581395
597309
581352
599518
619583
640368
638023
622149
637916
622070
619711
601702
586174
583700
604169
583681
604152
601765
527968
525814
509874
507733
527958
525825
509925
547984
565978
550278
568340
547972
565939
550288
530132
512078
532328
514318
530113
512131
532353
545752
561649
543587
563695
543564
563705
545704
527992
507779
525827
509931
525858
509961
527926
548018
568352
565903
550238
565932
550312
547928
530160
514370
512145
532341
512177
532386
530088
457000
455137
438814
437037
456991
455114
438823
476469
494326
478459
496477
476377
494372
478533
458962
440894
460846
442703
458948
440903
460890
474459
490296
472444
492339
472424
492362
474464
457034
437258
455085
438949
455130
439034
457006
476545
496531
494409
478617
494417
478599
476559
459004
442914
441010
460947
441118
460944
458986
981287
976606
961638
957285
981159
976704
961715
1.00415e+06
1.02601e+06
1.00869e+06
1.03009e+06
1.00424e+06
1.02641e+06
1.00853e+06
985779
965845
989854
969901
985645
965893
989907
999502
1.01628e+06
994934
1.02067e+06
994747
1.02044e+06
999670
981440
957379
976857
961853
976827
961816
981423
1.00431e+06
1.02987e+06
1.02614e+06
1.00857e+06
1.02613e+06
1.00859e+06
1.00438e+06
986073
970065
966040
990013
966027
990175
985962
905614
901359
886446
882946
905268
901665
886743
927869
946976
931403
951017
927724
947102
931532
909110
889776
912265
892962
908914
889959
912416
924215
938936
920210
943186
920190
943158
924274
905713
883059
901798
886901
901747
886844
905738
928004
951146
947255
931675
947239
931642
928043
909206
892991
890109
912495
890037
912479
909218
813222
830937
826791
808896
830973
826512
813277
852998
870774
856335
874384
852635
871020
856337
817273
835248
838665
819650
835068
817250
838416
849039
864067
845283
867920
844969
867755
849248
830642
808516
826835
812548
826585
812892
830838
852873
874252
871313
855545
871167
855661
852860
834925
819226
816132
837306
816931
837832
834751
754541
738887
758069
757791
735858
754629
738600
799199
782359
780286
779790
800988
798897
781914
741634
763721
761027
760581
744612
741300
763395
776238
790836
772809
794482
773141
794989
775966
757563
735787
754494
738350
754601
738430
757346
779335
800598
797938
781306
798569
781577
778858
760223
744283
740855
762930
741027
763113
759966
678979
664151
682567
682298
660304
678909
663818
723015
707749
704342
704034
726203
722740
707415
667229
689318
685909
685637
670176
666897
689024
700688
717006
698030
719612
697811
719603
700762
682164
660775
679537
663726
679303
663686
682260
703846
725974
722447
707108
722551
707192
703822
685450
669891
666634
688758
666595
688824
685394
609413
606910
591289
588740
609564
606785
591226
649055
630208
633398
651913
630448
648819
633169
612042
593776
615031
596094
612250
593656
614854
627348
642877
624663
645750
624623
645688
627385
609359
588746
606701
591179
606722
591209
609348
630223
651742
648670
633237
648702
633164
630272
612057
596168
593683
614891
593657
614859
612077
536891
534585
518580
516507
536859
534614
518658
557281
575698
559550
578139
557236
575650
559588
539203
520694
541483
522893
539170
520788
541512
554993
570775
552594
573132
552648
573240
554937
536933
516565
534625
518738
534651
518723
536904
557346
578093
575580
559565
575633
559633
557267
539254
522982
520867
541478
520862
541564
539201
464785
462832
446405
444782
464739
462876
446434
484552
502821
486356
504972
484469
502855
486428
466754
448242
468549
449746
466739
448266
468554
482653
498654
480699
500796
480668
500774
482685
464843
444975
462948
446584
462934
446660
464859
484621
505005
502913
486478
502902
486477
484647
466787
449895
448267
468490
448417
468556
466762
997696
993908
977741
973754
997689
993940
977993
1.01949e+06
1.03947e+06
1.02335e+06
1.04144e+06
1.01964e+06
1.03947e+06
1.02342e+06
1.00141e+06
981425
1.00446e+06
986173
1.00148e+06
981495
1.00427e+06
1.01618e+06
1.03338e+06
1.01245e+06
1.03616e+06
1.01257e+06
1.03626e+06
1.01604e+06
997657
973834
993873
977835
994027
977918
997508
1.0194e+06
1.04128e+06
1.03939e+06
1.02336e+06
1.03934e+06
1.0234e+06
1.01927e+06
1.0013e+06
986191
981532
1.0042e+06
981499
1.0042e+06
1.00117e+06
919134
915635
899365
895812
919167
915648
899232
942907
962926
947889
966618
942728
963012
948314
923547
903415
927561
909911
923339
903622
927789
938971
954979
935071
958796
935070
958852
939034
919214
895795
915800
899816
915733
899488
919375
943096
966773
963116
948740
963080
948598
943285
923838
910268
904321
928325
903966
928065
924064
844623
840957
826554
822200
844471
840692
826415
866353
885305
871943
889036
866569
885136
871786
848722
830438
852603
835095
848983
830239
852175
862028
876978
858018
880717
857995
880401
862248
844139
822025
839979
825529
840255
826019
844057
866416
889265
885663
872032
885395
871928
866606
848387
834845
829612
852103
829816
852142
848399
767469
770814
751984
748076
771136
767152
751649
793037
812821
797577
815586
793317
812693
797290
774494
755081
777320
758873
774701
754822
777075
789111
804098
784791
807734
785118
808315
788797
770568
747743
766676
751326
766871
751425
770330
792714
815140
811760
796672
812202
796902
792346
774371
758744
754629
776920
754640
777063
774112
692563
695427
676600
673151
695648
692300
676399
716983
736788
720821
739055
717171
736673
720676
698669
679226
700976
683129
698764
679101
701125
713720
729580
710401
732846
710416
732946
713742
695233
672897
692066
676499
692122
676409
695244
716917
739046
736451
720486
736580
720566
716931
698707
683290
679291
701153
679228
701245
698828
620478
617877
601474
598590
620589
617729
601450
641623
661586
644640
663805
641609
661411
644573
623491
603738
625477
606821
623521
603878
625484
638806
655011
635968
657991
635917
658015
638847
620423
598654
617705
601404
617696
601436
620376
641637
663685
661209
644616
661291
644571
641615
623527
606915
603913
625418
603976
625530
623382
546071
543869
527002
524882
546056
543878
527101
566458
586545
569040
588361
566348
586308
569060
548590
528931
550355
531761
548563
529049
550384
564296
580713
561823
583180
561876
583277
564256
546117
524979
543828
527145
543930
527176
546010
566478
588114
586019
569168
586137
569094
566517
548654
531783
529122
550268
529135
550392
548526
472331
470552
453186
451342
472391
470515
453124
491980
511690
494173
512973
492000
511498
494159
474354
454991
476082
456996
474477
454978
475964
490201
507191
488260
508989
488285
509085
490178
472303
451448
470369
453129
470501
453272
472181
491929
512873
511274
494414
511355
494284
491961
474273
457251
454993
475672
455158
475845
474162
940143
934594
922828
918419
940234
934467
922920
962445
981512
967960
987380
962412
981523
968068
945565
927802
951358
932991
945718
927785
951237
956508
967950
951488
974776
951446
974714
956635
940140
918527
934524
923098
934441
923028
940177
962496
987334
981251
968240
981253
968161
962537
945496
932957
927759
951204
927782
951181
945486
871601
866972
854165
850485
871558
867010
854175
893053
910651
897658
915643
893053
910596
897586
875688
858211
880175
862245
875690
858220
880133
888771
900892
884890
906104
884857
906084
888837
871639
850508
867094
854167
866950
854159
871665
893064
915582
910522
897508
910563
897544
893052
875675
862198
858217
880079
858193
880096
875633
801999
797454
784597
780999
802076
797196
784587
823246
840787
826980
844877
823256
840760
826982
805703
788133
809473
791477
805728
788144
809480
819278
831798
815171
836900
815410
836981
819270
801926
781066
797092
784525
797017
784508
801892
823190
844848
840706
826965
840710
826945
823199
805679
791484
788124
809453
788131
809493
805657
732203
728458
714187
711473
732206
728416
714249
752799
770600
755901
774019
752777
770602
755938
735100
717244
738322
720230
735098
717302
738367
749718
763207
746663
767625
746847
767744
749703
732215
711601
728233
714263
728185
714244
732165
752811
774044
770555
755954
770614
755961
752800
735120
720258
717325
738372
717328
738420
735079
661263
657721
643238
640684
661287
657676
643302
681759
699664
684429
702670
681720
699692
684471
664034
646265
666842
648694
664036
646284
666848
678846
693103
676156
697011
676356
697146
678834
661256
640839
657584
643318
657473
643269
661233
681772
702682
699658
684492
699712
684492
681773
664040
648716
646271
666839
646263
666850
664027
590561
587566
572303
570447
590578
587537
572383
610709
628676
612901
631215
610653
628686
612941
592973
574962
595354
577137
592977
575019
595356
608093
622813
606032
626266
606108
626328
608110
590566
570586
587533
572425
587388
572372
590552
610708
631206
628648
612970
628691
612956
610708
592961
577110
575027
595353
575008
595356
592930
519518
516963
501293
499852
519534
516911
501379
539365
557330
541432
559674
539286
557364
541466
521672
503734
523838
505729
521661
503810
523853
536961
552244
535447
555306
535549
555306
537035
519556
500020
516929
501479
516782
501395
519554
539391
559688
557376
541474
557395
541452
539415
521693
505749
503882
523892
503836
523876
521686
449444
447234
431662
430445
449442
447227
431490
468631
486339
470374
488418
468534
486391
470422
451354
433602
453207
434970
451373
433480
453166
466501
481894
465354
484578
465432
484581
466576
449462
430594
447334
431508
447163
431500
449426
468703
488473
486491
470481
486473
470454
468760
451371
435008
433615
453146
433559
453156
451339
961930
956572
943199
938098
961888
956572
943196
985089
1.00544e+06
989978
1.01078e+06
984855
1.00585e+06
990185
967113
948078
972010
952865
967044
948080
972080
979594
993675
974065
999717
973995
999730
979680
961973
938079
956629
943190
956590
943170
962003
985217
1.01096e+06
1.00586e+06
990406
1.00593e+06
990345
985269
967177
952880
948086
972104
948059
972118
967191
888845
884454
870678
866414
888867
884412
870674
911316
929946
915891
934515
911382
929910
915848
893188
874924
897597
879176
893219
874930
897590
906743
920361
902080
925192
902088
925190
906753
888796
866371
884349
870653
884353
870639
888808
911307
934502
929894
915855
929874
915843
911338
893176
879169
874924
897588
874919
897586
893196
816550
812905
798252
794878
816467
812938
798376
838362
856853
841905
860840
838238
856900
842179
820085
801523
823352
805292
819862
801754
823640
834634
848704
830752
852792
830758
852815
834611
816611
794917
812947
798446
812974
798437
816594
838430
860854
856819
842236
856856
842236
838418
820221
805538
801945
823879
801933
823882
820211
744510
741254
726261
723274
744444
741325
726325
765642
783487
768957
787265
765506
783731
769041
747641
729392
750937
732637
747571
729474
750991
762431
777136
759109
780543
759128
780578
762429
744527
723290
741328
726367
741344
726355
744527
765723
787400
783899
769123
783929
769107
765731
747705
732653
729499
751011
729508
751013
747721
672069
669416
653713
651291
672041
669439
653766
692949
711324
695601
714251
692920
711340
695648
674710
656264
677216
658730
674686
656300
677238
690116
705432
687312
708374
687310
708372
690123
672087
651327
669442
653824
669447
653803
672094
692961
714261
711325
695698
711343
695672
692957
674726
658778
656354
677297
656334
677274
674732
599563
597382
581412
579324
599545
597394
581422
619829
638061
622201
640527
619775
638101
622242
601814
583693
604166
586054
601792
583689
604173
617505
633436
615287
635797
615261
635783
617544
599583
579308
597428
581474
597409
581418
599605
619871
640557
638170
622283
638142
622270
619905
601833
586029
583708
604198
583683
604186
601848
527868
525815
509920
507855
527886
525820
509922
547823
565853
550182
568112
547865
565789
550139
530009
512128
532304
514352
530036
512119
532276
545633
561601
543621
563672
543593
563624
545666
527873
507890
525849
509951
525831
509932
527891
547812
568041
565792
550129
565739
550107
547838
529998
514342
512137
532269
512118
532254
530019
456956
455047
439077
437054
456987
455000
438902
476594
494405
478650
496549
476588
494406
478651
458942
441115
460945
442804
458971
440930
460919
474499
490321
472527
492342
472515
492331
474507
456941
437116
454955
438949
454974
438939
456920
476605
496546
494417
478662
494409
478656
476610
458923
442839
440998
460878
440983
460899
458892
981356
976877
961866
957445
981390
976901
961821
1.00439e+06
1.02579e+06
1.00851e+06
1.02943e+06
1.0044e+06
1.02575e+06
1.00844e+06
985739
966035
989842
969945
985846
965971
989671
999888
1.01656e+06
995296
1.02067e+06
995285
1.0208e+06
999877
981312
957449
976882
961789
976902
961803
981267
1.0043e+06
1.02923e+06
1.02545e+06
1.00822e+06
1.02564e+06
1.0083e+06
1.00425e+06
985653
969908
965903
989489
965935
989561
985585
905669
901810
886925
883181
905700
901792
886905
928023
947238
931648
951055
928017
947200
931661
909191
890153
912496
893147
909197
890142
912524
924252
938911
920160
943140
920176
943157
924230
905635
883159
901757
886835
901776
886879
905569
928010
951035
947160
931577
947184
931653
927935
909185
893230
890165
912540
890146
912548
909146
831082
827091
812583
808918
831000
827324
812591
852910
871439
855478
874338
852829
871487
855552
834522
815938
837106
818180
834614
815860
837060
849588
864561
845929
868198
845915
868166
849621
831156
809115
827503
812587
827504
812648
831126
852912
874415
871571
855783
871517
855608
852958
834526
818308
815771
837225
815850
837145
834480
757113
754388
738308
735682
757160
754322
738307
778224
797436
780828
799634
778294
797260
780860
759648
740859
762711
743993
759698
740903
762629
775590
790834
772506
794121
772548
794175
775557
757102
735669
754211
738368
754257
738331
757094
778245
799702
797147
781019
797189
780953
778291
759676
744004
741015
762662
740963
762637
759743
682388
679672
663749
661156
682371
679695
663775
703841
722569
707194
725737
703904
722547
707054
685301
666645
688750
669788
685406
666583
688579
700960
717083
698338
719759
698308
719711
700980
682406
661224
679802
663876
679752
663836
682428
703819
725676
722567
706931
722552
706965
703820
685264
669725
666611
688430
666579
688467
685280
609182
606651
591107
588519
609253
606621
591025
630022
648518
633072
651516
630120
648416
632952
611873
593626
614762
596105
611964
593538
614653
627277
643019
624734
645627
624727
645601
627300
609166
588468
606640
590971
606624
590964
609179
629986
651452
648391
632864
648379
632889
629984
611843
596063
593500
614614
593486
614609
611849
536847
534601
518746
516579
536874
534574
518745
557158
575511
559513
577940
557206
575438
559479
539115
520866
541407
522926
539154
520858
541360
554803
570447
552486
572926
552466
572887
554823
536820
516568
534562
518739
534549
518734
536831
557116
577891
575411
559466
575371
559440
557145
539086
522899
520851
541325
520844
541324
539097
464818
462950
446699
444757
464863
462913
446488
484655
502915
486478
504889
484668
502905
486446
466644
448328
468419
449611
466724
448094
468333
482712
498697
480739
500796
480742
500802
482709
464770
444799
462849
446486
462883
446503
464733
484633
504851
502871
486421
502882
486423
484622
466588
449635
448123
468245
448112
468283
466541
997227
993722
977775
973702
997320
993575
977764
1.0192e+06
1.03929e+06
1.0233e+06
1.04163e+06
1.01923e+06
1.03927e+06
1.02325e+06
1.00103e+06
981557
1.0042e+06
986091
1.00109e+06
981559
1.00414e+06
1.01579e+06
1.03278e+06
1.01196e+06
1.03565e+06
1.01206e+06
1.0359e+06
1.01572e+06
997151
973661
993415
977574
993482
977716
997049
1.0191e+06
1.04162e+06
1.03898e+06
1.02306e+06
1.03922e+06
1.02324e+06
1.01891e+06
1.00095e+06
986119
981381
1.00368e+06
981522
1.00408e+06
1.00079e+06
919690
915852
900058
896187
919533
915934
900245
943557
963158
948886
966936
943440
963184
948963
924398
904546
928589
910739
924248
904710
928727
939295
954904
935136
958681
935186
958777
939291
919814
896351
916067
900635
916024
900429
919892
943644
966831
963106
949355
963166
949117
943648
924510
910906
905003
928794
904857
928853
924623
844150
839997
825504
821282
844100
840089
825494
866841
885908
872181
889666
866752
886012
872191
848476
829537
852107
834526
848429
829479
851973
862678
877538
858663
881546
858478
881343
862836
844208
821389
840317
825514
840224
825532
844238
866854
889831
886330
872217
886131
872221
866896
848483
834575
829415
851902
829454
852025
848490
769994
766372
751251
747433
770128
766252
751155
792287
811626
796655
814908
792291
811557
796589
773867
754591
776909
758525
773965
754532
776862
788401
803176
784399
807160
784369
807202
788380
769908
747385
766188
751009
766195
751075
769859
792271
814895
811507
796504
811567
796680
792249
773798
758526
754397
776904
754470
776888
773749
695082
692047
676339
672886
695206
691905
676175
716830
736362
720447
738889
716901
736281
720310
698380
679177
701024
682670
698594
679060
700862
713613
729167
710165
732488
710214
732551
713556
694996
672823
691744
676013
691797
676074
694928
716766
738885
736142
720105
736200
720333
716732
698259
682646
678882
700760
678904
700775
698200
620161
617585
601347
598606
620264
617477
601292
641548
661111
644676
663350
641589
661011
644694
623138
603821
625353
606748
623245
603733
625273
638686
654624
635710
657563
635717
657618
638686
620104
598554
617426
601214
617424
601205
620083
641504
663074
660830
644633
660947
644832
641512
623066
606849
603581
625201
603575
625157
623025
545811
543740
527104
524889
545904
543670
527053
566476
585892
569227
587272
566510
585759
569254
548290
529067
550173
531785
548402
529022
550077
564106
580543
561715
582840
561691
582916
564122
545750
524830
543619
526964
543628
526964
545718
566393
587021
585574
569196
585705
569375
566415
548232
531947
528920
549930
528905
549905
548210
472002
470264
453246
451140
472091
470166
453054
492023
511230
494523
512529
491997
511195
494600
474021
455072
475546
457322
474098
454881
475459
490129
506967
488171
508761
488170
508812
490142
471956
451122
470076
453065
470108
453040
471912
492024
512297
511167
494699
511255
494796
492062
474025
457506
454909
475390
454895
475326
473943
)
;

boundaryField
{
    inlet
    {
        type            zeroGradient;
    }
    outlet
    {
        type            fixedValue;
        value           uniform 0;
    }
    seabed
    {
        type            zeroGradient;
    }
    top
    {
        type            zeroGradient;
    }
    side1
    {
        type            zeroGradient;
    }
    side2
    {
        type            zeroGradient;
    }
    submarine
    {
        type            zeroGradient;
    }
}


// ************************************************************************* //
