/*--------------------------------*- C++ -*----------------------------------*\
  =========                 |
  \\      /  F ield         | OpenFOAM: The Open Source CFD Toolbox
   \\    /   O peration     | Website:  https://openfoam.org
    \\  /    A nd           | Version:  10
     \\/     M anipulation  |
\*---------------------------------------------------------------------------*/
FoamFile
{
    format      ascii;
    class       volScalarField;
    location    "6.4";
    object      p;
}
// * * * * * * * * * * * * * * * * * * * * * * * * * * * * * * * * * * * * * //

dimensions      [0 2 -2 0 0 0 0];

internalField   nonuniform List<scalar> 
12920
(
379549
408061
361283
413303
381815
397262
372352
365731
338979
320352
290818
265362
233349
203882
170269
138858
104978
72249.5
38744.4
7142.78
455105
448769
327893
414138
374371
397244
375008
367565
341583
321948
292597
266485
234653
204810
171113
138812
104998
72304.9
38675.2
7081.83
200519
421586
419150
452570
415613
419373
391346
378019
349119
327076
296193
269056
236496
206284
172687
140080
105655
72637.9
38738.8
6795.32
361200
442669
387742
457608
412365
425339
398886
385551
356292
332788
300835
272117
238838
207835
174192
141023
106454
72920.7
38737.7
7066.04
195226
502641
484482
504039
459360
457107
421397
403406
367862
342386
307222
277113
242298
210183
175480
142480
107556
73610.6
38886.7
7117.39
268304
578706
503774
519659
470483
466376
431995
409132
376513
348004
313830
282798
247288
213468
177691
143536
108662
74294
39377.7
6933.72
714993
704750
603812
577294
522825
503366
457416
428541
389062
356971
319947
285722
249649
215134
179032
144829
109418
74999.8
39542.7
6522.8
744371
773786
678187
631598
557730
526294
482923
445589
407440
370818
333911
296961
259894
224134
180165
145735
110091
74971.9
39532.4
6216
750451
820558
706608
666015
593468
558073
507006
463749
421861
382800
343740
305000
266198
229652
189380
145653
110468
74989.9
39350
5736.17
1.01981e+06
874127
751157
695961
609839
572695
521823
473753
429606
388667
348204
307444
268437
231341
190834
145988
109925
74641.1
38884.5
5116.55
951234
800324
729239
687622
606851
575433
526936
477047
432201
390255
348099
306850
268850
231936
191416
145454
109012
73206.4
37549.3
4011.95
1.02294e+06
807010
722621
668141
594326
559577
514671
468872
426572
383690
343124
305264
268358
231838
190049
143958
107678
72012.1
36414.1
3279.7
544998
671181
625917
615320
555262
531566
487453
446360
405513
368823
330135
295354
259372
223729
177798
142574
106403
71045.7
35636.7
2911.79
625109
579564
578115
585544
541816
525346
467892
436787
390396
358015
318356
284917
246862
212195
176119
141386
105245
70419.7
34884.1
2508.89
707767
546687
536818
564479
507918
500951
454264
430333
386355
354611
315645
281393
244715
210428
174416
139899
104307
69582.4
34126.4
2011.3
821373
643612
573302
559866
507310
497941
451198
427475
382174
351395
311585
278633
241749
208436
172501
138737
103242
68824.5
33609
1567.56
710330
570326
507539
530480
466117
474316
430803
412202
370266
341564
304587
273311
237940
205615
170503
137303
102131
68150.6
33106.2
825.415
629987
585703
539185
530689
479100
466885
423958
403228
362540
335901
299688
269807
234907
203594
168876
136224
101046
67173.9
32264.9
-9.55391
511791
489149
452077
490696
441693
444225
403220
389006
352237
330005
295159
267056
232550
201922
167309
134994
100085
66423.3
31425.2
-841.264
376453
514018
481351
498812
446741
448260
402659
389667
351163
328312
293728
266258
231850
201664
167101
134845
99783.2
66062.3
30991.1
-1076.34
171344
380803
359849
412681
381594
397482
372400
365834
339058
320368
290932
265320
233369
203904
170334
138810
104972
72199.6
38734.9
7135.2
394699
434136
329100
415225
373549
397588
374892
367516
341565
321919
292578
266413
234667
204803
171074
138868
105044
72253.4
38661.5
6943.54
326767
437366
418156
452739
416060
419481
391276
377927
349129
326977
296165
268999
236473
206224
172729
140087
105678
72610.1
38574.1
6796.64
471743
451993
385307
455760
411578
424999
398781
385217
356239
332499
300792
272017
238788
207737
174067
141040
106466
72981.3
38616.8
6856.96
366879
512005
482603
502682
459187
456543
421286
403057
367810
342286
307232
277001
242291
210223
175391
142565
107602
73687.4
38776.2
6887.63
369479
557304
498688
517019
470422
466020
431677
408868
376509
348178
313945
282737
247194
213365
177812
143624
108746
74312.8
39196
6763.23
675982
705577
603569
575532
522689
503214
457479
428423
389236
357027
320219
285970
249805
215070
179148
144878
109500
74999.2
39310
6484.07
764354
785472
677277
629274
556922
525674
482809
445421
407547
371040
334148
297040
260166
224182
180067
145888
110033
74823.5
39378.5
6176.98
859093
823004
711267
666414
592135
557939
507218
463692
421900
383040
344006
304857
266252
229722
190069
145718
110348
74991.6
39221.4
5752.45
1.05904e+06
874432
752112
695478
609715
572190
521688
473762
429510
388494
347949
307198
268478
231380
191144
146142
110142
74609.1
38733.3
5103.25
865958
801104
730174
687407
607250
574323
525433
476813
432190
390041
347878
306987
268869
232027
191533
145412
109135
73532
37612.6
4076.15
963941
810926
717993
666803
595218
560079
515395
469736
426748
383645
343195
305520
268379
231869
189947
143896
107664
72130.6
36353.9
3398.14
591502
662788
630412
614219
556087
531924
487174
445952
405197
368767
329969
295048
259040
223450
177729
142607
106352
71035.4
35514.9
2879.92
608380
588821
581143
586805
542153
525240
468312
436446
390828
357951
318387
285263
246840
212296
176158
141341
105251
70453
34731.8
2400.95
502367
515226
531981
564279
506330
501032
455302
430399
386734
354486
315841
281562
244712
210484
174460
139878
104318
69635.5
33981.2
1764.95
769165
610559
571486
559244
508529
497678
451887
427978
382523
351900
311733
278772
241782
208411
172513
138691
103208
68881.2
33403.8
1333.92
711955
567697
508000
531250
464560
475093
430653
412233
371745
342341
304798
273335
238014
205591
170492
137228
102095
68145.3
32943.3
782.285
503300
564753
533978
528873
479262
466982
423704
403610
362491
335986
299544
269507
234794
203455
168841
136149
101073
67253.8
32261.7
-21.4876
615619
484860
453209
490204
440621
443964
402376
389043
351699
329752
294923
266818
232379
201812
167227
134852
99999.7
66356.5
31455.3
-682.774
378184
491768
474336
498972
446255
447997
403031
389717
351303
328236
293636
266197
231816
201597
167068
134781
99772.7
66047.5
30964.9
-1056.75
225042
357678
362670
409824
380822
397445
372461
366029
339253
320435
291075
265539
233469
203940
170457
138776
104892
72127.9
38709.5
7181.37
329774
411185
335196
411678
373195
397691
374761
367452
341661
322030
292738
266492
234858
204908
171249
139027
105102
72227.7
38555.2
6721.56
361364
452209
413416
449289
415833
419227
391176
377769
349167
326840
296158
268919
236467
206086
172771
140100
105723
72629.8
38430.1
6512.09
314794
449770
387660
454324
410836
424366
398655
384829
356178
332117
300796
271896
238759
207640
173913
141061
106520
73102.7
38445.4
6382.34
525279
532653
487024
500410
459643
455865
421057
402760
367829
342152
307278
276936
242329
210270
175453
142654
107726
73906.9
38634.2
6363.52
154567
555352
498305
516861
471699
465943
431685
408844
376671
348201
314079
282499
247008
213358
177809
143719
108808
74447.6
38906.7
6250.56
534893
711012
604239
574566
522965
503123
457504
427921
389444
356876
320465
286089
249901
214984
179440
144922
109394
74919.8
38943.3
6074.14
837163
788740
678725
626814
556688
525359
482634
445218
407834
370898
334375
297175
260625
224559
180322
145830
109992
74801.8
39053.4
5787.84
1.04827e+06
855380
721039
668975
592012
557669
507365
463693
422009
383302
344239
304853
266565
230133
190902
145714
110437
75008.5
38948.4
5374.1
1.09177e+06
886604
750732
696006
609205
571438
521412
473293
429477
388522
347582
307174
268631
231583
191837
146273
110183
74653
38579
4794.74
842242
814689
732295
687245
607851
573607
524629
476439
432166
388849
348038
307040
268971
232104
191804
145721
109511
73883.8
37705.4
3910.75
900365
812471
713782
665247
597418
560638
516551
470907
427015
383851
343620
305779
268399
231797
189649
143970
108074
72538.1
36250.9
3146.77
702468
675663
633808
613640
557777
532168
485594
446169
404654
368545
329892
294729
258488
223048
177828
142650
106329
71092.2
35250
2453.22
635845
594262
583718
587084
542899
525209
469005
436071
391163
357939
318511
285497
246923
212753
176267
141260
105249
70518.4
34468
1897.53
522483
522866
532917
564878
504281
501652
455865
430142
387272
354405
316305
281795
245123
210666
174538
139856
104325
69769.3
33809.1
1223.87
655500
594909
574466
558817
510513
497018
452339
428078
383177
352149
312376
279040
242066
208490
172558
138659
103206
69039.4
33109.4
813.905
849167
577206
508779
532115
462718
475341
429958
412384
372346
342705
305672
273637
238226
205583
170509
137146
102083
68161.8
32688.7
421.198
495745
552741
530490
527413
478740
466686
423956
404380
362532
336063
299272
269302
234625
203204
168797
136039
101026
67215.2
32137.7
-30.378
545608
465057
452250
489609
438978
443884
402458
389958
351584
329734
294663
266632
232162
201533
167059
134758
99917.6
66280.8
31408.7
-411.017
329949
499146
471678
500609
446202
448252
403385
389884
351380
328473
293749
266144
231799
201514
167012
134734
99762.9
66036
31023
-935.775
100417
325184
357619
407372
380318
397643
372704
366370
339305
320452
290916
265465
233695
204000
170542
138706
104829
72024.5
38668.1
7209.87
286242
399890
337251
409894
372601
397804
374754
367184
341957
322125
292969
266625
235091
204981
171373
139064
105091
72127.6
38429.8
6508.3
122878
442628
397018
445357
415697
418655
391240
377552
349256
326656
296179
268821
236447
205973
172750
140110
105825
72680.8
38289.4
6151.57
262081
459148
390300
450105
409763
423853
398667
384204
356254
331694
300938
271674
238920
207540
173943
141106
106683
73246.5
38356.9
5981.08
599967
549659
485833
496475
460306
455013
420955
402342
367844
341620
307363
276710
242441
210225
175648
142610
107866
74116.3
38562.7
5907.04
241450
554699
503472
515806
473286
465691
431784
408580
376731
347855
314054
282236
246944
213313
177803
143650
108727
74571.6
38805.7
5748.7
575727
699488
608027
572764
523576
502816
457357
427703
389528
356837
320494
285988
249975
214937
179487
144920
109403
74925.2
38800.4
5624.31
806375
794503
674942
623551
556728
524949
482588
445593
408002
371030
334666
297414
260858
225007
180791
145710
109985
74891.2
38907.2
5323.16
902786
840714
720460
668345
592129
556737
507459
463652
422105
383473
344515
305320
267406
230896
191366
145716
110493
75110
38767.3
4969.49
1.13274e+06
884662
752507
695831
608825
570197
520754
472954
429511
388550
347565
307351
268871
231954
192266
146279
110205
74692
38288.9
4442.7
911379
838681
735238
687400
608213
572268
524111
476310
432215
390440
348097
307527
269249
232256
191958
145950
109645
73988.5
37489.5
3671.95
664564
812209
710729
663916
599603
560778
517210
471596
427089
384111
343920
305656
268265
231594
189435
144328
108454
72855.1
36134.4
2852.09
545690
664673
633964
612372
559431
531414
484661
446458
404471
368428
329729
294861
258102
223021
178031
142819
106478
71253.5
35044.6
2049.98
607336
593224
584031
586358
543667
524373
469355
435420
391392
358056
318973
285266
247171
213044
176346
141176
105223
70585.1
34284.1
1621.73
636096
537491
530394
564826
502687
501522
456012
430078
387334
354374
316713
282127
245690
210864
174722
139832
104363
69906
33845.2
1198.04
638738
588862
572043
557766
510831
495845
451822
427620
383261
352056
312962
279327
242543
208588
172740
138606
103278
69168.7
33031
614.958
856053
574731
512359
531366
461424
475358
428909
412553
371775
343173
305953
273761
238528
205501
170702
137122
102130
68224.6
32475
28.1221
286191
519171
521888
525448
477526
466267
423815
404265
362746
336271
299079
269244
234229
202794
168470
135819
100995
67198.7
31818.5
-429.646
551410
461103
448251
488878
436730
444193
402685
390719
352362
329879
295015
266726
232363
201554
167087
134575
99782.9
66130.1
31281.1
-627.962
365161
464032
465924
501244
446374
448476
403780
389922
351620
328739
293926
266206
231855
201481
166988
134690
99784
66072.3
31180.2
-773.871
-122465
302082
353092
404267
380051
397559
373024
366610
339436
320455
291117
265442
233972
204109
170601
138638
104775
71898.5
38601.5
7250.74
103805
377452
335882
406894
372420
397814
374983
366979
342168
322158
293052
266611
235176
204878
171424
139110
105110
72063.7
38298.8
5900.44
108495
436757
391927
442497
415759
418103
391158
377170
349390
326418
296261
268708
236465
205891
172849
140152
106006
72738.5
38275.6
5771.18
188518
460973
388197
448356
408682
423797
399136
383755
356357
331450
301042
271463
239167
207454
174055
140982
106851
73495.6
38573.4
6142.92
557922
564289
480911
494527
460324
453676
420959
401391
367759
341096
307492
276292
242579
210093
175734
142461
107910
74286.8
38736.9
6205.95
299596
556575
504610
515347
475666
465977
432463
408338
376729
347332
313960
282093
247020
213034
177777
143597
108801
74653.4
38931.7
5950.59
502660
693829
608114
571225
523876
501482
457414
427511
389539
356625
320341
285710
249960
215034
179541
144942
109465
75045.1
38970.9
5361.79
875230
805412
677845
622739
557105
524793
482727
446042
407889
371313
334740
297763
261116
225381
180714
145879
110010
75079.4
38958.8
4946.08
1.05344e+06
845801
728703
669527
592573
555264
507508
463553
422167
383485
344618
305915
267878
231334
191597
145666
110518
75142.7
38759.8
4684.33
1.21442e+06
889621
751870
695796
608585
569343
520120
472757
429472
388400
347616
307626
269186
232278
192335
146181
110180
74716.7
38180.4
4215.43
881690
870811
734640
687931
608216
571631
523905
476369
432031
389644
347843
307774
269413
232401
192131
145867
109592
73997.1
37418.8
3636.22
459445
798631
698113
661355
600473
560758
517673
471804
427105
384303
343996
305472
268061
231522
189839
144170
108456
72902.4
36197
3085.32
677626
691487
637620
612614
560224
531133
485047
446626
404684
368129
329692
294800
257904
223341
178132
142979
106564
71398.2
35041.3
2573.98
623351
598680
584495
586129
543767
522603
469500
435468
391789
358128
319591
285322
247840
213078
176461
141261
105239
70623.8
34296.4
2252.41
727838
542229
531707
565397
501733
501454
456180
430315
387035
354413
316383
282176
245778
210997
174833
139889
104405
69984.2
33962.6
1905.61
880967
612721
573654
558603
510323
494947
450828
427475
382714
351865
312893
279443
242464
208623
172731
138577
103314
69250.5
33239.1
1283.64
903466
575176
511560
531540
460729
475360
427752
412448
370656
343290
305931
273895
238497
205437
170635
137047
102136
68249.3
32510.9
359.929
278726
509559
522292
525874
476392
465957
423354
404409
362854
336524
299044
269287
234249
202708
168325
135549
100827
67064.7
31613.5
-932.466
430725
446246
445127
488853
435298
444968
402552
391107
352908
330079
295153
266707
232441
201513
167122
134500
99767
66085.9
31105.8
-1167.57
367423
461183
466198
503831
446721
448650
404258
389939
351888
328970
294079
266219
231911
201423
166993
134665
99838.3
66083.2
31155.1
-580.913
357953
388763
358627
388572
357882
388916
358191
317183
348300
318509
347538
317301
347923
318697
358195
386133
355362
389031
357924
386225
355542
317698
345099
315979
347857
317865
345367
316073
475299
519210
482437
507453
475070
519527
483114
432494
471789
438925
463714
432449
471918
438798
392893
428165
397559
421862
392986
428053
397495
353641
387449
357461
382917
353767
387339
357400
315035
347317
317079
343902
314973
347203
316881
276291
306888
277541
304930
276353
306718
277605
239301
268007
240110
266238
239400
268033
240192
203756
230916
203851
229702
204019
230954
203979
484875
527920
489128
521916
485117
527168
488582
440394
477112
442890
473844
440291
476837
442862
398722
432175
400657
429544
398646
432110
400641
358368
390356
359352
388528
358219
390255
359055
317552
348908
317325
348020
317295
348382
317172
277922
307172
278253
307225
277964
307175
278267
240423
268870
240966
268461
240487
268881
240996
204127
231858
204829
231355
204222
231928
204865
489007
518869
482956
526022
488670
519168
483359
442935
471822
439371
476900
442947
472123
439490
400673
428901
397391
432206
400597
428919
397162
358797
386529
354739
390113
358454
386220
354892
316782
344548
315072
347866
316827
344644
315416
278183
305715
277846
306931
278203
305951
277904
241030
268569
240995
268854
241052
268584
241023
204828
231933
204916
232010
204845
231963
205006
480088
503195
470359
515120
480564
503028
470627
436996
458737
427391
469342
437233
458774
427265
394433
416243
387679
426700
394406
416196
387735
353317
376968
349214
383635
353402
377063
349188
314527
338750
312665
343120
314825
338689
312691
277674
302912
276748
305435
277743
302909
276686
240933
266699
240259
268366
240986
266624
240200
204727
230640
204608
231861
204804
230608
204668
474974
519454
483140
507560
474915
519988
482911
432451
471798
438740
463686
432473
471443
438626
393075
428005
397480
421968
393179
427938
397521
353909
387303
357384
383207
354106
387280
357363
314876
347179
316831
344141
314916
347026
316821
276419
306701
277642
304779
276676
306692
277795
239435
268048
240239
266439
239747
268156
240426
204183
230977
204122
229968
204581
231150
204510
485186
526514
488338
521679
484903
525393
487794
440244
476712
442834
473400
440136
476350
442774
398633
432088
400627
429466
398654
432055
400651
358182
390215
358857
388491
358046
390749
358472
317233
348244
317219
347657
317176
347967
316848
277991
307197
278287
307163
278108
307062
278354
240526
268893
241018
268578
240677
268953
241085
204335
231947
204935
231514
204659
232007
205063
488486
519222
483486
524926
487997
519768
484133
442936
472334
439555
476520
442902
472948
439801
400566
428938
397088
432158
400647
429115
396940
358385
386141
354963
390510
358461
386083
355246
316915
344707
315553
348106
316749
344971
315904
278226
306057
277946
307051
278308
306342
278071
241072
268604
241046
268931
241129
268665
241091
204896
231977
205071
232077
204977
231987
205067
480968
502968
470761
516393
482090
503547
471083
437339
458865
427253
470671
437708
459227
427294
394415
416177
387777
426944
394510
416158
387897
353471
377132
349180
383780
353731
377306
349073
314954
338674
312732
343515
315286
338555
312753
277785
302925
276704
305740
277887
302810
276600
241013
266615
240218
268407
241037
266394
240126
204865
230609
204781
231830
204814
230406
204575
474838
519755
482805
507598
474579
519314
482492
432492
471334
438619
463652
432424
471087
438619
393236
427943
397552
422064
393320
427962
397638
354234
387299
357342
383418
354553
387376
357366
315045
346997
316845
344481
315282
347009
316988
276812
306716
277868
305185
277309
306864
278114
239873
268218
240510
267218
240305
268446
240833
204786
231234
204740
230708
205229
231554
205271
484778
524955
487636
521079
484434
524367
487314
440124
476243
442772
473029
440121
476044
442809
398683
432070
400656
429509
398733
432140
400740
379003
378497
389236
388561
379031
378530
389248
337810
337365
347968
347524
337809
337336
347859
278168
306962
278394
307296
278363
307212
278589
240747
269015
241119
268807
241003
269181
241245
204856
232040
205172
231849
205250
232168
205328
487871
519734
484306
524316
487638
519995
484728
442908
473112
439905
476316
442948
473503
440209
400691
429221
396921
432224
400751
429447
396870
380874
378463
390266
387683
379804
375630
390835
337104
338148
347377
348103
336705
338732
347847
278351
306409
278108
307306
278566
306459
278184
241157
268680
241098
269156
241265
268721
241089
205071
231980
205125
232210
205141
231937
205081
482362
503439
471100
517139
482966
503275
471059
437836
459319
427319
471457
438126
459525
427461
394559
416112
387921
427092
394719
416007
387896
353824
377374
349014
384056
354033
377494
348839
315360
338524
312758
343876
315406
338418
312438
277903
302764
276591
305719
277868
302503
275998
241025
266306
240122
268322
240937
265852
239805
204839
230333
204586
231650
204681
229967
204139
474455
518898
482392
507599
474129
518225
482092
432424
471011
438614
463586
432353
470802
438565
393342
427964
397653
422165
393317
427949
397637
354668
387388
357381
383509
354661
387359
357377
315336
347030
317038
344641
315664
347070
317252
277460
306917
278207
305826
277834
307185
278512
240426
268535
240961
267823
240771
268855
241302
205469
231680
205525
231265
205591
232030
205574
484334
524100
487253
520361
484104
523876
487183
440119
476010
442818
472795
440090
476003
442804
398734
432135
400742
429492
398676
432032
400494
357888
390491
358142
388443
357877
389917
358282
317356
347743
317258
347605
317518
347982
317896
278430
307497
278678
307560
278660
307912
278889
241104
269257
241298
269114
241379
269456
241476
205483
232223
205517
232244
205484
232393
205555
487606
519940
484834
524008
487605
520176
485018
442950
473599
440282
476352
442914
473751
440321
400689
429479
396855
432073
400367
429389
396878
358356
386217
355535
389676
358133
386225
355518
317141
345383
316082
347870
317698
345375
316047
278662
306441
278190
307770
278840
306369
278070
241314
268726
241087
269409
241451
268642
241047
205321
231922
205195
232385
205315
231890
205168
483109
502946
471016
517640
483359
502304
470963
438183
459578
427533
471830
438239
459748
427901
394770
416019
387862
427081
394933
416381
387650
354076
377561
348846
384257
354183
377469
348888
315373
338425
312363
343986
315248
338446
312039
277825
302475
275866
305506
277628
302213
275468
240902
265739
239719
268093
240800
265414
239399
204716
229889
204197
231523
204556
229689
203878
474059
517838
482008
507409
473717
517479
481868
432304
470738
438542
463207
432066
470631
438423
393306
427935
397610
422014
393218
427828
397540
354598
387342
357365
383392
354512
387282
357321
315717
347088
317311
344656
315963
347112
317431
277848
307273
278594
305994
277785
307446
278700
240810
268941
241350
267946
240833
269059
241361
205660
232070
205648
231412
205423
232090
205400
484046
523753
487178
519945
483947
523812
487224
440057
476018
442780
472674
439937
476061
442640
398629
431998
400398
429338
398520
431837
400181
357867
389871
358331
388302
357834
389739
358399
317565
348027
317875
347623
317657
348063
317850
278722
307930
278918
307767
278839
307964
278988
241417
269473
241505
269305
241455
269528
241526
205587
232419
205674
232312
205384
232439
205417
487612
520169
485029
523958
487658
520434
485050
442888
473753
440251
476404
442754
473738
439951
400265
429314
396912
431883
400034
429032
396901
358124
386244
355505
389532
358105
386257
355417
317662
345371
316019
347800
317575
345336
315953
278848
306335
278020
307732
278858
306276
277953
241463
268607
241009
269420
241456
268575
240978
205465
231873
205275
232401
205262
231862
205008
483349
502370
470995
517982
483212
503803
471225
438203
459790
428053
471619
438021
459923
428469
395001
416639
387708
427006
395089
417363
388080
354175
377445
348930
384387
354089
377396
348989
315212
338529
311967
343997
315154
338774
312021
277586
302250
275423
305450
277533
302169
275351
240766
265399
239372
268057
240746
265606
239303
204710
229687
203915
231519
204561
229789
203584
368488
368242
358322
357890
368660
368217
358196
380415
390558
378787
388601
380271
390774
379280
368938
358507
368660
358167
369298
358013
367615
378973
388580
378497
389213
378531
389232
378920
368431
357872
368119
358200
368161
358160
368476
380414
388517
390602
378391
390773
379384
380118
368859
358312
358318
368230
357945
367741
369042
327760
327109
317671
317217
327657
327103
317812
336466
347781
338332
348033
337145
347172
338658
325867
316597
328618
320404
326441
316621
328766
337823
347511
337399
347903
337349
347841
337841
327788
317260
327169
317827
327123
317877
327757
336481
348276
347666
338085
347120
338952
337175
325864
320598
316743
328768
316673
328747
326573
369364
368215
357930
357908
368649
367287
358460
376993
387732
375818
386200
377050
387694
375949
366789
356511
365518
355476
366737
356615
365629
380912
387501
378059
390174
375949
390813
379784
369402
358081
367870
357995
367405
358503
368684
377018
386231
387648
375996
387654
376010
377099
366840
355537
356656
365661
356676
365677
366849
325973
328588
316095
320790
325921
331030
315985
336346
346319
335269
345236
336197
346454
335372
326827
316771
325462
316038
326491
317038
325523
337202
348204
338086
347496
338853
347902
336989
326054
320825
328653
316251
331035
315982
326249
336466
345334
346521
335479
346536
335441
336477
326920
316067
317008
325569
317123
325550
326746
466741
492133
475451
483024
466732
492162
475485
425823
452526
434849
445461
425815
452490
434862
389850
412608
395684
407469
389887
412623
395809
352443
374520
357438
370903
352664
374574
357584
316075
336320
319721
334045
316098
336366
319827
279199
298387
282046
296981
279225
298224
282127
243140
260256
244736
260007
243156
260237
244843
207169
224035
209322
224168
207202
224055
209413
527895
562488
535377
558475
528437
562982
535950
500132
498439
511123
506550
498422
511079
500205
456260
453028
466472
463747
453023
466388
456308
414630
412201
423894
421852
412203
423857
414626
374845
372837
383945
382811
372844
383958
374829
335565
333995
344555
343774
334024
344556
335519
296135
295198
305058
304997
295025
304990
296102
257925
256999
266060
266207
257026
266097
257893
221566
220854
229456
229663
220891
229446
221539
172672
188734
174542
189634
172769
188779
174742
541279
581028
543638
572515
541219
580516
543341
510830
509145
525307
521752
509176
525233
510793
463758
462494
475275
473762
462539
475259
463787
420193
419102
430748
429595
419099
430750
420194
379386
378614
389551
388623
378570
389527
379425
338353
337971
348764
348146
337902
348713
338395
297523
297405
307756
307347
297338
307613
297550
259241
258976
268706
268440
258982
268703
259233
222417
222179
231624
231333
222185
231623
222418
173336
191103
173699
190926
173398
191146
173725
544544
569785
535337
575296
543545
569954
535043
511637
514189
526159
526820
514198
526100
511606
464474
465269
475978
477000
465286
476040
464416
421150
421550
431755
432212
421556
431762
421152
379214
379866
389722
390236
379858
389715
379218
336540
337396
347008
347988
337370
346987
336525
296896
297009
306451
306830
297082
306495
296851
259432
259467
268794
268835
259458
268781
259442
222858
222838
231975
231958
222836
231989
222849
173369
191262
173814
191460
173370
191287
173762
532139
559963
523163
559850
532267
560232
523191
499754
503311
512869
514719
503300
512926
499658
455053
457974
465675
468856
458002
465769
454967
412868
416224
423538
426600
416224
423509
412855
371365
373406
380990
383664
373411
381016
371348
332528
333285
341456
343087
333351
341509
332466
295833
296135
304641
305298
296161
304658
295815
259022
259183
267965
268351
259185
267959
259018
222764
222800
231572
231834
222818
231579
222747
174698
190113
172557
190009
174761
190071
172546
473964
485034
461677
487514
473795
484178
461405
429300
441778
422670
446163
429252
442046
422687
391742
402253
385430
405398
391707
401953
385395
353821
366260
347945
368832
353697
366115
347943
316245
329626
313819
330049
316248
329604
313792
281240
295310
279285
295234
281254
295208
279083
244517
259137
242311
259242
244514
259057
242272
208889
223330
206856
223637
208867
223303
206773
466639
491851
475457
483180
466701
492179
475467
425940
452513
434862
445212
426209
452487
434870
390008
412730
396008
407681
390043
412855
396236
352739
374649
357871
370960
353038
374775
358154
316137
336472
319936
334229
316121
336624
319953
279369
298108
282250
297078
279450
298006
282369
243145
260269
244946
260415
243143
260333
245113
207314
224088
209723
224317
207351
224121
209891
528479
563289
536316
558565
528830
563995
536675
500669
498108
511789
507498
500564
498050
512288
456082
452955
466087
463695
456122
452925
466034
414725
412300
423730
421909
414696
412327
423707
375109
373017
384010
383073
375015
373043
384021
335906
334410
344587
343981
335841
334347
344632
296136
295107
304475
304769
296115
295110
304372
258184
257194
266170
266297
258103
257284
266192
221866
221058
229408
229789
221757
221164
229424
173120
188983
175139
190530
173231
189323
175464
541134
578901
542121
572191
540693
578058
540775
510325
509369
524959
521799
510464
509423
525123
463514
462351
475118
473641
463601
462239
475007
420147
419047
430708
429480
420152
419042
430687
379165
378438
389372
388476
379206
378424
389329
337922
337633
348469
347859
338011
337549
348296
297555
297333
307465
307179
297544
297344
307454
259326
259055
268746
268502
259296
259096
268768
222514
222278
231655
231407
222483
222331
231671
173590
191280
173967
191492
173608
191514
174015
542264
569814
534945
574376
541748
569885
534902
510674
513037
525187
525267
510852
512734
524989
464554
465230
475989
476711
464562
465167
475964
421082
421523
431734
432174
421097
421506
431723
379146
379721
389748
389962
379139
379658
389795
336571
337405
347051
347910
336558
337471
347092
297154
297276
306714
307030
297090
297329
306774
259474
259492
268817
268885
259461
259503
268837
222945
222901
232047
232038
222935
222913
232057
173496
191329
173863
191691
173431
191362
173684
532617
560489
523301
560612
533032
561031
523587
500886
504103
513615
515797
500526
504478
513920
456025
458776
466642
470097
455751
459047
466996
413011
416235
423431
426800
412952
416250
423446
371667
373528
381227
383674
371571
373598
381321
332929
333747
341758
343297
332836
333887
341840
296039
296362
304811
305604
295989
296438
304862
259082
259241
267973
268393
259071
259258
267975
222847
222895
231620
231867
222850
222905
231605
175032
190071
172765
189844
174984
189965
172570
473512
483163
460954
486691
473114
483044
460406
429260
442684
422839
445970
429386
443156
423163
391697
401848
385414
404893
391688
402088
385376
353428
366130
347983
368645
353192
366280
348087
316280
329596
313772
329919
316349
329595
313714
281290
295073
278620
294847
281227
294873
278088
244483
258935
242243
258775
244450
258743
242106
208997
223246
206876
223230
208931
223063
206410
466686
492033
475406
482905
466445
492334
475227
426654
452443
434845
445244
426922
452457
434800
390119
412958
396412
407947
390166
413027
396494
353280
374922
358667
370865
353316
375016
359037
316245
336763
320067
334509
316382
336915
320223
279573
298020
282563
297253
279697
298104
282757
243083
260486
245226
260813
243101
260658
245280
207512
224097
210187
224791
207561
224161
210289
528738
563482
536278
557656
528750
563238
535700
500499
497778
512163
507534
500554
497808
512203
455934
452822
465842
463680
455965
452784
465767
414896
412474
423692
422015
414846
412498
423693
375490
373386
384056
383325
375399
373467
384084
336267
334502
344810
344318
336191
334584
344856
296482
295328
304380
304947
296349
295456
304474
258699
257681
266303
266776
258541
257870
266371
222505
221539
229550
230324
222301
221723
229696
173419
189748
175846
191202
173431
190264
175889
539706
576603
539895
571050
539022
575791
539411
509497
508929
524140
521396
509699
508754
524063
463224
461968
474690
473196
463285
461901
474595
420220
419112
430675
429487
420182
419133
430689
307480
307205
307538
297666
297413
297615
297463
259519
259265
268889
268689
259462
259333
268942
222769
222590
231802
231661
222696
222696
231865
173849
191656
174289
192073
173800
191765
174295
541084
569112
534668
573206
540662
568899
534603
510187
511871
524284
524581
510271
511693
524250
464559
464969
475906
476376
464548
464940
475904
421162
421492
431749
432188
421107
421528
431784
306849
307505
306943
297416
297461
297326
297621
259607
259601
268927
269025
259573
259645
268973
223001
222988
232108
232134
222988
223016
232125
173643
191380
173815
191873
173625
191398
173742
533246
560965
523574
560938
533428
561131
523663
501977
505266
514452
516813
501736
505498
514651
456942
459726
467906
471116
456750
459917
468157
413169
416298
423477
427069
413139
416293
423489
373867
383926
373964
372095
381627
371990
381731
334247
343716
334335
333118
342041
333103
342082
305790
296039
296594
304912
296085
296604
304879
259042
259301
267914
268392
259087
259293
267854
222688
222877
231480
231754
222759
222852
231404
175080
189840
172806
189448
174768
189585
172612
472559
483150
460283
485154
472420
483560
460620
429734
443469
423613
446373
430137
443454
423926
391624
402328
385376
404528
391486
402482
385381
353073
366572
348317
368520
353009
366866
348590
316465
329637
313700
329830
316682
329616
313613
280968
294861
277702
294733
280810
294879
277537
244460
258616
242045
258265
244531
258446
241876
209026
222961
206395
222968
208831
222802
206071
465890
491985
474777
482673
465239
491970
474292
427244
452664
434782
446007
427294
452905
434939
390114
413073
396479
407984
389874
413076
396308
353430
375126
359203
371184
353514
375228
359283
316363
337103
320338
334788
316255
337157
320395
279819
298249
282966
297639
280060
298477
283173
243197
260865
245280
260996
243382
261069
245413
207874
224334
210654
225256
207924
224594
210700
528504
562301
534561
556514
528402
561982
533599
500012
497573
511629
507605
500134
497496
511599
455826
452781
465567
463624
455856
452763
465518
415071
412612
423690
422129
415037
412629
423689
375699
373647
384176
383486
375683
373625
384192
336527
334740
344958
344556
336474
334846
344975
297295
295937
304969
305498
297053
296128
305219
259603
258421
266898
267600
259340
258612
267161
223590
222327
230409
231059
223304
222555
230650
173546
190560
175978
191472
173417
190679
175830
538380
574235
538938
570087
538236
573976
538787
508718
508189
523196
520715
508859
508049
523100
463045
461742
474370
472891
463079
461699
474321
420223
419170
430732
429511
420235
419168
430732
378456
389237
378945
378939
388521
378415
389234
337450
347949
337853
337852
347582
337495
347974
307691
297929
297661
307410
297858
297731
307759
259779
259558
269111
268943
259706
259645
269180
223152
223089
232102
232072
223058
223206
232197
173920
191853
174580
192344
173793
191873
174389
540282
568303
534448
572183
540258
568516
534551
509904
511289
523817
524120
509929
511234
523845
464650
464932
475968
476317
464626
464947
476003
421172
421513
431833
432188
421198
421491
431819
379920
389774
379311
378974
389782
379165
389508
337864
347419
337038
337078
347971
337831
347368
307280
297778
297866
307724
297690
297996
307387
259815
259814
269161
269340
259747
259888
269227
223090
223142
232198
232303
223061
223199
232223
173876
191458
174024
192038
173748
191554
173843
533486
560606
523396
561017
533698
560587
523486
502636
506065
514934
517408
502489
506244
515127
457350
460366
468673
471711
457294
460465
468739
413323
416254
423561
427071
413269
416261
423608
374179
372364
381964
384163
372330
374230
382014
334423
333071
342211
343948
333072
334421
342259
295657
296508
304659
305600
295758
296419
304586
258666
259219
267571
268202
258775
259169
267473
222353
222765
231139
231554
222413
222714
231072
174883
189414
172975
189581
174671
189174
172575
472622
483733
461489
484786
473042
484083
462220
430538
443334
424073
446507
431024
443236
424087
391295
402607
385593
404494
391140
402583
385808
353057
367245
348935
368262
353126
367539
349209
316800
329586
313619
329654
316730
329455
313410
280754
295066
277612
294949
280599
294856
277457
244671
258347
241851
257961
244648
258106
241684
208942
222819
206372
223170
208706
222750
206086
465161
491832
474082
482793
465147
491983
474028
426748
452861
435037
445684
426164
452375
434709
389696
413024
396137
407776
389551
412914
396042
353465
375256
359177
371214
353102
375169
358812
316144
337084
320448
334711
316075
337032
320394
280262
298814
283289
297751
280355
299007
283160
243413
261275
245679
261352
243434
261358
245825
208100
224910
210920
225457
207921
225083
210623
527575
561021
532505
555397
527147
561249
532258
499499
497069
511240
507498
499617
496932
511143
455680
452706
465403
463518
455714
452713
465384
415070
412632
423689
422166
415095
412609
423682
375678
373732
384201
383504
375699
373776
384192
336724
335165
345042
344656
336691
335282
345011
297840
296526
305818
305998
297834
296633
305915
260054
258874
267716
267969
260061
258938
267761
223883
222853
231041
231435
223910
222902
231059
173516
190738
175879
191622
173308
190658
175678
537977
573222
538670
569245
537910
573213
538682
508377
507651
522539
519982
508433
507555
522404
462963
461597
474235
472721
462984
461559
474216
420121
419120
430684
429439
420158
419087
430648
378856
378299
389149
388358
378882
378268
389111
337857
337578
348002
347630
337863
337589
348001
298132
297940
307892
307676
298097
297987
307922
260027
259888
269374
269245
259989
259926
269418
223294
223353
232364
232298
223281
223355
232382
173888
191936
174418
192179
173707
191824
174198
540259
568330
534715
571728
540458
568738
535170
509890
511177
523705
523859
509898
511170
523684
464667
464977
476079
476377
464684
464963
476082
420816
421320
431639
431981
420936
421232
431560
378562
379112
389181
389607
378565
379109
389106
337131
337660
347306
347824
337126
337634
347297
297739
298027
307442
307757
297764
298011
307427
259805
259963
269235
269410
259826
259960
269212
223162
223333
232260
232404
223160
223332
232260
173843
191637
173922
192015
173672
191504
173725
533737
559858
523156
561058
533968
560242
523602
502850
506577
515514
517743
502878
506594
515631
457380
460496
468748
471720
457400
460399
468713
413725
416408
423903
427079
413604
416414
424084
372318
374269
382146
384352
372342
374238
382193
333074
334429
342388
343993
333099
334412
342424
295445
296252
304495
305446
295458
296195
304508
258469
259018
267363
268053
258457
258992
267398
222320
222689
231072
231515
222299
222684
231126
174801
189100
172550
189849
174572
188966
172342
473357
484591
463274
485951
473624
484594
463628
431315
443332
424046
446841
431424
443627
424100
391066
402549
386141
405265
391186
402040
386174
353263
367700
349347
368164
353317
367791
349363
316573
329357
313347
329962
316378
328972
313372
280444
294819
277294
294666
280315
294877
277208
244477
257814
241674
258021
244290
257515
241532
208739
222835
206164
223320
208540
222783
205803
488722
486711
478750
475264
486688
478652
488843
504053
515843
505431
519077
515734
505580
503960
492358
480945
493620
482597
480987
493776
492339
500314
506882
498408
511754
498411
511221
500555
488670
475136
486553
478384
486602
478511
488594
504258
519113
516298
505994
515852
505661
504553
492538
482838
481117
494343
481124
494016
492693
444774
442681
435224
432477
442672
435208
444797
458838
470029
461068
471813
469976
461038
458937
447593
437018
449948
438888
437008
449842
447645
456200
463710
453000
466159
452997
466261
456160
444752
432456
442654
435196
442659
435196
444727
458712
471965
469655
460757
469830
460915
458605
447551
438845
436938
449621
436994
449730
447454
403950
402637
394895
392900
402653
394918
403960
416297
426380
417824
428142
426359
417816
416313
406035
396162
407581
397546
396162
407566
406047
414646
421858
412241
423763
412223
423812
414668
403947
392970
402753
395011
402726
394962
403955
416277
428098
426267
417771
426321
417799
416254
406014
397521
396157
407508
396160
407539
405993
364350
363393
355395
353664
363418
355424
364347
376095
385922
377475
387419
385921
377454
376089
366071
356331
367418
357458
356326
367395
366081
374881
382898
372898
383994
372904
383976
374934
364371
353763
363524
355576
363517
355491
364395
376113
387379
385918
377416
385923
377436
376130
366064
357429
356338
367318
356335
367359
366054
325035
324688
316089
315056
324725
316147
325058
336353
346185
337273
347294
346168
337244
336353
326248
316395
327132
317032
316351
327079
326274
335659
343925
334252
344566
334196
344564
335755
325049
315129
324727
316218
324770
316211
325078
336345
347242
346144
337181
346147
337208
336342
326243
316938
316273
326913
316313
327019
326222
285201
285650
277001
276301
285580
277017
285253
296263
306136
296981
306811
306084
296931
296253
286406
277074
287184
277544
277098
287153
286422
296128
305021
295068
304626
295085
304843
296112
285235
276334
285402
277102
285486
277055
285268
296314
306742
305979
296931
306026
296927
296349
286433
277577
277183
287154
277145
287153
286447
247851
248032
239849
239315
248045
239868
247854
258191
267303
258629
268011
267315
258646
258171
248774
239862
249346
240126
239872
249346
248768
257973
266215
257128
266151
257063
266128
258036
247843
239347
248068
239973
248042
239912
247846
258218
268025
267346
258693
267330
258667
258254
248780
240154
239926
249355
239891
249346
248800
211722
212227
204382
203812
212278
204436
211711
221589
230385
221845
230921
230388
221853
221576
212454
203660
212693
203867
203683
212697
212434
221608
229663
220994
229419
220931
229429
221666
211735
203917
212413
204660
212320
204547
211775
221619
230935
230423
221922
230401
221885
221656
212490
203940
203819
212745
203761
212718
212543
498723
496952
486747
484883
496965
486680
498779
513021
525775
513457
527695
525651
513364
513058
500737
488603
501524
489084
488437
501329
500841
510706
521653
509382
525344
509208
525073
510670
498640
485013
497163
486600
497000
486613
498613
512859
527368
525508
512707
525458
513069
512743
500576
488816
488077
500695
488269
501073
500404
452517
451501
441461
440377
451473
441462
452481
464780
476532
465155
477020
476493
465223
464819
453378
442317
453935
442884
442316
453946
453336
463758
473780
462470
475213
462566
475243
463688
452528
440337
451289
441444
451383
441458
452496
464722
476936
476336
465174
476408
465201
464649
453409
442880
442300
453942
442314
453957
453392
409891
408848
399658
398702
408836
399652
409899
421009
431587
421502
432149
431582
421493
421021
410661
400371
411032
400659
400340
411024
410685
420186
429577
419065
430730
419086
430746
420167
409871
398670
408787
399605
408813
399630
409848
420997
432130
431573
421456
431578
421473
420979
410626
400652
400283
411027
400304
411017
410596
369232
368515
359027
358343
368491
358965
369294
379852
390114
380071
390333
390093
380047
379867
369607
359290
369740
359324
359267
369727
369629
379321
388571
378470
389422
378514
389477
379257
369153
358277
368354
358843
368418
358899
369084
379838
390297
390060
380003
390070
380020
379842
369584
359222
359196
369595
359243
369683
369572
328055
327767
317786
317507
327709
317699
328102
338430
348953
338336
348789
348931
338128
338467
327909
317731
327744
317255
317550
327579
328050
338291
348080
337758
348585
337839
348657
338159
327891
317377
327461
317521
327617
317605
327779
338259
348581
348679
337834
348843
337946
338066
327735
317179
317313
327365
317427
327473
327596
287821
287607
278158
277921
287580
278147
287841
297477
307493
297326
307111
307426
297323
297507
287850
278259
287769
278239
278245
287777
287859
297526
307266
297325
307486
297326
307527
297533
287829
277943
287591
278179
287586
278163
287838
297485
307142
307347
297396
307374
297357
297496
287862
278250
278271
287824
278257
287800
287876
249976
249722
240682
240433
249729
240679
249957
259386
268837
259462
268857
268830
259461
259385
250121
240850
250223
240960
240849
250222
250112
259255
268451
259023
268726
259002
268714
259273
249999
240457
249754
240717
249742
240698
250017
259405
268869
268852
259487
268841
259475
259427
250145
240981
240886
250248
240869
250233
250167
213443
213242
204519
204126
213246
204516
213463
222615
231772
222743
231880
231790
222740
222619
213774
204555
213842
204814
204547
213814
213793
222442
231343
222243
231639
222212
231634
222459
213450
204195
213305
204591
213272
204576
213463
222639
231912
231822
222775
231813
222764
222655
213780
204863
204594
213811
204601
213812
213784
499751
501707
487722
488969
501731
487639
499843
509565
520902
505227
518865
520950
505532
509514
498035
485847
494264
483103
485895
494524
497975
511432
526324
513432
525633
513813
525744
511265
499628
488823
501108
487516
501408
487575
499518
509506
518865
520727
505749
520733
505626
509488
498033
483229
485929
494795
485910
494677
498031
453386
454017
442414
442942
454035
442426
453371
462877
474187
460705
471893
474323
460709
462800
451998
441161
449995
439387
441185
450023
451984
464523
476976
465285
476028
465312
476055
464558
453409
442949
454029
442432
454040
442429
453426
462952
472005
474453
461054
474409
460850
463076
452057
439433
441236
450215
441208
450105
452129
410678
411102
400188
400656
411100
400190
410693
420056
430617
418493
428904
430621
418474
420072
409566
399012
407931
397330
399001
407904
409581
421136
432214
421538
431747
421550
431755
421120
410657
400627
411052
400161
411082
400171
410635
420031
428906
430615
418442
430615
418447
420008
409528
397245
398948
407856
398978
407875
409487
368496
369416
357672
358708
369402
357583
368582
377570
388398
375567
386423
388389
375529
377684
366769
356134
365026
354776
356125
365013
366853
379185
390181
379785
389724
379835
389712
379159
368383
358569
369244
357504
369336
357527
368281
377444
386315
388244
375484
388331
375497
377324
366701
354832
356178
365053
356138
365021
366652
326313
326999
316250
316775
326998
316195
326317
335544
345784
334476
344559
345804
334443
335544
325535
315666
324626
315164
315713
324644
325561
336550
347909
337367
347022
337362
346988
336558
326284
316762
326960
316331
326978
316253
326293
335560
344592
345897
334596
345854
334481
335583
325575
315284
315945
324884
315816
324750
325678
287519
287641
278084
278173
287653
278077
287511
296701
306107
296425
305771
306181
296455
296668
287385
277967
287158
277848
277965
287165
287378
296957
306874
297216
306642
297151
306566
297023
287547
278184
287713
278115
287680
278091
287585
296760
305854
306376
296588
306273
296513
296835
287414
277870
278013
287237
277983
287195
287457
250259
250260
241035
241023
250258
241035
250264
259374
268719
259300
268562
268708
259298
259381
250245
241028
250166
240996
241029
250160
250252
259439
268842
259483
268800
259470
268788
259449
250270
241040
250281
241062
250274
241047
250279
259384
268571
268730
259324
268716
259309
259397
250252
241012
241055
250169
241042
250164
250257
213947
214041
204960
204819
214029
204954
213952
222884
232002
222823
231939
232010
222837
222876
214039
204837
213857
204933
204843
213855
214033
222891
231992
222880
232032
222865
232016
222914
213952
204857
214036
205014
214035
205005
213956
222917
231953
232039
222893
232030
222870
222939
214055
204998
204904
213889
204893
213870
214072
488448
492011
476880
480127
491963
476964
488398
497612
506714
493873
503016
506692
493841
497520
484882
474646
481291
470406
474741
481396
484811
499924
514787
503745
513415
503428
513096
500219
488620
480292
492389
477503
492092
477168
488932
497755
502946
506902
493729
506735
493777
497989
485108
470495
475142
481687
474906
481499
485402
444335
447388
434027
437048
447450
434066
444247
452560
461618
448520
458727
461707
448462
452505
440383
431693
437632
427347
431663
437571
440371
455237
469018
458482
466285
458194
465976
455480
444464
437134
447735
434193
447580
434119
444628
452632
458742
462121
448336
461871
448380
452759
440439
427301
431641
437402
431639
437487
440529
401892
405351
391654
394423
405324
391683
401886
410279
419056
406823
416235
419062
406820
410249
398216
390196
396718
387687
390208
396726
398144
412877
426646
416226
423434
416220
423464
412906
401908
394409
405219
391804
405270
391735
401944
410320
416213
419061
406829
419063
406823
410379
398301
387709
390356
396790
390270
396756
398400
361349
363194
351809
353315
363204
351824
361346
370234
377834
367873
376974
377887
367864
370195
358784
351377
358169
349205
351350
358151
358754
371414
383643
373472
381140
373433
381067
371486
361375
353348
363292
351912
363240
351862
361415
370296
377022
378065
367872
377971
367874
370368
358821
349212
351372
358158
351348
358163
358867
323036
323701
314160
314596
323783
314200
322992
332541
339661
330359
338734
339661
330332
332503
321764
314278
321376
312658
314302
321374
321750
332627
343085
333603
341673
333467
341590
332731
323114
314703
324026
314356
323900
314272
323199
332602
338724
339694
330300
339680
330344
332661
321798
312688
314408
321369
314348
321385
321832
286478
286873
277555
277681
286878
277562
286477
295861
303477
294336
302912
303469
294315
295844
285605
277827
285590
276718
277839
285575
285618
295877
305360
296284
304753
296215
304700
295931
286497
277707
286938
277613
286903
277585
286522
295905
302925
303480
294324
303477
294337
295961
285613
276724
277895
285545
277865
285582
285612
249749
250025
240904
240940
250020
240913
249754
259096
267062
257860
266680
267037
257839
259088
249021
241201
249073
240243
241211
249058
249033
259037
268357
259221
267965
259200
267962
259053
249753
240963
250028
240971
250024
240938
249757
259120
266678
267003
257800
267027
257844
259141
249014
240255
241296
249041
241249
249083
248987
213595
213814
204982
204749
213826
205006
213587
223073
230829
221882
230630
230816
221882
223029
213240
205501
213283
204611
205521
213276
213227
222808
231852
222872
231615
222849
231605
222832
213611
204806
213858
205052
213843
205061
213614
223131
230649
230806
221898
230814
221927
223171
213264
204706
205639
213241
205613
213286
213268
488466
486459
478277
474984
488507
486491
478207
504758
516113
506089
519835
504674
516399
506215
492585
481059
494499
483091
492665
480979
494567
500648
507380
497904
512372
497902
512223
500641
488421
474927
486511
478086
486469
478144
488397
504674
519830
516379
506194
516247
506199
504599
492453
483006
480762
494478
480885
494539
492339
444648
442642
435209
432450
444694
442621
435223
458411
469505
460623
471674
458509
469403
460512
447330
436900
449509
438683
447391
436875
449409
456039
463685
452843
465912
452881
465974
455998
444595
432479
442603
435249
442624
435238
444545
458324
471558
469177
460328
469287
460415
458247
447269
438646
436863
449265
436864
449331
447212
403974
402838
395063
393096
403962
402870
395110
416230
426214
417738
427968
416238
426178
417730
405962
396160
407479
397481
405977
396172
407464
414762
421959
412417
423692
412392
423695
414801
403992
393171
402987
395218
402953
395163
404016
416237
427947
426144
417773
426155
417747
416260
405962
397497
396228
407474
396196
407466
405975
364441
363655
355677
353943
364418
363656
355777
376172
385913
377399
387279
376149
385911
377397
366062
356351
367287
357381
366051
356373
367275
375210
383182
373226
384037
373167
384027
375304
364482
354076
363777
355985
363746
355887
364542
377431
376207
387273
385941
385920
377408
376251
367287
366096
357375
356425
356400
367278
366146
324999
324796
316244
314758
325065
324762
316197
336336
346167
337145
347140
336340
346198
337075
326085
316215
326836
316813
326149
316213
326758
335979
344114
334398
344754
334400
344690
336089
324916
314853
324882
316216
324852
316190
324859
337015
336347
347079
346201
346223
337039
336358
326671
326004
316810
316252
316228
326695
325966
285344
285426
277166
276475
285307
285470
277240
296420
305937
296945
306688
296387
305902
296963
286504
277231
287163
277685
286474
277285
287177
296178
304764
295223
304328
295160
304326
296247
285385
276563
285660
277436
285560
277326
285435
296463
306684
305915
297031
305893
296990
296513
286546
277736
277420
287239
277345
287203
286602
247863
248072
240028
239525
247848
248124
240117
258351
267370
258731
268072
258299
267403
258779
248871
239964
249377
240284
248831
240022
249408
258283
266340
257533
266257
257386
266216
258406
247890
239616
248316
240341
248169
240219
247934
258416
268107
267510
258897
267447
258830
258500
248930
240348
240189
249513
240098
249453
249008
211905
212486
204857
204290
211833
212596
204990
221795
230449
221962
231018
221712
230500
222030
212722
203967
212795
204218
212622
204072
212874
221985
229840
221400
229487
221258
229445
222131
211975
204460
212861
205356
212685
205204
212075
221906
231077
230659
222222
230569
222119
222038
212835
204392
204377
213074
204254
212965
212973
498410
497244
486543
485129
498527
497223
486445
512203
524997
512252
526197
512438
524801
511849
499991
487917
500351
488143
500187
487737
500093
510103
521617
509165
524649
509271
524710
509935
498282
485022
497003
486223
497115
486336
498172
511867
525616
524358
511239
524420
511489
511615
499773
487961
487398
499711
487564
499883
499588
452387
451199
441421
440200
452445
451117
441392
464488
476202
465119
476588
464571
476073
465046
453297
442279
453909
442806
453350
442261
453859
463430
473517
462047
474788
462137
474896
463351
452331
440161
450985
441346
451046
441363
452283
464405
476464
475831
464866
475948
464959
464320
453247
442786
442228
453765
442243
453805
453206
409817
408770
399581
398629
409832
408767
399565
420953
431559
421449
432068
420962
431541
421452
410582
400279
411020
400617
410579
400290
411004
420152
429464
419084
430671
419057
430673
420161
399571
409811
398636
408781
408770
399562
409819
420955
432056
431517
421465
431523
421459
420969
400361
410601
400616
410994
400315
410990
410628
368964
368312
358786
358152
369023
368288
358697
379935
390068
379994
390191
379871
390106
379981
369547
359112
369474
358694
369566
358987
369333
378459
389273
379099
379129
388474
378432
389295
368261
358448
368790
368887
358105
368276
358586
390353
380527
380149
380022
390107
390184
379923
358685
369117
369448
369510
358582
358833
369151
327616
327346
317496
317201
327686
327239
317500
337786
348474
337759
348155
337924
348318
337714
327312
317259
327255
317287
327459
317195
327223
337418
348068
337809
337854
347734
337476
348170
327139
317564
327581
327587
317184
327182
317524
348023
337546
337447
337642
348084
348187
337702
316893
326694
326877
327150
317431
317100
327259
287865
287601
278199
278021
287852
287612
278219
297507
307323
297430
307202
297505
307288
297455
287900
278288
287847
278306
287889
278307
287866
307454
297569
307167
297381
297360
307450
297587
287883
278062
287660
278296
287632
278247
287906
307174
297503
307206
297476
307242
297474
297498
287910
278327
278356
287902
278328
287883
287925
250066
249776
240747
240563
250039
249806
240777
259461
268865
259493
268906
259440
268877
259509
250212
240913
250266
241040
250188
240940
250285
259364
268537
259199
268840
259141
268801
259408
250095
240615
249888
240858
249839
240812
250137
259493
268926
268946
259566
268911
259538
259528
250238
241058
241002
250338
240965
250307
250275
213525
213352
204683
204414
213481
213426
204741
222699
231838
222793
231959
222679
231852
222807
213836
204659
213813
204958
213802
204695
213834
222566
231454
222489
231749
222405
231704
222627
213586
204572
213618
204931
213515
204872
213660
222738
231980
231915
222863
231879
222834
222784
213887
205042
204823
213905
204793
213865
213950
499149
500845
487394
488307
499269
500600
487302
509377
520527
505835
519514
509367
520803
506150
497973
485956
494875
483726
497984
485982
495151
510505
524982
512142
524579
512392
524656
510418
499056
488140
500192
487178
500372
487225
499007
509335
519531
521126
506557
520877
506349
509382
497961
483937
486058
495600
486008
495382
497999
453440
454009
442434
442919
453434
453978
442438
463273
474530
461246
472561
463180
474614
461424
452260
441268
450332
439628
452194
441305
450448
464546
476610
465026
475916
465098
475933
464544
453451
442906
453917
442467
453941
442449
453470
463353
472763
474763
461733
474687
461586
463429
452324
439708
441398
450673
441348
450561
452386
410594
411018
400172
400553
410610
410987
400208
419988
430619
418464
428971
419989
430631
418494
409454
398906
407839
397025
409459
398860
407825
421076
432161
421485
431728
421492
431720
421084
400351
410603
400569
410957
410962
400268
410643
420010
429027
430682
418575
430650
418524
420054
398801
409468
396974
407821
398820
407818
409498
368222
369123
357514
358351
368226
368996
357561
377166
388148
375498
386084
377233
388044
375536
366624
356233
365109
355046
366627
356287
365187
380183
390037
379401
379212
389800
379535
389878
369048
357755
368411
368279
358353
368885
357648
387827
375693
377093
377117
386064
387930
375600
356417
365397
366685
366641
355140
356346
365285
326355
327013
316402
316996
326332
327122
316443
335787
345952
334739
344777
335666
346021
334886
325955
316091
325026
315687
325810
316244
325164
337701
347235
336654
336620
347980
337590
347155
327183
316337
326213
326335
317162
327365
316438
346197
335153
336045
335919
344865
346103
335026
316557
325388
326261
326107
315806
316402
325288
287672
287748
278144
278251
287627
287780
278176
297007
306486
296675
306161
296920
306597
296763
287564
278051
287290
277989
287508
278093
287345
306836
297212
307090
297417
297380
306817
297266
287718
278277
287844
278250
287812
278212
287766
306809
297094
306259
296920
306706
296846
297176
287621
278031
278180
287448
278136
287399
287679
250302
250294
241083
241090
250286
250311
241102
259434
268749
259344
268625
259415
268772
259362
250284
241078
250177
241064
250264
241097
250181
259492
268906
259562
268890
259532
268861
259534
250319
241105
250358
241139
250330
241119
250345
259454
268646
268828
259399
268798
259380
259483
250296
241080
241132
250203
241115
250193
250315
213980
214047
205078
204907
213964
214075
205087
222978
232054
222919
231988
222964
232068
222936
214108
204961
213901
205058
214090
204954
213906
222959
232055
222958
232090
222935
232072
222972
213997
204979
214139
205139
214104
205148
214016
222993
231991
232090
222943
232081
222945
223001
214121
205102
204966
213900
205000
213906
214132
489721
492790
477909
481407
489316
493184
478324
498460
506922
493563
503175
498201
507119
493533
485994
475439
481972
470915
485693
475758
482221
501187
516047
505047
514359
504757
514098
501493
490093
481774
493793
479040
493504
478703
490433
498679
503298
507314
493317
507176
493416
498910
486277
471009
476344
482464
476067
482355
486525
444989
447895
434279
437453
444806
448061
434373
453056
462384
448336
458985
452906
462638
448375
440679
431670
437388
427255
440608
431718
437414
456286
470403
459517
467628
459292
467325
456530
445172
437577
448407
434558
448232
434466
445350
453202
459114
463007
448462
462849
448417
453338
440748
427268
431854
437480
431784
437444
440813
402054
405177
391887
394436
401995
405143
391976
410495
419066
406836
416172
410439
419075
406849
398574
390454
396843
387819
398491
390560
396896
413064
426867
416289
423474
416262
423464
413106
402112
394468
405087
392154
405113
392064
402167
410549
416157
419101
406845
419089
406843
410604
398654
387863
390774
397000
390667
396952
398728
361537
363351
351974
353551
361471
363418
352042
370530
378168
367892
377185
370448
378272
367903
358981
351408
358184
349146
358922
351446
358191
373771
371772
383720
381521
373680
381419
371882
363571
361613
353639
352188
363494
352115
361692
370612
377253
378475
367940
378373
367927
370694
359048
349124
351519
358257
351484
358231
359116
323367
324157
314449
315078
323288
324281
314535
332727
339703
330263
338632
332709
339701
330213
321875
314480
321380
312735
321861
314552
321358
334141
333007
343407
341983
334020
341916
333066
324488
323433
315191
314658
324394
314608
323476
332715
338605
339645
330127
339683
330181
332677
321869
312769
314688
321316
314625
321356
321838
286575
286983
277647
277825
286553
287028
277674
296089
303481
294364
302894
296029
303479
294347
285593
277933
285553
276649
285610
277967
285481
296076
305680
296559
304919
296506
304902
296093
286587
277860
287093
277689
287067
277692
286576
296141
302880
303426
294272
303465
294362
296175
285560
276665
278033
285335
278006
285450
285497
249761
250034
241003
241029
249762
250038
241021
259200
266972
257831
266542
259170
266942
257787
248946
241344
249051
240168
248971
241374
248994
259097
268404
259294
267950
259277
267970
259107
249755
241038
250039
241015
250045
241027
249735
259252
266501
266811
257753
266890
257807
259266
248912
240180
241420
248895
241402
248978
248855
213579
213858
205117
204839
213603
213852
205081
223225
230783
221928
230541
223208
230742
221876
213231
205768
213240
204699
213261
205782
213168
222835
231854
222892
231537
222905
231579
222803
213540
204872
213809
205027
213834
205107
213489
223239
230505
230609
221787
230686
221877
223243
213178
204753
205851
212984
205880
213112
213099
488325
486496
478025
474782
488359
486521
477968
504315
516167
506079
519739
504438
516191
505973
492122
480630
494385
482696
492224
480524
494292
500395
507433
497744
511925
497745
511968
500290
488281
474682
486466
477842
486501
477910
488226
504150
519422
515795
505668
515902
505804
504004
492007
482592
480304
494083
480410
494189
491897
444459
442616
435262
432458
444501
442589
435270
458113
469089
460251
471246
458178
469001
460186
447122
436865
449210
438616
447167
436859
449164
455905
463679
452764
465625
452782
465692
455880
444420
432454
442559
435272
442591
435275
444384
458058
471165
468822
460077
468908
460125
458015
447080
438618
436846
449091
436855
449125
447047
404075
403069
395284
393249
404044
403111
395353
416322
426145
417798
427953
416290
426150
417820
397588
406029
396271
407488
405999
396318
407507
414947
422050
412576
423694
412550
423695
414995
404107
393312
403217
395497
403189
395428
404145
416353
427959
426156
417859
426154
417839
416380
397617
406063
396405
407542
396366
407527
406095
364707
363913
356097
354301
364623
363990
356185
377462
387327
377495
376351
385979
376301
386025
367295
357326
367306
366264
356458
366204
356507
375576
383397
373621
384149
373588
384116
375643
364785
354438
364166
356347
364112
356268
364846
387354
377539
377521
376398
386126
386077
376438
357341
367339
367326
366328
356606
356557
366389
324896
324955
316285
315144
324850
325024
316389
336997
346981
336999
336376
346199
336362
346217
326664
316889
326676
325991
316292
325967
316357
336333
344414
334722
344927
334668
344891
336405
324957
315220
325156
316653
325094
316508
325069
346987
337056
337021
336415
346289
346250
336463
316940
326731
326701
326037
316488
316426
326100
285561
285779
277571
276973
285491
285959
277726
306760
296663
305963
297084
296580
306036
297151
286762
277509
287290
277946
286676
277614
287351
296639
305053
295770
304764
295599
304600
296830
285649
277134
286351
278105
286159
277901
285805
306815
296761
306219
297299
306122
297225
296875
286859
278027
277853
287483
277728
287415
286976
248109
248498
240493
240027
247995
248702
240679
258716
267590
258974
268287
258601
267688
259058
249203
240292
249581
240605
249097
240417
249657
258882
266993
258247
266667
258045
266483
259097
248286
240155
249009
241145
248842
240896
248514
258845
268363
267936
259253
267803
259150
258986
249331
240714
240708
249829
240557
249740
249477
212436
213044
205626
204907
212227
213235
205802
222365
230772
222345
231329
222193
230913
222477
213332
204619
213199
204885
213138
204766
213337
222745
230501
222119
230147
221905
229900
223011
212686
205132
213586
206318
213400
206135
212955
222557
231436
231268
222784
231081
222627
222760
213550
205173
205216
213647
205073
213486
213780
497899
496850
486100
484656
498034
496701
485977
511097
524029
510956
524799
511330
523965
510738
499247
487237
499545
487506
499402
487096
499411
509255
521112
508375
523534
508539
523633
509058
497765
484542
496452
485748
496565
485855
497652
510863
524466
523587
510360
523665
510521
510691
499109
487398
486865
499204
486970
499295
498996
452211
450929
441338
440121
452244
450890
441333
464186
475724
464789
476157
464248
475626
464738
453152
442219
453743
442780
453179
442217
453730
463172
473112
461790
474434
461842
474510
463123
452182
440121
450826
441330
450856
441330
452156
464136
476093
475474
464682
475543
464705
464096
453132
442794
442235
453728
442224
453725
453118
399594
398715
399629
409866
408802
409841
408827
421051
431528
421476
432100
421005
431561
421514
400434
400834
400550
410718
411012
410667
411075
420240
429497
419166
430726
419153
430711
420242
398731
399618
399633
409871
408844
408841
409859
421066
432129
431614
421496
431596
421521
421053
400814
400504
400563
410720
411053
411082
410686
287987
287705
278347
278235
287939
287760
278404
307088
307192
307123
297555
297487
297506
297573
287998
278395
287937
278450
287950
278450
287998
307249
307629
307592
297725
297590
297525
297785
288046
278299
287874
278521
287817
278463
288106
307290
307268
307191
297620
297710
297649
297693
288060
278515
278578
288147
278514
288069
288129
250237
249946
240913
240824
250186
250007
240972
259626
268993
259610
269065
259575
269044
259659
250365
241047
250377
241155
250319
241093
250418
259577
268746
259477
269050
259402
268995
259639
250292
240909
250144
241107
250073
241035
250354
259680
269118
269152
259766
269095
259709
259738
250415
241196
241203
250519
241144
250464
250472
213828
213733
205087
204949
213740
213860
205144
222896
231959
222899
232077
222838
232009
222936
214094
204942
213948
205181
214019
204958
213994
222855
231749
222946
232016
222817
231935
222945
213925
205194
214156
205391
214003
205343
214034
222968
232119
232131
223027
232066
222982
223044
214181
205321
205140
214102
205125
214044
214278
498933
500028
487143
487768
498959
499908
487121
509416
521131
506677
519907
509373
521314
506814
498104
486118
495782
484466
498043
486188
495954
510074
524345
511402
524008
511519
524026
510007
498910
487690
499741
487119
499810
487112
498904
509422
519871
521413
506993
521286
506898
509467
498161
484605
486332
496233
486260
496100
498228
453528
453908
442491
442922
453498
453912
442520
463571
474841
461866
473258
463500
474923
461987
452520
441456
450784
440013
452451
441517
450895
464577
476336
464924
475937
464926
475914
464600
453557
442937
453938
442564
453923
442546
453583
463642
473388
475082
462198
475005
462098
463708
452587
440117
441632
451098
441578
451000
452645
400462
400849
400632
410812
410969
410715
411038
420196
430739
418634
429321
420121
430813
418674
398803
396913
398819
409568
407830
409535
407820
421198
432212
421528
431833
421539
431816
421207
400832
400446
400617
410842
411053
411063
410797
420242
429398
430931
418694
430882
418693
420255
396894
398659
398768
409560
407725
407781
409521
287898
287889
278298
278414
287825
287970
278358
306920
306456
307047
297347
296982
297258
297028
287801
278229
287490
278141
287738
278282
287521
307619
307110
307029
297503
297728
297708
297582
287976
278485
288136
278504
288052
278427
288059
306470
307111
307112
297415
297050
297050
297455
287861
278167
278394
287538
278338
287538
287911
250402
250392
241162
241186
250374
250428
241182
259556
268862
259433
268696
259530
268898
259447
250356
241147
250211
241096
250338
241159
250209
259645
269082
259748
269089
259692
269025
259690
250435
241222
250518
241239
250469
241207
250474
259582
268709
268984
259468
268939
259458
259610
250374
241090
241188
250195
241170
250201
250398
214050
214178
205222
205048
214032
214219
205197
223012
232098
222941
231967
223010
232104
222931
214153
205022
213889
205072
214142
204962
213875
223019
232169
223091
232171
223055
232146
223034
214066
205166
214316
205273
214266
205300
214083
223021
231952
232121
222912
232111
222924
223024
214164
205143
204939
213842
205019
213859
214172
491020
494046
479336
482595
490740
494279
479596
499301
507240
493046
503495
499095
507322
492836
486848
476578
482480
471107
486712
476767
482493
502167
516925
505893
514891
505692
514717
502348
491267
482794
494669
480016
494484
479821
491499
499453
503334
507388
492319
507299
492532
499539
486912
471082
477016
482410
476913
482443
486910
445651
448580
434642
437951
445511
448746
434722
453553
463116
448504
459397
453457
463176
448545
440938
431919
437514
427360
440879
431983
437561
457095
471298
460238
468545
460088
468371
457211
445769
438048
449033
434862
448899
434796
445867
453635
459466
463191
448651
463198
448593
453702
440997
427401
432082
437669
432041
437601
441044
394614
402273
405067
392245
402220
405067
392333
410707
419108
406821
416079
410657
419121
406809
398856
390876
397038
387929
398798
390966
397062
413198
427090
416263
423546
416280
423515
413229
394668
402326
405096
392483
405078
392414
402380
410754
416017
419128
406776
419130
406780
410799
398913
387921
391106
397066
391044
397071
398965
363653
353912
363732
361857
352263
361774
352328
370847
378576
367961
377414
370775
378674
367945
359281
351551
358325
348938
359194
351579
358375
383996
374119
374050
372192
381902
381825
372271
353983
363844
363797
361936
352439
352387
362008
370903
377468
378846
367900
378767
367922
370937
359378
348886
351638
358484
351606
358460
359470
324560
315410
324607
323486
314681
323494
314673
332505
339589
330096
338475
332605
339520
330045
321675
314738
321296
312653
321774
314746
321229
343801
334427
334396
333113
342165
342121
333086
315424
324595
324616
323449
314546
314626
323393
332392
338452
339386
329948
339446
330006
332290
321546
312562
314495
321086
314661
321180
321390
286480
287102
277672
277906
286545
287091
277625
296118
303353
294167
302663
296176
303237
293990
285278
278060
285248
276362
285402
278055
285076
305769
295963
296557
304741
296591
304820
295864
286394
277895
287003
277438
287057
277547
286288
295971
302613
302874
293816
303074
293932
295771
285114
276200
277794
284790
277978
284956
284905
249634
250021
240985
241001
249696
249989
240931
259253
266709
257741
266147
259269
266575
257617
248669
241435
248843
240031
248777
241435
248722
258974
268370
259251
267675
259276
267774
258881
249551
240970
249889
240754
249943
240854
249453
259204
266016
266189
257322
266404
257476
259057
248527
239957
241301
248473
241411
248622
248341
213345
213777
205039
204756
213424
213742
204909
223189
230507
221721
230198
223239
230367
221531
212857
205945
212887
204375
213000
205765
212721
222603
231704
222799
231225
222828
231316
222506
213259
204780
213660
204725
213702
204892
213172
223050
230099
229975
221320
230187
221442
222859
212683
204334
205386
212424
205660
212584
212486
488055
486376
477770
474335
488146
486272
477690
503613
515384
505461
518762
503793
515250
505297
491656
480191
493960
482295
491777
480073
493837
499876
507540
497227
511397
497341
511433
499752
487963
474227
486054
477558
486157
477621
487880
503407
518376
514800
504939
514926
505100
503244
491528
482191
479878
493595
479965
493709
491416
444324
442544
435265
432396
444353
442502
435255
457928
468752
460033
470940
457968
468681
459992
446986
436833
449061
438608
447018
436815
449033
455791
463614
452732
465432
452758
465471
455757
444295
432378
442433
435223
442474
435242
444271
457886
470872
468553
459910
468614
459953
457840
446961
438584
436768
448976
436792
449007
446933
404211
403254
395552
393323
404183
403244
395587
416425
426161
417876
427962
416406
426168
417882
406131
396428
407550
397661
406119
396435
407547
415093
422153
412645
423689
412643
423689
415102
404221
393328
403222
395609
403240
395606
404224
416431
427958
426178
417870
426175
417880
416425
406132
397656
396413
407519
396429
407537
406123
364899
364218
356411
354711
364885
364232
356450
377548
376476
386165
387386
376467
386188
377546
367332
366448
356637
357384
366432
356648
367327
375705
383502
373669
384201
373633
384196
375706
364890
354692
364216
356468
364223
356465
364874
376468
387376
386186
377515
386194
377534
376446
366435
357383
356641
367312
356645
367325
366405
325323
325188
316818
315443
325183
325251
317015
337095
336603
346324
347046
336529
346354
337137
326770
326339
316558
317093
326211
316652
326833
336568
344572
335119
345044
334976
344998
336636
325483
315528
325442
317219
325343
317157
325621
336654
347058
346425
337210
346379
337175
336701
326447
317172
316897
326992
316797
326926
326543
286264
286505
278334
277620
286014
286651
278578
297136
306337
297377
306978
297000
306482
297466
287256
277985
287554
278309
287109
278120
287630
297532
305671
296447
305657
296284
305456
297730
286512
277727
286905
278987
286764
278812
286715
297273
307060
306810
297666
306664
297563
297404
287420
278415
278359
287838
278248
287713
287559
249035
249171
241410
240569
248773
249319
241658
259290
268087
259364
268631
259136
268252
259480
249814
240863
249924
241094
249632
241019
250035
259839
267720
258844
267604
258731
267406
259977
249236
240671
249530
241941
249435
241823
249383
259425
268742
268580
259690
268435
259592
259538
249960
241214
241232
250265
241146
250166
250077
213431
213758
206659
205502
213211
213917
206770
223122
231460
222947
231829
222971
231648
223067
214147
205488
213820
205528
213990
205471
213932
223764
231156
222799
230973
222693
230849
223859
213588
205646
214096
206984
214031
206995
213665
223229
231952
231929
223197
231805
223161
223284
214252
205694
205561
214007
205626
214003
214313
497476
496339
485661
484246
497551
496234
485591
510429
523316
510205
524057
510530
523264
510110
498832
486782
499130
487215
498900
486722
499084
508594
520450
507773
522757
507896
522859
508510
497416
484170
496052
485495
496136
485537
497375
510345
523898
523044
509998
523087
510035
510298
498783
487193
486652
499051
486680
499058
498753
452122
450797
441336
440113
452136
450772
441342
464048
475423
464672
475993
464066
475389
464672
453115
442250
453738
442820
453113
442261
453751
463020
472838
461630
474257
461662
474284
463002
452112
440105
450730
441333
450750
441344
452103
464039
475992
475363
464692
475370
464681
464037
453119
442814
442253
453759
442262
453759
453121
399609
409833
408840
398728
409845
408831
399595
421004
431616
421469
432119
421031
431615
421439
400439
410614
411026
400664
410650
400367
410995
420206
429504
419143
430706
419160
430722
420184
409816
398710
408789
399527
408815
399570
409787
420972
432078
431553
421361
431583
421404
420938
410573
400584
400205
410895
400290
410955
410521
368096
358230
368521
368534
357886
368076
358246
390357
380360
379925
379737
390030
390149
379401
358405
368695
369027
368967
358215
358420
368622
378929
388485
378335
389186
378375
389217
378906
368542
357884
368055
358255
368061
358257
368543
379597
389976
389862
379414
389995
379455
379471
368916
358253
358406
368722
358418
368694
368875
327222
317790
327716
327740
317410
327278
317810
347858
337498
337478
337642
347863
347951
337728
317196
326852
327081
327401
318175
317487
327671
337855
347594
337556
347997
337528
347988
337857
327754
317458
327401
317814
327348
317816
327768
337741
347935
348043
337812
348008
337770
337805
327546
317911
317706
327711
317615
327647
327654
288245
287934
278585
278502
288174
287997
278653
307479
297922
297861
307774
297811
307648
298003
288301
278654
288254
278768
288215
278735
288360
297993
307475
297881
307857
297805
307814
298052
288312
278579
288153
278790
288067
278720
288378
298009
307874
307836
298125
307766
298094
298071
288378
278844
278865
288481
278808
288445
288436
250497
250223
241185
241213
250421
250310
241278
259869
269217
259829
269344
259801
269289
259898
250605
241267
250578
241357
250535
241338
250643
259862
269021
259823
269322
259739
269251
259934
250586
241313
250497
241429
250414
241367
250658
259941
269420
269418
260012
269360
259969
260005
250680
241425
241486
250746
241425
250705
250737
214233
214302
205612
205457
214151
214415
205588
223229
232202
223087
232284
223142
232281
223156
214470
205351
214181
205476
214385
205287
214242
223227
232182
223332
232338
223296
232285
223257
214289
205576
214533
205666
214489
205755
214294
223306
232346
232416
223262
232360
223226
223349
214537
205634
205348
214297
205433
214292
214593
498929
499689
487139
487594
498907
499665
487170
509559
521364
507060
520068
509494
521495
507145
498364
486402
496344
484919
498293
486468
496446
509884
523998
511186
523780
511192
523746
509896
498959
487596
499669
487234
499658
487204
498998
509611
520063
521588
507270
521488
507206
509676
498428
484981
486568
496590
486525
496528
498485
453615
453952
442572
442945
453603
453961
442571
463806
475149
462284
473672
463763
475204
462354
452721
441677
451184
440330
452691
441710
451253
464670
476333
464976
476062
464964
476035
464683
453620
442932
453960
442532
453964
442557
453616
463835
473724
475277
462419
475247
462402
463850
452733
440344
441693
451294
441718
451293
452728
400289
410653
411038
400575
410728
411005
400152
420213
430961
418684
429481
420244
430974
418660
398569
409435
407674
396853
409478
398515
407639
421123
432132
421395
431706
421453
431777
421042
410570
400472
410883
399900
410957
400024
410471
420162
429438
430866
418568
430940
418621
420088
409386
396860
398493
407627
398493
407624
409326
368821
357857
368446
368248
358216
368565
357748
387675
375974
377167
377189
386215
387687
375958
356644
365637
366856
366847
355525
356624
365622
378767
389725
379106
389237
379159
389341
378628
368115
358175
368544
357609
368564
357667
368038
377209
386218
387725
375929
387706
375943
377220
366841
355518
356594
365595
356605
365609
366840
327380
316713
326602
326828
317909
327793
316973
346510
335517
336477
336465
345384
346492
335528
316906
325626
326643
326597
316082
316858
325651
337104
347917
337696
347318
337752
347337
337116
326955
317716
327612
317155
327649
317088
327028
336446
345376
346453
335525
346469
335525
336429
326557
316067
316752
325649
316803
325654
326527
288232
288252
278588
278758
288152
288367
278662
307117
297493
297034
306420
297489
307098
296991
287975
278446
287524
278173
287957
278481
287484
297780
307756
298038
307433
298053
307420
297772
288228
278832
288429
278673
288442
278684
288213
297456
306392
307041
296915
307070
296948
297418
287934
278114
278412
287401
278448
287439
287900
250571
250570
241274
241365
250519
250629
241314
259692
269034
259478
268718
259648
269075
259490
250464
241205
250189
241082
250428
241226
250184
259833
269406
259961
269239
259942
269241
259831
250598
241418
250705
241360
250679
241349
250604
259679
268676
269023
259418
269048
259448
259660
250458
241070
241227
250150
241237
250173
250435
214145
214378
205439
205253
214113
214442
205386
223045
232131
222905
231905
223037
232135
222881
214204
205079
213829
205118
214185
205004
213822
223133
232351
223301
232264
223264
232254
223150
214183
205399
214559
205483
214505
205548
214183
223071
231900
232138
222878
232147
222883
223079
214242
205239
205031
213818
205133
213827
214278
491851
494828
480169
483226
491698
494967
480282
499466
507332
492064
502762
499512
507423
491954
486769
477088
482363
470990
486852
477134
482358
502753
517488
506512
515417
506389
515225
502847
491956
483313
495155
480373
495078
480351
491997
499392
502397
507485
491824
507460
491856
499341
486677
470967
477161
482366
477158
482357
486633
446010
449135
434915
438222
445949
449207
434961
453795
463173
448713
459633
453752
463174
448773
441114
432130
437736
427642
441084
432179
437814
457383
471794
460541
468756
460528
468756
457399
446045
438241
449245
435066
449246
435010
446070
453833
459695
463226
448945
463194
448850
453872
441159
427761
432336
438046
432250
437910
441219
402502
405123
392544
394821
402438
405165
392600
410916
419153
406777
416087
410852
419200
406816
399082
391152
397060
387795
399022
391175
397057
413394
427060
416346
423770
416290
423676
413488
402578
394873
405294
392704
405223
392651
402672
410991
416205
419369
406996
419268
406889
411085
399154
387709
391174
397209
391183
397112
399231
363884
362119
352502
354117
362073
363922
352566
370910
378890
367947
377552
370941
378898
367973
359526
351666
358498
348845
359529
351671
358463
372377
384211
374273
382104
374261
382060
372370
362145
354158
363966
352604
363949
352604
362153
370850
377530
378876
367951
378889
367985
370784
359488
348879
351573
358310
351636
358419
359427
324574
323312
314454
315323
323340
324584
314366
332215
339381
329922
338416
332236
339416
329882
321075
314298
321018
312249
321223
314148
320900
333086
343966
334429
342356
334418
342311
333104
323297
315280
324559
314260
324575
314303
323292
332208
338444
339566
329824
339483
329868
332186
321024
312162
313925
320733
314039
320826
321030
286074
286936
277320
277746
286179
286865
277188
295399
302669
293775
302360
295556
302511
293655
284442
277563
284686
275670
284671
277333
284529
295586
305547
296303
304503
296350
304533
295520
285998
277676
286746
276997
286799
277075
285951
295212
302318
302408
293450
302420
293583
295081
284302
275595
276960
284272
277115
284444
284240
249243
249827
240643
240858
249347
249768
240537
258642
265944
257232
265596
258842
265701
257114
247889
241120
248361
239592
248122
240927
248204
258603
268142
259050
267371
259112
267411
258522
249185
240827
249701
240409
249736
240467
249140
258500
265518
265496
256991
265558
257089
258348
247713
239506
240659
247949
240776
248084
247616
213054
213627
204751
204607
213103
213598
204594
222519
229748
221259
229788
222658
229566
221157
212212
205342
212338
204016
212315
205153
212216
222319
231533
222692
231033
222702
231037
222275
213038
204665
213617
204596
213595
204684
213045
222458
229753
229480
221114
229490
221164
222458
212172
204070
205105
212049
205215
212142
212193
487756
485975
477509
473999
487811
485885
477470
502945
514476
504761
517673
503069
514351
504627
491231
479805
493489
481944
491314
479741
493405
499400
507445
496451
511087
496828
510973
499333
487713
473979
485461
477375
485812
477427
487680
502838
517317
514220
504548
514045
504541
502806
491160
481889
479636
493344
479683
493348
491113
444243
442369
435196
432284
444252
442370
435159
457755
468501
459855
470686
457795
468459
459802
446884
436746
448936
438509
446910
436716
448897
455653
463393
452531
465390
452655
465381
455643
444248
432169
442222
435068
442296
435100
444274
457718
470643
468411
459737
468422
459754
457703
446856
438457
436634
448856
436664
448864
446855
404242
403213
395605
393288
404236
403190
395593
416382
426172
417852
427910
416408
426153
417824
406098
396398
407493
397581
406112
396381
407467
415019
422137
412368
423676
412542
423672
414966
404235
393270
403003
395543
403139
395562
404211
416343
427870
426093
417737
426121
417782
416303
406078
397551
396352
407427
396361
407440
406070
364778
364153
356454
354608
364840
364152
356399
376397
386173
377496
387319
376420
386150
377475
366308
356617
367284
357347
366363
356572
367256
375645
383435
373636
384213
373688
384196
375626
364744
354508
363986
356331
364041
356359
364752
376378
387294
386098
377424
386115
377447
376374
366257
357325
356568
367214
356555
367227
366245
325652
325462
317270
315840
325671
325534
317318
336758
346484
337240
347112
336736
346471
337268
326693
316963
327042
317357
326635
317008
327110
336724
344634
335186
345064
335214
345019
336701
325668
315907
325588
317387
325552
317361
325727
336770
347109
346442
337270
346437
337269
336795
326699
317398
317102
327161
317043
327138
326718
286892
286994
279076
277918
286849
287076
279051
297566
306937
297750
307336
297502
307037
297810
287752
278440
287931
278656
287660
278484
287999
297790
306014
296614
306013
296588
305973
297760
286904
277808
287031
278924
287050
278975
286932
297582
307397
307098
297880
307074
297852
297613
287765
278686
278476
288098
278466
288059
287775
249430
249604
241962
240863
249432
249732
241931
259663
268693
259769
269016
259622
268774
259809
250190
241266
250340
241361
250175
241242
250388
260004
267958
258985
267819
258981
267794
259975
249445
240837
249791
241833
249787
241862
249476
259646
269047
268764
259828
268774
259825
259647
250170
241364
241228
250415
241224
250404
250169
213690
214124
207095
205615
213699
214167
207057
223247
231989
223203
232083
223294
231977
223205
214262
205609
214005
205595
214310
205505
214010
223751
231432
222853
231072
222849
231062
223664
213668
205579
214125
206774
214140
207021
213663
223197
232088
231909
223198
231936
223210
223179
214204
205597
205207
214028
205433
214023
214175
497319
495978
485460
483994
497343
495917
485428
510224
522897
509966
523688
510255
522810
509944
498720
486631
499053
487174
498733
486613
499059
508355
519740
507471
522390
507479
522183
508399
497307
483954
495858
485429
495867
485413
497329
510206
523563
522877
510024
522651
509954
510237
498718
487184
486637
499122
486610
499075
498745
452062
450703
441310
440017
452089
450660
441264
464025
475361
464698
476027
464034
475358
464691
453092
442232
453750
442727
453115
442188
453724
462942
472685
461505
474210
461516
474202
462942
452027
439966
450610
441191
450620
441216
452018
464015
476036
475377
464697
475359
464684
464025
453063
442661
442111
453687
442131
453692
453054
409700
408755
399467
398581
409747
408717
399406
420858
431526
421308
431949
420903
431488
421244
410390
400110
410817
400304
410458
400020
410733
420066
429386
418979
430537
419036
430581
420009
409653
398541
408655
399333
408679
399359
409619
420799
431878
431376
421128
431419
421176
420742
410330
400225
399915
410618
399951
410660
410288
368536
368039
358251
357852
368545
368018
358243
379301
389756
379412
389824
379375
389674
379392
368833
358401
368788
358385
368860
358398
368834
378826
388321
378210
389056
378235
389075
378799
368519
357839
367973
358215
367993
358226
368501
379241
389773
389575
379326
389609
379358
379203
368805
358394
358372
368845
358384
368845
368783
327784
327440
317820
317600
327780
327470
317825
337861
348063
337842
348066
337848
348068
337853
327764
317766
327759
317854
327728
317801
327777
337847
347626
337586
347976
337587
347988
337839
327788
317633
327518
317850
327499
317839
327790
337860
348070
348055
337869
348061
337864
337859
327780
317851
317841
327801
317824
327793
327794
288468
288219
278839
278773
288427
288272
278879
298152
307887
298140
307946
298117
307925
298155
288519
278902
288505
278939
288480
278931
288531
298168
307728
298063
307973
298031
307953
298193
288510
278812
288366
278955
288328
278921
288543
298182
307957
307974
298184
307951
298170
298206
288554
278961
279002
288574
278968
288553
288585
250741
250559
241465
241439
250709
250603
241485
260079
269456
260032
269491
260047
269486
260048
250800
241523
250773
241520
250777
241543
250787
260040
269284
259950
269474
259943
269453
260045
250755
241451
250626
241505
250620
241499
250760
260091
269509
269536
260065
269515
260061
260095
250808
241523
241555
250790
241551
250789
250812
214335
214555
205772
205551
214315
214548
205712
223393
232448
223292
232429
223387
232463
223301
214618
205499
214324
205614
214618
205465
214345
223304
232307
223344
232400
223354
232394
223302
214349
205561
214514
205521
214529
205716
214351
223393
232436
232468
223306
232468
223308
223387
214612
205618
205305
214352
205486
214355
214602
499057
499683
487251
487612
499032
499697
487253
509729
521561
507300
520212
509712
521582
507309
498545
486591
496624
485014
498524
486592
496631
509896
523741
511208
523837
511167
523593
509950
499081
487621
499756
487306
499713
487264
499133
509733
520144
521765
507391
521491
507321
509781
498564
485007
486640
496701
486598
496641
498613
453572
453947
442497
442838
453603
453917
442445
463832
475293
462399
473732
463851
475292
462350
452667
441636
451249
440119
452707
441550
451165
464648
476381
464955
476111
464945
476084
464659
453533
442771
453864
442388
453879
442393
453528
463813
473717
475322
462293
475292
462304
463828
452631
439995
441428
451043
441459
451080
452631
410234
410788
399782
400172
410356
410683
399671
419879
430780
418502
429201
419993
430664
418424
409176
398494
407633
396932
409254
398462
407600
420713
431916
421102
431451
421152
431485
420657
410129
400086
410545
399521
410593
399577
410073
419773
429085
430502
418292
430552
418340
419721
409097
396921
398387
407529
398421
407555
409052
368013
368553
357584
358135
368008
368582
357570
377258
387750
375914
386275
377236
387776
375896
366843
356588
365578
355474
366842
356575
365558
378516
389565
379050
388986
379080
389033
378470
367998
358121
368561
357548
368572
357569
367972
377259
386271
387763
375869
387775
375879
377247
366843
355436
356549
365531
356562
365542
366836
327085
327591
317186
317617
327072
327564
317183
336396
346442
335520
345357
336413
346427
335504
326470
316713
325635
315983
326499
316668
325616
337142
347814
337617
347292
337625
347299
337142
327091
317586
327540
317168
327545
317171
327099
336384
345345
346407
335478
346415
335485
336378
326451
315953
316620
325613
316632
325609
326450
288183
288427
278665
278845
288205
288420
278645
297336
307005
296866
306293
297383
306960
296803
287809
278380
287361
277968
287862
278334
287319
297709
307733
297996
307399
297992
307401
297711
288156
278842
288422
278635
288409
278626
288164
297291
306275
306913
296783
306916
296782
297290
287786
277959
278318
287306
278318
287309
287788
250564
250710
241352
241463
250585
250705
241336
259593
268989
259381
268580
259632
268947
259343
250375
241195
250114
240987
250406
241173
250096
259794
269407
259954
269206
259956
269202
259783
250545
241458
250692
241318
250698
241325
250535
259579
268578
268933
259330
268940
259334
259568
250359
240980
241155
250088
241160
250090
250349
214219
214583
205606
205428
214203
214581
205545
223077
232117
222869
231863
223083
232111
222858
214288
205175
213828
205211
214291
205138
213829
223163
232403
223318
232258
223327
232261
223156
214222
205451
214552
205340
214570
205545
214209
223071
231862
232106
222847
232110
222856
223058
214276
205214
204972
213815
205163
213828
214254
491910
495180
480352
483284
491977
495153
480285
499391
507445
491825
502614
499331
507505
491814
486726
477152
482390
471012
486649
477136
482337
502783
517684
506593
515959
506575
515620
502753
491797
483218
495118
480182
495109
480208
491740
499479
503242
507917
492207
507611
492105
499534
486873
471151
477120
482417
477122
482424
486949
446047
449198
435129
438126
446080
449097
435194
454001
463277
449061
459797
453927
463362
449170
441386
432431
438216
428178
441299
432550
438402
457338
471638
460259
468577
460302
468622
457313
445990
438047
448948
435252
448989
435239
445954
454074
459834
463526
449461
463498
449320
454119
441469
428332
432680
438815
432635
438627
441516
402935
405391
392759
395068
402791
405502
392803
411341
419510
407181
416805
411200
419671
407393
399432
391167
397411
387773
399321
391228
397482
413814
427031
416382
424237
416395
424215
413855
403096
395092
405538
392905
405532
392869
403126
411474
417113
419967
407899
419862
407718
411559
399575
387965
391332
397672
391299
397631
399674
362149
363966
352574
354140
362150
363957
352520
370810
378874
367937
377376
370768
378887
367887
359351
351532
358189
348917
359378
351553
358078
372347
384377
374238
382248
374238
382248
372346
362177
354101
363959
352556
363955
352546
362170
370825
377347
378900
367994
378930
367929
370795
359373
348958
351536
358178
351559
358092
359339
323314
324542
314218
315173
323291
324533
314166
332153
339636
329829
338601
332146
339678
329847
321130
313859
320707
311902
321076
313855
320666
333095
343996
334384
342493
334387
342499
333103
323395
315153
324560
314209
324551
314190
323410
332190
338720
339742
330085
339719
329989
332197
321198
311974
313860
320747
313862
320755
321269
285950
286707
276928
277550
285933
286686
276931
295066
302436
293399
302188
295053
302452
293301
284220
276915
284246
275332
284225
276916
284133
295467
305444
296171
304529
296183
304541
295453
285969
277544
286686
276978
286684
276964
285968
295065
302177
302480
293343
302497
293302
295048
284272
275336
276911
284093
276917
284066
284279
249175
249671
240358
240748
249133
249664
240373
258324
265511
256938
265387
258291
265559
256859
247656
240608
247873
239277
247599
240616
247771
258501
268057
258980
267447
258987
267432
258519
249222
240746
249678
240432
249667
240412
249237
258358
265517
265665
256972
265630
256917
258370
247754
239288
240624
247832
240626
247842
247848
213092
213633
204755
204710
213083
213631
204747
222480
229518
221072
229711
222461
229560
221025
212307
205202
212080
203759
212256
205145
212044
222339
231517
222660
231142
222675
231137
222337
213096
204756
213619
204603
213625
204792
213097
222492
229766
229645
221090
229629
221057
222470
212337
203755
204953
212066
205138
212018
212346
)
;

boundaryField
{
    inlet
    {
        type            zeroGradient;
    }
    outlet
    {
        type            fixedValue;
        value           uniform 0;
    }
    seabed
    {
        type            zeroGradient;
    }
    top
    {
        type            zeroGradient;
    }
    side1
    {
        type            zeroGradient;
    }
    side2
    {
        type            zeroGradient;
    }
    submarine
    {
        type            zeroGradient;
    }
}


// ************************************************************************* //
