/*--------------------------------*- C++ -*----------------------------------*\
  =========                 |
  \\      /  F ield         | OpenFOAM: The Open Source CFD Toolbox
   \\    /   O peration     | Website:  https://openfoam.org
    \\  /    A nd           | Version:  10
     \\/     M anipulation  |
\*---------------------------------------------------------------------------*/
FoamFile
{
    format      ascii;
    class       volScalarField;
    location    "7.7";
    object      p;
}
// * * * * * * * * * * * * * * * * * * * * * * * * * * * * * * * * * * * * * //

dimensions      [0 2 -2 0 0 0 0];

internalField   nonuniform List<scalar> 
12920
(
232136
431290
412791
441768
408975
414629
385127
378882
357740
342857
320270
299442
273142
246298
216146
184838
151543
116792
80114.5
37036.7
372993
484596
411768
446196
399782
413410
382586
380449
358973
344878
322245
301136
275091
248403
217934
186296
152624
117661
80654.9
37313.7
347441
455091
411670
429570
409175
419708
397274
390466
368935
352650
329047
306667
280901
253246
221921
189418
154911
119033
81653.1
37617.3
353466
429334
411428
452748
398447
422339
396678
395966
376051
361761
338631
315556
287995
259129
227019
193402
157824
120944
82864.8
38107.5
385442
397320
418042
453251
436342
448158
430296
424387
402382
383558
356997
330345
299337
268280
234579
199228
162094
123708
84479.1
38653.3
84985.5
320585
375885
460052
443470
473241
453799
448293
426588
405491
377808
348199
314787
279957
243012
205261
166601
126821
86301.5
39395.8
197818
379971
416523
497621
497400
513093
495479
486371
460182
434459
401831
367924
330474
291611
251705
211921
171773
130530
88468.7
40579.9
165098
449893
488261
563290
548120
566949
534917
519761
494433
464485
429659
391794
351388
310037
259915
218133
176707
134093
90466.3
41532.8
105245
583657
574961
638339
623316
619081
592675
564155
532477
496110
457072
415210
371326
326341
275749
224641
182098
137866
92640
42415.6
709295
786558
739174
761500
719931
694308
655734
616619
574804
531483
486363
440149
392411
342889
288442
233455
188516
142146
95104.3
43253.4
1.28997e+06
1.08314e+06
924203
923743
826824
786519
728980
674889
622452
571303
520179
468025
414523
360363
302749
244269
196398
147498
98130.4
44313.2
1.42403e+06
1.25236e+06
1.05719e+06
1.03646e+06
925076
869248
799137
734460
672315
611816
552904
494695
437136
379908
318926
257303
205727
153631
101413
45589.9
1.53199e+06
1.38586e+06
1.19916e+06
1.14555e+06
1.02168e+06
950468
867221
792587
720046
650173
583826
520081
458171
397902
329457
271663
215888
160565
105490
47368.9
1.73312e+06
1.52872e+06
1.30373e+06
1.24667e+06
1.11547e+06
1.02504e+06
928609
844728
760284
685243
611218
542510
474691
410413
345929
284940
225704
167272
109343
48876
1.87626e+06
1.65407e+06
1.46802e+06
1.36286e+06
1.20546e+06
1.09974e+06
990622
895106
803922
719691
640848
566861
495387
427375
360927
297209
234925
173672
113071
50224.9
1.9771e+06
1.81051e+06
1.57294e+06
1.44374e+06
1.28855e+06
1.16868e+06
1.0482e+06
945093
844903
755914
669167
590500
514460
443272
373910
307685
242818
179211
116238
51546.6
1.96362e+06
1.96846e+06
1.64033e+06
1.50484e+06
1.32923e+06
1.20877e+06
1.08382e+06
978856
874916
781584
692635
610132
531350
456983
385040
316341
249427
183819
118951
52634.4
2.28116e+06
2.09935e+06
1.679e+06
1.56594e+06
1.3771e+06
1.25423e+06
1.12211e+06
1.01053e+06
902296
805540
711848
626677
544915
468480
394439
323864
254859
187601
121209
53399.9
2.06554e+06
2.06763e+06
1.70418e+06
1.5867e+06
1.40206e+06
1.27473e+06
1.14051e+06
1.0267e+06
916203
817610
722363
636184
552939
475353
400091
328351
258267
189939
122522
53772
2.17265e+06
2.06972e+06
1.7362e+06
1.62322e+06
1.4234e+06
1.29061e+06
1.15147e+06
1.03488e+06
922791
823063
727595
641204
557953
479106
403004
330629
259944
191220
123175
54003.2
320639
436024
416934
443166
409057
414346
385032
378706
357573
342843
320228
299450
273228
246438
216204
184876
151560
116834
80203.2
37228.2
423825
489330
407081
447128
400172
413452
382500
380498
358732
344889
322380
301396
275301
248401
217912
186277
152618
117702
80754.7
37400
292666
448787
409917
429043
409108
419889
397414
390958
369236
353000
329189
306878
280880
253258
221930
189400
154914
119097
81790.2
37774.2
357829
408401
408480
452038
397660
421744
396183
396315
376225
362277
338836
315604
288104
259238
227064
193420
157853
121018
83013.8
38327.1
306225
384838
414016
451158
435822
447964
430068
424324
402367
383679
357064
330424
299512
268588
234658
199268
162116
123743
84588.4
38950.6
131678
311872
368849
457710
441669
472067
452817
448012
426143
405485
377775
348270
314803
279876
242997
205308
166591
126832
86506.8
39668.6
62213.2
353805
410781
495079
496063
513489
495864
486653
460383
434546
402005
368126
330345
291491
251652
211882
171773
130533
88557.4
40661
270002
449345
488894
562875
548062
567584
535150
520128
494813
464769
429778
391938
351578
309952
259681
218042
176753
134203
90544.6
41561.7
225531
585381
579074
640233
624833
620269
594430
564500
532495
496247
457103
415115
371338
326425
275215
224578
182125
137973
92768.8
42438.2
588214
778005
734139
762542
720508
695175
656106
616557
574682
531242
486180
439967
392254
342736
287817
233296
188506
142202
95175.6
43331.7
1.26038e+06
1.06962e+06
926705
922706
825926
786283
729159
674723
622480
571252
520185
468081
414602
360181
302103
244144
196389
147530
98098.5
44394.4
1.16412e+06
1.20993e+06
1.05143e+06
1.03823e+06
922401
868037
798054
734044
672408
611836
552739
494270
436815
379834
318276
257114
205644
153656
101512
45713.6
1.54215e+06
1.38887e+06
1.19445e+06
1.14551e+06
1.02015e+06
950828
866776
792136
719195
650105
583505
519962
458006
397700
329209
271517
215820
160574
105577
47361.9
1.60558e+06
1.51141e+06
1.30202e+06
1.24593e+06
1.11427e+06
1.02528e+06
928451
844440
760409
685186
611072
542337
474620
410303
345840
284910
225694
167294
109394
48872.6
1.84615e+06
1.6575e+06
1.46213e+06
1.35998e+06
1.20338e+06
1.09932e+06
990016
894844
803954
719948
640937
566810
495391
427320
360890
297182
234927
173693
113076
50235.4
1.91131e+06
1.79214e+06
1.56722e+06
1.43877e+06
1.28414e+06
1.16585e+06
1.04736e+06
944683
844803
755617
669227
590637
514588
443320
373922
307668
242796
179207
116234
51550.1
2.01062e+06
1.98776e+06
1.64037e+06
1.50502e+06
1.32733e+06
1.20898e+06
1.08389e+06
978413
874394
781200
692211
610127
531293
456976
385112
316445
249440
183840
118964
52596.7
2.14209e+06
2.08864e+06
1.67128e+06
1.56603e+06
1.37599e+06
1.25351e+06
1.12091e+06
1.00971e+06
901661
804868
711383
626529
544771
468335
394265
323690
254756
187531
121139
53341.2
2.05083e+06
2.03188e+06
1.69855e+06
1.58833e+06
1.40087e+06
1.2744e+06
1.14019e+06
1.02666e+06
915692
817258
722312
636051
552937
475210
400005
328311
258284
189966
122500
53732.3
2.17908e+06
2.06421e+06
1.73323e+06
1.62332e+06
1.42328e+06
1.29076e+06
1.15109e+06
1.03455e+06
922234
822687
727396
641073
557627
479046
402969
330615
259929
191194
123174
54016.4
264844
443022
414693
441936
408429
413737
384967
379220
357539
342935
320414
299654
273340
246573
216272
184929
151593
116905
80324.8
37359.2
506356
494401
410235
445188
398966
413591
382650
380998
358750
345156
322586
301681
275466
248464
217929
186303
152631
117782
80924.2
37499.9
348294
452663
413304
431346
409980
420046
397333
391407
369339
353416
329296
307128
280895
253282
221965
189432
154972
119251
82031
38052.2
365111
414755
414607
453752
396832
421586
395826
396943
376514
362854
339062
315834
288319
259389
227137
193496
158001
121199
83279.3
38621.7
204818
368203
411499
448966
435123
447650
429738
424397
402259
383875
357040
330531
299897
268883
234719
199287
162176
123866
84888
39237.4
20561.3
314354
377241
456626
440235
471619
452086
448206
426062
405752
377988
348518
315003
279899
242985
205290
166618
126976
86738
39901.4
8679.51
348687
414720
494595
494867
514417
496210
487083
460708
434813
402348
368465
330146
291376
251512
211787
171788
130654
88756.5
40755.1
411509
471684
492993
567028
549064
568703
535585
520801
495106
465069
429946
392111
351617
309773
259298
217947
176840
134371
90730.9
41594.6
273470
602744
577167
643405
627414
622133
596278
565053
532633
496460
457112
415228
371502
326393
274538
224476
182180
138149
92961.3
42485.4
527161
769778
730824
766015
722830
697347
657181
616430
574470
530940
485754
440043
392358
342370
287156
233003
188488
142297
95346.7
43438.1
1.2987e+06
1.07057e+06
926038
926694
828334
784455
729174
674351
622559
568311
520094
468346
414344
359929
301292
243777
196310
147590
98230.8
44516.4
1.2778e+06
1.21451e+06
1.05593e+06
1.04053e+06
920222
866149
796771
732907
672054
611356
551922
493799
436562
379553
317332
256724
205557
153723
101578
45834.5
1.38639e+06
1.39135e+06
1.18432e+06
1.14432e+06
1.01781e+06
951192
866128
790669
717679
649145
583071
519706
457767
397294
328674
271259
215664
160592
105636
47353.4
1.54688e+06
1.51778e+06
1.30286e+06
1.24617e+06
1.11282e+06
1.02576e+06
927718
844314
760266
684892
610831
542090
474461
410103
345673
284821
225646
167324
109476
48853.3
1.72179e+06
1.65927e+06
1.45709e+06
1.35738e+06
1.20089e+06
1.09894e+06
989379
894734
803895
720030
640865
566686
495317
427196
360803
297107
234907
173725
113090
50210.7
1.86661e+06
1.82777e+06
1.56295e+06
1.43815e+06
1.28056e+06
1.16449e+06
1.04594e+06
944404
844547
755611
669226
590655
514554
443320
373877
307610
242767
179219
116250
51520.5
2.16602e+06
2.00685e+06
1.63586e+06
1.50558e+06
1.32547e+06
1.20873e+06
1.0832e+06
977962
874071
781176
692047
610080
531192
457015
385124
316477
249451
183865
118961
52478.1
2.26026e+06
2.14698e+06
1.67724e+06
1.56784e+06
1.37312e+06
1.2522e+06
1.11925e+06
1.00871e+06
900489
803984
710932
626378
544595
468254
394187
323666
254764
187556
121095
53227.5
2.11557e+06
2.05396e+06
1.72114e+06
1.59045e+06
1.40156e+06
1.27541e+06
1.13977e+06
1.02643e+06
915169
816991
721903
635812
552757
475149
399909
328246
258240
189968
122519
53713.5
2.13835e+06
2.06593e+06
1.73923e+06
1.62349e+06
1.42372e+06
1.29128e+06
1.15096e+06
1.03462e+06
921826
822510
727278
640807
557243
478824
402871
330562
259889
191157
123201
54006.4
454892
465883
421195
442783
408784
413430
384607
379482
357484
343258
320765
299842
273517
246688
216310
184962
151607
116979
80467.9
37471.4
571203
506246
415029
444925
397492
413926
382532
381789
358824
345656
322767
301997
275587
248579
217992
186347
152650
117890
81178.5
37663.7
339400
433805
416569
433862
410065
420131
397004
391806
369170
353788
329493
307463
280929
253289
221999
189471
155042
119435
82359.4
38253.5
392892
414664
406337
452443
393987
421564
395359
397595
376799
363450
339383
316317
288534
259543
227218
193584
158106
121381
83599.9
38779.6
256374
385087
407867
446423
432953
447240
429201
424567
402007
384069
357108
330814
300289
269108
234763
199337
162267
124043
85190.1
39396.2
-48376
344491
367585
453072
436901
471430
451306
448878
426267
406197
378251
348785
315069
279943
242912
205270
166613
127159
87019.4
40013
49129.2
328013
409683
490428
492860
514690
496451
487520
461051
435240
402521
368605
329939
291193
251370
211709
171860
130830
89027.7
40757
304163
450932
490854
568735
548463
570153
535749
521263
494917
465074
430148
392204
351526
309534
258954
217837
176961
134546
90985.9
41540.8
232369
642644
575058
646623
629349
623647
596788
565373
532718
496680
457228
415543
371739
326241
273872
224237
182215
138331
93222
42471.7
596387
758076
730342
771725
725038
699352
658062
616409
574523
530973
485904
440135
392291
342064
286549
232645
188433
142417
95571
43451.6
1.23929e+06
1.05691e+06
925295
928796
831397
781758
727959
674054
622545
569050
519202
467366
414043
359651
300551
243368
196180
147659
98391.1
44547
1.09878e+06
1.18736e+06
1.05391e+06
1.04408e+06
921806
863462
795302
731464
670895
610405
551051
493451
436393
379062
316735
256275
205477
153827
101730
45804.7
1.45091e+06
1.38448e+06
1.18825e+06
1.14237e+06
1.01661e+06
951582
865324
788481
716426
648158
582656
519409
457608
396887
327977
270947
215570
160647
105727
47276.8
1.60059e+06
1.52213e+06
1.30516e+06
1.24551e+06
1.11128e+06
1.02619e+06
926451
843826
759666
684414
610407
541749
474156
409766
345439
284682
225574
167367
109543
48730.3
1.71836e+06
1.66494e+06
1.45083e+06
1.35324e+06
1.19822e+06
1.09868e+06
988487
894566
803472
719843
640633
566500
495163
427056
360698
297019
234860
173759
113118
50067.6
1.91811e+06
1.85037e+06
1.55124e+06
1.43535e+06
1.27652e+06
1.16293e+06
1.04453e+06
943879
844156
755450
669069
590583
514448
443280
373818
307561
242744
179258
116290
51336.7
2.16164e+06
2.01393e+06
1.62999e+06
1.50532e+06
1.32259e+06
1.20782e+06
1.08201e+06
977413
873661
781030
691801
609936
531064
456994
385109
316497
249473
183922
118975
52248.4
2.29155e+06
2.1468e+06
1.68945e+06
1.56644e+06
1.36916e+06
1.25076e+06
1.11788e+06
1.00795e+06
899630
803628
710643
626156
544418
468165
394100
323635
254759
187598
121088
52989.7
2.11581e+06
2.0546e+06
1.73107e+06
1.59149e+06
1.4021e+06
1.27525e+06
1.13875e+06
1.02592e+06
914630
816579
721633
635646
552645
475142
399884
328243
258257
190018
122544
53549
2.15507e+06
2.08559e+06
1.74306e+06
1.62382e+06
1.42266e+06
1.29119e+06
1.15052e+06
1.03432e+06
921492
822322
726994
640498
557026
478816
402826
330494
259833
191123
123209
54013.8
419883
473695
421476
442742
408492
413406
384311
380125
357537
343725
320857
300017
273565
246755
216334
184991
151617
117039
80633.9
37609.2
481077
500174
415489
446203
395624
414536
382139
383219
358931
346459
323045
302294
275785
248832
218080
186417
152701
118020
81546.4
37988.3
383889
443024
424126
436620
409865
420530
396595
392461
369006
354279
329723
307947
281047
253399
222093
189588
155144
119686
82834.7
38423.2
429528
435617
406728
455227
389919
422323
394704
398768
377117
364372
339733
316969
288736
259675
227309
193713
158280
121674
84054.6
38896.2
165242
384513
406408
444754
431100
447468
428645
425025
401905
384468
357246
331210
300575
269357
234851
199390
162316
124230
85565.6
39444.6
169974
354156
371012
452270
434504
472197
450568
449961
426430
406818
378531
349134
315255
280149
242912
205264
166667
127363
87417.6
40057.5
15528.9
324079
411808
489620
492393
515290
496622
488106
461192
435647
402521
368715
329870
291102
251278
211681
171971
131041
89369
40747.7
204095
445915
495033
572132
547732
572776
535932
520814
494498
464641
430126
392006
351294
309095
258679
217767
176987
134757
91307.8
41499.4
355803
630589
572587
650306
630328
624722
596296
565272
532772
496973
457598
415965
372011
326093
273064
223969
182246
138446
93576.8
42473.1
599493
749285
731828
777063
726468
699570
658298
616511
574731
530957
485972
440232
392296
341859
285805
232204
188387
142525
95789.5
43427.2
1.24732e+06
1.05035e+06
924922
930357
832154
782250
725858
673449
622031
569826
518029
466686
414055
359510
299728
242881
196094
147745
98525.3
44513.3
1.0213e+06
1.17257e+06
1.05238e+06
1.04594e+06
924733
861735
794147
730491
669892
609629
550567
493459
436460
378666
316308
255834
205424
153892
101954
45757.2
1.33079e+06
1.36539e+06
1.18112e+06
1.14092e+06
1.01547e+06
951607
864658
787327
715712
647504
582515
519210
457638
396648
327394
270706
215584
160725
105880
47208.8
1.39923e+06
1.49623e+06
1.307e+06
1.24495e+06
1.10969e+06
1.02675e+06
925604
843643
758787
684012
609677
541453
473492
409391
345248
284553
225457
167405
109583
48634.9
1.6884e+06
1.67512e+06
1.44867e+06
1.35011e+06
1.19622e+06
1.09866e+06
987304
894537
803009
719680
640357
566323
494996
426939
360636
296945
234811
173793
113140
49877
1.97619e+06
1.86999e+06
1.53849e+06
1.43556e+06
1.27457e+06
1.16221e+06
1.04365e+06
943738
843910
755417
668926
590521
514336
443244
373762
307528
242735
179305
116305
51110.6
2.10729e+06
2.01181e+06
1.63144e+06
1.50373e+06
1.31945e+06
1.20719e+06
1.08106e+06
977171
873371
780950
691585
609830
530944
456954
385072
316492
249489
183984
119004
52016.4
2.44344e+06
2.16485e+06
1.70621e+06
1.56724e+06
1.36533e+06
1.25034e+06
1.11696e+06
1.00766e+06
899231
803471
710458
626017
544277
468105
394041
323621
254762
187655
121125
52770.9
2.18742e+06
2.06631e+06
1.73618e+06
1.59341e+06
1.40282e+06
1.27539e+06
1.13799e+06
1.0254e+06
914151
816442
721453
635555
552546
475130
399862
328256
258260
190052
122585
53275.3
2.17686e+06
2.12551e+06
1.73575e+06
1.62397e+06
1.42174e+06
1.2914e+06
1.15019e+06
1.03441e+06
921359
822221
726761
640367
556868
478728
402772
330457
259812
191115
123212
53967.3
497055
559114
522892
530945
497089
558906
522447
451661
510173
475009
485793
451756
509642
474824
533223
601510
558405
568136
532602
600902
557681
482392
544189
501549
519352
482091
543468
501036
571016
639281
613113
593832
571487
639759
613137
540997
603264
573642
564336
541023
603304
573603
505387
563655
532724
532449
505562
563561
532620
467410
522170
489670
496192
467481
522059
489522
426099
478507
444771
457089
426004
478420
444737
382767
433343
398654
415143
382584
433308
398581
337919
386784
350968
371325
337733
386758
350915
292200
338826
302043
326412
292000
338759
301672
626551
709606
672620
655971
626443
709935
672571
585337
660211
622609
616589
585318
660146
622606
542499
610191
573374
574733
542354
610195
573283
497773
561151
524203
531335
497635
561025
523920
451829
511733
473855
486250
451731
511432
473749
404495
460961
421943
440011
404350
460939
422004
355367
408724
369049
392268
355418
408855
369046
305203
355778
316573
342808
304881
355691
316287
687822
781180
734992
729193
687844
780677
734676
635592
719771
674526
674784
635474
719566
674501
583992
659682
616044
622464
583937
659774
616096
533076
601598
558938
571270
533087
601685
558991
481246
544847
502401
520198
481237
544814
502159
427983
488256
445916
468066
428075
487971
445445
373908
431691
388899
414608
373815
431226
388834
320469
374867
333113
360241
320144
374835
332663
750053
847565
795766
798435
749721
847514
795447
687695
778799
727082
734232
687717
778212
726253
626789
709649
658585
672411
626780
708682
657963
567399
642182
593130
611834
567445
641268
592958
509190
576664
530501
552845
508878
576440
530510
451489
514567
469870
494410
451186
514447
469888
394052
454058
410311
436896
394007
454020
410297
337518
394761
351304
379865
337129
394673
350959
571785
640001
613104
596030
572437
641068
612984
541112
603283
573568
564925
541309
603182
573458
505642
563511
532538
532611
505830
563339
532315
467515
521985
489449
496411
467568
521756
489251
425966
478368
444710
457118
425849
478204
444678
382526
433293
398555
415186
382584
433309
398576
337753
386746
350888
371462
337840
386781
350762
291898
338687
301502
326416
291353
338413
300863
626418
710049
672532
656941
626364
710723
672333
585287
660104
622601
616448
585161
659908
622571
542265
610196
573231
574507
542026
610196
572742
497560
560977
523728
530990
497212
559266
522861
451681
511232
473724
485880
451616
510312
474383
404325
460944
422061
439981
404406
461055
422145
355400
408921
369002
392332
355191
408881
368828
304754
355631
316212
342463
304140
355440
315601
687793
780163
734477
729392
687513
778968
733717
635467
719395
674486
674461
635449
718711
674393
583898
659789
616122
622529
583508
659800
616054
533074
601728
558952
569532
533284
601601
558563
481242
544742
502027
520367
481921
544315
501633
428125
487836
445275
468208
427994
487426
444919
373750
431093
388801
414412
373564
430814
388650
320071
374812
332567
359999
319424
374652
331791
749478
847290
795171
797214
748473
847159
794312
687653
777956
726016
733237
687377
776702
724723
626767
708206
657674
672266
626459
706722
656600
567373
640944
592919
611506
566828
639953
592548
508716
576364
530487
552141
508269
575996
530300
451084
514385
469880
493889
450834
514154
469765
393980
453989
410263
436619
393841
453838
410084
336991
394603
350799
379646
336225
394342
350016
572590
641291
612932
596985
572906
641913
612800
541358
603154
573417
565360
541429
603109
573378
505876
563288
532274
532710
506025
563264
532297
467570
521702
489178
496630
467551
521720
489223
425839
478144
444695
457193
426073
478202
444806
382642
433338
398614
415459
382856
433467
398760
337849
386810
350681
371675
337833
386865
350454
291227
338319
300751
326282
290624
338062
300258
626418
710728
672265
657977
626571
710701
672070
585127
659839
622563
616414
585117
659677
622586
541988
610209
572844
574484
542007
610254
572635
528378
519702
540438
530924
528532
519652
540460
481754
474484
493407
485680
481960
474460
493084
404453
461154
422119
440165
404518
460796
421878
355109
408834
368772
392312
354889
408633
368624
304056
355377
315510
342128
303594
355206
314951
687381
778455
733430
728483
687080
777090
732252
635445
718452
674307
674112
635442
717550
673714
583682
659759
615952
622579
583436
659143
615351
567725
558258
580673
570801
567745
561195
580732
516310
506716
528953
521458
515754
507593
529373
427928
487325
444840
467910
427641
486907
444703
373506
430751
388580
414110
373339
430650
388344
319350
374560
331692
359716
318762
374230
330994
748048
846850
793972
795744
746807
846572
793016
687201
776172
724233
731804
686309
774674
722758
626287
706224
656280
671214
625592
704867
655465
566608
639661
592410
610671
565850
638885
591948
508155
575848
530211
551263
507806
575418
529932
450769
514074
469702
493536
450614
513861
469481
393752
453765
409996
436418
393486
453556
409722
336082
394229
349899
379202
335375
393918
349238
572890
641840
612780
596623
572826
641879
612753
541415
603097
573403
565362
541297
603088
573634
506015
563298
532343
532803
506409
563505
532464
467507
521765
489312
496951
467654
521842
489481
426152
478285
444854
457526
426417
478421
444999
382926
433509
398787
415879
383103
433664
398883
337807
386864
350395
371961
337697
386912
350256
290513
337989
300203
326134
289853
337805
299657
626576
710445
672032
658467
626556
709906
671929
585148
659669
622604
616468
585350
659613
622474
542041
610258
572473
574696
542092
610078
572528
497221
558904
522000
530981
497330
559917
522086
451747
509444
473687
485977
451775
509613
472489
404511
460464
421779
440185
404558
459999
421690
354830
408567
368590
392282
354698
408508
368523
303553
355164
314871
341913
302990
355066
314275
686982
776548
731864
726389
686335
775444
730908
635425
717226
673457
673618
635073
716416
672731
583159
658894
615079
622153
583012
658190
614392
532286
600605
557376
569969
531123
599905
556749
480970
543155
500797
518208
479558
542580
500465
427539
486742
444698
466735
427462
486576
444731
373293
430637
388270
414008
373237
430655
388125
318690
374102
330937
359521
318064
373811
330289
746433
846217
792715
794432
745563
846059
792155
685972
774228
722300
730653
685093
773252
721253
625322
704480
655227
670073
624650
703683
654727
565598
638664
591790
609768
565083
638154
591364
507685
575288
529824
550623
507520
575013
529568
450587
513798
469404
493394
450654
513694
469273
393403
453498
409607
436433
393223
453565
409364
335300
393809
349196
378731
334672
393721
348622
572762
641737
612757
596543
572866
641785
612919
541196
603105
573716
564964
541407
603265
573813
506436
563565
532471
532506
506282
563674
532493
467690
521844
489477
496610
467822
521870
489419
426458
478436
445061
457357
426574
478450
445193
383123
433740
398934
415675
383251
433937
399039
337654
386945
350228
371726
337730
387025
350219
289761
337756
299588
325661
288890
337702
298459
626552
709420
671792
658016
626706
708404
671525
585410
659507
622395
616632
585512
659313
622338
542080
609989
572428
574814
542068
609914
572142
497318
559786
522052
530902
497171
559476
521907
451806
509594
472453
485887
451889
509461
472462
404604
459961
421747
440383
404679
460057
422034
354667
408544
368512
392314
354616
408618
368498
302932
355042
314192
341778
301784
355005
313087
686088
775132
730703
725306
685817
775101
730665
634954
716242
672553
673230
634823
716197
672378
582897
658018
614233
621896
582584
657857
614028
530927
599744
556622
569481
530596
599481
556398
479516
542477
500476
517746
479523
542333
500659
427532
486613
444794
466765
427894
486860
445034
373244
430695
388093
414168
373258
430820
388097
317994
373750
330240
359492
316792
373747
329093
745395
845840
792118
794367
745533
845574
792680
684895
773071
721005
730521
684729
773474
721262
624495
703518
654659
669741
624348
703651
655331
564988
638028
591234
609493
564916
638037
591501
507551
574941
529491
550593
507768
574923
529877
450689
513678
469237
493752
450824
513810
469643
393189
453598
409298
436562
393190
453841
409706
334611
393732
348578
378659
333401
393911
347635
516185
508350
504976
496955
516573
508250
504582
536448
549348
548204
560694
537001
549460
547450
524145
513244
535452
521073
525030
512450
533835
528378
530929
519720
540402
519664
540451
528504
516166
496978
508367
504904
508264
504568
516500
536495
560812
549204
548093
549399
547742
536880
524110
520915
512947
535170
512390
533758
524833
470381
463132
458796
451722
470410
463159
458913
489370
501463
497642
508269
489840
500742
495595
478735
466700
485194
474894
478538
467148
483941
481735
485703
474545
493339
474486
493072
481903
470339
451763
463195
458799
463186
458944
470319
489325
508086
501157
497074
500674
495373
489563
478599
474968
466594
484761
467205
483762
478321
555476
546202
542258
534929
555201
548569
542626
577846
591667
587043
601385
577811
591646
586886
564042
550325
572677
558224
564016
550360
572500
567605
570850
558010
580337
561474
580545
567307
555280
534791
545674
541466
548402
542350
554539
577679
601179
591125
586410
591463
586676
577259
563843
557979
549622
572002
550148
572277
563395
503534
493637
489231
482202
502599
494383
489849
523057
536618
530005
544025
522922
536701
529885
509248
495097
515784
501452
509071
495167
515691
515967
521205
505893
528121
507348
529059
514906
503191
482074
492877
488650
493839
489687
501809
522808
543779
535887
529339
536459
529654
522199
509010
501277
494552
515200
494979
515492
508414
528844
565934
555894
534885
528902
566203
556167
508238
544680
530366
519777
508268
545007
530503
480780
515471
497306
494530
480809
515566
497384
448645
481100
461587
464544
448701
481214
461625
411944
443470
422207
429688
411999
443514
422229
373190
403113
380651
391845
373112
403161
380717
331149
360603
337282
351483
331250
360665
337377
289557
317347
294125
310025
289480
317268
294023
607157
651715
640567
619425
607538
651805
640810
601201
585992
608861
592822
586169
608942
600921
568090
557246
577147
564154
557159
577227
568038
532531
523831
542456
532440
523839
542497
532505
494058
487206
504548
496118
487214
504554
494057
452771
447263
464091
457070
447254
464087
452787
409194
404841
421060
415198
404793
421032
409240
364184
360613
376303
371316
360550
376269
364239
318395
315405
330745
326367
315422
330732
318398
254695
282853
259035
275551
254596
282584
258873
674508
740242
716067
694426
674796
740551
716372
662781
645500
673144
655761
645590
673000
662838
619852
606283
630996
616613
606282
630980
619860
575143
564172
586335
574795
564143
586325
575171
529543
520371
541108
531467
520342
541069
529582
482741
474921
494502
486343
474911
494471
482780
434793
428366
446935
440119
428326
446900
434838
385206
380192
397768
392376
380160
397756
385205
334244
330319
347059
342883
330288
347053
334270
264727
295491
271503
288176
264550
295271
271331
753938
828866
792905
786618
753834
828726
792281
732325
714202
747176
729011
714267
747155
732333
676237
661888
690187
674848
661793
690113
676323
621329
609531
634880
622448
609532
634832
621322
568271
558584
581413
571293
558584
581429
568252
515498
507283
528774
520204
507290
528794
515493
461437
454745
475031
468035
454759
475041
461420
406515
400983
420250
414532
401013
420281
406484
351541
346947
365210
360344
346928
365138
351559
277771
310578
284627
302527
277561
310371
284421
828460
905381
868236
868806
828297
905776
868286
798363
781864
814589
798877
781696
814677
798456
733105
718851
749692
734437
718815
749634
733082
669003
657128
684925
672360
657143
684964
669020
606437
596867
622115
611823
596877
622090
606476
545797
538350
560923
552921
538318
560918
545828
486355
480228
501159
494637
480164
501128
486381
428159
422694
442822
437066
422657
442799
428173
370402
365792
384927
379902
365761
384920
370427
291629
326029
301570
318751
291408
325878
301346
827355
894703
860543
867197
827141
894820
860635
755328
819849
781537
792436
755050
819424
781258
682446
741691
705924
719753
682250
741443
705704
615400
669410
635342
650246
615330
669024
635213
549940
599153
566968
583696
549906
599025
566883
487869
532866
502572
520044
487790
532785
502527
426664
468608
439245
458103
426571
468524
439135
367365
406976
379164
397833
367186
406898
379032
529127
566784
556613
535568
529476
567548
557126
508504
545425
530668
520438
508763
545753
530734
481018
515708
497504
495008
481171
515821
497572
448878
481367
461681
464938
448999
481481
461763
412107
443606
422265
429867
412128
443694
422263
373031
403234
380822
392038
372941
403189
380829
331327
360701
337460
351638
331348
360699
337482
289458
317215
293941
309881
289227
317143
293669
608552
652692
641313
621240
609576
653934
642088
602243
587769
609892
595048
601978
588321
610408
568448
557341
577588
564632
568362
557416
577699
532666
524042
542671
532530
532639
524126
542710
494061
487338
504606
496301
494069
487382
504618
452692
447275
464085
457111
452728
447268
464072
409082
404638
420908
415127
409071
404658
420913
364195
360502
376311
371380
364181
360573
376337
318311
315425
330664
326433
318354
315404
330655
254511
282160
258724
274846
254235
281794
258360
675397
741048
716854
696256
676116
741904
717283
662593
645940
673213
656375
662588
646093
673450
619771
606250
630897
616516
619809
606214
630856
574933
563977
586238
574623
574994
563905
586189
529153
520111
540844
531151
529296
520009
540735
482358
474787
494199
486095
482478
474708
494061
434688
428190
446723
439941
434676
428171
446726
385323
380092
397769
392268
385287
380111
397807
333952
330061
346913
342650
334044
329953
346840
264396
294865
271156
287490
264027
294534
270753
753541
827841
791176
786141
752925
826338
789700
731883
714395
747115
729337
732019
714410
747156
675813
661594
689812
674649
675917
661528
689679
621434
609574
634861
622496
621407
609587
634883
568369
558543
581493
571092
568375
558433
581469
515494
507238
528847
520158
515522
507211
528808
461405
454851
475096
468109
461488
454889
475047
406195
401012
420167
414551
406310
400945
420047
351336
346774
364984
360123
351410
346702
364936
277470
309894
284297
301724
277053
309440
283755
827684
905749
868113
867617
826914
905852
867971
797306
780639
814321
797856
797599
780320
814280
732417
718500
749062
733809
732688
718290
748761
668681
657141
684812
672413
668855
657125
684687
605924
596868
621708
611780
606091
596798
621537
545196
538020
560606
552581
545373
537826
560368
486109
479801
500941
494127
486181
479676
500864
428061
422480
442703
436744
428092
422425
442660
370151
365614
384846
379790
370249
365512
384794
291142
325449
301100
317783
290547
325085
300557
826882
894599
860640
866743
826661
894767
860511
754415
818679
780905
791558
753457
817801
780240
681835
740993
705375
718443
681257
740421
704931
615113
668650
635244
649675
614798
668213
634935
549806
598830
566765
583291
549634
598603
566599
487671
532668
502452
519847
487524
532510
502337
426436
468394
438934
457885
426234
468269
438739
367035
406738
378947
397525
366571
406555
378589
529830
567825
557501
536016
530269
568529
557831
508974
545936
530785
521076
509012
546013
530858
481292
515865
497577
495087
481326
515836
497500
449089
481573
461874
465122
449143
481625
461989
412052
443782
422234
430072
412003
443807
422138
372798
403180
380794
392182
372712
403153
380705
331305
360696
337471
351588
331241
360668
337414
289148
317044
293605
309656
288838
316945
293278
610465
655188
642815
623190
611162
656715
643366
603011
589515
611537
596639
602865
589767
611938
568618
557697
577929
565176
568610
557772
577960
532696
524332
542761
532661
532697
524390
542750
493968
487470
504633
496517
494000
487476
504636
452552
447169
463984
457131
452562
447187
463959
409249
404873
421025
415300
409184
404972
421091
364373
360737
376476
371556
364304
360790
376548
318023
315245
330644
326362
318110
315164
330622
254193
281447
258211
274193
253795
281154
257795
676840
742448
717375
698609
677476
743041
717123
662814
646518
674148
657510
662720
646641
674475
619585
606110
630718
616420
619618
606084
630683
574812
563731
586085
574456
574808
563724
586083
446928
440111
447042
434939
428293
434865
428354
385197
380118
397868
392357
385252
380077
397840
333587
329639
346607
342282
333676
329533
346534
263955
294163
270555
286870
263551
293837
270099
751626
824283
787994
783274
749951
822908
786316
730770
714251
746185
729076
731175
714099
745692
675375
661293
689226
674248
675471
661224
689117
621607
609692
634965
622587
621563
609748
634985
475068
468533
475208
461122
454932
461181
454931
405880
400733
419733
414272
405944
400664
419648
350928
346440
364738
359856
351053
346334
364652
276915
308992
283648
300935
276424
308640
283068
825832
905402
867509
864993
824735
905116
867008
795921
779162
813667
796484
796270
778767
813518
730989
717484
747687
732551
731397
717161
747293
667547
656688
683879
671807
667877
656449
683508
596338
611173
596148
605048
620900
605289
620669
537220
551711
537051
544634
559804
544769
559636
493716
485824
479398
500643
485896
479328
500572
427835
422259
442496
436507
427904
422202
442426
369666
365157
384564
379443
369797
365019
384466
290285
324649
300335
316994
289650
324407
299742
826372
894340
860352
866051
826173
894694
860300
752401
817053
779642
789599
751334
816089
778923
680609
739839
704532
716994
679998
739265
704109
614445
667883
634646
648615
614055
667449
634297
549413
598320
566388
582851
549165
598072
566182
487365
532316
502173
519556
487200
532112
502017
426023
468087
438498
457669
425774
467965
438288
366409
406298
378474
397073
365853
406124
378038
530725
568433
557955
536356
531395
569168
558000
508896
545881
530878
521245
508749
545590
530736
481230
515680
497340
494796
481111
515403
497008
449157
481586
462056
464969
449189
481452
462035
412034
443773
421954
430245
412170
443676
421825
372635
403117
380633
392196
372631
403077
380575
331159
360635
337351
351464
331103
360585
337264
288814
316817
293241
309355
288448
316702
292808
611426
657779
643550
624883
611624
659427
643527
602772
589814
612384
596866
602945
589818
612600
568428
557914
577948
565413
568519
558029
577910
532659
524561
542715
532775
532683
524734
542715
493895
487488
504688
496781
493890
487589
504738
452737
447435
464057
457327
452640
447562
464154
409737
405221
421415
415659
409580
405306
421573
364713
360907
376864
371818
364643
360942
376972
317629
314880
330511
326203
317737
314777
330460
253759
280880
257698
273513
253293
280624
257230
677837
743030
716537
700112
678001
743233
715811
663275
646900
675190
658253
663219
647041
675465
619630
606067
630667
616415
619587
606093
630695
574939
563806
586170
574576
574893
563864
586222
519793
540391
528669
528751
530997
519849
540435
474624
493562
482026
482034
485967
474650
493619
446834
434812
428425
440133
434859
428432
446768
384980
379954
397703
392279
385023
379926
397663
333273
329281
346346
342010
333357
329206
346294
263452
293480
269923
286235
262907
293126
269389
748013
821377
784580
782175
746415
821578
783311
728467
713329
743696
727515
729043
712909
743155
674908
661083
688751
673990
675104
661035
688521
621079
609595
634770
622434
621273
609459
634589
557306
580240
567060
566925
569951
557376
580233
506158
527362
514088
513707
518826
505857
527002
474007
460285
454158
467071
460461
453980
473715
405702
400491
419443
414001
405726
400467
419412
350449
346048
364398
359590
350563
345936
364330
276252
308284
282949
300191
275666
307983
282385
823542
904153
866236
862733
822570
903636
865676
794670
777567
812695
795016
794926
777224
812522
729321
716106
746100
731151
729701
715782
745759
666227
655597
682372
670586
666528
655312
682042
595354
604086
619938
610162
604305
595110
619723
536489
544096
559138
550872
544213
536333
559001
485576
479130
500359
493388
485621
479093
500309
427635
422071
442262
436398
427656
422063
442242
369030
364528
384111
378931
369187
364354
383989
289397
324167
299599
316548
288796
324124
299176
825934
894222
860215
865269
825837
894391
860266
750316
815153
778324
787671
749450
814381
777854
679521
738683
703770
716008
679233
738307
703650
613661
666995
633918
647784
613293
666522
633594
548916
597764
565925
582528
548703
597600
565799
487039
531861
501815
519286
486900
531635
501696
425556
467817
438037
457605
425333
467868
437909
365648
405951
377942
396755
365072
405889
377504
531887
568863
557923
536343
532387
569774
558012
508477
545002
530286
519972
508414
544490
529618
480898
515014
496708
493961
480973
514906
496766
449099
481260
461885
463923
449210
481213
461737
412250
443602
421755
429834
412457
443645
421794
372634
403063
380516
391653
372733
403112
380510
331129
360573
337183
351011
331280
360661
337101
288534
316591
292765
308727
288152
316601
292130
611320
660100
643314
625927
611354
661850
643059
602476
589598
612506
596510
602496
589605
612776
568333
558082
577847
565103
568323
557854
577842
532778
524968
542833
532715
532735
524916
542866
494203
487773
505043
496918
494150
487736
505079
453234
447791
464562
457623
453170
447832
464639
410136
405481
421928
415983
410085
405516
422008
364809
360999
377187
372026
364816
361016
377218
317184
314487
330285
326021
317299
314410
330223
253288
280283
257108
272589
252916
279977
256449
677696
741716
714566
700123
677718
741802
713770
662853
647028
675193
658364
662976
646958
675172
619786
606229
630872
616526
619778
606263
630886
574962
563969
586290
574755
574968
563980
586296
528604
519803
540316
530936
528667
519770
540254
481995
474659
493621
485954
482017
474657
493588
434882
428563
446746
440289
434826
428640
446774
384922
379876
397642
392313
384919
379874
397668
333009
328995
346192
341809
333080
328919
346163
262714
292642
269180
285388
262041
292175
268501
746322
822101
782766
782997
747447
822975
783270
726855
711376
741749
725698
727103
711068
741654
674210
660593
687843
673326
674342
660486
687689
620445
609052
634083
621939
620563
608948
633973
566229
556775
579863
569683
566398
556623
579704
512970
505220
526302
517895
513080
505117
526162
460177
453801
473372
466686
460132
453842
473367
405798
400502
419520
414115
405754
400526
419602
350154
345749
364202
359501
350202
345703
364201
275429
307591
282240
299285
274738
307198
281606
821773
901982
864793
862502
821447
902479
864875
793969
776411
811890
794144
794055
776261
811914
728375
715052
745050
730410
728504
714938
744951
665470
654660
681363
669771
665579
654537
681256
603601
594590
619293
609533
603647
594494
619240
543925
536107
558785
550563
543917
536122
558798
485687
479212
500367
493556
485636
479288
500451
427617
422060
442302
436495
427618
422068
442339
368604
363958
383778
378634
368679
363883
383770
288588
323884
299276
316104
287992
323554
298963
825778
893794
860148
864709
825560
894069
859642
748685
813863
777333
787875
747857
814233
777362
679189
738028
703735
715450
679472
738069
704175
612944
665831
633174
647301
612530
664686
632930
548549
597323
565710
582593
548555
597218
566124
486727
531293
501504
519173
486394
530874
501464
425145
467881
437814
457652
424936
468024
438158
364838
405762
377446
396574
364089
405720
377149
594196
578161
584766
571083
578271
584881
593920
615517
624108
631594
639255
624030
631515
615500
607358
598467
622584
613169
598532
622523
607326
601510
593283
587111
609583
586577
609222
601769
594464
571267
578861
585224
578540
585038
594721
615663
639480
624284
631449
624145
631452
615833
607486
613162
598749
622445
598654
622469
607626
560383
549189
550794
540970
549143
550823
560341
580470
589606
593446
603288
589655
593461
580450
571480
561974
583572
573651
562008
583580
571459
568178
564237
557227
577468
557184
577340
568273
560454
540996
549126
550956
549138
550891
560535
580503
603306
589781
593449
589728
593463
580521
571510
573637
562055
583557
562038
583575
571532
523773
514229
513463
505421
514235
513462
523760
542993
552712
553548
563641
552736
553509
543010
533263
523115
543176
532718
523085
543154
533302
532572
532442
523946
542622
523890
542563
532605
523788
505492
514280
513471
514259
513462
523805
542975
563612
552767
553388
552761
553456
542945
533213
532692
523002
543037
523045
543108
533165
484694
476859
473806
467419
476846
473801
484700
502794
513138
511521
522153
513122
511488
502806
492550
481757
500661
489645
481741
500622
492565
494066
496152
487290
504590
487251
504570
494070
484693
467450
476860
473783
476853
473794
484690
502769
522119
513078
511350
513107
511422
502728
492519
489594
481688
500473
481716
500553
492476
442731
436108
431257
426064
436090
431238
442748
460038
471057
467332
478496
471051
467327
460043
449220
438040
456060
444768
438030
456062
449223
452766
457079
447268
464084
447263
464088
452753
442723
426031
436052
431144
436071
431200
442704
460019
478469
471003
467271
471035
467311
459976
449204
444760
437953
456029
438002
456056
449156
398680
393173
386754
382715
393158
386759
398691
415551
426990
421891
433337
426970
421875
415567
404333
392790
410326
398649
392778
410308
404336
409117
415172
404694
420922
404743
420977
409079
398670
382636
393137
386786
393140
386779
398673
415530
433326
426910
421838
426943
421857
415511
404332
398619
392767
410266
392773
410287
404333
353541
348603
341368
337859
348609
341344
353587
369671
381413
374911
386802
381429
374929
369638
358115
346261
363003
350956
346262
362993
358076
364172
371305
360461
376292
360459
376279
364175
353525
337752
348679
341291
348630
341317
353529
369671
386783
381418
374896
381431
374914
369655
358114
350938
346191
362952
346230
362973
358098
307509
303613
294819
292175
303606
294756
307542
322560
334647
326561
338820
334625
326536
322587
310454
298325
314243
301978
298269
314199
310479
318384
326385
315434
330684
315425
330706
318377
307450
292130
303530
294484
303580
294669
307357
322506
338801
334528
326389
334581
326476
322418
310398
301867
298002
313996
298182
314122
310305
652497
636212
641847
626489
636200
641816
652536
679281
692066
697462
709607
692150
697456
679324
668042
656540
685135
672608
656485
685131
668124
662691
655826
645809
673111
645690
672993
662632
652416
626464
636233
641690
636211
641758
652334
679264
709694
692390
697410
692182
697415
679324
668000
672592
656458
685101
656460
685118
667992
608683
595845
597499
585336
595846
597495
608686
633462
645132
647639
660185
645121
647619
633468
621711
609902
635117
622606
609899
635109
621714
619846
616606
606277
630933
606285
630962
619833
608685
585333
595847
597483
595852
597494
608679
633460
660172
645114
647586
645119
647609
633451
621711
622609
609891
635093
609899
635106
621704
563871
553387
552582
542483
553361
552545
563907
586356
598124
597860
610189
598117
597856
586371
574596
562875
585597
573354
562839
585588
574618
575103
574773
564041
586280
564100
586309
575051
563817
542437
553234
552410
553310
552487
563747
586338
610193
598095
597856
598110
597858
586310
574565
573324
562719
585558
562788
585578
574518
517871
509097
506247
497745
509063
506216
517906
539103
551059
548899
561122
551009
548847
539157
527105
515154
536544
524148
515093
536491
527165
529486
531418
520207
540936
520288
541012
529406
517814
497699
508944
506068
509014
506156
517725
539010
561072
550837
548693
550934
548772
538876
527010
524054
514862
536277
514996
536402
526877
470862
463391
458994
451813
463382
458952
470909
490869
503043
499264
511677
502986
499203
490921
478635
466363
486607
473827
466315
486560
478687
482675
486306
474848
494313
474887
494402
482584
470800
451785
463331
458798
463366
458884
470709
490773
511577
502758
498975
502891
499103
490650
478550
473791
466168
486391
466239
486490
478458
422541
416456
410252
404456
416417
410231
422585
441336
453906
448032
460951
453868
448032
441360
428694
415974
435005
421933
415974
435002
428705
434727
440070
428225
446764
428271
446830
434687
422490
404398
416324
410184
416364
410200
422468
441309
460943
453771
448055
453810
448038
441301
428687
421961
416020
435048
415988
435018
428698
372543
367813
359857
355382
367807
359892
372523
390245
403116
395482
408744
403135
395543
390209
377321
364305
382245
369070
364336
382297
377280
385219
392315
380089
397744
380113
397742
385246
372580
355407
367812
359894
367803
359911
372624
390304
408794
403229
395668
403176
395603
390375
377382
369072
364328
382361
364348
382348
377410
321489
317697
308906
305148
317656
308847
321541
338225
351248
342585
355774
351251
342553
338249
325208
312403
329523
316508
312338
329475
325251
334194
342858
330154
346976
330232
347026
334124
321415
305053
317489
308607
317585
308765
321318
338179
355743
351194
342436
351233
342503
338113
325135
316470
312106
329336
312270
329416
325045
718191
701176
704020
687829
701209
703988
718210
748974
764895
765982
781128
764903
765947
748939
734244
719263
750595
734923
719247
750525
734266
732256
729030
714398
747265
714339
747163
732170
718142
687852
701269
703848
701248
703938
718052
748881
780953
764794
765595
764779
765841
748756
734137
734826
719021
750182
719166
750369
733997
662398
648782
648619
635524
648681
648532
662480
690350
704752
704649
719746
704750
704606
690412
676040
661671
689634
674510
661616
689607
676107
676127
674827
661662
689940
661726
690041
676025
662290
635491
648575
648447
648619
648473
662219
690276
719683
704589
704475
704711
704558
690181
675942
674508
661511
689504
661546
689571
675858
607946
596733
594659
583978
596727
594663
607943
633249
647348
645126
659707
647311
645136
633239
619268
605356
630561
616051
605371
630566
619255
621353
622453
609561
634838
609546
634824
621380
607962
583962
596719
594690
596723
594677
607982
633276
659742
647327
645184
647309
645160
633305
619293
616070
605438
630604
605402
630582
619323
555154
545854
542008
533088
545855
542039
555121
577829
591505
587269
601614
591533
587291
577807
564162
550531
573045
558971
550584
573068
564110
568304
571282
558566
581480
558580
581455
568341
555197
533099
545869
542125
545869
542081
555245
577880
601645
591640
587371
591582
587327
577953
564226
558994
550639
573149
550627
573117
564276
502090
494300
488620
481245
494299
488633
502087
523273
536899
530751
544856
536929
530732
523278
509503
495773
516560
502354
495733
516529
509531
515514
520210
507265
528851
507289
528825
515527
502102
481243
494273
488678
494292
488657
502111
523241
544848
536912
530626
536938
530695
523172
509438
502272
495519
516384
495644
516475
509338
447740
441369
434001
427996
441384
434042
447710
468010
481933
474180
488193
481893
474081
468027
454041
440044
460090
445805
440076
459970
454032
461474
468051
454822
475098
454789
475072
461503
447780
428032
441467
434099
441422
434082
447812
467929
488094
481649
473812
481790
473952
467776
453993
445623
439851
459644
440031
459807
453829
392709
387418
378929
373918
387458
378890
392698
412013
426021
417448
431567
426036
417287
412042
397892
383995
403140
388888
383889
403043
397996
406527
414566
401059
420273
401053
420308
406430
392638
373878
387436
378735
387476
378807
392530
411867
431389
425781
417051
425959
417144
411713
397766
388864
383736
402894
383799
402960
397665
338140
333600
324809
320400
333566
324723
338192
356193
369975
360936
374855
369946
360920
356212
342457
328880
347127
332999
328777
347071
342523
351510
360299
346832
365030
346884
365078
351464
338081
320355
333441
324425
333514
324664
337994
356167
374846
369880
360872
369911
360902
356127
342395
332942
328478
346909
328748
346995
342306
782452
766000
765958
750001
765926
765850
782521
813995
833329
831127
847492
833232
831111
814086
797739
780207
812232
795701
780089
812147
797898
798139
798560
781036
814543
781343
814547
797916
782235
749897
765641
765383
765796
765655
781888
813810
847455
833058
831016
833072
831046
813637
797531
795588
779662
811911
779910
812022
797299
716862
703352
700580
687694
703324
700684
716811
747232
764876
762103
778658
764796
761930
747224
731280
713743
744674
726858
713725
744432
731275
733051
734365
718657
749318
718761
749513
732905
716891
687731
703237
700609
703302
700707
716804
747114
778456
764384
761278
764632
761634
746882
731156
726570
713356
743658
713571
744075
730946
653245
641954
637471
626788
641954
637442
653270
680716
698190
692623
709457
698116
692502
680822
664875
647936
675028
658452
647828
674859
664934
668966
672400
657145
684891
657147
684957
668925
653202
626786
641954
637259
641953
637372
653145
680549
709129
697799
692012
697945
692301
680346
664751
658235
647332
674146
647614
674559
664579
591140
582086
575844
567446
582102
575838
591159
615851
632848
625883
641981
632742
625776
615976
600722
584118
609223
593046
584019
608973
600789
606365
611829
596889
621885
596887
622018
606231
591105
567468
582158
575730
582146
575804
591013
615641
641626
632335
625380
632583
625616
615377
600551
593017
583813
608406
583929
608692
600337
530884
523780
515864
509141
523736
515815
530927
553115
569452
561520
576598
569366
561551
553106
538475
522671
545042
530511
522654
545021
538507
545734
552905
538158
560791
538255
560876
545576
530782
509031
523551
515621
523661
515722
530607
553112
576524
569149
561646
569266
561620
553069
538420
530526
522537
544951
522600
544998
538356
471833
465869
457218
451406
465800
457187
471853
492763
508403
500208
514540
508385
500200
492794
478374
462935
484010
469879
462929
483987
478395
486310
494540
479934
501010
480062
501074
486249
471796
451296
465567
457082
465692
457141
471742
492717
514504
508282
500167
508342
500194
492663
478342
469891
462898
483901
462918
483951
478301
413689
408364
399177
394042
408331
399171
413701
433489
448880
440096
454055
448886
440103
433498
419244
404137
424107
410315
404125
424095
419261
428140
436983
422533
442740
422592
442771
428119
413666
394029
408266
399115
408297
399150
413637
433480
454039
448865
440106
448881
440105
433468
419230
410310
404088
424033
404110
424068
419213
356210
351580
341562
337421
351516
341472
356261
375089
390146
380996
394750
390145
380979
375096
360918
345781
365211
351264
345701
365187
360950
370363
379889
365682
384883
365738
384908
370315
356136
337346
351358
341188
351445
341409
356037
375054
394714
390100
380870
390130
380931
374982
360850
351157
345403
364993
345620
365104
360742
595136
579298
585392
572015
594944
579648
585525
616239
624417
631473
640393
616022
624736
631555
607886
598818
622447
613066
607761
598853
622461
602466
595515
589223
611276
588801
610778
602703
595282
572247
580220
585669
579971
585612
595378
616432
640686
625331
631767
624963
631648
616642
607986
613026
598815
622506
598854
622482
608069
560662
549178
551009
541174
560605
549209
551047
580566
589822
593424
603249
580542
589851
593392
571583
562066
583536
573534
571558
562069
583512
568524
564789
557613
577878
557525
577799
568581
560700
541254
549328
551087
549278
551077
560725
580586
603214
589880
593334
589870
593360
580604
571605
573499
562037
583465
562061
583489
571618
523851
514325
513487
505709
523830
514365
513498
542862
552763
553318
563460
542908
552745
553244
533078
522960
542960
532454
533122
522917
542884
532682
532577
524279
542763
524209
542747
532691
523863
505769
514450
513512
514406
513505
523876
542807
563401
552649
553094
552703
553165
542754
533039
532379
522842
542743
522877
542809
533008
484679
476880
473776
467539
484688
476897
473756
502626
513039
511278
521903
502681
512994
511207
492372
481648
500396
489384
492431
481578
500330
494047
496356
487455
504629
487421
504626
494025
484664
467555
476935
473697
476915
473730
484644
511054
502569
521826
512902
512948
511131
502510
500192
492300
489321
481439
481508
500265
492229
442602
436031
431078
425917
442655
436017
431035
459882
470962
467229
478319
459927
470911
467189
449080
437912
455997
444689
449110
437886
455967
452644
457112
447215
464022
447242
464053
452593
442560
425860
435968
431003
435980
431010
442543
467104
459840
478266
470809
470859
467147
459812
455925
449057
444676
437868
437871
455943
449044
398721
393137
386795
382509
398690
393170
386802
415497
426887
421821
433290
415498
426876
421813
404350
392766
410244
398542
404340
392765
410227
409103
415140
404794
420972
404706
420937
409134
398763
382519
393271
386817
393206
386810
398811
415511
433292
426896
421842
426877
421820
415535
404370
398551
392772
410262
392764
410236
404392
353556
348721
341255
337794
353543
348774
341242
369613
381397
374884
386747
369630
381383
374881
358069
346152
362935
350865
358081
346118
362921
364219
371411
360690
376420
360625
376373
364254
353572
337815
348835
341260
348802
341244
353600
369606
386759
381388
374892
381377
374884
369609
358058
350825
346052
362898
346084
362910
358052
307109
303458
294351
291710
307247
303369
294115
322215
334476
326286
338602
322320
334415
326171
310060
297854
313853
301255
310189
297622
313702
318255
326428
315312
330657
315367
330659
318186
306967
291571
303138
293705
303262
293957
306819
322110
338509
334260
325940
334337
326056
322003
309923
301096
297233
313406
297476
313553
309785
652207
636271
641624
626390
652257
636311
641578
679505
692456
697380
710338
679388
692695
697372
668068
656479
685061
672475
668009
656512
685013
662611
656606
646390
673939
646238
673634
662665
652184
626367
636407
641585
636357
641567
652194
679623
710464
692987
697345
692769
697346
679764
668148
672404
656518
684909
656527
684953
668240
608625
595824
597458
585245
608660
595788
597421
633390
645103
647550
660045
633428
645078
647503
621653
609874
635073
622593
621685
609850
635047
619722
616478
606142
630764
606176
630811
619668
608580
585202
595722
597340
595753
597378
608535
633340
659978
644990
647395
645039
647450
633285
621613
622583
609799
634985
609823
635018
621574
563601
553153
552324
542179
563675
553073
552235
586243
598074
597852
610196
586278
598049
597844
574403
562631
585528
573150
574465
562507
585490
574875
574563
563765
586105
563827
586142
574831
552051
563529
542098
552932
552996
552145
563463
586209
610195
598006
597846
598025
597838
586179
562137
574333
572992
585431
562342
585454
574253
517444
508855
505950
497463
517603
508750
505800
538493
550716
548586
560850
538715
550539
548386
526463
514682
536100
523502
526699
514454
535857
519802
540488
528768
528981
531065
519907
540617
508501
505358
516961
517239
497348
508633
505609
549722
547380
537663
538165
560502
550238
548062
513875
535171
525745
526151
523117
514178
535520
470531
463279
458728
451636
470619
463216
458688
490358
502589
498800
510995
490504
502396
498587
478304
466131
486283
473717
478369
466136
486175
474552
493704
482127
482239
485994
474627
493899
463131
458718
470434
470471
451609
463162
458689
501976
498000
490155
490232
510608
502182
498241
466341
485977
478381
478306
473768
466193
485959
422487
416294
410193
404332
422468
416287
410221
441344
453772
448081
460952
441315
453795
448114
428774
416068
435090
422126
428729
416125
435140
446820
434722
439943
428233
428188
446757
434783
422526
404361
416359
410318
416313
410265
422582
453945
441396
460982
448237
453850
448160
441469
428832
422150
416228
435246
416190
435205
428903
372611
367826
359849
355344
372636
367827
359784
390433
403292
395687
408935
390428
403354
395666
377367
364289
382340
368945
377403
364239
382301
385326
392299
380139
397878
380133
397854
385297
372563
355272
367747
359632
367801
359710
372500
390407
408918
403357
395580
403370
395627
390361
377318
368886
364127
382204
364185
382255
377264
321075
317359
308499
304518
321199
317212
308264
337959
351139
342367
355567
338041
351076
342288
324832
312021
329234
315959
324937
311794
329129
333861
342557
329737
346684
329847
346762
333765
320952
304379
316910
307935
317059
308148
320824
337882
355503
350944
342125
351010
342211
337800
324720
315848
311473
328886
311719
329004
324619
717746
701233
703713
687716
717910
701188
703543
748305
764452
765133
779822
748583
764072
764640
733632
718845
750006
734252
733822
718632
749797
731688
729278
714356
746715
714385
746931
731497
717585
687620
701059
703201
701123
703358
717430
747867
779325
762966
763586
763451
764103
747345
733452
733998
718246
749034
718431
749461
733246
662114
648535
648446
635464
662167
648498
648441
689900
704424
704333
719182
690060
704222
704132
675701
661496
689414
674459
675785
661475
689290
675695
674561
661377
689355
661457
689521
675573
662049
635458
648415
648417
648460
648429
661980
689722
718950
703853
703736
704024
703930
689569
675601
674437
661428
689042
661450
689168
675510
608021
596717
594694
583824
608002
596712
594680
633366
647348
645205
659797
633334
647365
645223
619388
605473
630629
616145
619356
605500
630648
621468
622510
609636
634935
609604
634905
621511
594577
608040
583706
596729
596712
594637
608070
633396
659806
647400
645226
647384
645230
633423
605509
619416
616122
630621
605521
630659
619447
555299
545855
542158
533065
555290
545834
542160
578004
591701
587388
601731
577997
591751
587359
564263
550619
573142
558866
564295
550544
573091
557851
580965
567901
568236
570730
558370
581312
545968
542033
555076
555230
533186
545922
542111
591685
587164
577831
577952
601687
591752
587283
550320
572826
564042
564166
558734
550432
572975
502079
494268
488690
481256
502107
494280
488685
522957
536849
530520
544626
523074
536747
530384
509088
495381
516255
501887
509214
495239
516113
507297
528697
515463
515461
520272
507276
528750
494390
488802
502125
502070
481330
494302
488699
536561
530101
522816
522861
544472
536631
530235
495050
515856
508942
508983
501751
495118
515970
447670
441514
434021
428111
447773
441546
433901
467461
481490
473664
487693
467605
481349
473509
453504
439683
459479
445129
453650
439522
459315
474964
461303
468151
454901
454911
474989
461216
447548
428060
441480
433672
441524
433780
447440
481158
467343
487554
473217
481231
473355
467239
453367
445013
439226
459038
439366
459163
453238
392345
387373
378663
373686
392430
387300
378602
411461
425617
416958
430986
411575
425457
416874
397507
383687
402845
388764
397573
383642
402796
406094
414482
400804
419828
400875
419933
406012
392270
373624
387163
378491
387229
378547
392204
411380
430891
425242
416739
425327
416803
411317
397454
388713
383545
402682
383598
402741
397404
337735
333344
324316
319793
337873
333232
324015
356037
369846
360820
374777
356092
369815
360753
342063
328379
346789
332239
342198
328062
346647
351255
360062
346535
364814
346626
364881
351154
337580
319696
332981
323606
333109
323908
337423
355971
374726
369722
360551
369785
360666
355864
341895
332116
327623
346305
327929
346474
341721
781068
765395
765058
749187
781475
765044
764697
813142
832741
830865
847339
813359
832715
830805
796719
779352
811693
794924
797015
778999
811500
796965
797464
779581
813960
779938
814056
796632
780672
748851
764273
763878
764665
764300
780285
812876
847160
832411
830555
832482
830655
812636
796404
794610
778215
810997
778613
811228
796098
716440
703127
700486
687585
716643
702974
700367
746205
764086
760936
777611
746573
763748
760541
730378
713127
743246
725663
730686
712843
742737
732112
733538
717778
748068
718046
748428
731771
716217
687502
702613
699977
702804
700219
715950
745801
777200
763028
759569
763389
760094
745351
730062
725225
712046
741480
712503
742132
729638
652851
641950
637094
626730
653041
641940
636908
679742
697616
691698
707716
680083
697303
691363
663978
646997
673720
657322
664329
646614
673282
668439
672372
656927
684214
657086
684506
668174
652627
626615
641711
636483
641871
636706
652391
679386
707224
696390
690655
696870
691024
679011
663618
656966
645945
672478
646258
672874
663269
590706
582128
575568
567247
590880
582031
575346
614840
632023
625141
640594
615088
631699
624855
599864
583668
608160
592809
600105
583505
607894
596511
605732
611664
621124
596673
621341
605516
581696
590509
567044
574896
581877
575110
590290
614609
640272
631077
624450
631383
624653
614376
599626
592694
583150
607464
583332
607677
599385
530332
523376
515522
508557
530457
523179
515424
552913
569020
561657
576258
553003
568882
561614
538218
522465
544897
530437
538290
522385
544818
537396
545044
552362
559975
537609
560158
544903
522831
530216
508405
515232
522986
515326
530109
552805
576140
568602
561464
568742
561552
552688
538142
530374
522222
544620
522306
544723
538054
471618
465448
457022
450990
471681
465347
456964
492538
508212
500135
514309
492603
508137
500088
478202
462866
483851
469853
478256
462817
483790
486039
493998
479476
500715
479569
500789
485968
471553
450907
465184
456846
465261
456907
471487
492469
514233
507993
499973
508063
500034
492399
478141
469815
462692
483655
462759
483725
478078
413586
408230
399078
393950
413609
408191
399041
433442
448835
440096
453951
433455
448792
440084
419205
404058
423988
410220
419203
404016
423941
428016
436679
422316
442559
422372
442613
427964
413554
393904
408093
398939
408149
399001
413509
433419
453898
448678
440019
448738
440054
433373
419197
410152
403870
423820
403947
423881
419160
355736
351223
341074
336710
355899
351072
340775
374758
390054
380776
394531
374885
389982
380687
360423
345252
364824
350527
360593
344927
364662
370033
379725
365275
384649
365404
384727
369914
355547
336541
350723
340268
350901
340609
355372
374627
394433
389813
380465
389895
380572
374491
360236
350320
344364
364274
344711
364453
360050
595385
580386
585696
572734
595411
580508
585702
616968
625545
631864
641603
616811
625884
631962
608160
598759
622527
612858
608124
598726
622546
603074
596743
589933
612410
589880
612105
603086
595294
572820
580611
585658
580552
585687
595170
617069
641707
626311
632058
626030
632016
617150
608168
612822
598677
622561
598701
622558
608151
560742
549374
551086
541391
560740
549396
551075
580611
589885
593311
603132
580611
589890
593294
571608
562004
583442
573386
571616
561970
583421
568605
565266
557884
577967
557816
577970
568574
560734
541405
549414
551036
549396
551058
560718
580605
603122
589878
593273
589891
593283
580583
571596
573373
561927
583412
561942
583411
571583
523914
514485
513521
505935
523894
514536
513535
542689
552599
553046
563258
542716
552559
553027
532260
532978
522816
542702
532990
522801
542693
532694
532669
524502
542725
524426
542737
532692
523938
505971
514642
513566
514572
513553
523961
542677
563252
552523
553056
552535
553032
542674
532270
532974
522807
542732
522798
542706
532980
484602
476953
473659
467574
484623
476975
473621
510986
521681
510955
502400
512863
502447
512839
500116
489136
500073
492114
481378
492161
481339
493937
496564
487447
504659
487446
504644
493911
484593
467556
477027
473593
476989
473597
484600
521691
511011
510969
502385
512855
512836
502399
489156
500147
500089
492102
481371
481335
492129
442590
435972
431011
425902
442557
436022
431026
467071
478115
467062
459809
470771
459801
470765
455920
444724
455931
449065
437881
449047
437906
452558
457137
447349
463996
447237
463961
452584
442640
425970
436152
431116
436067
431058
442715
478138
467148
467091
459831
470824
470782
459868
444762
456005
455961
449098
437989
437943
449145
398943
393327
386841
382714
398870
393400
386888
433379
415607
426928
421878
415566
426972
421924
404459
392795
410302
398660
404419
392832
410351
409329
415365
405149
421281
405055
421176
409436
399033
382777
393542
387049
393463
386959
399144
433424
415657
427089
422028
427025
421976
415717
404515
398712
392941
410461
392881
410407
404586
353703
348855
341291
337855
353645
348877
341324
369635
381415
374903
386843
369620
381454
374908
358048
346013
362864
350600
358052
345963
362812
364464
371607
360875
376748
360830
376638
364558
353768
337846
348910
341359
348892
341348
353825
369649
386865
381552
374856
381503
374887
369662
358031
350523
345862
362709
345911
362757
358013
306539
303012
293572
291001
306683
302870
293326
321803
334187
325834
338228
321903
334117
325727
309513
297115
313271
300536
309649
296881
313146
317933
326324
314979
330554
315077
330592
317836
306399
290860
302573
292952
302725
293194
306257
321711
338142
333986
325534
334051
325635
321615
309379
300459
296545
312921
296777
313033
309245
652357
636468
641585
626494
652254
636540
641584
680000
693024
697325
710861
679888
693193
697298
668359
656498
684870
672204
668308
656477
684840
662944
657706
646812
675020
646730
674689
663103
652458
626541
636806
641591
636647
641584
652528
680057
710741
693297
697105
693180
697218
680081
668398
672126
656427
684710
656457
684777
668428
608478
595693
597316
585108
608499
595672
597307
633196
644941
647340
659772
633237
644899
647286
621520
609783
634953
622563
621542
609778
634928
619568
616418
606060
630661
606068
630665
619569
608474
585105
595656
597341
595658
597315
608489
633167
659711
644844
647229
644864
647246
633163
621513
622572
609812
634919
609787
634917
621529
552002
541981
552016
563432
552892
563427
552880
586192
597999
597881
610231
586174
598006
597925
562032
573367
562114
574255
585488
574226
585598
574829
574461
563763
586127
563735
586098
574854
541989
551991
552015
563441
552917
552891
563449
586206
610247
598048
597904
598024
597933
586213
573286
561955
562062
574248
585423
585566
574217
422704
416414
410363
404498
422647
416470
410373
454123
461329
454313
441645
448335
441563
448409
428986
416235
435262
422066
428964
416213
435246
440163
446985
447090
434979
428430
428404
434935
422709
404522
416529
410321
416518
410356
422676
461301
454002
454337
441643
448021
448323
441501
428952
421981
416078
434993
416158
435150
428856
372359
367686
359557
355030
372430
367622
359484
390248
403322
395529
408776
390307
403269
395474
377152
364069
382149
368718
377208
364012
382095
385137
392336
379991
397751
380033
397799
385077
372293
354956
367502
359360
367560
359418
372233
390190
408707
403138
395356
403205
395414
390136
377099
368668
363908
381995
363958
382042
377050
320589
316779
307860
303849
320693
316667
307664
337646
350879
342043
355315
337724
350818
341952
324383
311414
328750
315276
324499
311197
328608
333511
342201
329353
346403
329443
346466
333434
320493
303802
316453
307407
316558
307595
320400
337580
355257
350703
341792
350758
341872
337512
324290
315175
310944
328370
311162
328478
324198
717102
700966
703056
687265
717261
700874
702914
746244
762305
763053
778054
746791
761798
762540
732534
718049
748590
733059
732949
717840
748140
730248
728755
713654
744403
713889
744992
729655
716879
687171
700633
702600
700755
702765
716558
745685
777514
760631
761549
761154
762034
745136
732083
732657
717193
747266
717559
747697
731631
661873
648372
648412
635447
661919
648340
648404
689278
703691
703525
718169
689428
703520
703292
675315
661408
688890
674182
675414
661375
688719
675285
674169
661129
688889
661176
689003
675201
661830
635448
648300
648347
648318
648386
661766
689125
717872
703113
702758
703336
703045
688967
675209
673959
661119
688275
661294
688529
675057
594619
584321
594700
608212
596829
608143
596988
633411
647407
645144
659615
633447
647398
644980
605479
615814
605416
619399
630521
619458
630366
621582
622596
609692
634922
609747
634980
621451
584185
594254
594559
608121
596734
596955
607916
633279
659391
647122
644519
647305
644766
633073
615611
604972
605238
619243
629914
630162
619011
447255
441428
433574
427851
447353
441354
433474
481158
487225
481154
467096
473108
467170
473017
453029
439136
458947
444777
453126
439076
458877
468418
474526
475033
460962
454477
454763
460720
447129
427752
441054
433262
441220
433368
446979
487081
480678
480993
466954
472811
472919
466741
452921
444730
438946
458751
439014
458810
452806
392088
387102
378431
373448
392144
387043
378368
411214
425191
416684
430702
411266
425138
416636
397292
383481
402623
388510
397351
383409
402568
405820
414191
400536
419498
400596
419569
405767
392035
373391
386933
378245
386985
378304
391988
411162
430665
425029
416570
425082
416598
411117
397233
388434
383256
402464
383332
402515
397179
337110
332822
323514
319089
337268
332664
323224
355603
369633
360420
374465
355743
369530
360282
341376
327520
346129
331373
341552
327227
345953
350803
359784
346137
364476
346236
364563
350676
336946
319004
332394
322862
332519
323133
336793
355456
374356
369299
359973
369414
360134
355303
341203
331298
326856
345592
327131
345771
341034
779536
763875
763425
747624
779905
763479
762979
812137
832088
830345
846834
812365
831987
830231
795501
777799
810731
793654
795790
777376
810514
795564
796047
777958
813025
778349
813206
795234
779183
747206
762726
762154
763093
762554
778858
811901
846597
831586
829883
831712
830035
811684
795223
793323
776573
810087
776962
810283
794970
715267
702392
699627
686940
715650
702154
699223
744353
762650
759008
775654
744866
762231
758439
728538
711539
740839
723730
729110
711010
740200
730557
732166
716451
746477
716805
746887
730118
714841
686637
701509
698371
701844
698797
714408
743832
775145
761344
757410
761796
757902
743300
727975
723233
709984
739032
710487
739590
727442
626094
651843
641495
636247
652129
641282
635996
678225
695902
690288
705745
678622
695422
689927
662575
645657
672105
655990
662922
645374
671755
667202
671523
655893
682736
656184
683120
666858
625858
651547
640767
635453
641037
635728
651249
677838
705281
694538
689238
694963
689567
677471
662240
655717
644826
671130
645095
671424
661923
581504
566369
581290
589819
574694
590060
574489
613920
630795
624270
639384
614147
630528
624072
598940
582964
607274
592256
599156
582775
607073
610941
595633
595907
604797
620177
620425
604545
566114
580763
581036
589575
574073
574280
589340
613696
639125
630045
623683
630279
623877
613477
598739
592104
582405
606684
582589
606878
598548
522696
508048
522562
529907
515143
530009
515053
552441
568461
561362
575699
552566
568319
561255
537861
522134
544507
530125
537960
522043
544399
551490
536673
536867
544493
559297
559465
544350
507932
522256
522415
529798
514863
514959
529686
552311
575552
568038
561030
568176
561138
552182
537761
530024
521855
544187
521948
544285
537664
471358
465116
456780
450711
471422
465055
456714
492256
507927
499905
513999
492328
507861
499839
477948
462619
483579
469632
478012
462545
483503
493628
485752
479190
500426
479259
500499
485682
471296
450658
464948
456590
464998
456649
471239
492185
513923
507742
499698
507799
499765
492117
477887
469555
462404
483352
462472
483424
477834
413399
408025
398861
393660
413453
407959
398785
433248
448614
439959
453693
433315
448554
439901
419051
403783
423744
409919
419110
403696
423674
427766
436458
422103
442304
422149
442359
427706
413342
393572
407841
398621
407898
398706
413285
433173
453617
448450
439755
448495
439822
433109
418993
409814
403518
423524
403610
423590
418940
355024
350551
340134
335776
355192
350378
339836
374205
389726
380315
394132
374356
389635
380169
359696
344204
364085
349617
359878
343891
363906
369522
379326
364705
384244
364872
384360
369354
354837
335661
350010
339447
350198
339732
354650
374044
394015
389442
379850
389542
380006
373868
359512
349495
343460
363540
343754
363707
359333
595016
580605
585620
572919
595076
580684
585584
617175
626338
632046
641920
617169
626544
632035
608123
598652
622527
612765
608125
598629
622514
602629
596588
589741
612755
589722
612541
602565
594987
572855
580708
585484
580687
585534
594988
617103
641742
626646
631932
626489
631970
617108
608129
612755
598558
622513
598590
622510
608163
560655
549412
551014
541419
560688
549445
550993
580507
589852
593267
603086
580547
589826
593273
571564
561929
583427
573450
571565
561950
583460
568344
565388
558143
577849
558100
577871
568318
560630
541353
549371
550984
549409
550984
560624
580481
603081
589780
593312
589796
593287
580455
571592
573527
562070
583581
561999
583511
571652
524018
514690
513568
506172
523984
514791
513560
542707
552529
553097
563349
542682
552561
553154
533039
522831
542774
532394
533000
522863
542827
532641
532773
524932
542775
524822
542732
532678
524075
506290
514925
513673
514846
513588
524171
542752
563422
552713
553290
552619
553223
542813
533096
532442
522937
542920
522902
542886
533164
484661
477058
473610
467523
484622
477133
473628
511068
502462
512891
521803
502426
512941
511123
500224
492234
481424
489400
492173
481493
500295
493948
496856
487749
504943
487664
504822
494050
484741
467560
477265
473752
477187
473669
484857
502504
521834
513037
511172
512995
511168
502537
492311
489470
481634
500353
481571
500348
492370
442959
436215
431206
426263
442819
436327
431340
467222
459985
470886
478365
459922
470965
467295
456057
449283
438046
444901
449207
438109
456111
452890
457399
447739
464443
447642
464292
453046
443135
426338
436528
431642
436407
431497
443288
460046
478405
471112
467353
471049
467330
460106
449353
444946
438260
456191
438178
456148
449429
399430
393613
387158
383003
399280
393701
387285
415856
427164
422076
433547
415782
427238
422119
404737
393005
410496
398811
404667
393058
410534
409882
415759
405434
421837
405367
421722
410001
399567
383056
393843
387510
393772
387408
399679
415933
433599
427420
422239
427317
422172
416026
404804
398841
393169
410641
393108
410581
404890
353899
348921
341357
337779
353868
348939
341344
369691
381592
374832
386872
369675
381630
374821
357991
345818
362669
350343
357999
345780
362634
364767
371886
360984
377140
360962
377067
364801
353917
337738
348964
341293
348951
341323
353921
369712
386888
381717
374819
381670
374817
369732
357988
350296
345714
362593
345745
362610
357989
305977
302438
292850
290265
306123
302295
292601
321433
333931
325455
337922
321531
333869
325361
308970
296460
312819
299993
309106
296221
312710
317520
326166
314574
330347
314676
330405
317404
305830
290132
302010
292197
302152
292489
305679
321332
337861
333743
325188
333806
325282
321220
308834
299927
295862
312474
296138
312600
308697
652595
636938
641585
626571
652575
637021
641590
679988
693183
696959
710328
680061
693195
696819
668423
656414
684644
672012
668425
656419
684597
663214
658319
647125
675522
647138
675463
663124
652586
626562
637051
641628
637057
641603
652576
679854
710076
692797
696507
692939
696690
679705
668424
672006
656479
684492
656441
684574
668436
608571
595676
597381
585197
608522
595716
597434
633225
644851
647227
659678
633187
644888
647229
621611
609850
634931
622608
621564
609890
634937
619686
616435
606182
630809
606130
630743
619751
608627
585269
595843
597535
595775
597493
608680
633269
659693
644981
647151
644931
647229
633283
621658
622559
609906
634841
609922
634914
621647
552007
563508
552957
542074
563476
553004
552046
586247
598080
597872
610243
586231
598101
597817
561978
574239
585332
572552
574212
562085
585260
574982
574638
563957
586288
563925
586274
574982
563534
542098
553051
552024
553042
552055
563517
586236
610173
598089
597639
598112
597732
586204
574227
572584
562108
585099
562128
585183
574190
508487
505208
516809
516944
497314
508570
505322
549484
546945
537349
537577
559880
549831
547219
513335
534393
525300
525441
522026
513435
534493
528752
531003
519830
540373
519852
540421
528719
516980
497335
508567
505350
508582
505356
516969
537663
560010
549924
547186
549943
547232
537677
525503
522099
513489
534526
513482
534543
525514
463218
458672
470328
470327
451738
463219
458618
501446
497150
489677
489620
509475
501476
497153
466021
485180
478034
477811
472837
465748
484935
482036
485978
474655
493641
474651
493644
482033
470320
451751
463229
458599
463220
458603
470309
489577
509613
501468
497293
501481
497294
489541
477680
472578
465523
484908
465587
484940
477593
422600
416529
410282
404513
422632
416538
410251
453681
441202
447739
460267
441324
453525
447574
428653
415997
434826
421710
428741
415939
434714
434792
440152
428501
446736
428457
446742
434796
422589
404528
416607
410246
416564
410237
422602
441122
460096
453359
447416
453418
447467
441089
428605
421679
415930
434641
415915
434652
428602
372140
367452
359310
354779
372182
367410
359267
390059
403079
395306
408520
390091
403040
395271
376974
363864
381955
368562
377007
363827
381925
384948
392276
379888
397630
379904
397638
384929
372108
354736
367347
359204
367375
359232
372083
390042
408500
403032
395253
403024
395253
390038
376951
368540
363775
381897
363798
381906
376936
320205
316341
307349
303324
320304
316232
307143
337387
350651
341732
355128
337452
350604
341658
324004
310916
328260
314636
324104
310680
328166
333210
341961
329063
346217
329142
346250
333141
320095
303269
315996
306801
316115
307069
319982
337322
355096
350522
341534
350560
341599
337242
323892
314549
310319
327955
310616
328062
323773
715688
700501
702346
686851
716132
700289
702012
744079
759981
761079
776163
744589
759502
760651
730789
716806
746854
731502
731194
716431
746473
727932
726861
711833
742160
712368
742552
727478
715269
686611
699627
701360
699966
701671
714908
743612
775720
758617
759966
758967
760271
743234
730427
731178
715783
745860
716085
746136
730127
661489
648271
648223
635343
661672
648218
648048
688485
702832
702459
716920
688736
702541
702172
674611
660891
688003
673199
674837
660669
687734
674692
673818
660729
688037
660892
688268
674502
661299
635215
647951
647697
648092
647861
661135
688247
716646
702034
701686
702270
701911
688036
674401
672951
660277
687271
660466
687486
674212
594026
607496
596545
583138
607694
596401
593869
632628
646904
644254
658643
632848
646677
644008
604707
618538
629650
614820
618764
604477
629394
620896
622299
609179
634231
609321
634403
620717
607315
583091
596128
593571
596262
593728
607141
632410
658402
646278
643574
646467
643777
632218
618322
614581
604057
628977
604259
629171
618123
545075
540737
553931
553652
531808
544683
540384
590767
586120
576857
576568
600334
590505
585857
549145
571711
562957
562648
557127
548826
571458
566771
570055
556947
580031
557135
580165
566586
553406
531377
544015
539846
544267
540087
553177
576311
600095
590049
585432
590261
585627
576091
562395
556920
548372
571048
548576
571231
562174
493388
487685
500829
500395
479998
492902
487162
535360
529022
521648
521293
542909
535023
528779
494135
514900
507884
507553
500619
493856
514675
513432
518441
505362
526482
505551
526710
513234
500106
479672
492469
486697
492635
486842
499927
521060
542719
534580
528483
534774
528601
520898
507337
500508
493589
514437
493682
514521
507204
446731
440885
433175
427469
446832
440772
433122
480354
466431
472719
486624
466551
480139
472679
452651
438890
458719
444689
452710
438859
458712
460176
466852
453805
473420
453862
473525
460127
446683
427442
440702
433156
440710
433115
446692
466369
486577
479971
472686
480025
472672
466358
452631
444700
438902
458747
438861
458715
452656
391925
386894
378194
373258
391951
386871
378154
411068
424990
416540
430626
411085
424971
416523
397109
383189
402419
388209
397137
383136
402388
405697
413990
400479
419451
400464
419414
405715
391910
373240
386871
378105
386864
378123
391911
411067
430632
425004
416528
424974
416520
411079
397094
388162
383066
402359
383097
402370
397088
336499
332259
322786
318430
336640
332126
322518
355017
369192
359810
373989
355158
369099
359652
340713
326774
345411
330649
340867
326507
345239
350347
359546
345782
364219
345842
364265
350255
336354
318352
331886
322136
331999
322432
336227
354897
373893
368941
359383
369019
359515
354777
340553
330599
326119
344922
326417
345076
340405
778315
762386
761790
746094
778566
762081
761464
811228
831241
829576
846255
811433
831142
829393
794563
776218
809883
792464
794742
775911
809726
794439
794647
776640
812125
776905
812247
794248
778100
745798
761612
760967
761818
761185
777930
811041
846052
830921
829109
830978
829141
810890
794432
792264
775503
809583
775667
809599
794360
713610
701171
697961
685646
713991
700851
697582
742379
760911
756944
773836
742810
760523
756511
726515
709515
738508
721895
726952
709092
738046
728990
730875
715242
745226
715490
745465
728715
713277
685347
700313
696973
700560
697247
713008
742008
773499
759956
755871
760201
756145
741709
726142
721528
708448
737279
708730
737621
725853
650701
640493
635184
625070
650963
640233
634935
676825
694149
688912
704159
677129
693810
688635
661386
644575
670860
655021
661634
644355
670637
665964
670306
654835
681531
655054
681758
665747
650473
624844
639802
634535
639998
634716
650285
676565
703879
693323
688195
693528
688377
676364
661185
654850
644030
670331
644171
670455
661041
580493
588932
573877
565392
589121
580265
573705
613086
629836
623497
638466
613273
629653
623317
598217
582230
606494
591639
598373
582070
606319
603897
609947
594725
619396
594899
619540
603748
588776
565221
579911
573450
580069
573561
588658
612922
638293
629401
623003
629506
623150
612783
598083
591492
581813
606006
581928
606151
597978
522105
529496
514772
507588
529581
521982
514696
551943
567907
560911
575182
552056
567793
560813
537500
521766
544084
529736
537573
521688
544010
544005
550728
536140
558818
536215
558891
543946
529436
507527
521855
514616
521896
514642
529407
551843
575082
567636
560637
567699
560710
551763
537445
529639
521584
543893
521624
543935
537415
471163
464912
456540
450597
471192
464904
456506
492004
507695
499622
513757
492056
507661
499561
477765
462343
483280
469346
477791
462297
483228
485557
493365
479146
500304
479104
500285
485586
471161
450627
464978
456523
464930
456507
471197
491964
513713
507662
499457
507646
499497
491943
477759
469297
462279
483175
462269
483183
477792
413202
407793
398533
393323
413233
407764
398443
433047
448419
439678
453480
433059
448414
439644
418902
403424
423455
409517
418904
403344
423442
427629
436417
422054
442282
422055
442254
427625
413186
393266
407730
398311
407743
398368
413171
433049
453486
448507
439628
448449
439609
433043
418908
409418
403222
423479
403273
423439
418927
354299
349826
339403
335029
354466
349650
339117
373559
389338
379680
393755
373709
389265
379543
359031
343377
363386
348948
359176
343121
363250
368892
378821
364066
383821
364204
383888
368768
354143
334963
349332
338794
349490
339079
354004
373445
393711
389188
379347
389211
379418
373345
358911
348877
342790
363040
343060
363125
358811
594996
580659
585455
572653
594991
580544
585464
617061
626395
631863
642005
617062
626511
631843
608213
598537
622509
612780
608175
598537
622527
602376
596253
589752
612908
589709
612519
602299
595005
572732
580488
585580
580478
585495
595049
617050
641525
626274
631914
626046
631819
617091
608264
612829
598681
622665
598566
622561
608374
560643
549255
550991
541117
560630
549085
551017
580500
589779
593356
603138
580471
589814
593401
571728
562148
583644
573768
571710
562172
583691
568413
564985
557830
577939
557755
577876
568502
560677
541140
548968
551162
548955
551082
560760
580550
603188
589973
593495
589871
593432
580638
571760
573773
562259
583759
562207
583708
571831
524286
514928
513754
506338
524257
514855
513808
542917
552798
553329
563611
542872
552868
553360
533261
522970
542937
532481
533218
523001
542949
532823
532660
524951
543010
524872
542921
532897
524285
506255
514529
513878
514751
513825
524316
542941
563628
552984
553399
552910
553357
542980
533283
532470
523051
542982
523019
542943
533338
485015
477283
473845
467689
484964
477246
473919
502591
513076
511168
521852
502562
513113
511176
492457
481673
500344
489481
492410
481709
500340
494198
496827
487802
505113
487729
505077
494245
485033
467680
476956
474009
477157
473953
485066
502614
521856
513197
511155
513149
511175
502634
492495
489472
481731
500301
481735
500328
492521
443476
436601
431762
426473
443401
436600
431828
460244
471178
467385
478447
460177
471254
467413
449600
438349
456237
445122
449520
438416
456280
453224
457583
448018
464681
447880
464674
453208
443507
426490
436287
431827
436538
431831
443497
460285
478453
471368
467442
471335
467439
460302
449675
445182
438473
456334
438467
456320
449714
399800
393883
387579
383127
399756
393884
387605
416176
427525
422318
433818
416109
427615
422401
405041
393241
410711
398987
404968
393291
410787
410134
415924
405737
422071
405577
422069
410110
399841
383145
393568
387598
393815
387598
399847
416230
433898
427740
422511
427706
422484
416241
405121
399046
393341
410865
393330
410861
405161
353903
348954
341251
337615
353916
348917
341191
369774
381786
374826
386975
369750
381848
374836
358005
345686
362581
350214
357992
345661
362575
364761
371972
361231
377231
361071
377229
364725
353875
337617
348575
341060
348830
341110
353868
369790
387009
381959
374858
381911
374852
369808
358039
350221
345642
362602
345643
362587
358077
305381
301872
292106
289412
305533
301685
291677
321042
333700
325109
337723
321132
333668
325027
308430
295773
312341
299179
308556
295344
312211
317083
325923
314525
330155
314416
330174
317011
305228
289385
301127
290850
301453
291569
305145
320985
337704
333681
324928
333663
324975
320945
308321
299122
294555
311928
295236
312056
308286
652558
637041
641652
626552
652564
637052
641648
679339
692329
696210
709161
679526
692153
695878
668391
656476
684313
671659
668448
656411
684131
662778
657753
647109
674855
646938
674540
662989
652573
626581
637274
641732
637101
641655
652693
679209
708304
691473
695501
691349
695530
679315
668297
671533
656355
683905
656307
683939
668340
608726
595902
597556
585447
608706
595942
597574
633230
644961
647059
659420
633253
644926
646991
621616
609887
634762
622348
621624
609880
634712
619772
616555
606335
630888
606277
630855
619812
608725
585461
596010
597623
595960
597571
608766
633196
659344
644906
646914
644875
646933
633223
621596
622319
609906
634661
609862
634673
621619
563464
553048
551984
542077
563488
553047
551946
586125
598064
597541
609928
586163
598047
597461
574081
562055
584998
572319
574137
561990
584902
574942
574762
564008
586345
563969
586289
574960
563437
542067
553057
551892
553034
551907
563439
586087
609892
598067
597376
598031
597397
586085
574026
572217
561879
584782
561923
584820
574011
516875
508544
505321
497293
516931
508508
505276
537597
549864
547106
559658
537650
549790
547015
525448
513471
534480
521996
525492
513438
534413
528532
530910
519664
540124
519725
540185
528456
516808
497244
508377
505144
508451
505222
516732
537530
559548
549645
546873
549709
546923
537480
525391
521936
513361
534301
513393
534342
525349
470282
463240
458596
451842
470293
463251
458604
489492
501447
497274
509544
489518
501416
497223
477495
465484
484864
472445
477532
465470
484820
481976
485925
474636
493485
474651
493540
481939
470281
451882
463264
458638
463265
458629
470276
489461
509488
501347
497150
501377
497174
489433
477474
472451
465493
484778
465480
484787
477465
422723
416671
410284
404651
422648
416748
410342
441146
453338
447417
459971
441100
453347
447461
428728
415987
434679
421839
428647
416069
434760
434964
440352
428782
446852
428729
446824
435019
422831
404710
416867
410395
416839
410419
422898
441225
460016
453427
447623
453389
447545
441289
428844
421966
416201
434980
416178
434881
428926
372061
367324
359185
354645
372067
367310
359175
390055
403062
395264
408596
390041
403107
395282
376924
363759
381893
368504
376925
363751
381893
384923
392334
379860
397652
379876
397692
384897
372056
354632
367284
359144
367300
359169
372038
390062
408653
403108
395263
403151
395296
390026
376921
368499
363727
381882
363742
381892
376901
319721
315866
306727
302519
319853
315735
306314
337119
350494
341486
355027
337186
350470
341426
323509
310248
327833
313780
323641
309810
327703
332951
341786
328859
346089
328888
346120
332893
319568
302449
315535
305613
315604
306258
319446
337075
355007
350414
341351
350429
341384
337047
323376
313719
309069
327464
309721
327568
323320
714425
699341
701100
685904
714621
699159
700903
742787
758235
759735
775061
742951
758147
759601
729762
715536
745653
730587
729898
715365
745520
726722
725074
710983
741676
710870
741288
726868
714330
685800
699034
700808
699057
700800
714351
742728
774762
758176
759709
757812
759551
742981
729723
730589
715385
745574
715300
745478
729827
660881
647832
647557
634871
660997
647742
647447
687732
701838
701509
716145
687862
701698
701393
673935
660114
687100
672426
674053
659998
686981
674120
673253
660381
687577
660405
687594
674103
660803
634812
647650
647399
647672
647384
660786
687668
716150
701684
701417
701639
701363
687694
673874
672362
659948
686956
659936
686931
673881
606850
595996
593414
582773
606981
595876
593268
631934
646112
643408
657898
632052
645997
643289
617824
603879
628818
614108
617953
603734
628702
620369
621878
608849
633937
608866
633913
620369
606752
582660
595733
593067
595774
593145
606722
631862
657833
645954
643243
645933
643220
631873
617733
614026
603565
628646
603618
628632
617726
552794
543811
539644
530774
552970
543645
539480
575732
589858
585273
599613
575899
589693
585141
561826
548196
570901
556518
561985
548058
570778
566085
569558
556419
579484
556494
579569
565994
552650
530657
543442
539281
543514
539353
552565
575601
599517
589484
584977
589561
585035
575515
561703
556436
547889
570624
547949
570678
561628
499729
492364
486612
479506
499806
492302
486571
520708
534430
528418
542403
520786
534317
528391
507094
493550
514412
500530
507127
493561
514427
512890
517796
505008
526002
505043
526057
512853
499684
479509
492234
486584
492251
486569
499675
520650
542349
534194
528374
534232
528374
520628
507080
500606
493629
514480
493595
514454
507085
446852
440746
433248
427640
446753
440834
433377
466482
479972
472735
486692
466400
480011
472821
452853
438987
458814
444877
452734
439110
458912
460258
466725
454000
473441
453925
473400
460335
446984
427791
441070
433650
440965
433542
447085
466588
486793
480124
473021
480077
472933
466666
452998
444984
439358
459142
439265
459043
453102
391954
386882
378109
373247
391929
386891
378123
411139
425061
416541
430743
411104
425135
416558
397107
383051
402354
388082
397093
383050
402358
405840
414187
400529
419698
400547
419694
405846
391975
373248
386896
378158
386895
378142
391995
411178
430801
425238
416598
425221
416581
411198
397126
388085
383086
402378
383065
402369
397148
335979
331762
322071
317562
336101
331641
321666
354634
368892
359282
373727
354698
368868
359216
340142
326041
344781
329822
340264
325618
344657
350126
359480
345671
364210
345679
364203
350102
335844
317472
331453
320949
331509
321618
335742
354614
373730
368890
359169
368875
359191
354602
340011
329777
324817
344435
325526
344535
339951
777782
761469
760826
745321
777807
761420
760808
810827
830738
829042
845995
810794
830773
829469
794352
775421
809586
792309
794343
775401
809642
793911
793894
776414
812131
776190
811714
793950
777832
745408
761605
760901
761518
760831
777860
810998
845729
830771
829521
830634
829592
811064
794370
792436
775742
809681
775492
809605
794446
712700
700126
696777
684760
712811
700008
696660
741394
759788
755691
773092
741490
759713
755749
725599
708255
736939
720952
725666
708170
736808
728359
730454
714989
745006
714936
744953
728431
712667
684709
699999
696704
699974
696637
712717
741460
773182
759752
756297
759647
755889
741678
725668
720873
708451
736986
708185
736688
725869
650064
639645
634398
624387
650147
639539
634313
676167
693198
688050
703546
676223
693183
688121
660972
643935
670246
654757
660961
643898
670278
665419
669720
654508
681287
654474
681245
665471
650032
624328
639514
634343
639488
634278
650078
676215
703505
693419
688610
693321
688279
676406
661048
654984
644136
670505
643919
670352
661125
588563
579797
573372
564945
588581
579724
573342
612612
629345
622864
638000
612672
629358
622821
597894
581724
605838
591207
597904
581675
605777
603596
609483
594436
619269
594431
619228
603665
588590
564922
579650
573425
579669
573355
588686
612612
637961
629603
623150
629469
622814
612794
598002
591174
581837
605657
581702
605677
598172
529447
521860
514618
507616
529405
521902
514662
551672
567609
560549
574945
551703
567623
560588
537443
521550
543854
529490
537410
521542
543901
543948
550577
536181
558886
536148
558833
543989
529506
507700
522012
514791
521959
514724
529563
551668
574884
567871
560982
567742
560650
551804
537557
529524
521693
544002
521570
543934
537667
471311
465033
456542
450742
471244
465108
456565
491957
507701
499411
513727
491940
507782
499442
477933
462291
483162
469285
477847
462304
483254
485738
493672
479468
500589
479387
500540
485764
471390
450804
465254
456658
465205
456609
471441
491998
513753
508017
499863
507913
499511
492129
478069
469318
462459
483354
462343
483304
478214
413168
407725
398267
393174
413160
407731
398245
433022
448573
439606
453707
433028
448645
439718
419007
403184
423503
409324
418958
403164
423613
427615
436533
422100
442411
422081
442380
427627
413188
393177
407764
398277
407748
398247
413211
433031
453771
448866
440167
448757
439846
433159
419108
409379
403282
423702
403173
423705
419213
353793
349189
338772
334188
353886
349071
338358
373205
389200
379284
393821
373263
389245
379306
358686
342724
362949
348244
358732
342313
362919
368593
378639
363843
383817
363860
383790
368582
353725
334114
348903
337628
348954
338319
353686
373196
393900
389447
379682
389342
379398
373296
358682
348141
341512
362721
342199
362859
358763
)
;

boundaryField
{
    inlet
    {
        type            zeroGradient;
    }
    outlet
    {
        type            fixedValue;
        value           uniform 0;
    }
    seabed
    {
        type            zeroGradient;
    }
    top
    {
        type            zeroGradient;
    }
    side1
    {
        type            zeroGradient;
    }
    side2
    {
        type            zeroGradient;
    }
    submarine
    {
        type            zeroGradient;
    }
}


// ************************************************************************* //
