/*--------------------------------*- C++ -*----------------------------------*\
  =========                 |
  \\      /  F ield         | OpenFOAM: The Open Source CFD Toolbox
   \\    /   O peration     | Website:  https://openfoam.org
    \\  /    A nd           | Version:  10
     \\/     M anipulation  |
\*---------------------------------------------------------------------------*/
FoamFile
{
    format      ascii;
    class       volScalarField;
    location    "5.3";
    object      p;
}
// * * * * * * * * * * * * * * * * * * * * * * * * * * * * * * * * * * * * * //

dimensions      [0 2 -2 0 0 0 0];

internalField   nonuniform List<scalar> 
12920
(
-283899
-130759
-60758.6
24755.6
44741.4
79032.6
80188
91193.4
86051.8
87191.3
79188.9
75463.2
66599.3
60059.6
50218.3
42000.4
31570.8
22400.3
11084.5
9386.4
-57621.3
-33098.7
-25062.7
51460.3
48896.5
86357.2
81850.7
94359.7
87605.2
89107.5
80190.7
76130.6
66745.9
60376.8
50484.6
42205.3
31859.6
22478.7
11131
9166.88
-97578.3
15115.5
26894.2
85469.8
84018.7
105083
97852.4
102498
93527.6
92299.9
82590.2
77899.6
68021
61036.5
50952.2
42549.4
32014.1
22555.3
11139.1
9038.95
2236.15
158569
104844
141921
104828
121296
105190
109403
97566.7
95921.2
85024.7
79738.9
69417
61946.9
51553.3
42875.9
32244.1
22645.3
11179.1
8912.42
1483.49
204677
126969
174245
131246
138880
119444
118629
104163
100095
88106.2
81828.1
70933.1
62940.6
52349.5
43302.1
32617.6
22770.4
11235.5
8794.36
340968
306316
204701
204798
158145
155028
130168
126059
109938
103892
91778.9
83938.9
72835.7
64008.5
53298.6
43765.8
32923.3
22818.4
11233.6
8625.53
612474
390037
227225
226925
173115
165999
139827
133484
114767
107701
93754.8
86155.1
74241.2
65376.3
54104.3
44254.8
33303.3
22887
11225.2
8474.37
412904
384823
248270
235507
184761
175465
151705
138687
124797
114554
101482
90959.2
79699.1
69557.7
54771.7
44471.9
33536.6
22886.9
11167.4
8279.89
505396
382587
264258
247569
191662
185653
158234
142542
127881
115478
103099
91879.6
81072.1
70788.7
60995.9
44676.8
33846.4
22807.3
11101.6
8041.72
251328
342766
231499
237732
181231
180379
160617
142432
128136
115479
103763
92410.1
81391.7
71147.8
59542.3
45796.1
34030.4
22655.9
10874.3
7688.92
466002
390144
255912
247073
187775
178007
157055
141366
127459
115640
104087
92673.8
81605.7
71138.2
60002.5
45520.6
33637.8
22278.5
10506.6
7305.5
256247
299030
166278
209854
159827
164894
151156
136966
124304
113379
102696
91681.3
80824.7
70437.5
58509.2
43752.6
32625.7
21580.8
9987.62
6856.4
154403
247788
179756
208631
153574
153231
137793
127496
116988
107216
97135
87233.4
76649.4
66014.7
51927.8
41782.1
31265.9
20663.7
9352.18
6395.27
-290597
54895.5
86654.7
149362
119480
135320
119070
117182
105844
99355.2
88359.4
79472.9
68980.1
59147.3
49267.5
39943.5
29854.7
19647.6
8691.06
5932.38
-59871.9
67882.4
83650.6
139043
103102
127917
109529
109402
98511.5
91897
82605.7
74690.4
65629.9
56920.1
47641.1
38392.5
28646.7
18770.4
8118.84
5478.38
10669
61801.6
62968.6
115268
91138.5
113304
101065
102646
93371.3
89329.4
79999.1
72907.7
63806.5
55340.7
46105
37130.9
27657.6
18052.5
7669.45
5161.52
-218871
14010.4
54.7893
92079.2
73549.5
99763.2
91740.1
94534
87034.8
83579.8
76150
69962.6
61619.8
53565.5
44689.6
36005.7
26744.7
17417.6
7229.75
4857.06
-411873
-11488.6
7544.38
96354.6
83195.5
98819.2
91074.4
92650.7
85676.1
82469.9
74967.4
68792.9
60505
52613
43771.6
35240.1
26073.8
16893.5
6815.09
4715.67
-110176
54500.4
20292.7
110794
84042.3
96685.6
88399.1
89338.6
83451.8
80407.2
73187.2
67253.4
59331.1
51677.3
43121.3
34660.9
25638.3
16498.6
6463.05
4553.49
-20304.9
124372
55099.4
133965
94782.2
100473
89738
90488.7
83999.6
80306.3
73058.7
66900.6
58831.1
51275.5
42750.8
34334.3
25359.3
16259.9
6304.95
4666.79
-240977
-128603
-60137.1
24778.5
45243.9
79188.7
80218.9
91222.2
86089.3
87224.7
79174.5
75482.3
66570.2
60026.7
50190.8
42008.5
31575.1
22401
11086
9393.79
-70117.9
-51201.5
-30360.8
51512.9
49392.6
86783.6
81953.3
94407.9
87594.4
89023.6
80141.8
76124.2
66815
60390.4
50453.9
42189.3
31843.4
22484.4
11137.4
9173.17
-131065
2498.32
22828.4
84108.1
83858.1
104520
97691.3
102428
93503.4
92315.3
82613.1
77900.5
68010.3
61038.7
50938.9
42521.9
32042.4
22574.1
11161.7
9034.71
138569
117403
93497
139730
104311
121204
105256
109429
97566.3
95884.7
85057.3
79728.2
69427.2
61940.2
51530.5
42854
32251.2
22656.9
11195.7
8906.08
73734
206297
129280
174569
131279
139096
119570
118711
104224
100098
88064.9
81773.7
70888
62950.4
52363.6
43290.8
32610.5
22775.9
11250
8784.95
328878
312037
207692
206136
158733
154754
130227
126117
110079
103870
91769.2
83903.9
72871.5
64019.9
53305.9
43741
32923.9
22820.6
11248.8
8623.58
536945
376096
226129
226890
172715
166028
139959
133317
114759
107817
93814.5
86212.8
74256.9
65412.3
54095.7
44265.8
33316
22890.5
11237.2
8479.81
444365
386707
242358
234517
183871
175603
151389
138517
124531
114069
101300
90998.9
79703.8
69641.9
54771.9
44485
33544.1
22894.1
11181.5
8283.54
228696
355812
257145
245166
191175
185514
157355
142567
127846
115411
103088
91994.8
81053.5
70814
61421.2
44774
33868.9
22832
11108.9
8041.25
231485
343797
234951
234773
180652
180162
160310
142478
128208
115576
103962
92503
81422.1
71181.7
59891.6
45902.5
34046.6
22664.2
10885.8
7692.41
476270
388099
256792
247586
187358
177672
156892
141407
127612
115757
104195
92790.1
81541.1
71120.3
60313.9
45635.8
33641.7
22281.6
10523.7
7327.19
367449
301412
167154
212259
159642
164478
150598
136887
124406
113405
102725
91702
80790.7
70415.4
58579.8
43823.2
32628
21574.3
10005.2
6887.66
256667
261820
176406
207541
152951
153200
137560
127586
117068
107319
97027
87013
76416
66008.3
52073.3
41807.3
31266.7
20650.3
9365.09
6428.76
-108210
78999.3
87591.9
149651
119290
135024
119034
117327
105998
99238.4
88309.1
79661
69097.6
59240.3
49403.2
39961.3
29855.5
19629.6
8703.71
5920.22
-91481.6
111762
97301.5
140250
104012
128063
109605
109511
98599.6
92281.9
82998.3
74748.2
65678.5
56964.6
47650.1
38373.5
28633.4
18748.6
8134.35
5506.83
-45553.5
71605
61307.6
114879
91285.4
113495
101306
102848
93458.8
89124.1
79998.5
72956.1
63824.8
55360.1
46105.7
37138.6
27641.4
18039.3
7676.84
5179.51
-322314
18607.4
-3469.95
91091.1
73245.7
99722.4
91639.8
94441.5
86786.9
83729.5
76231
69968.6
61588.8
53560.9
44692.3
36015.5
26737.6
17409.5
7259.19
4907.23
-379558
-3965.66
10553.2
98316.3
83621.5
98875.3
90952
92762.7
85744.1
82527.7
75013.4
68830.2
60478.6
52613
43792.9
35238.6
26069.9
16892.6
6821
4724.78
-237148
67111.5
20983
112317
83949.9
96683.1
88027.7
89288.1
83390.7
80565.4
73272.6
67282.8
59308.6
51645
43102.5
34652.4
25628.5
16483.9
6466.74
4551.17
50314.2
143252
58000.4
135811
94580
100415
89804.2
90564.7
84170.5
80387.5
73126.4
66892.9
58834.9
51234.6
42714.1
34296.4
25330.4
16252.6
6325.04
4689.7
-326470
-127234
-60965.1
24866.1
45771.6
79514.8
80291
91321.8
86152.3
87268.3
79204.8
75409
66553.3
59997
50150.5
42016.3
31600.8
22425.1
11106.8
9400.93
-138742
-46655.2
-27378.1
53514.3
50693.8
87166.5
82488.5
94529.8
87728.7
89024.8
80228.5
76295.9
66872.5
60393.7
50427.5
42173.7
31842.1
22519.3
11155.2
9170.69
-77095.5
6600.56
26063.4
84413.2
82803.5
104196
97245.8
102319
93441.8
92301.6
82656.4
77901.2
68003.9
61031.8
50914.5
42487.6
32054.3
22614.4
11211
9039.51
218779
172325
104211
137714
104686
121057
105350
109377
97639.5
95841
85089.5
79721
69426.6
61934.8
51512.2
42825.8
32254.3
22679.9
11243.5
8913.51
63078.3
208003
131590
174602
131763
139187
119785
118755
104284
100078
88060.9
81715.9
70882.3
62946.2
52368.4
43276.1
32596.9
22791.1
11295.9
8793.88
263429
299279
197726
206157
159248
154520
130624
126059
110214
103821
91777.8
83882.6
72917.9
64033.9
53305.6
43742.9
32928.1
22834.4
11292
8638.98
473928
355569
233039
228856
174011
166255
140396
133111
114881
107857
93908.7
86217.2
74266.3
65443.5
54089.6
44240.6
33323
22906.6
11285.9
8497
486210
388955
246385
235152
184512
175591
151157
138140
124268
113659
101185
91099.3
79807.9
69760.8
54792.5
44562.6
33575.1
22915.2
11228.5
8302.18
278067
358640
256793
242473
191817
185825
156481
142234
127774
115495
103309
92175.1
81174.2
70949.1
61856.1
44832.4
33899.1
22850.7
11150.8
8058.56
283110
352784
228265
231665
180375
179866
160134
142860
128478
115992
104383
92592.6
81534.5
71249.6
60224.2
45969.3
34065
22682.7
10918
7720.3
374102
399676
257872
247624
187910
177518
156845
141412
127817
116376
104450
92363.5
81377.4
71082.2
60595
45683.4
33662.6
22303
10577
7364.77
316658
308148
171340
213953
160478
164256
150133
136859
124698
113520
102669
91552.4
80614.5
70403.7
58863.4
43858
32639.3
21589.7
10066.7
6935.56
284066
270310
185440
206694
153505
152944
137175
127635
117318
107458
97021.5
86803.6
76403
66062.5
52184.2
41822.9
31276.4
20666.1
9431.09
6500.76
164496
123903
92489.9
149754
119518
134530
119179
117467
106145
99237.2
88362.2
79748.9
69160.2
59369.7
49499.8
39982.1
29865.4
19638.4
8766.79
6041.88
32810.6
133287
89360.7
139143
105227
127811
110198
109813
99253.3
92905
83470.4
75040.3
65880.1
57021.1
47648.6
38368.6
28615.5
18748.3
8206.04
5598.86
110072
98288.5
64645.8
114144
91961.9
113782
101724
103212
93678.6
89267.5
80130.5
73111.4
63906.8
55376.2
46106.2
37138.8
27621.5
18034.9
7726.79
5253.45
-37175.1
62655.2
3527.73
93463.7
73554.2
100117
91975.5
94426.3
86964.9
84001.4
76295.9
69987.9
61543.8
53551.3
44703.2
36023.2
26722.4
17411
7298.56
4973.42
-281746
19026.1
23003.8
103339
83577.4
99171.1
91263.1
93062
86030.7
82771.2
75069
68848.7
60435.4
52607.5
43809.4
35238.7
26064.5
16886
6852.14
4779.06
25421.9
100862
32041.9
117708
84827.2
97471
88140.5
89966.4
83593.8
80682.9
73285.1
67289.5
59273.6
51629
43093.7
34642.6
25601.9
16474.7
6478.26
4627.27
200997
173154
66131.2
140775
94585.8
100924
90104
90713.4
84104.1
80421.3
73139.8
66876
58813.7
51184.8
42675.6
34290
25329.1
16258.3
6343.7
4702.58
-370773
-119504
-64646.3
24251.8
46002
79713
80452.6
91404.1
86213.1
87279.1
79230.3
75409.8
66473.4
59971.4
50142
42011.9
31642.7
22453.2
11126.6
9421.36
-168778
-81769.6
-28469.2
53171.2
51727.5
87296.9
82904.2
94604.6
87885
89079.9
80352.5
76349.6
66897.2
60371.3
50405
42157.4
31848.4
22549.6
11190.8
9190.79
-61976.3
14888.5
23122.6
83922.1
81865.8
103951
97018.4
102197
93482.9
92234.4
82683.9
77867.2
68010.8
61012.5
50885.4
42448.6
32064.8
22655.7
11271.2
9065.09
206330
167897
105422
135269
105006
120707
105726
109267
97749.3
95745.6
85136.5
79684.7
69434.3
61923.1
51537.3
42807.1
32263.8
22699.6
11313.6
8945.8
328928
237144
136762
176402
132649
139083
120005
118697
104316
100010
88083.7
81662.6
70912.9
62903.5
52355
43236.2
32568.4
22808.8
11366.2
8833.78
303305
308970
203485
207504
160543
154222
131000
125852
110355
103787
91804.6
83854.6
72949
64032.8
53320.3
43723.9
32922
22848.6
11345.8
8679.37
316456
332688
231757
228421
175289
166139
140764
132756
115034
107835
94047.8
86158.6
74269.7
65428
54084.5
44242.9
33336.2
22931.5
11346.2
8543.32
530761
383394
247562
233777
185002
175240
151569
138209
124241
113594
101180
91215.9
79934.4
69836.7
54916.3
44642.6
33604.8
22936.4
11286.4
8350.57
220200
351319
249567
236397
191811
185881
155932
142198
127825
115667
103525
92336.1
81287.2
71031.4
61864.6
44897.6
33925.2
22866.1
11205
8112.25
258019
342884
222263
224760
181442
179554
160263
143178
128924
116357
104622
92779.9
81567.9
71289.8
60403
46068.6
34104.1
22725.2
11011.9
7810.74
424960
383580
260314
247389
187933
177141
157067
141675
128117
117665
104348
92160.6
81313.9
71098.4
60720.7
45751.6
33692
22345.9
10641.1
7474.03
169996
280019
168988
214091
160812
164299
150009
137168
125081
113722
102639
91411.6
80500.9
70417.7
59068.7
43905.5
32658.7
21620.4
10138.9
7065.64
374043
272450
180559
203691
153494
152243
136870
127952
117680
107596
97087.7
86736.3
76424.8
66130.2
52309.9
41827
31283.8
20691.1
9527.91
6653.31
70022.2
143451
91381.6
147931
119673
133474
119470
117352
106360
99183.7
88440.2
79704.3
69253.8
59489
49549.5
39988.5
29877.3
19633.7
8904.03
6232.66
61866.5
157113
80814.2
139436
105001
127068
110611
109911
99935.4
93426.8
83840.3
75362.1
66087.2
57111.1
47632.5
38342.8
28594.4
18743.4
8280.91
5798.81
121848
124865
65593.3
113445
92539.7
113775
102209
103157
94222.6
89720.4
80542
73315.7
64103.3
55373.3
46102.1
37119.7
27601.3
18026
7784.15
5419.57
-111042
95763.2
-6952.13
93599.2
73307
100288
92315.6
94682.5
87189.5
84013.8
76317.5
69959.7
61484.3
53520
44715.7
36015.7
26697.1
17401.6
7350.81
5137.16
49537
70598.4
28622.8
106402
84051.5
99814.1
91585
93192.6
86208.4
82862.8
75133.4
68841.6
60407.3
52593.5
43816.4
35227.5
26050.9
16854.5
6880.23
4947.06
32924.4
142045
30021.8
122360
85310.5
98238.2
88742.4
90322
83707.2
80683.6
73234.4
67263.5
59236.9
51602.9
43056.3
34616
25585.4
16473.9
6562.38
4790.43
272973
225206
74087
145924
94857.2
101593
90372
90965.4
84091.5
80497.7
73125.5
66847.1
58784
51139.1
42644.5
34261
25305.9
16253.4
6362.55
4762.12
-309229
-128282
-64115.2
24975
46007.7
79921.1
80550.3
91490.4
86262.8
87263.7
79246
75419.7
66434.1
59966.7
50144.5
42025.3
31659.6
22476.1
11144.9
9429.48
-82269.3
-79348.8
-23645.3
53954.3
52282.5
87245.2
83078.3
94605.5
87957.9
89027.8
80351.6
76323.4
66898.1
60353.9
50397.2
42142.3
31867.2
22573.7
11222.2
9143.1
44476.2
28969.8
26896.5
83726.6
81497.7
103869
97000.9
102158
93535.4
92172.8
82692.1
77841
68040.3
61006.7
50881.2
42424.5
32067.8
22656.6
11318.1
9032.45
188965
157522
105074
134072
105216
120168
105991
109153
97872.2
95643.9
85239.3
79648.8
69465.3
61912.5
51585.5
42783.2
32278.9
22726.7
11368.5
8925.42
301275
227658
135033
175398
133154
138746
120297
118596
104381
99939.5
88134.6
81625.4
70968.5
62895.3
52374.6
43210.6
32566.4
22819.7
11421.3
8820.35
342834
327764
198372
206950
160859
153858
131411
125611
110550
103732
91815
83823.6
72983.1
64020.4
53318.7
43706.8
32926.5
22869.5
11391.3
8665.78
360957
329677
232096
228376
176830
165647
141450
132609
115428
107839
94264.2
86123.7
74347.2
65389.9
54091.4
44223.1
33347.9
22952.9
11407.1
8539.46
663364
391242
253295
234586
187352
175060
152279
138340
124542
113648
101227
91263.2
79953.6
69887.6
54956.9
44722.2
33642.4
22957.9
11337.7
8348.86
269264
354048
248700
233488
191863
185334
156207
142321
127984
115777
103650
92436.4
81338.5
71081.2
61704.4
44921.8
33944.6
22867.8
11236.3
8109.87
300118
351947
221730
223062
182364
180208
160868
143435
129172
116495
104618
92848.4
81550.7
71241.4
60459.8
46068.3
34120.2
22741.2
11075.1
7823.54
428326
386877
260434
247217
187965
177039
157750
141924
128269
116129
104465
92628.8
81361.2
71135.4
60741
45739.2
33746.8
22380.8
10704.8
7506.08
161551
268038
168617
213237
161664
164871
150345
137376
125333
113852
102646
91383.3
80484.4
70474.4
59299.7
43866.4
32681.1
21653.5
10219.8
7120.47
338504
282491
183804
202757
155391
151198
136874
128315
117917
107727
97167.8
86784.5
76391.2
66185.8
52264.3
41884.7
31299.9
20714.9
9601.76
6727.54
137630
165211
94947.6
147897
121404
132345
119707
116873
106595
99151.5
88510.1
79664.8
69240.1
59474.5
49624.3
40014.1
29897
19593.3
8953.29
6307.85
192220
176350
78522.1
139801
103531
126698
111167
109815
100591
93695
84170.6
75639.9
66274.7
57187.3
47659.8
38325.6
28565.2
18724.4
8330.65
5886.4
176949
131197
64882
113130
93650.6
113916
103166
103208
95251.3
89904.9
80863.3
73400.7
64182.4
55444.9
46125.8
37106.9
27587.3
18022
7831.34
5512.34
-15966.2
99191.9
1916.9
94171.5
73752.7
101096
92986.2
95028.8
88211.3
84368.6
76639.8
70103.7
61629.6
53579.1
44757.2
36009.9
26656.3
17418.7
7408.97
5235.61
-15859
84157.5
33213.7
107662
85069.3
99887.3
92003.4
93212.2
86483.6
82995.6
75291
68872.4
60421.9
52590
43822.1
35215.6
26026.7
16803.4
6876.44
5056.57
197227
149386
30960
123240
85543.4
99080.2
90121.4
90560.7
83807.1
80555.4
73123.6
67234.6
59244.1
51596.7
43049.6
34594.3
25572.2
16441.6
6563.54
4828.72
423574
227196
79062.7
147301
95655.7
102165
90669
91087.6
84068.1
80485.9
73034
66789.7
58749.2
51118.9
42632.2
34245.9
25286.5
16257
6369.24
4788.7
107307
116022
107504
116304
107560
116330
107670
95519.9
104770
96968.2
104603
95663.8
104908
96738.9
106980
114230
105998
116453
107051
114365
106022
95825.2
103181
94698.1
104532
95636.4
103165
94577.7
145369
160577
146744
157813
145332
160431
146798
129924
142572
131464
142622
129851
142617
131537
117118
128052
118258
127848
117086
128031
118299
104663
115140
106294
115401
104536
115212
106412
93144.8
103393
94885.4
103045
93214.2
103521
94977.1
82264
92068.2
83883.6
91945.9
82312.4
92145.2
83903.4
71894.8
81192.1
73486.5
81057.3
71878.9
81214.9
73530.1
62597.3
71021.9
63385.8
70810.4
62773.8
71061.1
63497.1
146293
157385
145648
160458
146302
157252
145683
131612
141933
131351
142445
131659
141979
131354
118546
128030
118780
128198
118571
128019
118840
106635
115872
107172
115525
106748
115925
107282
95236.1
104224
95557.4
103885
95310.7
104351
95715.7
84102.7
92741.3
84407.9
92460.1
84110.1
92861.6
84382.1
73645
81643.7
73791
81408.6
73681.7
81631.1
73783.1
63586
71287.5
63885.8
71173
63699.7
71280
64049.4
144923
153571
142253
157051
144941
153362
142309
130713
138593
128339
141405
130814
138674
128351
118482
125305
116756
127563
118549
125347
116808
107017
114117
105941
115689
107054
114112
105965
95471.1
103169
94765.6
104150
95604.1
103202
94817.1
84335.7
92010.3
83756.4
92775
84322.4
92051.8
83753.4
73684.7
81072.7
73209.2
81576.7
73660.9
81063.2
73186.6
63826.9
70711.6
63209.2
71125.2
63915.6
70706.1
63351.2
140058
143495
134231
150935
140090
143409
134324
127165
132687
122540
136964
127259
132752
122631
115886
121192
112100
124364
115978
121215
112188
105348
110991
102195
113393
105377
111081
102213
94366.7
101094
91826
102717
94400.9
101023
91793.4
83462.7
90593.2
81298
91702.9
83459.7
90576.4
81214.2
72937.5
80040.1
70781.5
80815.8
72912.1
79973.6
70716.9
62851
69739.4
61304.3
70428.2
62974.4
69638.3
61416.6
145184
160261
146833
156895
144896
160237
146930
129846
142668
131556
142291
129822
142892
131639
117082
128023
118347
127782
117105
128185
118606
104619
115266
106497
115452
104846
115545
106823
93294.9
103604
95033.3
103245
93510.1
103905
95206.7
82341.4
92194.1
83918.6
92133.6
82482
92325
84034.4
71879.8
81233.6
73548.8
81147.9
72066.6
81352.8
73598.5
62888
71079.4
63670.1
70921.6
63107.9
71131.7
63920.4
146321
157207
145695
160275
146612
157339
145792
131658
141987
131375
142780
131793
142097
131495
118616
128061
118909
128380
118891
128212
119434
106828
115996
107357
115860
107167
117525
107724
95358.7
104430
95762.2
104267
95490.9
104798
94606.1
84120.2
92890.4
84367.9
92583.2
84203.5
92577.5
84266.1
73697.5
81618.3
73774
81509.3
73724.3
81531.6
73735.1
63815.6
71274.5
64175.4
71223.5
63984.3
71264.8
64310.5
144943
153225
142273
157053
144958
153276
142126
130840
138664
128401
141400
130993
138443
128555
118610
125372
116831
127752
119031
125534
116946
107078
114129
105979
117414
106982
114206
106007
95645
103218
94834.2
104201
94088
103216
94779.2
84307
92061.4
83741.7
92383.2
84174.1
91990.3
83617
73646.8
81042.6
73170.3
81424.5
73593.6
80914.3
73123
64023.5
70702.8
63503.4
71089.7
64182.6
70703.2
63672.8
140067
143059
134292
150346
139871
142839
134175
127301
132785
122687
136818
127476
132836
122972
116002
121232
112221
124608
116117
121438
112399
105392
111126
102226
113481
105409
111278
102239
94403.5
100998
91769.9
102696
94321.2
100918
91651.9
83443.3
90564.8
81176.5
91612.4
83308.7
90403.2
80977.8
72885
79915.3
70691.9
80658.4
72830.9
79708
70673.5
63091.7
69643.8
61602.8
70404.7
63205.6
69625.3
61840.2
144766
160160
146962
156196
144524
160357
147072
129877
142967
131716
142151
130049
143160
132085
117142
128286
118728
127794
117284
128644
119078
104947
115673
106947
115616
105195
116007
107226
93578
104013
95254.2
103485
93758.5
104263
95415.9
82524.2
92368.2
84085.6
92312.2
82661.7
92519.2
84186.6
72100
81387.4
73607.4
81273
72183.3
81453.2
73636.6
63223.1
71160.8
64069.7
71019.5
63308.3
71248
64121.6
146676
157262
145854
160224
146896
157836
146087
131870
142167
131566
143116
132189
142370
131774
119021
128282
119614
128825
119338
128511
119882
113746
113074
116379
116115
113570
113214
116496
101708
101438
104662
104499
101616
101530
104804
84233.7
92579.5
84219.9
92715.8
84308.8
92457.3
84166.2
73726.9
81498.7
73724.4
81570.2
73757.7
81444.1
73715.7
64106.5
71262.5
64426.4
71293.6
64201.2
71267.9
64461.7
144961
153011
142012
157055
145102
153014
141896
131062
138455
128626
141593
131264
138595
128902
119074
125615
116992
128049
119352
125895
117151
113422
111861
116390
112604
113466
107676
116401
100497
102383
104068
104382
101030
103033
103743
84116.7
91919.5
83566.5
92184.4
84025.2
91782.5
83460.7
73576.4
80875.1
73114.3
81306.1
73561.9
80798.6
73101.3
64293.7
70705.4
63780.1
71089
64349
70721.7
63850
139850
142518
134143
150119
139971
142223
134160
127565
132846
123121
137104
127884
132977
123635
116168
121540
112451
124989
116345
121950
112634
105404
111331
102265
113669
105411
111471
102307
94256
100906
91621.9
102633
94131.1
100867
91530.9
83257
90358.9
80936.9
91425.6
83133.1
90223.9
80861.2
72817.8
79686.9
70701.4
80516.6
72789.1
79637.2
70764.1
63307.7
69654.4
61992.6
70407.6
63392
69725.8
62115.3
144479
160357
147103
156172
144449
160551
147180
130163
143219
132186
142260
130461
143359
132397
117333
128743
119162
127919
117383
128955
119321
105282
116082
107276
115743
105485
116242
107360
93790.7
104307
95464.8
103617
93867.9
104367
95521.3
82698.1
92572.4
84207.2
92395.3
82811
92647.1
84224.5
72200.9
81457.8
73640.5
81324.1
72240.6
81455.3
73611.5
63402.2
71253.8
64204.8
71047.9
63313.8
71203.3
64051.1
146925
157839
146145
160850
147082
158443
146313
132294
142445
131838
143385
132509
142639
131996
119398
128574
119817
129132
119520
128701
119471
107576
117826
107991
116469
107592
116489
107804
95717.6
105010
94538.2
104627
95761.4
104824
95802.9
84321.8
92462.1
84183.4
92854.8
84325.2
92808.4
84242.8
73760.4
81448.9
73718.1
81554.4
73718.7
81481.4
73716.2
64326.6
71273.2
64548.6
71252.9
64292.8
71284
64441.6
145176
152926
141908
157731
145376
153082
141998
131331
138664
128998
141876
131492
138801
129216
119394
125982
117201
128251
119109
126170
117303
107162
114420
106050
116161
107413
114517
106065
93950
103195
94587
104489
95580.8
103220
94592.8
84038.8
91779.5
83446.3
92608.6
84101.4
91776
83434.7
73568.8
80788.6
73101.3
81352.8
73588
80780.6
73114.9
64435.9
70728.6
63919.9
71128
64416.3
70747.6
63841
140050
141911
134149
150296
140153
141883
134237
127988
133031
123783
137334
128233
133199
124166
116403
122040
112674
125291
116526
122283
112808
105418
111510
102327
113834
105420
111583
102414
94124.6
100861
91514.4
102644
94107.5
100878
91511.9
83110.6
90198.7
80864.2
91388.1
83076.3
90175.8
80938.2
72788.6
79631.7
70785.2
80490.2
72816
79639.5
70857
63469.9
69739.2
62203
70461.7
63501
69768.7
62147
144501
160508
147181
157132
144514
160740
147190
130600
143379
132443
142394
130926
143397
132541
117392
129002
119331
128178
117384
129032
119327
105568
116263
107371
115805
105725
116271
107367
93883.2
104368
95519.7
103693
93907.4
104338
95494.2
82865.7
92647.5
84223.4
92478
83051.6
92617
84207.1
72271.8
81455.1
73605
81387.3
72286.9
81436.3
73607.7
63499.4
71192.4
64119.9
71135.8
63317.1
71181.7
63828.1
147129
158471
146375
161253
147208
159111
146482
132549
142690
132024
143497
132621
142764
132051
119541
128720
119442
129185
119547
128736
119414
107593
116455
107749
116511
107578
116423
107650
95748.7
104771
95795.4
104588
95698.4
104665
95747.5
84323.3
92815.1
84253.3
92802.9
84309.4
92800.2
84268.2
73708.5
81487
73712.5
81536.2
73694
81496.6
73712.9
64389
71282
64515.5
71231.5
64130.5
71290.6
64214.5
145436
152967
142007
158436
145536
153466
142030
131519
138835
129258
141993
131549
138872
129318
119084
126205
117323
128291
119066
126246
117358
107404
114532
106059
116108
107363
114552
106053
95587.3
103213
94585.7
104411
95564.7
103199
94581.7
84114.7
91772.5
83429.4
92638.7
84138.8
91779
83442.6
73591.4
80774.3
73121.4
81378.7
73601
80767.2
73121.1
64506.2
70753
63917.8
71154.4
64236.7
70753.8
63616.7
140174
141698
134237
151014
140219
142063
134185
128286
133173
124213
137426
128369
133009
124251
116552
122270
112810
125379
116599
122192
112762
105421
111554
102422
113877
105437
111439
102444
94100.9
100858
91501
102645
94104.5
100780
91487.4
83072
90166
80959.6
91384.3
83089.1
90122.4
80997.7
72822
79619.8
70855.9
80475.5
72836.4
79600.9
70869.1
63602.9
69776.5
62201.8
70490.5
63371.1
69790.8
61940.8
110841
110189
107701
107445
110638
110339
107885
115194
117310
112447
114245
114463
117464
112453
111707
107827
109838
107680
110980
108343
109403
113841
116220
113379
116667
113317
116590
113849
110920
107531
110475
107913
110436
107954
110881
115271
114075
117595
112556
117556
112526
114700
111777
107713
107996
109973
108416
109459
111179
98546.6
98462.9
95562.7
95547.4
98518.7
98521.9
95526.3
101718
104720
102288
105093
101527
105085
103079
97777.4
94998.8
99863.9
98145.9
97990.3
94711.5
100213
101771
104575
101634
104853
101598
104867
101798
98603.2
95595
98635.8
95682.5
98581
95554.4
98683.6
101787
105156
104891
102432
105151
103097
101695
97804.7
98281.6
94997.6
100039
94700.4
100257
98133
109895
109227
107021
106564
110061
107891
106761
112269
115011
111507
114252
112299
114996
111509
109435
106570
108794
105975
109470
106509
108785
113445
112398
111770
116558
107711
116462
113534
109892
106613
109276
107087
107867
106748
110130
112292
114294
115161
111611
115039
111534
112406
109450
105984
106589
108858
106517
108804
109522
96722.5
100011
94526.1
98538.2
97514.3
103554
94071.9
100477
103621
100307
103135
100651
103523
100229
97441.7
94899.6
97464.3
94607.4
97641.5
94739.1
97368.7
100473
104402
102472
104109
103092
103712
101028
96656
98853.6
100193
94340.3
103554
93994.8
97443.4
100479
103131
103619
100246
103526
100211
100604
97428.9
94572.8
94777.1
97376.7
94704.7
97345.8
97568.1
141831
153118
148459
152435
141886
153452
148496
128038
138896
132991
138620
127976
138799
132933
116106
124303
119933
124653
116132
124367
119870
104056
112396
107435
114368
104001
112468
107354
92916.5
100326
95752.5
101388
92942.2
100227
95697.3
81851.6
89150.4
84272.1
90941.2
81854.9
89176.9
84300.7
71439.2
78191.4
73838.5
79690.4
71491.3
78209.8
73894.2
60921.1
68176.2
63646.2
69571.6
60882.1
68161.1
63717.8
163620
181592
167490
185637
163488
181560
167437
155148
152530
159269
157898
152473
159149
155165
138660
137048
142275
142591
137042
142257
138640
124224
122824
127271
127870
122809
127243
124233
111593
110555
114387
115460
110515
114389
111569
99781.7
98568.7
102329
103050
98495.1
102349
99753.9
88630.3
87411.2
91128.6
91880
87412.2
91138.6
88614.9
78078.9
76825.5
80432.6
81067.9
76820.5
80415.3
78066.3
68126.6
66686
70284.4
70789.9
66682.6
70279.3
68096.3
51815.7
58942.5
54589.3
61182.5
51932.3
59008.5
54563.3
164409
176717
163800
180468
164271
176767
163723
154898
154614
159325
160577
154636
159245
154941
138727
138698
142368
142423
138694
142366
138733
125016
124770
128355
128154
124783
128351
125016
112842
112464
115798
115478
112459
115800
112837
101212
100911
104050
103781
100924
104067
101196
89829.2
89602.9
92637.9
92413
89609.9
92645.2
89817.1
78906.9
78747.9
81551.1
81393.8
78754.6
81553.9
78901.5
68851.6
68679.6
71307.4
71149.9
68680.7
71306.7
68847.1
54899.9
60371.9
54663.1
59698.4
54924.4
60480.5
54689.9
161118
173465
160454
177926
161083
173363
160391
152248
152273
156029
156948
152379
155889
152270
137152
137743
140752
141372
137773
140782
137123
123882
124434
126913
127470
124419
126934
123873
112493
112792
115291
115641
112796
115291
112487
101063
101179
103917
104100
101187
103933
101045
89740.1
89900.8
92530.4
92703.6
89916.7
92545.6
89723.4
78793.6
78904.8
81513
81602.9
78898.7
81503.3
78802.6
68578.3
68671.3
71066.4
71133.5
68675
71061.5
68570.8
54726.6
59793
54487.6
60160.9
54755.3
59945.6
54501.6
154735
162483
148451
164662
154365
162492
148227
145496
146516
148632
151179
146619
148671
145482
132190
133647
135826
136973
133597
135819
132181
120254
121282
123057
124316
121320
123061
120225
109891
110713
112406
113380
110707
112407
109887
99377.9
99898.7
101989
102699
99903.7
101988
99376
88558.5
88916.9
91205.2
91689.2
88921.8
91203.3
88556.8
77841.2
78138.2
80422
80827.3
78140.2
80425.1
77841.3
67672.7
67896.6
70121.7
70435
67897.2
70114
67669.7
54069.7
60084.8
50143.9
58537.2
54050.7
60349.5
50172.7
132601
133700
127175
137969
132640
133955
127217
122847
125665
117310
127596
122919
125608
117300
111968
115146
106952
117017
111944
115189
107008
102530
105855
97773.8
107265
102595
105824
97725.1
92373.3
95826.6
88221
97084.9
92315.4
95845.9
88200.3
82292.9
86483.3
78381.3
87145.1
82248.6
86406.2
78302
71740.7
76278.8
68176.9
76526.2
71757.7
76245.1
68150.7
61699
65961.9
57012.9
65991.3
61746.2
66074.3
56946.7
141420
152418
148351
152418
141852
152711
148345
128091
138541
132893
138269
128051
138431
132871
116128
124364
119735
124368
116025
124308
119605
103955
112484
107251
113708
103827
112426
107173
93067.4
100148
95704
101206
93084.6
100147
95725.3
81928.1
89248.9
84377.6
91009.6
81971.7
89313.9
84498
71596.2
78267.9
73979.2
79761.8
71665
78354.2
74119.7
60970.7
68141
63858.2
69699.7
60910.2
68154.9
63864.6
163123
181015
167121
185801
162750
181125
166994
154775
152092
158575
157309
154855
152040
158528
138860
136889
142200
142489
138868
136850
142153
124315
122876
127180
127827
124275
122890
127201
111806
110419
114432
115409
111739
110415
114471
100130
98568.8
102492
103122
100023
98632.2
102562
88809.5
87501.8
91246.2
92037.8
88754.4
87533.3
91284.5
78188
76800.2
80421.6
81079
78151.6
76826.4
80455.2
68346
66755.2
70298.1
70854.7
68289.1
66798.4
70315.2
52201.4
59204.5
54712.8
61705.1
52203
59382
54744.9
163969
176807
163699
180239
163647
177060
163751
154960
154585
159210
160287
154931
154557
159217
138855
138747
142473
142534
138799
138799
142550
125128
124894
128373
128243
125080
124956
128402
113075
112606
115903
115647
112985
112691
115977
101434
101099
104260
104052
101365
101180
104352
89861.9
89667.3
92703
92535.7
89865.5
89682.9
92707.7
78943.5
78791.3
81569.1
81441.8
78930.3
78822.1
81578.8
68899.7
68711
71324.4
71190.4
68869.4
68736.7
71327
55124.7
60647.7
54862.7
60088.6
55152.6
60820.9
54874.2
160787
173356
160373
177871
160472
173868
160599
152015
152169
155497
157043
152051
152146
155694
137180
137788
140823
141406
137187
137789
140817
123971
124462
127034
127652
123938
124499
127060
112696
112896
115407
115871
112604
112948
115515
101210
101310
104043
104237
101177
101383
104086
89816.9
89959.8
92621.5
92770.1
89816.6
89947.2
92608.1
78697.7
78846.1
81427.8
81510.5
78729.2
78817.7
81393.7
68621.8
68692.7
71050
71113.4
68616.4
68690.1
71044.2
54925.9
60156
54674.5
60478.9
54941.9
60363.3
54699.5
153743
162172
147636
164649
152900
162584
147339
145366
146312
148204
150582
145378
146202
148213
132279
133471
135487
136797
132233
133489
135462
120537
121472
123169
124460
120459
121533
123242
109957
110729
112425
113424
109934
110748
112440
99355.7
99927.4
101994
102725
99378
99923.3
101983
88500.3
88925.5
91171.4
91688.6
88535
88906.7
91137.9
77730.5
78076.7
80355.1
80749.4
77771.2
78035.8
80305.9
67745.1
67945.6
70064.4
70407
67730.2
67950.4
70053
54197.6
60652.4
50371.8
58727.3
54225.3
60874.7
50336
132550
133672
127176
137645
132621
133914
127213
123081
125530
117304
127612
123296
125415
117319
111966
115256
107111
117170
112067
115355
107248
102664
105841
97724.1
107382
102716
105897
97779.8
92236.5
95853
88175.2
97018.2
92203.3
95915.3
88180.2
82169.7
86353.1
78226.7
86892.7
82116.7
86322
78195.3
71783.2
76269.7
68163.2
76388.6
71811.4
76289
68202
61898.6
66186.1
57062.9
66049.3
61876.8
66293.5
57047.1
141737
151733
147938
152113
142003
151894
147873
128113
138302
132897
137969
128054
138270
132962
116030
124262
119493
124192
116012
124255
119445
103891
112301
107151
113518
103866
112230
107187
93147.4
100178
95792.3
101167
93161
100220
95871.3
82083.1
89408.2
84638.6
91135
82149.6
89492.6
84763.3
71800.1
78426.6
74278.7
79871.1
71843.7
78475.1
74348.5
61071.1
68182.1
64037.9
69774.4
60914.5
68196.7
63960
162421
180881
166829
186203
162212
181135
166831
154231
151528
157929
156415
154311
151443
157853
138837
136730
142094
142167
138835
136676
142054
124587
123000
127269
127769
124510
123046
127312
112160
110530
114670
115529
112070
110573
114751
100530
98889.9
102816
103375
100434
98976.3
102912
89137.9
87658.1
91432.3
92233.1
89054.6
87726.8
91492.3
78413.3
76977.7
80590.2
81228.2
78367.8
77056.3
80632.1
68510.5
66842.3
70344.9
70984.8
68477.9
66874.2
70345.9
52424
59535
55016.9
61911.8
52200.5
59663.1
55032.4
163373
176915
163527
179939
163554
177144
163369
154867
154513
159142
160177
154871
154520
159254
139171
139074
142908
142960
139091
139168
142983
125513
125238
128616
128600
125407
125349
128713
92593
92606.7
92546.8
89761.8
89745.8
89781.3
89766.5
78958.8
78883.7
81607.2
81554.7
78963.9
78890.4
81611
69005.8
68843.7
71384.5
71277.2
68995.1
68856.8
71398.8
55400.6
60956.1
55084.5
60337.5
55367.1
61078.2
55017.1
160021
173949
160230
177754
159922
174407
160098
151690
152053
155319
157001
151712
152027
155497
137158
137823
140751
141449
137117
137880
140753
124233
124703
127217
127890
124157
124779
127292
92168
92454.8
91982.2
89470.6
89718.8
89581.3
89601.1
78553.7
78709.1
81250.7
81336.6
78582.3
78680.5
81207.7
68676.9
68697.2
71022.4
71079.8
68657.8
68701.3
71026.8
55121.9
60502.5
54908.9
60682
55060.8
60588.5
54853.3
152256
162765
147064
164442
151965
163107
146880
144842
146010
147527
150192
144960
145945
147495
132527
133683
135488
136926
132464
133759
135546
120870
121755
123520
124794
120782
121836
123624
110827
113562
110853
110090
112559
110059
112616
99817.9
102640
99768
99211
101908
99250.8
101884
91492.1
88291.9
88761.9
90980.5
88342.8
88703.9
90929.4
77584.6
77918.6
80147.5
80574.9
77612.3
77891.6
80097.5
67817.2
67977.9
70043.2
70399.4
67802.3
67989.4
70040.9
54441.6
61043.3
50615.8
58977.9
54406.2
61123
50567.3
132562
133415
127125
137299
132633
133537
127131
123492
125382
117457
127784
123707
125418
117673
112208
115441
107395
117503
112356
115600
107575
102771
105973
97865.5
107533
102838
106086
98018.8
92173.2
95957.2
88167.9
97048
92159.1
96039.9
88202.2
82084.7
86306.6
78184.3
86755.6
82079.5
86324.8
78223.2
71843.6
76284.5
68233.5
76423
71864.4
76286.3
68258.8
62068.1
66378.3
57275.6
66097.2
62015.5
66426.9
57244.5
141950
151151
147706
152159
141795
151439
147771
128269
138229
133006
138276
128403
138391
133059
116161
124270
119447
124299
116227
124267
119463
103988
112262
107249
113564
104024
112349
107323
93201.2
100257
95942.9
101173
93212.2
100282
95989.8
82263.2
89570.3
84865.4
91235.6
82323.5
89654.4
84965.5
71915.1
78524.9
74404.8
79954.6
71934.5
78555.9
74448.9
61178.6
68233.9
64151.2
69850.9
61069.3
68350.3
64078.8
162049
181017
166791
185900
162094
181696
166957
154032
151126
157273
156008
154054
151105
157243
138987
136737
142083
142204
138955
136765
142097
124871
123215
127466
127850
124809
123255
127529
112498
110756
114983
115697
112423
110815
115049
100762
99162
103146
103566
100732
99209.1
103206
89340.1
87873
91622.5
92363.2
89310
87922.1
91650.1
78511
77141.6
80712.3
81309.7
78502.6
77157.1
80729.4
68565
66947.1
70358.2
71038.1
68565.6
66956.8
70356.5
52429.7
59760.8
55248.5
61771.3
52198.4
59778
55040.2
163818
176954
163427
180299
164456
177281
163977
154843
154424
159504
160506
154834
154491
159699
139470
139383
143200
143245
139392
139470
143264
125820
125654
128980
129008
125765
125738
129048
113415
116667
113820
113777
116399
113444
116651
101661
104847
101827
101837
104630
101672
104835
92786.1
89981.3
89912
92826.7
89927.3
89950.2
92858.9
78926.4
78868.5
81609
81563.7
78931.9
78859.7
81606.3
69008
68867.2
71398.2
71283.9
69015.5
68861.7
71391.7
55604.9
61154.2
55224.9
60446.6
55496.7
61150
55080.6
159926
173868
159922
177484
160427
173737
160055
151755
152039
155576
157377
151696
152182
155798
137452
138123
140924
141754
137396
138186
140997
124508
125010
127533
128174
124462
125049
127597
114069
116266
113281
113095
116480
113401
115982
101421
104157
101125
101248
104477
101613
104231
92101.4
89486.9
89591.8
92510.4
89436.7
89673.9
92273.9
78548.3
78662.3
81188.9
81327.9
78540.7
78671
81200.9
68734.3
68737.5
71055.9
71108.8
68725.5
68750.7
71066.6
55223.4
60592
55051.1
60750.9
55087.9
60584.2
54899.4
151745
162657
146525
164881
151978
162632
146529
144350
145663
147178
150083
144384
145647
147262
132871
133987
135676
137226
132785
134072
135723
121178
122075
123918
125163
121113
122140
124003
110968
110237
112791
113772
110194
111008
112850
99743.8
99145.6
101853
102643
99151.8
99746.3
101855
88163.8
88599.4
90842.4
91402.6
88184.9
88582.5
90828.3
77542.5
77855.9
80010.6
80493.1
77548.6
77852.6
80002.9
67881.3
68035.4
70062.8
70430.5
67866.9
68048
70080.3
54654.2
61107.4
50802.1
59204.7
54626.9
61042.4
50648
132634
133160
127078
137066
132732
133485
127131
123917
125567
117976
128191
124190
125859
118468
112493
115702
107707
117824
112609
115910
107928
102919
106172
98159.6
107657
103014
106370
98401.2
92148.7
96068.4
88194.9
97140
92146.1
96213.3
88256
82093.4
86314.9
78245.5
86750.1
82129.1
86351.7
78347.6
71891.1
76220.8
68234.6
76410.9
71889.9
76229.1
68272.1
62246.9
66397.6
57481.9
66174.7
62143.7
66377.4
57407
142226
151310
147565
152712
142327
151974
147503
128659
138512
133103
138360
129039
138678
133286
116343
124222
119381
124645
116373
124278
119312
104143
112385
107373
113723
104311
112412
107465
93295.6
100277
95920.9
101178
93275.3
100298
95887.9
82425.3
89690.7
85030.3
91236.5
82545.3
89690.7
85130.5
71987.4
78574.6
74483.4
79924
72013.7
78611.1
74495.9
61380.6
68456.7
64346.4
69868.8
61234.8
68547.1
64224
162367
181203
167193
185794
163128
181381
167628
153814
151129
157020
156460
153884
151115
157175
139009
137008
142058
142258
139015
137027
142026
124976
123308
127718
127992
124982
123258
127757
112684
111060
115164
115746
112666
111102
115171
100759
99266.2
103283
103637
100778
99240.2
103269
89397.6
88053.7
91706.9
92419.4
89391.8
88078.9
91708.3
78467.6
77181.8
80712.9
81331.2
78488.4
77154.5
80699
68614.1
67092
70423.8
71071.6
68615.6
67100.5
70450.9
52592.8
59716.2
55173.9
61529
52364.4
59654.3
54936.7
164874
177181
164368
180596
165317
177722
164966
155210
154774
160176
161033
155107
154847
160381
139691
139663
143459
143462
139658
139690
143493
125923
125887
129179
129185
125920
125887
129188
113679
113512
116641
116507
113696
113520
116638
101773
101649
104771
104607
101795
101633
104747
90020.1
89974.1
92907.2
92834.5
90027.1
89962.4
92897
78899.7
78845.2
81597.5
81546.1
78907.5
78840.7
81591.7
68963.7
68849.7
71351.3
71235.6
68973.5
68838.1
71342.9
55702
61086
55295.5
60445.7
55511.5
61029.8
55127.6
161148
172916
160051
177571
161835
173225
160382
151857
152461
156087
158019
151802
152573
156271
137606
138322
141126
141956
137583
138347
141150
124591
125110
127703
128277
124582
125116
127715
112848
113260
115730
116112
112878
113230
115709
101215
101516
104177
104441
101240
101487
104150
89560.1
89755.6
92402.4
92638.9
89549.9
89765.9
92416.7
78557.7
78687.1
81219.7
81367.8
78557.7
78690.1
81223
68751.1
68800.9
71086.6
71143.7
68748.9
68808.9
71092
55308.2
60520.5
55113.8
60713.7
55173.6
60461.5
54951.9
152736
161281
146345
165725
153718
161527
147072
144278
145870
147251
150595
144272
145937
147428
133174
134285
135870
137403
133117
134330
135898
121366
122275
124181
125361
121331
122299
124215
110337
111041
112952
113867
110316
111050
112968
99154.7
99738.3
101868
102648
99141
99739
101877
88142
88550.9
90791.5
91379.6
88137.4
88551.3
90784.3
77524.8
77827.5
79998.2
80482
77523.7
77820.1
79999
67945.1
68092.6
70130.8
70484.6
67932.5
68100.8
70138.7
54912.7
60787.3
50844.2
59314.1
54751.9
60611.6
50748.2
132845
133395
127235
137111
132913
133511
127126
124384
126010
118624
128269
124365
126172
118674
112729
115953
108014
117920
112746
115965
108009
103110
106474
98509.4
107729
103150
106588
98641.7
92177.7
96245.9
88214.7
97113.5
92229.6
96285.9
88268.1
82206.2
86328
78403.9
86740.4
82243.2
86430.5
78665.8
71889
76223.8
68283
76335
71861.6
76302.3
68406.9
62462.6
66282.2
57756.2
66196.2
62213.3
66267.4
57716.3
150987
150988
147225
145351
150921
147275
150984
155001
160895
155958
160491
160821
155930
154921
150706
146435
151413
146751
146446
151434
150624
155087
157797
152368
158947
152421
158977
155043
150950
145349
150793
147186
150825
147234
150882
154985
160391
160769
155809
160724
155856
154965
150733
146772
146521
151471
146480
151468
150725
134371
135395
131307
129907
135419
131286
134389
138493
142245
138686
142573
142240
138687
138495
134659
131225
135026
131493
131202
135038
134661
138740
142611
136926
142234
136985
142239
138834
134425
129888
135411
131249
135452
131277
134485
138486
142586
142250
138724
142238
138698
138497
134656
131532
131228
135067
131211
135050
134680
120807
121883
117862
117109
121869
117878
120821
124299
127640
124588
128043
127619
124595
124315
120990
117935
121403
118256
117939
121400
120992
124231
127868
122846
127195
122836
127220
124247
120792
117110
121857
117942
121876
117896
120784
124305
128049
127563
124650
127587
124616
124326
121001
118268
117997
121443
117961
121413
121026
108338
109389
105583
104596
109356
105617
108334
111816
114758
112138
115150
114753
112150
111808
108772
105954
109181
106306
105964
109186
108771
111639
115437
110412
114411
110462
114389
111686
108354
104578
109310
105715
109341
105659
108374
111846
115173
114796
112230
114766
112181
111893
108795
106345
106073
109278
106007
109220
108839
96714
97573.5
94131.2
93141.8
97560.3
94158.4
96699.4
100201
102929
100564
103410
102938
100578
100183
97261
94539
97702
94895.9
94558.9
97714.5
97245.6
99841.3
103054
98497.1
102426
98500.7
102380
99918.7
96757.2
93184.2
97618.6
94302.5
97594
94227.7
96808.4
100258
103454
103042
100684
102979
100622
100334
97309
94931.5
94677.3
97808.1
94613.3
97754.8
97370.1
85763.4
86626.2
83259.4
82271.9
86630.5
83279.8
85764.4
89004.7
91636.8
89316.3
92072
91647.1
89323.7
88989.8
86196.2
83603.8
86579.9
83887
83610.5
86584.1
86190.4
88669.6
91920.8
87466.7
91206
87449.4
91176.1
88703.4
85764.8
82291
86650.6
83375.5
86639.3
83320.5
85761.6
89038
92099.9
91729.5
89367.6
91680.5
89345.7
89069.2
86212
83893.9
83652.8
86608.4
83627.7
86596.7
86230.7
75308.2
76094.3
72941
71889.5
76090.3
72966.6
75316.2
78357.9
80844
78578.6
81197.4
80849
78583.7
78348.8
75674.6
73247.5
75989.6
73495
73258.6
75996.8
75666.6
78095.8
81052.2
76810.2
80406.9
76809.3
80400.9
78124.3
75295.1
71874.4
76066.6
73037.1
76068.3
72998.7
75284.5
78368
81204.2
80872.4
78603
80855.6
78591.1
78387.2
75686.3
73507.8
73304.8
76024.5
73277.1
76008
75701.5
65680.3
66197.8
63908.6
62633.6
66213
64006.2
65682.7
68353.6
70654.7
68574.1
71028.7
70664.4
68578
68340.6
65833.8
63538.1
66177.1
63393.5
63569.7
66178.6
65823.3
68177.7
70777.5
66720.1
70285.4
66665.2
70272.1
68231.3
65705.2
62710.6
66292.8
64214.2
66240.6
64119.5
65736
68377
71041.6
70700.4
68605.9
70680.7
68593.2
68406.3
65864.6
63447.7
63668.4
66220.2
63622.7
66192.8
65898.9
150528
150444
146233
146289
150419
146238
150534
153761
159634
154141
157243
159570
153988
153695
149991
145878
149788
145656
145890
149794
149979
154874
160450
154638
159314
154657
159279
154878
150551
146291
150479
146295
150435
146262
150579
153826
157270
159541
153735
159545
153807
153819
150015
145670
145932
149768
145914
149803
150010
135297
135153
131873
131617
135165
131869
135288
138576
142161
138266
141950
142169
138279
138577
135149
131812
134809
131366
131795
134801
135150
138737
142427
138717
142417
138697
142381
138763
135296
131625
135172
131837
135165
131857
135298
138581
141957
142199
138309
142181
138293
138601
135140
131353
131703
134842
131749
134811
135149
121873
121644
118842
118541
121643
118836
121874
125038
128327
124893
128015
128299
124868
125042
121901
118874
121768
118783
118875
121766
121899
125024
128171
124847
128360
124809
128351
125046
121880
118546
121685
118862
121655
118840
121901
125034
127999
128280
124851
128289
124851
125035
121906
118796
118920
121784
118888
121769
121919
109871
109515
106966
106654
109520
106974
109863
112975
115896
113010
115876
115900
113019
112969
110033
107105
110082
107186
107114
110094
110027
112867
115491
112537
115850
112483
115816
112915
109898
106691
109616
107075
109551
107008
109957
113002
115892
115962
113107
115920
113050
113056
110062
107224
107199
110175
107146
110126
110111
98329.7
98079.1
95478
95242.3
98088.8
95488.3
98316
101300
104176
101310
104240
104186
101327
101284
98415.2
95571.2
98389.3
95586.8
95584.9
98419.1
98395.4
101257
103828
101027
104184
100970
104121
101305
98362.2
95272.2
98168.3
95540.5
98122.7
95515
98396.1
101338
104281
104285
101427
104225
101363
101390
98451.1
95653.7
95664.9
98507.5
95625.3
98463.3
98491.7
87037.4
86838.8
84290.5
84102.1
86841.5
84286.7
87035.9
89943.9
92742.6
89974.5
92763.4
92753.6
89983.7
89933.1
87149.8
84374
87198.4
84403.3
84368
87196.4
87152.5
89847.8
92432.6
89647.7
92686.4
89630.4
92666.1
89858.6
87045.7
84106.5
86861.2
84285.5
86853.3
84287.6
87046.9
89965.1
92817.2
92820.2
90015.1
92795
90005.9
89973
87151.9
84394.3
84355.2
87181
84363.1
87193.5
87144.3
76312.1
76164
73799.4
73653.1
76172.9
73803.9
76307.2
78944.6
81615.7
78959.6
81643.7
81618.3
78959
78943.4
76341.8
73800
76339.8
73789.5
73801.6
76338.9
76340.8
78913.1
81401.1
78775.2
81561.5
78763.3
81557.3
78920.6
76320.2
73668.1
76201.8
73818
76185.9
73808.8
76330.7
78946.5
81639.2
81616.6
78947.1
81617.7
78954.9
78948.6
76345
73787.4
73810.1
76330.2
73804.6
76335.8
76348.2
66377.8
66087.6
63764
63589
66095.4
63791.4
66381.2
68811.7
71275.7
68810.9
71286.2
71276.1
68811.8
68811.8
66232.5
63849
66424.1
63924
63869.9
66430.5
66235.9
68846.8
71160.3
68699.9
71322
68691.7
71318.6
68847.6
66407.3
63663.9
66134.4
63936.7
66102.5
63893.4
66464.9
68805.4
71284.5
71277.1
68821.5
71281.1
68815
68802.5
66252.3
64026.3
63968.3
66506.5
63942.1
66465.4
66288
148321
148717
144477
144929
148710
144508
148370
150367
155220
149811
153469
155167
149740
150250
146741
143099
146105
142264
143120
146040
146723
152157
156908
152294
155752
152366
155664
152114
148290
144932
148613
144511
148615
144516
148280
150325
153247
155128
149664
155048
149632
150272
146739
142281
143167
146003
143135
145962
146726
133724
134308
130191
130727
134307
130190
133719
136145
139591
135066
138611
139626
135082
136120
132740
129375
131565
128324
129366
131538
132776
137174
141380
137798
140832
137788
140806
137191
133715
130758
134334
130195
134320
130195
133647
136158
138642
139683
135021
139655
135088
136166
132668
128313
129333
131572
129351
131541
132624
120931
121401
118098
118491
121407
118103
120926
123187
126205
122296
125320
126226
122325
123172
120286
117500
119436
116763
117511
119475
120270
123897
127508
124438
127010
124424
126974
123915
120941
118512
121437
118143
121417
118116
120960
123204
125332
126263
122381
126249
122352
123222
120304
116786
117542
119552
117523
119516
120328
109655
109914
106810
107021
109916
106818
109648
112022
114786
111427
114108
114785
111415
112024
109235
106437
108694
105945
106442
108693
109231
112511
115656
112845
115345
112812
115309
112546
109670
107035
109940
106861
109925
106834
109696
112033
114108
114802
111421
114785
111416
112055
109248
105954
106472
108712
106454
108700
109269
98179.3
98279.4
95349.6
95489.9
98282
95366.1
98164.6
100764
103596
100368
103176
103606
100375
100753
97907.2
95087
97554.5
94772
95095.2
97560.8
97897.4
101094
104123
101252
103998
101212
103961
101134
98204.8
95546.3
98355.4
95418.8
98314.6
95392.5
98232
100783
103188
103644
100404
103622
100389
100804
97925.2
94794.7
95133.4
97604.2
95113.8
97582.2
97943.8
86961.1
87117.5
84210.4
84335.3
87121.7
84214.2
86944.1
89513.2
92286
89242.9
92026.8
92297
89255.2
89502
86746.2
84005.6
86504.5
83755.8
84008.6
86506.6
86735.9
89770.6
92751.5
89952.4
92603.3
89938.8
92576.3
89797.7
86976.6
84330.6
87123
84206.1
87123
84211.1
86988.7
89530.1
92040.2
92338.4
89268.2
92317.7
89262.3
89549
86757.7
83755.6
84010.5
86513.7
84008.4
86510
86770.5
76152
76263.3
73583.5
73679.8
76257.9
73576.8
76160.3
78614.6
81304.5
78400.2
81072.5
81302.7
78400.8
78619.4
75980.9
73409.3
75787.5
73205
73403
75786.5
75986.5
78776.2
81592.9
78870
81457.2
78886.5
81486.7
78756.3
76137.8
73671.1
76233.6
73551.9
76247.2
73564.9
76121.2
78600.9
81071
81281.1
78379.4
81298.6
78392.1
78583.4
75968.2
73196.6
73377.9
75766.5
73391.2
75778.8
75951.7
66217.3
66136.6
63664.6
63823.2
66139.7
63675.3
66198.4
68383.6
70862.2
68176.1
70707.6
70858.8
68182.1
68378.8
65889.5
63525.8
65818.2
63220.9
63531.3
65837.9
65879
68591.2
71130.1
68687.7
71053.6
68681.8
71057
68604.7
66257.6
63906.6
66174.2
63811.3
66155.6
63791.2
66296.7
68395.2
70707.2
70852.6
68217.9
70855.2
68197.6
68407.1
65925.4
63322.3
63657.6
65947.6
63644.6
65888.4
65954.9
142189
143335
139135
140068
143400
139126
142151
142786
146039
139988
143325
145895
140030
142770
139928
136915
138877
134262
136954
138894
139893
145414
150937
146509
148504
146541
148531
145458
142183
140064
143422
139023
143404
139088
142183
142759
143314
145722
140115
145704
140084
142778
139874
134302
136954
138860
136941
138899
139825
129044
130365
126045
127173
130397
126062
129043
130936
133778
128095
132701
133783
128122
130916
127745
124891
127056
122553
124902
127071
127749
132200
136970
133456
135592
133506
135735
132227
129048
127213
130389
126107
130391
126082
129094
130961
132721
133806
128161
133780
128137
131012
127750
122587
124959
127133
124921
127093
127757
117513
118538
115000
115925
118593
115026
117479
119393
121905
117052
121195
121875
117035
119392
116493
114155
116027
112120
114146
116021
116515
120306
124334
121417
123114
121366
123078
120381
117563
115957
118702
115088
118651
115057
117623
119420
121196
121869
117079
121852
117034
119476
116502
112139
114203
116074
114162
116023
116559
107243
108091
104713
105351
108089
104715
107250
109196
111546
107046
111008
111543
107054
109185
106488
104042
106233
102201
104049
106248
106495
109900
113388
110714
112414
110706
112409
109914
107250
105363
108106
104739
108096
104726
107262
109221
111040
111557
107090
111548
107066
109250
106485
102211
104098
106301
104072
106277
106486
96577
97163.3
93948.9
94377.3
97169.7
93957.4
96572.9
98874.2
101366
96937.6
101079
101350
96920.5
98870.4
96039.4
93455.8
95944.2
91824.5
93474.6
95942.3
96055.9
99385.7
102708
99921.6
101995
99912.9
101992
99386.4
96581.8
94389.8
97189.4
93965.9
97181.4
93967.7
96573.3
98884.1
101059
101318
96866.7
101338
96900.2
98884.5
96021
91826.2
93502.4
95932.7
93497.3
95950.4
95988.3
85803.5
86229.2
83145
83463.9
86229.4
83150.8
85800
88215.6
90770
86431.7
90599.8
90754.5
86429.8
88201.6
85418.9
82796.4
85527.7
81290.8
82810.8
85536.8
85431.9
88559.5
91697.8
88929.6
91189.4
88929.3
91199.7
88553.9
85801.3
83466.5
86230
83143.3
86233.5
83154.2
85787.7
88227
90599.3
90691.8
86391
90730
86429.4
88218.2
85393.1
81274.7
82797.6
85514.5
82819.4
85547.9
85339.3
75191
75555.5
72676.2
72932.9
75555.4
72671.2
75196.8
77540.8
80064.3
75836.1
80040.4
80043.1
75826.3
77532.1
74797
72320.7
75017.2
70770.2
72328
75017.8
74838
77832.4
80826.7
78112.9
80395.3
78134.6
80418.6
77806.6
75167.9
72928.3
75531.9
72635
75547.4
72656.2
75134.3
77541.1
80041.3
79939.5
75762.8
80006
75817.8
77518.9
74748.9
70765.5
72326.7
74919.9
72330.4
75004.9
74689.6
65333.6
65404.3
62769.3
62867.8
65408.4
62786
65319.8
67417.4
69672.7
65681.7
69704.4
69638.9
65675.8
67397.4
64865.9
63254.3
65316.4
61276.9
63306.1
65308.5
64890.9
67691.7
70434.3
67932.6
70081.9
67909.7
70102.7
67708.7
65367
62966.9
65496.9
62919.1
65455.2
62903.1
65403.8
67444.5
69665.6
69533.1
65671.6
69584.5
65683.8
67470.9
64862.2
61411.2
63530.5
65404.8
63463.5
65360
64877.5
150642
150650
147083
145115
150727
150582
146959
154774
160560
155692
160321
154827
160542
155620
150625
146553
151432
146903
150670
146577
151349
154605
156992
151768
158240
151869
158301
154479
150538
144994
150284
146785
150409
146862
150427
154692
160224
160352
155441
160371
155507
154620
150600
146931
146592
151239
146569
151271
150574
134554
135350
131196
129820
134538
135265
131218
138669
142289
138777
142753
138558
142369
138874
134791
131267
135107
131587
134733
131273
135122
138863
142399
136761
142124
136827
142135
138858
134540
129842
135231
131264
135266
131229
134518
138737
142854
142471
139032
142409
138947
138799
134896
131594
131372
135319
131312
135221
134923
120804
121847
117979
117076
120791
121832
118035
124426
127571
124694
128046
124367
127609
124752
121118
118047
121488
118413
121065
118112
121548
124366
127810
122951
127239
122923
127213
124436
120833
117087
121852
118183
121838
118102
120879
124501
128102
127752
124917
127671
124827
124587
121183
118500
118304
121719
118192
121625
121265
108481
109368
105793
104665
108418
109390
105889
112040
114840
112295
115339
111958
114904
112379
108991
106160
109355
106594
108906
106259
109449
111886
115434
110474
114593
110447
114524
111977
108563
104767
109510
106119
109461
106002
108650
112603
112140
115432
115101
114988
112482
112263
109681
109092
106704
106486
106369
109558
109206
96961.8
97691.5
94393.5
93358
96883.5
97755.4
94479.9
100528
103128
100760
103697
100428
103223
100843
97527.7
94755.4
97874.3
95093.4
97446.9
94833.7
97944.1
100234
103183
98805
102723
98721.4
102637
100335
97038.9
93432.1
97906
94643.9
97829.4
94564.4
97113.9
101021
100632
103798
103432
103326
100931
100735
98085.9
97611.5
95154.2
94983.8
94909.3
98015.7
97696.6
85809.2
86670.4
83432.1
82385.8
85780.4
86704.7
83501.9
89154.9
91789.2
89394.1
92235.1
89112.3
91841.7
89420.3
86295.6
83681.9
86625.1
83941.5
86259.4
83724.8
86647.2
88879.8
92076
87613.1
91378.8
87565.3
91330.2
88966.2
85849.6
82426.1
86795.3
83643.4
86739.4
83568.4
85910.6
89208.8
92278.8
91960.5
89493.5
91896.5
89452.2
89275
86343.2
83976.2
83859.9
86724.7
83781.7
86678.9
86405.5
75295.8
76062.7
73081
71943.6
75282.3
76106
73144.2
78451.3
80894.1
78623
81260.9
78414.4
80926.9
78651.4
75764.7
73340.1
76056
73568.2
75723.1
73373.1
76081
78239.7
81095.8
76932.6
80538.5
76855.3
80492.2
78303.6
75330.3
71987.6
76214.9
73246.3
76140.1
73201.4
75356.5
78508.7
81301.8
81036.2
78718
80970.7
78690.2
78551.6
75796.2
73585
73428.8
76128.9
73402.7
76106.5
75825.9
65801.1
66341.6
64371.6
62957.1
65768.1
66412.1
64466
68465
70722.4
68628.8
71096.7
68435.2
70745.5
68658.4
65998.2
63817.3
66285.5
63718.2
65935.8
63889.2
66370.2
68396.1
70875
66832.1
70340.8
66810
70329.6
68437.9
65840.5
63060.9
66509.9
64700.7
66455.9
64629.2
65891
68501.6
71112.7
70781
68754
70765.5
68704.8
68548.4
66064.4
63880.4
64057.3
66536
64009.2
66464
66145.8
150673
150543
146348
146372
150618
150652
146421
153755
159426
153682
157306
153776
159502
153649
150011
145960
149720
145714
150003
145997
149706
154951
160155
154506
159240
154507
159155
154944
150764
146491
150766
146647
150722
146517
150901
153695
157203
159468
153574
159374
153579
153737
149994
145742
146094
149725
146042
149695
150016
135333
135184
131820
131698
135304
135254
131831
138644
142223
138322
142015
138619
142267
138345
135165
131701
134873
131397
135157
131701
134865
138930
142642
138981
142791
138917
142652
139024
135357
131741
135365
131904
135294
131863
135412
138674
142050
142380
138407
142322
138373
138742
135181
131431
131771
134907
131720
134881
135219
122000
121731
118904
118683
121940
121796
118973
125097
128305
124868
128107
125054
128341
124905
122014
118974
121816
119016
121950
119061
121870
125200
128300
125131
128526
125035
128454
125300
119209
122086
118775
121982
121880
119073
122195
125163
128154
128453
125049
128390
124966
125255
119432
122110
119190
122069
119196
121955
122237
110139
109695
107163
106923
110038
109789
107269
113275
116034
113196
116094
113142
116150
113323
110286
107272
110243
107451
110183
107365
110322
112925
116221
113372
113202
115742
112797
116080
110037
107538
110444
110275
107035
109901
107393
116842
114727
113927
113508
116427
116380
113610
107649
110765
110692
110451
107544
107491
110416
98470.4
98227.6
95564.6
95409.2
98435.3
98290.3
95593.8
101512
104366
101505
104535
101453
104459
101626
98522.3
95689.6
98544.3
95892.2
98520.6
95682
98620.3
101351
104550
101553
101494
104156
101265
104448
98408.6
95579.8
98505.2
98490.3
95455.5
98351.4
95600
104623
101786
101533
101535
104609
104540
101682
95291.7
97780
98252.8
98447.7
95781.2
95582.2
98523.3
87046.7
86873.4
84287.2
84134.9
87048.6
86886.5
84290
89960.7
92831.3
90018.8
92896.5
89974.1
92814.6
90005
87124.9
84348.1
87168.9
84347
87137.9
84338.5
87148.1
92650.3
89847.9
92566.7
89722.4
89699.1
92693
89820.7
87042.7
84157
86930.4
84299.5
86904.5
84294.6
87035
92592.5
89927.3
92837.2
89860.9
92758.2
89965.8
89864.2
87103.9
84319.1
84305.5
87060.8
84325.4
87114.2
87072.8
76351.3
76220.9
73825.5
73711.4
76340.8
76242.2
73828.4
78948.2
81614.9
78936
81599.6
78949.1
81610.5
78920.4
76348.9
73809.5
76321.3
73762.2
76350.6
73802.9
76306
78954.6
81478.7
78868.3
81599.4
78846.7
81588.9
78962.4
76358.2
73720.4
76272.8
73827.3
76260.7
73829.2
76359.2
78944.7
81565.3
81589.7
78871.8
81601
78897.8
78936.6
76341.4
73748.7
73780.9
76266.2
73791.2
76287
76329.9
66598.4
66189.1
64089.1
63856.6
66533.2
66248
64110.9
68834
71269.6
68836
71270.4
68816.4
71266.7
68848.7
66352.9
64073.8
66554.3
64187.6
66317.1
64097.6
66604.7
68947.6
71201.2
68818.2
71357.6
68775.3
71338
68971.3
66667.2
63976.7
66337.4
64224.9
66289.5
64235.6
66734.8
68850.7
71266.7
71280.8
68872.3
71271.8
68861.8
68861.5
66385.8
64318.8
64234.9
66684.3
64216.6
66644.8
66419.2
148271
148628
144467
144952
148307
148667
144436
150100
154873
149625
153404
150115
155023
149679
146721
143142
146002
142248
146682
143128
145996
151871
156872
152118
155584
152101
155417
151802
148206
144948
148692
144394
148675
144403
148182
150062
153253
155068
149408
154908
149531
150065
146709
142196
143072
145848
143098
145910
146701
133598
134300
130190
130860
133578
134265
130232
136039
139665
134923
138617
136127
139650
134908
132656
129363
131581
128450
132643
129417
131602
137114
141398
137776
140801
137798
140802
137096
133615
130923
134341
130357
134300
130294
133644
136006
138511
139548
134937
139629
134917
136033
132676
128498
129523
131758
129471
131678
132753
121035
121468
118188
118706
120990
121519
118259
123284
126278
122415
125410
123247
126306
122458
120405
117572
119588
116862
120360
117614
119631
124020
127696
124624
127151
124553
127099
124084
118482
121098
118850
121675
121592
118360
121172
123334
125465
126407
122581
126348
122514
123398
117732
120461
116901
119741
117670
119683
120526
109793
109958
106898
107089
109737
109959
106941
112134
114834
111433
114151
112088
114876
111450
109339
106497
108727
105993
109299
106525
108745
113704
116039
113107
112853
116225
113096
115711
109903
107019
109965
109874
107092
109964
106992
114984
111493
112251
112194
114178
114933
111471
106578
108783
109439
109388
106005
106555
108765
98245.2
98384.8
95435.5
95688.2
98253.5
98425.9
95402.8
100831
103669
100418
103230
100823
103690
100423
97942.8
95145.8
97619.6
94839
97954.1
95138.1
97622.8
101311
104105
101136
101224
104271
101456
104118
97564.4
94894.1
97870.9
98166.3
95552.5
98397.6
95260.2
103677
100376
100760
100818
103232
103699
100414
94989.2
97558.8
97792
97897
94824.1
95089.9
97607.1
86980.9
87118.9
84190.5
84276.1
86993
87102.1
84154.6
89564.9
92355.7
89270.6
92060
89563
92358.2
89261.5
86765.7
83997.8
86510.4
83711.8
86774.4
83966.7
86493.5
92353.4
89766.6
92689.9
89793.7
89888.1
92527.2
89677.7
86934
84229.1
86985.4
84052
87051.8
84109.9
86863.9
92235.7
89536.5
92038.6
89183.8
92325.9
89233.9
89465.1
86726
83667.9
83859.2
86406.8
83915.7
86458.4
86661.3
76072.2
76213.9
73536.2
73630.3
76099
76189.2
73518.1
78523.7
81252.3
78351.8
81003.1
78556.6
81218
78313.2
75902.4
73360.5
75744.8
73152.7
75929.4
73341.5
75716.1
78660.6
81471
78745.2
81302.6
78783
81352.1
78620.1
76042.4
73612.5
76133.1
73481.2
76161.4
73499.2
76012.9
78485.8
80957.8
81129.2
78228.5
81176.4
78269.3
78447.5
75873.7
73136.8
73306.7
75654
73322.9
75686.2
75846.6
66387.6
66197.7
63949.2
64043.4
66339.8
66224.6
63971
68425.1
70848.8
68236.1
70700.7
68419.3
70844.2
68255.3
66035.4
63801.2
65991.7
63529.8
65986.4
63814.4
66049.1
68633.5
71101.9
68693.2
71026.4
68693.9
71034.6
68643.6
66429.4
64178.8
66261.2
64106.9
66240.3
64089.7
66476.2
68436.1
70699.4
70833.1
68290.9
70838.1
68270.7
68446.9
66062.1
63643.1
63961.8
66144.4
63937.7
66096.3
66094.3
142100
143338
138886
140046
142103
143327
138771
142581
145339
140001
143086
142612
145358
139955
139537
136945
138707
134247
139655
136931
138582
145251
150286
146102
147829
146110
147885
145123
142017
139962
143274
138675
143294
138697
141873
142501
142813
145192
139754
145152
139797
142476
139437
134208
136914
138397
136907
138465
139409
129216
130414
126150
127347
129155
130482
126216
131070
133778
128217
132806
131050
133761
128269
127788
125018
127178
122753
127764
125107
127226
132352
136777
133597
135444
133517
135443
132411
129278
127404
130616
126400
130549
126300
129347
131088
132829
133789
128400
133761
128338
131129
127829
122853
125361
127377
125224
127296
127902
117716
118751
115118
116033
117670
118801
115150
119626
121919
117136
121282
119545
121996
117232
116662
114249
116122
112285
116611
114298
116219
120615
124528
121676
123422
121602
123328
120697
117763
116071
118911
115234
118853
115187
117816
119716
121340
122201
117441
122091
117321
119814
116714
112329
114412
116386
114350
116289
116775
107305
108120
104753
105405
107280
108135
104766
109327
111564
107117
111175
109284
111576
107148
106516
104122
106335
102227
106497
104140
106358
110798
109986
113450
112507
110771
112466
110023
108165
107330
105411
104772
108151
104772
107351
109374
111225
111634
107216
111597
107184
109419
106537
102241
104157
106407
104152
106390
106553
96531.1
97192.3
93955.2
94394
96556.4
97184.5
93929.4
98848.6
101294
96847.3
100962
98870.5
101263
96820.3
95897.6
93488.2
95932.2
91723.9
95944.2
93461.8
95896.4
99869.6
99326.7
102715
101934
99905.9
101961
99291.7
97113.8
96496.4
94368
93837.4
97160.7
93889.9
96448.9
98825.1
100943
101196
96784.5
101229
96810.4
98800.2
95853.4
91698.2
93386.7
95837
93427.6
95879.1
95800.4
85713.7
86221.5
83112.8
83408.2
85758.6
86195.5
83066.6
88149.8
90642.5
86362.3
90509.1
88191.3
90582.3
86295.2
85203.8
82760.5
85484.7
81098.2
85273.2
82717.7
85401.4
88454.2
91659.4
88820.8
91037.6
88871.2
91093.8
88397.9
85662.3
83360.7
86103.3
82963.8
86154.3
83016
85608.7
88103.3
90469.8
90458.9
86190.2
90521.6
86255.3
88055.7
85138.5
81049.6
82635
85267.2
82676
85351.3
85075
75068.9
75502.2
72621
72863.9
75105.2
75461.4
72607
77451.6
79866.5
75732.8
79816
77487.2
79793.9
75666.2
74562.3
72325.2
74876.5
70658.9
74625.1
72326.6
74837.6
77689.2
80704.2
77952.6
80201.2
77993
80255.4
77647.9
75031.1
72846
75396.4
72587.2
75427.4
72595.9
74994.4
77418.8
79765
79652.9
75584.4
79722.3
75632.6
77390.1
74510.5
70669.5
72342.9
74832.5
72332.8
74841.8
74479.6
65473.1
65533
63053.2
63102.7
65435.7
65569.9
63084
67559.8
69509.7
65704.7
69624.5
67513.2
69507.5
65703.2
64912.7
63691.8
65484.4
61645.1
64890
63752.1
65543.3
67763.1
70403.8
67964.7
70047.4
67953.6
70048.8
67781.6
65506.7
63198.2
65622.2
63209.9
65596.7
63199
65552.7
67604
69625
69505.4
65718.7
69510.4
65718.3
67631.6
64933.2
61788.7
63933.5
65673.6
63890.6
65615.9
64962.4
150182
150120
146709
144674
150290
150027
146638
154480
160247
155326
160219
154523
160278
155241
150556
146606
151241
147019
150558
146623
151242
154154
156199
151270
157560
151332
157623
154116
150119
144600
149902
146581
149957
146592
150103
154432
160239
160227
155144
160221
155168
154416
150578
147044
146692
151247
146652
151236
150613
134557
135280
131324
129906
134522
135289
131396
138923
142522
139120
143057
138865
142572
139179
135042
131504
135353
131845
134976
131618
135418
138867
142163
136675
142066
136681
142053
138909
134615
129995
135380
131558
135356
131477
134680
138990
143107
142680
139311
142622
139240
139065
135131
131970
131816
135609
131718
135503
135224
121005
121887
118272
117185
120938
121929
118368
124832
127852
125018
128399
124698
127973
125129
118854
121507
118430
121827
121381
118558
121944
124662
127780
123157
127407
123102
127354
124738
121077
117235
122021
118553
121976
118463
121149
124951
128530
128156
125366
128064
125245
125063
118974
121631
118789
122175
118679
122062
121743
108819
109581
106240
105026
108737
109636
106361
112737
115799
112864
112509
115218
112391
115335
109814
107066
109941
109451
106608
109334
106727
112253
115577
110683
114909
110632
114833
112339
108911
105118
109762
106573
109704
106470
109003
115912
113049
112969
112621
115557
115452
112720
107160
110112
110041
109556
106911
106827
109643
97251.2
97970.2
94719.7
93652.4
97182.7
98042.6
94793.8
101110
104118
101198
100933
103541
100837
103647
98153.1
95302.6
98221.3
97860.6
95054
97780
95122.3
100613
103428
99115.3
103075
99044.8
102995
100681
97310.2
93700.6
98139.4
94908.2
98086.7
94855.3
97359.1
104202
101327
101271
101017
103815
103737
101083
95357.5
98346.9
98287.8
97932.5
95235.6
95182.7
97991.4
86042.8
86847.2
83716.6
82578.5
85978
86914.6
83787.6
92410.4
89423.2
92025.7
89556.7
89353.9
92089.1
89602.5
86550.1
83930.8
86795.4
84122.3
86487
83982.8
86839.9
89207.6
92266.7
87833.1
91589.3
87774.9
91543.9
89267.7
86102.2
82617.5
87013.4
83890
86959.6
83847.6
86151
92460.9
89480.5
92199.3
89698
92145
89647.6
89534.8
86601.7
84156.9
84073
86927.3
84030.7
86882.8
86652.3
75402
76259.8
73284.4
72139.8
75380.3
76325.7
73314.1
78615.9
81079.6
78740.4
81416.7
78587.3
81118.1
78755.6
75867.6
73448.9
76143.9
73615.3
75850.3
73464.2
76149.9
78451.3
81243.5
77131.8
80689.5
77092.9
80661.9
78482.6
75415.8
72153.8
76407.9
73338.2
76363.2
73330.6
75421.7
78636.2
81439.4
81177.6
78758.3
81150.9
78761.4
78648.9
75874.5
73626.8
73488.4
76143.5
73476.5
76148.2
75875.1
66000.1
66555.9
64833.2
63247.1
65949.5
66605
64863.1
68641.2
70795.2
68810.2
71193.6
68597.9
70816.9
68844.7
66251.4
64180.9
66599.4
64057.7
66207.5
64198.4
66648.3
68536.5
71000.4
66927
70354.8
66900.5
70349.8
68554.1
66040.1
63327
66664.8
64927.1
66638.6
64952.6
66064.2
68674.7
71225.7
70857
68870.6
70838
68864.6
68689.6
66278.5
64170.6
64276.8
66701.9
64296.4
66684
66300.8
151004
150820
146787
146767
150980
150916
146837
153816
159280
153559
157486
153716
159411
153585
150287
146171
149765
145950
150110
146307
149840
154838
160098
154432
159516
154474
159281
154866
151056
146858
150996
146988
150979
146910
151123
153864
157532
159459
153799
159251
153661
153906
150383
146050
146454
150095
146369
149980
150455
135546
135434
131969
131965
135481
135501
132049
138873
142493
138455
142238
138795
142572
138521
135347
131837
134958
131636
135275
131912
135035
139248
143058
139304
143144
139232
143069
139318
135626
132077
135682
132233
135584
132140
135712
138956
142299
142765
138680
142669
138599
139033
135428
131706
132067
135194
131989
135116
135510
119364
119147
119497
122454
122098
122325
122216
125460
128530
125145
128355
125360
128613
125233
119681
119553
119820
122489
122198
122378
122285
125612
128719
125558
128902
125458
128811
125698
119254
119648
119591
122551
122416
122324
122617
125552
128434
128777
125400
128697
125320
125630
119604
119955
119920
122578
122468
122376
122654
87026.2
86968.1
84304.9
84261.2
87025.8
86995.6
84312.9
92401.8
92533.9
92205.5
89675.2
89737
89760.7
89607.7
86997.1
84283.2
86978.6
84181.4
87027.8
84268.6
86911.8
92647.6
92677.2
92561.9
89782.9
89859.2
89804.3
89853.3
87045.8
84287.6
87069.3
84341.4
87030
84325.5
87082.7
92496.6
92402
92187.9
89667.9
89658.9
89559.6
89770.3
86996.7
84161.3
84275.3
86914.2
84265.6
86886.3
87029.5
76346
76277.4
73830.6
73735.6
76353.5
76274.2
73840.5
78906.9
81576.9
78845.3
81469.2
78923.6
81563.9
78820.8
76300.4
73778.2
76244.9
73717.9
76314.5
73779.7
76227.9
78948.8
81566.9
78879.3
81610.8
78887.8
81611.9
78938.3
76343.9
73747.2
76266.7
73862.2
76268.4
73854.5
76344.4
78891.8
81449.9
81548.7
78797.2
81553.5
78803.5
78882.6
76292.3
73715.3
73780.4
76215.9
73781.3
76217.9
76290.6
66808.9
66379.2
64338.8
64100.1
66778.1
66415.7
64318.9
68878.6
71285.9
68888.2
71262
68871.7
71285
68898.6
66479
64370.1
66718.6
64399.3
66448.4
64362.5
66748.6
69017.4
71292.2
68864.6
71402.3
68865.5
71402.2
69018.8
66828.5
64227.8
66455.9
64379
66442.1
64416.6
66843.6
68889.2
71263.7
71284.3
68922
71284.8
68911.8
68893.4
66502.3
64499.6
64432
66798
64470.7
66772.4
66524.5
148169
148690
144394
144976
148159
148713
144412
149997
154881
149271
153068
150011
155018
149183
146663
143035
145790
141904
146671
142982
145751
151644
156856
151976
155593
151965
155408
151671
148185
145037
148857
144419
148740
144399
148229
149927
152934
155014
149086
154905
149107
149889
146651
141895
143023
145594
142960
145681
146657
133810
134399
130417
131129
133727
134485
130480
136141
139510
135002
138472
136068
139566
135090
132912
129582
131831
128709
132836
129652
131901
137238
141516
138043
140843
137953
140789
137323
133884
131196
134639
130622
134567
130548
133949
136236
138511
139696
135230
139624
135166
136318
132982
128802
129818
132065
129732
131978
133054
118579
118772
118594
121294
121760
121240
121793
123550
126480
122655
125706
123472
126562
122734
117787
117037
117821
120654
119803
120593
119868
124316
127970
124952
127458
124864
127374
124399
118788
118783
118659
121370
122011
121877
121461
123632
125801
126741
122896
126652
122816
123712
117090
117950
117873
120721
120004
119936
120795
86705
86919.9
83988.3
84062.4
86787.8
86841.8
83928.6
92147.1
91839.3
92023.6
89282.9
89116.4
89377.9
89046.5
86515.4
83800.4
86346.6
83521.4
86586.5
83747.1
86288.5
92394.7
91970.9
91897.3
89398.4
89567.3
89525.5
89398.6
86645.1
84027.5
86797.4
83886.2
86791.9
83892.4
86637.8
91794
91994.1
91972.4
89227.8
88974
88997.7
89223
86467
83483.7
83698.4
86219
83710.1
86244.2
86449.5
75971.2
76107.1
73466.5
73563.7
75988
76087.5
73458.2
78387.1
81082.2
78200.4
80840.2
78413.8
81042.9
78178.3
75810.1
73294.3
75633.1
73108
75824.6
73286.5
75622.4
78538.4
81312
78658
81179.7
78663.3
81183.8
78535.5
75962.9
73559.1
76073.1
73463.1
76076
73457.6
75961.9
78372.3
80814.3
81013.7
78158.8
81020.3
78164.9
78368
75802.3
73103.6
73284.3
75616
73283.2
75617.5
75799
66543.9
66282.7
64219.9
64287.8
66507
66325
64217.8
68467.3
70830.3
68308.4
70709.6
68459
70833.3
68323.5
66134.8
64067.4
66180.4
63786.7
66111.6
64073.2
66212.9
68692.7
71082
68722.1
71044.5
68710.6
71034.1
68709.8
66569.3
64370.2
66376.5
64268.9
66349.9
64299.1
66592.1
68479.5
70715.1
70848.3
68353.8
70840.5
68340.4
68489
66157.1
63866.9
64128.8
66262.4
64148.7
66239.4
66178.9
141639
143237
138641
139890
141715
143171
138626
142189
144883
139643
142497
142309
144847
139615
139329
136932
138354
134146
139360
136952
138349
144675
150069
145752
147298
145836
147294
144536
141617
139922
143174
138684
143127
138650
141589
142077
142266
144545
139450
144606
139516
142016
139310
134143
136938
138298
136947
138317
139316
129526
130687
126512
127666
129429
130769
126630
131284
133815
128473
132871
131196
133841
128561
128124
125499
127486
123288
128002
125639
127612
132606
137024
133904
135634
133828
135594
132696
129634
127774
130964
126873
130862
126752
129746
131378
132915
133903
128771
133866
128659
131477
128254
123458
125902
127903
125774
127749
128384
116224
117942
118974
115290
117875
119040
115351
119998
122314
117545
121683
119907
122428
117672
116892
114480
116465
112521
116832
114553
116562
120956
124892
122000
123825
121919
123726
121039
116283
118015
119178
115485
119110
115416
118090
120087
121809
122645
117869
122537
117766
120172
116967
112567
114701
116723
114624
116637
117048
108180
105392
108188
107373
104765
107364
104753
109496
111682
107248
111378
109461
111737
107275
106578
104160
106434
102271
106567
104161
106448
113610
110929
110883
110125
112737
112676
110159
105400
108231
108205
107382
104737
104743
107393
109522
111424
111831
107343
111784
107316
109542
106589
102293
104174
106502
104163
106488
106603
97046.7
94189.6
96983.9
96351.9
93781
96397.8
93728.2
98742.9
101168
96771.4
100885
98772.3
101145
96751.3
95714.2
93346.2
95807.8
91581.3
95752.3
93309.6
95767.5
102630
99739.8
99742.4
99180.4
101857
101865
99162.1
94147.9
96948.1
96951.7
96318.6
93658.1
93686.5
96299.1
98720.2
100877
101125
96733
101130
96743.4
98704
95684.4
91556.5
93253.5
95719.2
93278.2
95743.1
95662.4
85510.3
86049.6
82913.5
83207
85558.7
85998.8
82865.6
87970.6
90403.5
86146.4
90298.3
88011.5
90355.2
86090.3
84960.8
82596.2
85217
80892
85015.4
82561.6
85168.7
91449.3
88248.9
88624
90861.3
88657.4
90889.6
88213.5
85467.8
83164.9
85924.5
82792.7
85956.5
82825.3
85431.6
87933
90262.6
90281.4
86028
90313.7
86059.9
87899.9
84909
80876.3
82499.4
85138.6
82528.7
85155.1
84863
74954.6
75372.3
72581.7
72805.3
74969
75357.1
72577.4
77353.3
79590.8
75569.2
79658.4
77367.1
79545.2
75549.2
74473.4
72355.1
74838.5
70720.4
74469.3
72370.3
74834.6
77565.2
80541.4
77862.5
80027.5
77873.2
80056.4
77554.1
74947.7
72795
75348.8
72571.7
75349.9
72574.9
74945.8
77347.8
79649.7
79506.4
75551.4
79517.7
75551.8
77346.8
74479.7
70745.2
72394.6
74842.8
72382.9
74838.7
74484.2
65629.9
65650.5
63314.9
63318.5
65591.8
65680.1
63330.2
67673.7
69497
65744
69677.6
67653.4
69497.9
65764.9
65020.9
64048.2
65743.5
62023
64991.2
64062.6
65793.2
67832.4
70401.2
68018.2
70051.7
68004.5
70044.9
67847.9
65660.9
63398.6
65741.5
63421.6
65710.2
63420.9
65694.2
67696.2
69705.4
69525.6
65823.9
69507.1
65795.9
67720.4
65048.2
62117.6
64141.1
65867.4
64147
65835.3
65082.6
150107
149884
146591
144451
150101
149904
146612
154356
160118
155122
160460
154377
160112
155141
150684
146741
151275
147138
150653
146776
151315
153996
155987
151114
157133
151101
157111
153957
150091
144475
150008
146586
149995
146617
150035
154304
160463
160028
155192
160029
155153
154257
150686
147166
146775
151383
146793
151353
150654
134806
135457
131642
130239
134745
135493
131722
139206
142744
139390
143278
139140
142803
139470
135386
131910
135715
132270
135311
131993
135810
139005
142272
136892
142083
136867
142098
139012
134865
130375
135630
131880
135586
131805
134922
139253
143327
142847
139583
142837
139535
139285
135449
132338
132137
135945
132072
135887
135499
121271
122063
118631
117365
121214
122083
118695
125264
128252
125468
128827
125169
128345
125559
121920
118880
122277
119233
121839
118955
122360
124924
127895
123293
127659
123294
127596
124962
121316
117394
122068
118763
122098
118741
121343
125339
128896
128493
125679
128427
125632
125396
121983
119286
119049
122462
119017
122424
122028
109168
109837
106660
105349
109087
109892
106734
113110
112873
115647
116145
112802
115720
113161
110167
109782
106988
107314
109714
107048
110214
112570
115738
110959
115140
110900
115105
112625
109242
105430
110007
106833
109963
106793
109306
112936
116202
115812
113249
115782
113209
112995
109839
107342
107124
110288
107092
110254
109900
97413.9
98162
94946.7
93833.6
97394.6
98189.2
94975.8
101368
101167
103881
104338
101135
103928
101392
98393.3
98067.2
95276.4
95497.4
98037.1
95305.7
98422.3
100777
103595
99254.4
103277
99237.8
103252
100780
97424.7
93858.7
98192.8
95007.4
98196.6
94996.8
97429.3
101182
104358
103969
101405
103957
101404
101186
98082.9
95514.8
95333.2
98442.3
95323.8
98437.7
98086.3
86225.8
87047.3
83926.6
82738.8
86190.7
87078
83955.5
89616.2
92245.1
89744
92612.8
89580.7
92279.8
89780.3
86726.7
84106.4
86966.3
84218.8
86694.8
84128.9
86995.5
89364.2
92385.9
87998.4
91692.9
87967.8
91674.1
89379.6
86249.6
82779.4
87136.4
83973.9
87111.6
83971.3
86263.3
89639.3
92636.9
92310.8
89811.9
92301.7
89803.2
89650.1
86746.8
84223.4
84142.9
87019.7
84140.5
87013
86753.6
75418.9
76424.5
73341.1
72220.7
75421.8
76438.4
73338.7
78653.6
81195.4
78750.4
81457.8
78653.6
81202.8
78741.5
75870.5
73494.6
76140.2
73635
75872.3
73493.7
76135.9
78509.5
81321.3
77171.9
80730.8
77166.2
80737.2
78496
75415.4
72236.7
76426.5
73354.9
76440.9
73337.3
75411.9
78652.7
81456.2
81204.6
78734.1
81204.7
78735.7
78651.9
75875.1
73622.5
73489
76129.5
73489.2
76131.5
75882.8
66081.1
66694.7
65005.7
63334.1
66081.9
66692.6
64923.4
68699.7
70866.5
68872.7
71245.2
68700.7
70863.4
68863.5
66342.8
64380.9
66708.5
64115
66322.4
64320.7
66706.2
68573.7
71051.1
67004.1
70384.7
66980.9
70356.1
68592.9
66087.6
63438
66713
64850.1
66714.4
64987
66099.3
68688.5
71223.4
70845.5
68823.3
70851.5
68852.8
68674.7
66357.3
64168.6
64324
66664
64436.6
66701
66338.1
151174
151016
147021
146965
151148
151069
147057
154032
159407
153836
158093
153935
159665
153862
150622
146537
150131
146206
150550
146580
150207
154891
160639
154699
160098
154587
159838
155001
151228
147022
151248
147173
151155
147107
151317
154062
158232
159906
153936
159684
153902
154157
150678
146254
146701
150307
146635
150252
150757
135889
135788
132321
132383
135803
135887
132399
139185
142830
138759
142512
139111
142899
138830
135659
132139
135263
131900
135588
132206
135326
139545
143319
139617
143403
139551
143333
139609
135964
132454
136035
132518
135971
132466
136024
139254
142577
143035
138944
142967
138891
139313
135724
131954
132314
135433
132266
135383
135778
119650
122683
122493
119445
122654
122557
119645
125717
128844
125445
128627
125680
128903
125476
119845
122653
122464
119639
122655
119736
122447
125865
129080
125858
129148
125804
129105
125899
122715
119486
122659
119662
122612
119649
122743
125748
128670
128986
125516
128951
125499
125769
122652
119523
119637
122434
119667
122435
122657
110497
107875
110837
110795
107584
110513
107842
117235
114931
114343
114018
116786
116912
114097
107947
110977
111015
110880
107892
107884
110805
113738
116437
113492
116640
113469
116641
113713
110758
107590
110540
107785
110527
107813
110730
113848
116514
116664
113719
116743
113836
113758
110809
107854
107809
110719
107846
110758
110759
98675.9
95754.2
98733
98770
95752.4
98696.3
95814.4
104898
101955
101788
101832
104907
104877
101916
95346.3
97865.4
98422
98648.6
95754.8
95679.2
98643.9
101834
104632
101663
104798
101672
104820
101817
98791.1
95765.5
98695.7
95849.6
98701.4
95846.1
98790.9
101853
104878
104833
101848
104862
101911
101839
98760.5
95888.6
95841.9
98739.3
95803.4
98770.3
98789.8
87149.4
87102.7
84355.7
84326.4
87120.7
87124.9
84365.7
92612
89938.7
89762.2
92740.1
89867.8
92786.3
89848.2
87101.5
84291.4
86953.4
84206.9
87065.8
84308.5
86996.6
90011.7
92850
89978
92909.4
89971.3
92896.4
90025.2
87165.7
84326.4
87141.9
84372.7
87137.3
84370.9
87174
89976.9
92791.1
92885.8
89910.3
92853.3
89888.3
89996.1
87124.5
84227.2
84329.6
87045.2
84321.4
87025.7
87137.7
76338.7
76264.5
73860.1
73751.4
76344.4
76259.8
73850
78879.9
81549.7
78799.2
81460.3
78880.3
81553.5
78804.9
76287.1
73777.7
76218.9
73721.9
76290.6
73773.4
76221.4
78920.5
81558.6
78848.2
81601.7
78852.9
81604.1
78913.9
76327.6
73734.8
76244.3
73812.7
76251.2
73832.9
76316
78877.8
81472.3
81559.7
78809.6
81557.6
78808.6
78873.8
76278.9
73721.7
73755.2
76216.4
73765.5
76219.9
76269.8
66829.4
66464.1
64471.9
64267.3
66841.6
66476.1
64405
68906.8
71283.7
68931.8
71278.8
68901.3
71283.8
68935.5
66572.9
64536.7
66815.9
64483.8
66552.7
64490.8
66821.5
68999.6
71270.7
68848.3
71365.4
68861.2
71384.2
68984.2
66808.6
64365.8
66510.9
64354.6
66504.9
64461.5
66792.5
68916.2
71282.8
71282.2
68941.1
71284.4
68939.2
68917.2
66589
64544.2
64501
66797.7
64569.5
66811.9
66605.9
148310
148962
144450
145249
148276
149068
144495
149836
154929
149047
153042
149829
155045
148983
146767
143080
145575
141956
146683
143144
145572
151756
157445
152394
156076
152267
155906
151786
148358
145311
149242
144585
149168
144545
148406
149869
153019
155187
148875
155056
148921
149942
146838
141983
143250
145600
143208
145579
146913
134076
134700
130697
131393
134012
134757
130767
136439
139790
135294
138716
136383
139862
135362
133204
129904
132156
129085
133129
129983
132247
137501
141820
138283
141092
138237
141053
137546
134138
131449
134860
130872
134811
130827
134189
136495
138761
139962
135489
139917
135430
136547
133275
129159
130099
132395
130049
132328
133334
118766
121529
122048
119243
121508
122052
118711
123832
126822
122967
126058
123778
126891
123027
117988
120886
120064
117242
120849
118005
120114
124542
128219
125098
127681
125078
127646
124566
121541
119150
122055
118641
122051
118666
121553
123873
126121
126986
123114
126945
123076
123904
120914
117276
118025
120189
118015
120156
120937
110129
107111
110097
110084
107348
110247
107157
115208
111667
112442
112431
114462
115212
111697
106624
108902
109551
109563
106068
106648
108928
112977
116204
113294
115768
113305
115831
112923
110037
107381
110323
107121
110281
107136
110013
112403
114493
115199
111714
115204
111709
112379
109547
106070
106637
108932
106647
108933
109528
97565.7
94697.3
97774.5
98064.4
95497.3
98443.7
95063.6
103682
100284
100695
100762
103216
103725
100310
94827.5
97412.8
97675.5
97764.5
94596.4
94892.9
97440.7
101271
104486
101552
104206
101589
104222
101265
98177
95629.7
98485.6
95293.3
98501.9
95225.2
98221.4
100795
103222
103738
100317
103740
100319
100803
97824.5
94597.6
94960.6
97456.4
94939.6
97453.6
97853.3
86677.9
86810.8
83896.5
84062.1
86651.9
86846.5
83913
92023.3
89240.6
88962.5
91781.3
89226.9
92061.8
88950.3
86459
83701.1
86204.4
83442.1
86449.8
83708.2
86194.8
89516
92573.8
89738.9
92379.3
89713.5
92337.8
89536
86699.4
84083.9
86894.9
83939.1
86874.4
83928.1
86714.1
89251.8
91778.4
92101.4
88940
92085.8
88943.8
89260.4
86468.1
83439.3
83716.9
86188.7
83714.3
86191.4
86473.7
75972.1
76077.2
73471.1
73577.1
75965.5
76084.5
73479.6
78372.1
81017.3
78154.1
80786.7
78369.1
81024.3
78152.1
75802.3
73289.8
75615.1
73101.2
75798.7
73295.5
75616.4
78554.3
81341.9
78683.4
81216.4
78678.6
81210.9
78557.2
75979.1
73585
76093
73492
76090.2
73487.1
75983.7
78375
80784.8
81026.9
78144.3
81028.3
78150.1
78374.1
75808.8
73105.7
73309.9
75619.2
73301.4
75617.6
75813.5
66612.8
66399.5
64337.1
64398.7
66604.5
66428.9
64283.6
68515.9
70856.8
68364.7
70735.1
68504.2
70865.9
68370.4
66228.7
64192.3
66278.7
63869.5
66202.3
64149.6
66289.8
68739.7
71119.1
68788.8
71082.1
68773.3
71075.3
68742.9
66612.8
64475.7
66483.4
64250.2
66455.2
64341.2
66604.2
68530.2
70740.8
70883.8
68378.3
70874.9
68377.1
68540
66256.4
63930.8
64145.9
66287.3
64210
66290.2
66277
141591
143246
138699
140103
141572
143307
138711
141879
144276
139266
141896
141933
144176
139187
139295
136929
138235
134184
139315
136926
138213
144297
150105
145802
147282
145729
147209
144292
141592
140132
143430
138732
143383
138721
141579
141815
141761
144193
139031
144075
139047
141759
139259
134186
136942
138137
136930
138145
139222
129968
131070
126987
128083
129858
131172
127092
131677
133949
128870
133104
131577
134003
128986
128635
126019
128043
123937
128511
126125
128198
132956
137282
134226
135826
134154
135775
133040
130064
128165
131341
127261
131264
127182
130148
131768
133144
134109
129188
134057
129074
131850
128743
124038
126290
128438
126214
128306
128839
118222
119243
115549
116451
118160
119300
115610
120312
122743
117923
122151
120246
122833
117995
117192
114760
116774
112732
117123
114817
116835
121239
125234
122241
124137
122196
124077
121292
118280
116491
119392
115704
119350
115660
118340
120363
122203
122970
118068
122906
118014
120410
117248
112760
114900
116895
114861
116853
117298
108263
107434
104745
105422
107408
108290
104754
109603
111874
107365
111548
109568
111920
107392
106650
104181
106522
102352
106625
104188
106544
110273
113808
111037
112929
111029
112896
110299
107457
105421
108307
104775
108301
104763
107478
109625
111559
112005
107447
111966
107409
109647
106667
102372
104198
106598
104192
106561
106684
96955.1
96285.2
93639.8
94119.5
96289.6
96961.4
93627.6
98676.2
101123
96724
100865
98688.7
101123
96723.5
95636.5
93232.1
95703.7
91507.2
95645.5
93215.5
95696.9
99141
102644
99741.8
101861
99744.9
101857
99140.7
96282.4
94113.3
96964.3
93612.8
96963.7
93618.8
96283.3
98664.8
100861
101129
96721.8
101124
96713.2
98660.9
95631.7
91499.1
93190.7
95689.7
93200.2
95684.7
95634.1
85378.5
85901.1
82769.2
83098
85401.2
85886.8
82754.8
87851.6
90259
86011.5
90180.8
87872.4
90245.1
86003.5
84812.7
82475.3
85134.6
80877.2
84828.9
82460
85133.5
88149.1
91395.9
88554.6
90802.9
88566.7
90814.7
88140
85365.9
83084.3
85865.6
82741.6
85872.4
82745.2
85362.1
87836.5
90168.3
90234.2
86020.5
90235.8
86002.3
87830.2
84811.6
80894.9
82448.3
85142
82449.8
85131.2
84826.6
74948.1
75350.2
72572.8
72792.9
74947.3
75353
72582.4
77340
79503.6
75555.8
79631.7
77344.7
79503.3
75563.6
74491.5
72404.1
74851.1
70809.3
74487
72413.6
74864.5
77537.5
80489.4
77838.5
80000.8
77848.1
79999.6
77529.1
74950.1
72804.3
75358.4
72605.1
75356.7
72594.6
74948.7
77329.6
79626
79503.8
75585.9
79501.7
75561.1
77316
74491.7
70822.3
72409.4
74882.3
72417.1
74868.9
74487.9
65746
65772.9
63512.6
63450.6
65723.3
65801
63497.1
67776.2
69550.5
65852.8
69752.2
67748.8
69580
65885.1
65168.2
64220.3
65897.9
62168.4
65123.2
64191.9
65907.2
67896.8
70445.8
68072.8
70121
68063.3
70101
67913.4
65762.3
63540.3
65867.5
63529.2
65839.5
63591.9
65782.8
67803.9
69747.1
69636
65960.9
69609.8
65910.4
67817.2
65209.6
62208
64173.7
65873.6
64247.2
65888.9
65245.7
149834
150066
146517
144408
149944
149926
146424
154191
159919
155218
160633
154208
159980
155268
150563
146734
151396
147173
150610
146686
151395
153737
156672
151272
157353
151205
157089
153693
149762
144433
149925
146302
149885
146338
149762
154195
160481
160018
155360
159779
155299
154262
150528
147171
146658
151384
146655
151381
150536
135011
135727
131952
130665
134976
135743
132002
139309
142840
139615
143386
139305
142820
139632
135561
132190
135983
132480
135538
132231
136008
138993
142273
137279
142030
137105
142011
138988
135042
130751
135933
132073
135777
132035
135080
139308
143387
142814
139652
142804
139639
139321
135577
132512
132301
136052
132264
136029
135605
121336
122059
118770
117330
121352
121970
118760
125438
128540
125700
129024
125430
128563
125699
122049
119068
122469
119330
122050
119073
122464
124957
128082
123328
127817
123270
127795
124933
121318
117332
121988
118711
121961
118734
121304
125431
129024
128593
125682
128577
125684
125424
122031
119323
119066
122449
119065
122451
122020
109367
110074
106860
105596
109351
110090
106869
113050
115829
113279
116270
113032
115833
113294
109960
107150
110315
107374
109943
107157
110330
112694
115745
111263
115166
111161
115167
112698
109375
105635
110196
106873
110113
106868
109381
113057
116267
115849
113297
115835
113294
113067
109959
107366
107164
110332
107159
110329
109960
97412.3
98197.2
95013.7
93853.1
97429
98163.2
95013.3
101168
103971
101398
104360
101181
103960
101385
98066.6
95337.9
98438.1
95510.9
98081
95336
98427.2
100730
103654
99271.1
103232
99236.7
103252
100705
97391.2
93862.7
98197.9
95010.9
98169.7
95015.9
97378.7
101153
104348
103931
101360
103944
101371
101143
98053.3
95501.5
95331.4
98404
95335.3
98414.2
98044.7
86270.5
87197.3
83966.9
82912.2
86271
87228.5
83964
89653.1
92311.4
89811
92638.6
89654.8
92303.3
89803.1
86742.5
84140.2
87019.1
84217.7
86752.2
84133
87011.7
89402.3
92434.7
88200.6
91703
88133.9
91709.9
89401.5
86270.7
82978.2
87323.7
83969.6
87267.7
83963.5
86270.8
89653.6
92628.2
92284.8
89786.7
92294.9
89796.3
89650.2
86731.5
84212.9
84125.4
86996.2
84125.5
87005.8
86725.6
75424.2
76422.2
73367.3
72262.9
75425.2
76374.2
73367.6
78651.1
81200.9
78733.5
81450.8
78652.8
81190.7
78731.9
75886.2
73489.4
76133.2
73603.4
75888.9
73490.2
76136.4
78444.3
81356.7
77147.8
80678.1
77142.5
80689.2
78429.5
75422.4
72274.4
76378.7
73369.8
76369.1
73368.2
75417.8
78646.3
81443.4
81167.2
78729.3
81177.2
78730.7
78642.1
75881.6
73605
73506.5
76133.9
73499.3
76135.4
75876.4
66133.1
66795.2
64939.1
63333.3
66121.2
66772.3
64767.7
68678
70849.6
68809.2
71188.5
68680.7
70858.8
68798.9
66323.6
64436.2
66639.6
63961.4
66327.8
64274.5
66621
68611.2
71105.3
67157.5
70467.5
67134.5
70466.2
68601.7
66120.1
63489.9
66816.7
64612
66783.8
64849.7
66110.8
68692.5
71189
70865.2
68797.7
70866.4
68804.1
68688.4
66314.9
64062.6
64195.2
66599.2
64410.1
66605.8
66300.1
151473
151312
147234
147158
151404
151351
147278
154386
159963
153985
158748
154256
160237
154077
150911
146770
150369
146424
150840
146819
150441
155260
160921
154990
160642
154898
160286
155334
151506
147180
151397
147335
151367
147307
151538
154453
158700
160561
154196
160169
154124
154529
150946
146454
146884
150509
146851
150477
150982
136099
136077
132556
132581
136069
136109
132576
139390
143092
138985
142723
139359
143128
139012
135845
132346
135469
132036
135819
132362
135489
139715
143476
139740
143540
139709
143513
139746
136121
132603
136160
132598
136136
132585
136141
139414
142742
143178
139055
143151
139031
139442
135861
132038
132378
135518
132365
135500
135881
122752
122682
119666
119547
122753
122683
119662
125783
129009
125526
128726
125782
129017
125528
122651
119618
122432
119424
122656
119601
122428
125912
129177
125873
129195
125871
129182
125920
122745
119543
122674
119657
122674
119655
122747
125779
128724
129027
125539
129014
125528
125789
122645
119411
119591
122435
119588
122426
122651
110696
110551
107763
107588
110712
110556
107743
113661
116624
113632
116434
113700
116600
113574
110693
107776
110667
107701
110722
107748
110620
113663
116506
113520
116632
113518
116629
113659
110682
107580
110552
107716
110553
107724
110678
113635
116421
116583
113530
116583
113538
113629
110673
107664
107720
110578
107727
110587
110668
98765
98684
95840.2
95731.9
98780.6
98667.7
95825.5
101788
104801
101795
104721
101815
104771
101745
98780.3
95845.3
98725.8
95779.1
98790.9
95837.3
98707.8
101747
104591
101606
104720
101616
104728
101735
98748.1
95714.9
98636.5
95795.2
98650.1
95809.9
98735.8
101763
104682
104738
101684
104747
101706
101752
98764.5
95763.1
95813.4
98676.4
95826
98689.1
98754.3
87171.2
87139.9
84371.6
84318.2
87175.6
87131.6
84367.1
90001.7
92895.1
89920.9
92814.8
90002.9
92893.8
89924.8
87143.3
84333.6
87057.4
84258.9
87143.7
84333.2
87063.3
90014.9
92819.5
89939.4
92870.3
89952.8
92885.7
90003.1
87172.9
84317.2
87116.1
84363.5
87127.5
84370.7
87165.1
90001.4
92812.2
92876.4
89922.7
92889.2
89929.5
89990.7
87149.4
84271.8
84335
87070.5
84340.9
87074.3
87143.5
76298.4
76240.3
73797.3
73701.6
76306.1
76237.3
73786.1
78863.1
81559.1
78809.5
81490.1
78868.7
81556.5
78808.8
76257.5
73747.2
76213.9
73712.3
76262.9
73742.8
76212.1
78892.1
81542.7
78828.8
81584.6
78834.7
81590.8
78885.3
76292
73697.2
76227.6
73776.6
76232.2
73779.3
76287.7
78859.6
81499.4
81555
78804.4
81560.2
78809.4
78853.7
76253.1
73713.5
73738.1
76206.8
73740.6
76210.3
76248.9
66745.9
66510.2
64425.2
64248.4
66763.8
66504.4
64270.2
68922.9
71279.3
68936.4
71284.7
68922.9
71278.4
68938.7
66617
64588.5
66782.5
64359.9
66613
64454.9
66771.7
68966.5
71234.3
68837.1
71338.9
68842.1
71338.3
68962.6
66732.9
64356.8
66493.6
64125.1
66496.4
64360.9
66728.9
68931.1
71287.5
71282.2
68947.9
71280.5
68947.9
68928.6
66615.1
64448.8
64324.6
66764.5
64552.3
66763.7
66614.2
148479
149319
144617
145482
148447
149393
144642
150051
155167
148842
153102
149988
155355
148845
146982
143275
145596
142015
146957
143293
145584
151878
157969
152719
156671
152647
156194
151936
148482
145508
149447
144678
149424
144656
148496
150082
152988
155751
148880
155249
148837
150140
146977
142016
143317
145563
143298
145560
146991
134245
134896
130901
131531
134225
134916
130916
136614
139999
135536
138854
136588
140020
135569
133401
130132
132444
129286
133376
130153
132479
137622
141972
138389
141177
138365
141160
137644
134258
131534
134945
130937
134926
130922
134275
136632
138860
140040
135613
140027
135592
136654
133418
129304
130176
132519
130162
132503
133435
121566
122056
118627
119069
121561
122056
118617
123940
127012
123142
126228
123925
127029
123162
120965
118032
120215
117338
120953
118036
120236
124596
128278
125129
127730
125117
127718
124607
121569
119060
122066
118616
122056
118611
121580
123947
126238
127043
123183
127033
123173
123958
120971
117349
118045
120256
118038
120247
120980
109958
110316
107096
107387
109983
110300
107072
112340
115193
111715
114542
112356
115187
111717
109494
106621
108927
106056
109508
106607
108924
112827
116103
113208
115697
113210
115696
112819
109940
107369
110285
107043
110286
107049
109936
112327
114547
115184
111721
115183
111718
112324
109479
106053
106591
108922
106594
108922
109476
98234.5
98486.7
95319.1
95582.5
98234.9
98484.9
95327.5
100788
103725
100313
103207
100798
103712
100305
97862.8
94967.2
97453.9
94579.6
97863.1
94970.9
97448.3
101194
104419
101452
104119
101464
104129
101183
98229.7
95574.9
98474.5
95325.3
98479.9
95328.9
98225.1
100779
103202
103699
100298
103703
100300
100774
97862.1
94580.4
94977.2
97443.5
94975.9
97445.1
97861.6
86733.2
86910
83947
84123.9
86724.9
86919.8
83953.7
89274
92111
88939
91771.9
89267.5
92118.2
88940.2
86483.2
83717.1
86187.1
83428.8
86477.6
83719.3
86188.9
89572.2
92644.7
89774.4
92428.4
89776.7
92427.8
89571.8
86748.3
84140.4
86932.9
83969.1
86934.5
83969.6
86748.2
89286.9
91777.3
92130.5
88955.4
92127.5
88951.2
89289.9
86499
83440.2
83734.9
86205.4
83733.7
86202.2
86501.8
75987.8
76095.2
73495.6
73596.4
75986.2
76097.7
73498.8
78363.8
81023.5
78134.3
80769.9
78369.3
81021.5
78125.2
75812.7
73315.3
75615.7
73120.6
75813.7
73317.6
75612.5
78559.3
81380.4
78689.7
81231.6
78693.6
81233.3
78555.5
75988.7
73600.8
76096.5
73501.2
76098.9
73501.5
75986.8
78361.2
80770.5
81024.5
78118.5
81026.7
78121.4
78356.9
75812.3
73119.4
73317.6
75609.6
73319
75610.9
75810.4
66585.2
66498.4
64324.2
64370.6
66594.9
66510.1
64167.5
68557.1
70893.5
68387.4
70756.2
68551.8
70898.3
68389
66295
64225.3
66281.1
63764.1
66288.3
64088.3
66272.4
68760
71151.5
68822.9
71096.4
68822.3
71095.3
68760.1
66577.6
64466.3
66514.6
64017.4
66513.2
64253.2
66576.7
68565.8
70754.4
70902.9
68398.2
70902
68397.2
68564.4
66294.4
63856.8
63952.9
66262
64184.5
66262.9
66292.5
141525
143448
138740
140195
141547
143453
138752
141645
144073
138875
141898
141677
144309
138883
139152
136955
138076
134287
139180
136969
138086
144267
150528
146028
147709
145971
147313
144285
141494
140206
143443
138757
143438
138753
141485
141612
141864
144660
138672
144246
138847
141653
139133
134330
136958
137934
136963
138097
139139
130265
131402
127324
128325
130215
131446
127376
131978
134151
129232
133183
131920
134183
129307
128976
126350
128484
124326
128915
126413
128565
133205
137415
134374
135911
134358
135907
133213
130293
128351
131487
127417
131472
127406
130299
132010
133159
134187
129186
134198
129327
132013
129011
124336
126461
128425
126448
128539
129028
118416
119424
115741
116574
118383
119450
115773
120483
123016
118049
122307
120447
123058
118087
117357
114927
116872
112845
117333
114954
116881
121386
125372
122319
124242
122311
124232
121397
118432
116591
119467
115808
119462
115800
118434
120503
122293
123103
117955
123086
118068
120514
117371
112859
114992
116770
114976
116873
117380
107507
108312
104787
105429
107493
108317
104812
109688
112029
107454
111551
109664
112043
107500
106713
104205
106603
102482
106692
104228
106648
110349
113874
111057
112967
111054
112969
110351
107513
105435
108316
104833
108317
104827
107512
109706
111526
112028
107439
112036
107517
109714
106727
102487
104272
106582
104257
106637
106736
96286.5
96964.3
93611.8
94095.8
96282.8
96961.8
93619.2
98682.8
101131
96689.7
100882
98664.9
101144
96708.3
95650.6
93189.3
95669.1
91536.3
95640.2
93203.1
95682.8
99166.7
102647
99743.5
101877
99741.7
101877
99173.5
96291
94100.9
96961.3
93645.8
96962.1
93636.2
96292.6
98704.3
100846
101159
96627.2
101151
96685.7
98718.4
95663.2
91538
93249.7
95608
93232
95664
95676.4
85358.3
85864.2
82737.6
83074.5
85357
85867.6
82745.8
87841.7
90234.8
86021.5
90191.5
87830.7
90236.4
86061.7
84869
82451.3
85132.2
81029.2
84846
82463.9
85181.6
88155.4
91383.6
88568.3
90784.5
88563
90785.2
88162.2
85359.6
83085.6
85882.8
82759.4
85879.6
82756.5
85356.8
87859.7
90173.5
90243.9
86034.3
90241.9
86064.3
87874.1
84881
81029.4
82485.6
85189.6
82476.9
85195.3
84878.5
74949.3
75357.8
72604.8
72824.9
74948.7
75353.9
72607.3
77304.1
79511.8
75575.4
79639
77303.3
79529.5
75610.9
74483.1
72388.7
74851.1
70908.5
74478.1
72375.7
74861.5
77526.3
80479.5
77819.3
79990.3
77818.8
79997.4
77528.1
74944.4
72830.7
75355.6
72620.8
75354.7
72613
74938.2
77309.7
79620.8
79534.9
75563.4
79539.1
75587.6
77315.8
74494.3
70897.3
72376
74843.5
72371.9
74847.9
74491.3
65806.3
65888.5
63631.2
63480
65799.3
65901.6
63488.6
67799.8
69636.2
65984.2
69810.7
67811
69644.2
66053.8
65280.3
64241.2
65827
62087.3
65271.6
64062.1
65830.1
67963.3
70489.6
68116.3
70141.6
68114.4
70142.1
67971.8
65804.9
63599.5
65906.5
63364.4
65906.4
63601.3
65803.9
67803
69796.8
69665.8
66057.5
69653.5
66062
67810.4
65289.4
62170.2
63871.1
65761.9
64118.2
65773.7
65302.2
)
;

boundaryField
{
    inlet
    {
        type            zeroGradient;
    }
    outlet
    {
        type            fixedValue;
        value           uniform 0;
    }
    seabed
    {
        type            zeroGradient;
    }
    top
    {
        type            zeroGradient;
    }
    side1
    {
        type            zeroGradient;
    }
    side2
    {
        type            zeroGradient;
    }
    submarine
    {
        type            zeroGradient;
    }
}


// ************************************************************************* //
