/*--------------------------------*- C++ -*----------------------------------*\
  =========                 |
  \\      /  F ield         | OpenFOAM: The Open Source CFD Toolbox
   \\    /   O peration     | Website:  https://openfoam.org
    \\  /    A nd           | Version:  10
     \\/     M anipulation  |
\*---------------------------------------------------------------------------*/
FoamFile
{
    format      ascii;
    class       volScalarField;
    location    "8.7";
    object      p;
}
// * * * * * * * * * * * * * * * * * * * * * * * * * * * * * * * * * * * * * //

dimensions      [0 2 -2 0 0 0 0];

internalField   nonuniform List<scalar> 
12920
(
2.04354e+06
2.08234e+06
1.55087e+06
1.44475e+06
1.23828e+06
1.12235e+06
993706
893497
791757
704655
620853
544881
472183
404519
340093
278991
220191
164771
112071
52354.4
2.0228e+06
1.97332e+06
1.57553e+06
1.43759e+06
1.23235e+06
1.11637e+06
984889
883876
784478
697238
613803
538249
466007
399069
335281
274953
217187
162713
110661
51598.7
2.3431e+06
1.92067e+06
1.58522e+06
1.41294e+06
1.20566e+06
1.08956e+06
961289
859207
759473
676007
595015
522482
453527
389220
327261
268557
212045
158746
107864
50161.7
1.54102e+06
1.67417e+06
1.42438e+06
1.32429e+06
1.15157e+06
1.05108e+06
926503
827303
729349
646190
566869
496826
431239
371196
313932
258774
204472
153050
103954
48215.3
1.39758e+06
1.47153e+06
1.28568e+06
1.21223e+06
1.05963e+06
971690
855520
770019
681008
605891
532976
468352
406824
350115
296002
244998
194280
145635
98943.8
45845.9
1.36698e+06
1.39309e+06
1.19501e+06
1.12468e+06
991811
903120
798086
714721
634082
563477
497011
436488
379620
326723
275950
227675
181412
136481
92909.1
43046.3
1.36897e+06
1.28132e+06
1.08855e+06
1.00801e+06
870490
806325
712885
643807
573287
512603
453898
399972
348304
299916
253168
209027
166565
125847
86009.9
39813.6
1.25387e+06
1.1673e+06
966990
891102
775514
711865
669924
605604
540746
481019
427170
376949
329001
283978
226275
186911
149124
113435
78132.1
36193
969745
987413
826256
765785
662368
641270
599184
540471
484686
433448
386808
342421
300747
259831
209451
162644
130661
99834.4
69771.3
32296.7
673278
798039
636729
611978
518523
523931
495997
450768
408652
368947
331167
294770
260185
225582
183420
140766
113624
87103
61252.2
28323.8
564245
613842
459440
472945
397032
404581
386697
356660
328369
300358
273014
246388
218787
190215
155214
120716
98021.7
75530.1
53209.2
24455.5
293745
408724
249228
332765
253511
291961
284024
268231
250156
233162
215276
196762
176691
156526
131825
102647
83423.6
64327.1
45657.8
20487.9
73103.7
147683
175811
206963
177145
184258
188362
178227
166363
159677
152230
145972
135673
121881
96468.4
82936.9
67350.8
53008.8
38622.8
17396.4
24563.6
48324.1
-35704.1
55254.2
47743.5
83616.8
90898.7
99119.5
97924
99861.3
95740.3
95508.9
90978.4
84747.8
74785.3
65106.7
53883
42708.1
31508.6
14124.4
-207402
-121717
-99032.2
-40081
-21792.6
14689.5
27570.5
45007.1
53934.5
61223.7
63535.7
64377.3
62729
60443.8
56030.8
49923.4
41770
33699.4
25337.5
11313.6
-220663
-245118
-237976
-157296
-127118
-71594.2
-43690.6
-10390.8
6593.58
23286.2
30082.8
36996.3
39279
41545.5
39574.9
36725.7
31627.4
26513
20696.8
9126.77
-661126
-427658
-357574
-254231
-196805
-131597
-95897.3
-56174.4
-33918.3
-11216
1640.06
13353
19401.7
24744.7
26349.8
26289.6
23592
20721.9
17066.3
7437.84
-687675
-553616
-432901
-329444
-262940
-186977
-142759
-95068
-66626.2
-38387.9
-21373.7
-5847.97
3276.96
10878
14647.5
16771
16315.8
15478.1
13616.3
5887.55
-737398
-627041
-509949
-390333
-305711
-222986
-172805
-119605
-87277.3
-55530.5
-35635.9
-17873.6
-6967.21
2095.69
7153.1
10808.2
11738.6
12353.3
11636.2
4954.85
-603564
-629245
-520322
-404879
-324991
-240477
-187560
-133544
-99335.6
-66220.9
-44479.5
-25101.4
-12505.1
-2123.8
3909.92
8250.07
9837.55
10838.7
10701.9
4588.16
2.10807e+06
2.10014e+06
1.55215e+06
1.44556e+06
1.23659e+06
1.12261e+06
993548
893121
791542
704474
620981
545100
472539
404838
340305
279172
220316
164791
111983
52063.2
2.15001e+06
1.99175e+06
1.57569e+06
1.43718e+06
1.22954e+06
1.11614e+06
984033
883822
783965
697222
613679
538147
466016
399062
335252
274916
217096
162635
110548
51300.7
2.22001e+06
1.91484e+06
1.58357e+06
1.41218e+06
1.20521e+06
1.09001e+06
960396
858294
758716
675188
594316
521886
452912
388785
327090
268468
211989
158675
107711
49699.6
1.63818e+06
1.68417e+06
1.42647e+06
1.32423e+06
1.15236e+06
1.05121e+06
925392
826723
728730
645625
566598
496886
431404
371033
313667
258587
204388
152946
103763
47763.5
1.28556e+06
1.46647e+06
1.28701e+06
1.21286e+06
1.05994e+06
972133
855657
769802
680572
605544
532700
468163
406755
350135
295983
244859
194201
145544
98786.4
45408
1.47561e+06
1.39305e+06
1.19737e+06
1.12442e+06
990456
901970
796741
714280
633862
563184
496776
436277
379412
326495
275800
227603
181326
136405
92769.6
42639.7
1.24348e+06
1.28194e+06
1.08139e+06
1.00686e+06
868456
805406
711111
642843
572822
512497
453581
399746
348104
299833
253080
208972
166274
125766
85899.6
39439.7
1.15752e+06
1.15349e+06
962752
888875
773616
712179
670130
605321
540453
480909
427075
376724
328769
283713
226176
186913
149047
113156
78017.6
35857.4
951104
975734
819733
762443
659770
640860
599413
540237
484583
433564
386654
342775
300703
259643
209025
162415
130629
99727.3
69607.9
32021.9
631576
798449
639454
611476
517919
524195
496316
450486
408634
368909
331033
294800
260014
225540
183090
140635
113540
87064.2
61005.5
28044.4
494207
596703
458122
474849
396439
404575
386604
356704
328319
300284
272822
246422
218764
190168
155139
120662
97949.1
75413.3
53026.1
23984.7
344286
389691
247987
334465
253778
293326
285981
268537
250177
233077
215150
196742
176943
157004
131431
102543
83245.4
64235.7
45611.4
20418.2
51662.3
150162
171307
205703
177437
184325
187810
177580
166470
159604
152091
145813
135379
121708
97380.4
83484.9
67887.3
53365.6
38676.1
17265.2
-74320.6
30545
-40380.9
50954.3
47170.8
83072.2
89948.4
98645
97351
99592.1
95555.2
95007.5
90367.6
84464.5
74780.1
65116.9
53942.8
42777.9
31471.8
13986.2
-245564
-131714
-101844
-41508.2
-23104.5
13767.4
26921.6
44511.1
53460.7
60776.7
63244
64348.4
62680.5
60436.3
56060.8
49885.5
41680.2
33613.1
25313.2
11175.2
-176371
-253283
-237529
-157572
-127759
-71299.1
-43736.9
-10500.5
6421.01
23087.6
30088
37050.2
39229.1
41079.2
39270.6
36431.7
31369.4
26359.7
20632.3
9026.26
-700439
-442948
-352871
-252069
-195548
-131092
-95578
-55892.4
-33761.8
-11012.2
1662.05
13292
19516.2
24519.4
25973.5
25744
23195.8
20476.3
16930.2
7335.46
-743687
-561763
-438170
-330457
-262718
-186682
-142597
-94723.7
-66356.6
-38097.1
-21133.9
-5631.42
3325.79
10967
14705.8
16885.7
16400.8
15588.8
13742.4
5871.88
-771250
-638052
-506003
-389128
-305256
-222391
-172251
-119176
-87051.1
-55287.3
-35592.1
-17855.3
-6941.25
2166.99
7228.59
10876.7
11795.3
12337.1
11629.4
4867.35
-716129
-647116
-526925
-406754
-324940
-240463
-187650
-133500
-99153
-65931.2
-44280.1
-24957
-12427.3
-2090.52
3929.43
8243.09
9844.83
10892.6
10697.2
4536.13
1.92823e+06
2.04358e+06
1.55264e+06
1.4429e+06
1.23471e+06
1.1232e+06
993583
893144
791109
704311
620995
545283
472751
405052
340454
279321
220457
164800
111869
51609.3
2.11293e+06
2.0012e+06
1.57607e+06
1.43718e+06
1.22705e+06
1.1154e+06
982767
883362
782906
696777
613286
537896
465934
399169
335458
275104
217114
162560
110328
50536.3
2.25392e+06
1.92285e+06
1.58142e+06
1.41089e+06
1.20476e+06
1.0906e+06
958650
856623
757321
673923
593388
521182
452288
388273
326785
268335
211897
158528
107362
48919.4
1.72638e+06
1.73479e+06
1.41527e+06
1.32538e+06
1.15296e+06
1.05065e+06
923504
825469
727294
644614
566082
496776
431365
370855
313280
258322
204278
152784
103403
46992.5
1.25118e+06
1.47348e+06
1.2815e+06
1.2122e+06
1.05925e+06
972045
854915
768906
679552
604766
532182
467883
406615
350009
295800
244422
194000
145383
98471.4
44664.1
1.43342e+06
1.38166e+06
1.19113e+06
1.12193e+06
986666
900426
794983
713868
633387
562731
496310
435889
379048
326215
275626
227470
180969
136193
92483.3
41947.3
1.17555e+06
1.28765e+06
1.07326e+06
1.00455e+06
866236
804655
708661
642014
572116
511967
452971
399372
347803
299701
252936
208827
165981
125425
85649.2
38820.4
1.22753e+06
1.15095e+06
962159
888338
772300
713513
670186
604732
540009
480815
427030
376390
328515
283389
225924
186865
148964
112832
77756.5
35311.2
971460
968269
816159
761020
657725
640317
600072
540189
484804
434083
386661
343013
300557
259412
208607
162106
130452
99581.3
69143.2
31518.1
720211
811309
646289
613846
517488
524429
496628
450436
408514
368844
331074
295012
260088
225358
182814
140418
113312
86827.7
60615.2
27416.1
552878
623120
461938
479617
396623
405057
387135
357100
328354
299112
271631
246161
218338
190039
155011
120481
97773.6
75191
52757.9
23537.8
287738
410487
250124
338474
255320
295546
287893
269242
250412
232973
215177
196971
177476
157199
130975
102320
83112.1
64139.5
45512.4
20220.5
52406.5
151771
171462
205429
177879
184704
187514
177002
166571
159523
151877
145148
134613
121967
97986.8
83878.9
68298.2
53565.5
38626.5
17015.6
-106971
855.689
-41083
47768.7
47030.9
82829.2
89129
98111.5
96866
99454.6
95438.6
94757.4
89688.1
84044.1
74950.7
65374.7
54017.3
42808.7
31350.6
13762.2
-336797
-139209
-105971
-40482.9
-21960.1
13612.8
26279.8
43944.5
52831.3
60314
62895.4
64312.9
62714.7
60297.2
55700.3
49613.7
41487.7
33504
25240.5
10967.3
-252475
-260960
-239899
-155788
-127419
-70925.9
-43648.4
-10605.2
6279.7
22901.4
30098.4
37147.6
39150.9
40845.5
39074.9
36306
31212.1
26245.6
20590
8859.2
-710287
-447567
-352367
-250291
-194445
-130622
-95269.5
-55632.5
-33552.6
-10793
1764.08
13322.4
19525.3
24371.7
25722.7
25569.5
23103.7
20401.9
16849.4
7128.96
-966186
-579694
-445937
-331538
-262633
-186653
-142433
-94490.8
-66119.9
-37825.4
-20906.6
-5409.74
3440.09
11079.2
14777.7
17026.2
16536.4
15725.6
13846.9
5786.65
-846132
-659313
-507973
-388392
-304375
-221516
-171621
-118718
-86809.6
-55102.5
-35514.9
-17769.1
-6880.61
2265.11
7325.43
10999.1
11898.6
12367.6
11593.6
4757.67
-829317
-667027
-536749
-409456
-325062
-240341
-187061
-132951
-98703.9
-65435.5
-43925.4
-24641.3
-12250.3
-1935.45
4035.09
8394.51
9925.3
10902.1
10650
4410.74
2.03557e+06
2.04178e+06
1.5621e+06
1.44327e+06
1.23297e+06
1.12368e+06
993688
892787
790483
704027
620958
545400
472847
405146
340552
279411
220548
164804
111704
50911.7
2.23135e+06
2.0084e+06
1.58338e+06
1.43749e+06
1.22735e+06
1.11486e+06
980863
881490
781665
696184
612774
537444
465644
399146
335539
275284
217211
162464
109963
49482.5
2.17085e+06
1.92637e+06
1.57242e+06
1.40875e+06
1.20419e+06
1.08984e+06
956550
854184
755037
672101
592124
520325
451670
387893
326564
268260
211819
158360
106958
47818
1.67286e+06
1.74472e+06
1.41212e+06
1.32372e+06
1.15331e+06
1.05004e+06
921374
823883
725033
642850
565000
496143
430971
370465
312825
257870
204143
152599
102993
45906.5
1.27116e+06
1.47342e+06
1.28725e+06
1.21177e+06
1.05877e+06
971517
853408
766889
677719
603330
531423
467437
406311
349773
295462
244018
193590
145188
98093.2
43626.3
1.36977e+06
1.38914e+06
1.1872e+06
1.11817e+06
983867
899689
792887
713403
632542
562095
495680
435395
378657
325855
275379
227205
180509
135763
92116.7
40983.5
1.26528e+06
1.25476e+06
1.07593e+06
1.00183e+06
865159
803828
705828
641397
571137
511264
452247
398982
347451
299428
252674
208657
165680
124910
85272.8
37948.6
1.32395e+06
1.13643e+06
960347
886113
770918
713878
669917
603675
540141
480690
426869
376113
328372
283267
225525
186616
148685
112423
77144
34511.2
984805
953478
811315
758289
654816
638520
600363
540533
485200
434762
387122
343130
300419
259235
208439
161860
130160
99293
68670.6
30678.2
722086
795334
649176
615893
517713
524987
496650
450590
408542
369016
331298
295289
260133
225164
182709
140204
113132
86549.3
60207.2
26663.9
787065
605057
463127
481414
397615
405866
387983
357814
328737
299841
272258
245902
218159
189835
154893
120257
97581.8
74952
52487.8
23020.6
247569
386431
251041
337857
258101
297984
289455
270030
250810
232996
215249
197310
177761
157188
130742
102098
83043.7
64062.8
45396.1
19834.5
104548
175984
175975
205667
178306
184954
187557
176700
166939
159552
151585
144397
134217
122582
98261.4
84188.3
68566.4
53676.5
38568.8
16641.9
-218672
-20576.2
-42515.3
45352.2
47186.5
82712.5
88384.3
97555.3
96567
99440.5
95476.8
94882.1
89314.3
84015.5
75077.4
65571.5
54068.6
42803.7
31252.3
13417.6
-249093
-130695
-110022
-40493.1
-22582.1
13125.8
25622.1
43581.6
52308.6
59996.7
62620.4
64265.2
62563.3
60102.6
55387.3
49398.3
41335.1
33354
25155.3
10677.5
-251632
-264266
-239209
-154648
-127232
-70803.6
-43678.4
-10735.5
6071.29
22754.1
30117.8
37274.2
39120.5
40802.4
39025.7
36261.2
31139.6
26180.3
20535.8
8599.06
-590548
-452772
-348722
-249007
-194047
-130397
-95026.4
-55456.5
-33321.8
-10593.6
1955.36
13481.3
19542.4
24291.1
25604.3
25523.4
23079.9
20394.5
16811.1
6848.81
-1.02299e+06
-596200
-451364
-333470
-263136
-186811
-142334
-94351.3
-65960.4
-37638.4
-20729.5
-5220.96
3603.66
11238.3
14878.5
17153.9
16661.6
15832.5
13903.2
5604.45
-809509
-653306
-505882
-387363
-302935
-220748
-171015
-118326
-86598.7
-55001.5
-35467.9
-17697.6
-6819.4
2377.55
7430.32
11105.6
11972.6
12362.6
11569.7
4600.02
-1.09101e+06
-707621
-542116
-410488
-324268
-239510
-186438
-132236
-98217.7
-64961.8
-43575.7
-24331.1
-12052.7
-1789.11
4157.72
8466.21
9950.53
10885.2
10605.8
4299.13
1.97698e+06
2.0307e+06
1.56218e+06
1.44347e+06
1.23203e+06
1.12405e+06
993513
892474
790072
704016
620916
545420
472896
405155
340544
279418
220552
164816
111640
49960.6
2.20725e+06
2.00967e+06
1.58549e+06
1.4376e+06
1.23119e+06
1.1141e+06
979841
879209
779576
694751
611960
536998
465286
399007
335560
275379
217285
162420
109865
48461.3
2.15164e+06
1.93946e+06
1.57198e+06
1.40635e+06
1.20641e+06
1.08882e+06
956109
851560
752330
670240
590768
519448
451145
387656
326436
268198
211750
158240
106817
46691.4
1.82256e+06
1.75194e+06
1.41834e+06
1.32299e+06
1.1539e+06
1.04902e+06
919429
822502
722591
641046
563886
495368
430413
370031
312429
257553
203901
152384
102831
44802.4
1.26427e+06
1.47029e+06
1.29346e+06
1.21002e+06
1.06079e+06
970911
853127
764888
675820
601889
530717
466976
405979
349444
295242
243752
193295
144842
97883.6
42570.9
1.26571e+06
1.39468e+06
1.18366e+06
1.11392e+06
981712
899233
791423
712939
631645
561452
495158
434988
378363
325526
275110
227042
180196
135425
91867.9
40006.1
1.09159e+06
1.22575e+06
1.07096e+06
1.00432e+06
867209
803754
703171
641834
570293
510715
451595
398654
346997
299093
252412
208528
165530
124580
84882.5
37026.2
1.1728e+06
1.12637e+06
958196
884674
771127
714639
668688
602283
540114
480368
426571
375821
328315
283145
225078
186374
148410
112156
76809.5
33624.9
931282
939508
808113
757117
652749
637023
601231
540637
485702
435287
387550
343330
300469
259246
208496
161630
130021
99083.8
68436.8
29912.6
642727
787588
653823
619576
519412
527279
496614
450817
408753
369219
331521
295584
260194
225089
182652
139968
113024
86385.1
60037.9
26031.7
668203
600496
461445
483053
397721
408441
388950
358501
329005
300482
272823
245904
218158
189750
154789
120018
97419.3
74778.5
52370.1
22539.2
369111
391026
254141
337317
260881
300640
290629
270733
251201
233124
215313
197285
177727
157165
130584
101853
82983.8
64013.9
45355.2
19406.5
76298.7
190101
174350
205468
178601
185436
188058
176787
167834
159756
151752
144189
134441
122808
98437.6
84416.9
68766.4
53745.7
38566.2
16288
-364257
-43782.3
-45137.1
44015.3
47400.3
82525.9
87970.3
97410.9
96580.1
99596.5
95682.9
95189.1
89402.2
84234.6
75157.1
65677.9
54119.4
42808.3
31208.2
12996.8
-347836
-123761
-111236
-40204.7
-22681.3
13085.2
25393.5
43352.2
52033.1
59834.9
62529.8
64282.3
62558
59999
55259.3
49216.5
41181.9
33282
25103.4
10386.3
-160099
-246958
-236171
-153551
-126784
-70652
-43646.8
-10767.4
5940.99
22693.7
30159
37383.2
39143.8
40876.5
38948.2
36267
31138.9
26170.2
20502.2
8317.58
-561010
-456732
-346701
-247892
-193793
-130179
-94841.6
-55337.3
-33124.4
-10465.2
2137.23
13623.3
19612.2
24343.5
25615.6
25572
23101.2
20412.1
16814.4
6558.77
-912776
-596408
-451359
-333351
-263397
-186760
-142247
-94243.8
-65863.9
-37524.1
-20619.4
-5089.68
3734.61
11362
14964.8
17238.3
16735.8
15890.4
13933.2
5323.59
-749068
-647647
-504900
-386886
-302393
-220213
-170385
-118008
-86463.9
-54934.8
-35423
-17642.2
-6758.91
2456.62
7498.87
11167.2
12006.6
12372.3
11563
4354.24
-1.02138e+06
-724310
-545446
-411325
-324077
-238914
-185911
-131713
-97903.6
-64647
-43375.5
-24124.5
-11926.7
-1685.11
4205.97
8508.32
9959.66
10865
10589.3
4218.6
340385
314770
295191
368927
340504
314681
295167
303920
287776
265372
331218
304142
287795
265219
278265
249518
234121
299163
278283
249525
234159
253667
228966
213821
271554
253399
229011
214211
557292
525448
485007
599385
557504
525511
484815
500121
473364
439305
540395
500036
473150
439310
447858
428335
396236
484608
447929
428336
396220
399915
385741
355495
433506
399907
385756
355469
354797
345703
316463
386756
354902
345600
316556
312436
307114
279502
342686
312452
307163
279621
271208
270468
243472
300720
271134
270540
243491
229895
234448
207561
259696
229687
234378
207250
461932
417653
387958
496287
461678
417454
387795
418833
379817
356250
450535
418869
379747
356186
378802
348493
325251
408672
378724
348447
325253
340379
317567
295023
368931
340370
317551
294828
303602
287714
266371
331048
303613
287479
266235
268940
259149
236911
294772
268737
259021
236810
234091
229384
206434
260030
234128
229249
206302
199160
198841
176543
225574
198912
198765
176494
364003
309670
293680
386651
363928
310261
293963
335401
289277
274496
356662
335339
289436
274482
307301
269390
254700
328326
307334
269369
254667
279745
249777
234525
300322
279645
249727
234405
253185
229254
213478
272906
253149
229146
213511
225702
208059
191386
246417
225778
208014
191532
197423
185837
170021
218817
197301
186092
170192
168371
165062
148761
190181
168386
165019
148502
272330
219651
212017
285474
272654
219603
211966
254795
207513
197036
268415
254797
207295
196872
237396
193352
188039
250159
237357
193311
188130
219999
185093
178741
233102
219904
185131
178609
201329
174964
167433
215178
201504
174811
167306
181832
163312
155069
196743
181924
163270
154925
161306
150365
139248
176871
161656
150260
139225
142100
134417
123812
156841
141759
134407
124165
557314
525368
484703
600136
557151
525556
484784
499995
473141
439308
540146
499966
473158
439190
447948
428303
396217
484711
448120
428220
396185
399863
385756
355439
433928
399871
385731
355371
354956
345565
316608
386579
355129
345521
316828
312445
307212
279670
342968
312355
307420
279806
271096
270576
243464
300596
270953
270658
243349
229630
234327
207165
259464
229306
234144
206831
461622
417097
387768
496729
461494
416865
387936
418842
379766
356187
450423
418712
379934
356240
378703
348450
325238
408534
378628
348419
324904
340354
317511
294765
368869
340385
316717
294782
303647
287394
266143
331064
303842
287352
266278
268709
258913
236705
294954
268739
258484
236178
234128
229097
206264
260056
234069
228671
206206
198834
198747
176498
225402
198539
198675
176348
363958
310602
294153
387043
364294
312057
294887
335352
289563
274496
356963
335455
290079
274647
307332
269362
254652
328325
307135
269468
254588
279580
249699
234350
299753
278950
249563
234160
253107
229107
213524
272298
253652
228986
213705
225774
208020
191644
246470
225549
208291
192231
197252
186231
170370
218466
197153
186925
170578
168416
164982
148411
190087
168277
164920
148100
272855
219471
211914
287494
273657
219755
211802
254828
207196
196867
269049
255013
206973
196877
237355
193317
188151
250333
237370
193437
188198
219863
185121
178539
232994
219782
185097
178302
201546
174746
167251
215151
201676
174569
167132
181986
163269
154876
196882
182291
163114
154738
161841
150245
139304
177272
162317
150105
139634
141658
134524
124118
157175
141329
134857
123601
557101
525392
484820
600603
557211
525334
484977
499964
473190
439149
540466
499957
473333
439113
448195
428206
396174
485115
448546
428207
396248
399908
385721
355365
434602
400059
385811
355488
355163
345525
316915
387009
355256
345661
317152
312318
307495
279831
343101
312185
307673
279860
270903
270663
243305
300442
270756
270633
243164
229270
234080
206792
259269
229017
233898
206604
461480
416677
388039
496750
461549
416846
388492
418682
380035
356275
450546
418685
380464
356469
378594
348409
324398
408518
378646
348564
324376
343358
359260
351973
368834
343268
359258
351976
308128
321879
316796
331077
308110
321908
316804
268775
258037
236074
295209
268889
257879
236036
234043
228611
206190
260130
233943
228618
206106
198507
198643
176335
225207
198339
198527
176147
364440
312464
295169
387807
365001
313816
296029
335516
290282
274732
357626
335787
290918
275058
306780
269543
254570
328605
306832
269845
254620
275459
292365
282232
299192
275637
289558
282035
251562
265007
256910
268514
251177
261770
257263
225417
208485
192560
245849
225174
209070
192973
197120
187171
170585
218180
196971
187429
170514
168280
164890
148055
189879
168087
164761
147840
273936
219710
211767
289140
274737
220285
211798
255100
206940
196930
269838
255412
206960
197178
237381
193506
188204
250702
237456
193843
188243
219782
185081
178203
232977
219803
184959
177786
201757
174526
167109
215234
202005
174380
167125
182424
163026
154781
197292
182824
162988
154424
162366
150193
139810
177743
162444
150122
139914
141297
135009
123599
157198
141114
135087
123316
557204
524991
485034
601076
557342
524288
485210
499896
473381
439129
540709
499921
473506
439250
448644
428225
396315
485607
448977
428345
396508
400086
385887
355566
435207
400219
386114
355775
355289
345737
317200
387476
355414
345944
317320
312138
307724
279859
343277
312018
307853
279836
270707
270621
243121
300447
270612
270575
243025
229019
233851
206621
259234
228872
233770
206533
461594
416826
388672
496720
461767
417174
389224
418715
380630
356559
450739
418879
381130
356813
378721
348665
324950
408679
378884
348880
325410
340576
316886
294839
369186
340721
317649
294897
304213
287432
265804
331471
304422
287445
265640
268914
258058
236082
295515
268997
258300
236227
233909
228646
206079
260172
233856
228718
206044
198362
198495
176147
225099
198289
198451
175962
365207
314157
296305
388782
365796
315217
297062
335898
291133
275179
358347
336180
291730
275516
307170
269963
254666
328964
307538
270260
254862
279110
249564
234206
300409
279585
249685
234409
253100
229075
214241
272698
252640
229348
214252
225158
209084
192989
245857
225182
209076
192994
196927
187442
170476
218141
196854
187397
170416
168092
164725
147855
189761
167945
164674
147703
274986
220400
211826
290453
275670
221314
212051
255524
207013
197292
270571
255851
207279
197726
237497
193972
188249
251115
237673
194510
188265
219806
184907
177622
233066
219808
184754
177099
202041
174328
167237
215313
201981
173995
167127
182835
163128
154439
197283
182829
163173
153870
162443
150192
139924
177735
162437
149850
139809
141144
135127
123307
157164
140988
135047
123022
557319
523705
485271
601962
557289
523352
485433
499934
473557
439314
540311
500010
473760
439554
449044
428410
396584
485994
449081
428692
396945
400242
386188
355837
435322
400123
386488
356018
355430
346010
317359
387730
355111
346194
317435
311981
307888
279854
343746
311601
307956
279816
270576
270571
243009
300852
270262
270561
242988
228921
233762
206587
259462
228662
233778
206251
461846
417140
389406
497096
462131
417571
389971
418964
381289
356888
451117
419385
381747
357132
378927
348929
325447
409191
379151
349127
325546
340760
317715
294984
369382
340879
317831
295156
304490
287544
265738
331658
304637
287743
265900
269041
258431
236272
295719
269023
258627
236310
233847
228746
206044
260167
233810
228716
206036
198358
198450
175976
225073
198179
198448
175579
365969
315405
297275
389953
366490
315948
297746
336250
291911
275611
358943
336463
292352
275879
307570
270328
254951
329136
307652
270497
255044
279677
249753
234455
300594
279806
249856
234541
252676
229416
214275
272987
252756
229494
214344
225214
209093
192989
246015
225278
209138
192998
196847
187377
170422
218144
196838
187395
170475
167991
164680
147748
189754
167737
164724
147391
275866
221510
212196
291360
276304
222362
212758
255944
207410
197888
271138
256220
207941
198608
237771
194755
188311
251427
237913
195338
188583
219799
184772
176985
233304
219908
184856
176990
201980
173849
166979
215388
202020
173758
166755
182820
163104
153774
197295
182832
162878
153727
162444
149814
139805
177746
162487
149812
139912
141043
135048
123035
157191
140722
135063
122778
334428
349781
325585
340376
334395
349765
325598
325776
334086
309660
315110
326072
333835
312440
317868
310471
302383
298434
318285
310125
305067
343364
368860
359363
352033
359290
351988
343317
334437
340418
349890
325646
349805
325618
334447
325795
315052
334114
309784
333787
312505
326132
317901
298372
310575
302400
310140
305076
318409
299504
312837
291093
304008
299485
312903
291127
294398
302498
280510
290855
294554
302240
283422
286542
278684
272869
265436
286575
278789
274712
308177
331127
322076
316900
321974
316841
308267
299551
304081
313069
291233
312979
291168
299660
294400
290869
302636
280422
302231
283361
294673
286517
265458
278740
272636
278802
274598
286655
269221
285199
262887
275076
269121
281957
263102
260130
266018
244468
249504
260165
266019
244456
254208
248394
239322
234139
254249
248308
239322
275555
299418
292389
282243
289953
282073
275645
269261
275171
285187
262898
282018
263139
269097
260160
249511
266042
244458
266041
244459
260185
254226
234159
248391
239311
248346
239324
254255
246155
258894
239926
252960
245607
255674
240261
237282
242763
223935
228996
237336
242703
223998
231963
226561
218902
214003
231988
226673
219028
251471
268511
264709
256967
261742
257225
251157
246068
252935
258351
239727
255363
240177
245500
237213
229018
242697
224015
242677
224032
237188
231888
214149
226645
219143
226698
219101
231887
642567
633041
597989
670191
642700
633233
597966
575169
566245
537168
605490
575046
566354
537121
512978
507989
480801
540688
512964
507973
480719
456528
454115
428846
480968
456513
454137
428899
404275
403679
380795
427119
404268
403815
380811
354927
358173
335194
376871
354899
358077
335140
308547
313010
291485
328918
308485
312958
291417
264500
270071
249966
283877
264453
269948
249891
613559
596391
556271
641313
613714
596256
556396
560569
587631
578600
599067
587750
578679
560499
505651
527915
518746
540471
527854
518705
505707
454584
473379
466492
484677
473403
466526
454555
407031
422995
418130
433456
423011
418179
406996
363119
376902
373573
386815
376918
373579
363105
321602
333517
331301
342486
333544
331353
321589
281685
291661
291446
300741
291662
291444
281697
242099
250843
251938
259801
250821
251902
242141
194087
197094
181449
209274
194011
196908
181351
502265
472523
441847
524133
502412
472416
441716
459177
485507
473710
495937
485558
473703
459249
417355
439854
427270
450649
439776
427172
417419
379494
398632
388730
408671
398639
388737
379516
342992
359233
352006
368939
359240
351983
343000
308149
321922
316845
331134
321849
316806
308222
274911
286029
282907
294758
286035
282918
274939
241449
251377
249906
260125
251364
249890
241496
208301
217022
216533
225600
217014
216532
208320
167444
168624
155997
183297
167361
168540
155935
386518
352666
327225
404680
386175
352622
327392
352570
379987
363090
386618
379979
362977
352586
327284
349468
333518
356642
349451
333503
327289
302174
321296
308436
328346
321303
308430
302167
277066
293454
283394
300353
293433
283377
277097
252063
266420
258228
272986
266398
258178
252058
226844
239516
233259
246396
239536
233269
226815
201368
211849
207473
218807
211841
207494
201353
174865
183026
181565
190215
183066
181550
174861
142564
142755
132548
155189
142546
142610
132469
280135
247219
232465
292459
280914
247794
232797
258606
280337
264137
284292
280656
264447
258409
243441
263940
247238
268263
263939
247301
243417
227454
245821
231101
250141
245808
231099
227466
213301
228952
216739
233143
228932
216734
213307
197883
210647
201705
215246
210627
201680
197900
181787
191933
185796
196768
191896
185790
181848
163295
171621
168011
176736
171660
168026
163269
144260
152155
148761
156545
152124
148802
144192
122064
120046
114760
131678
121837
119880
114465
187443
154034
151354
188163
187312
153999
151206
172435
144701
140800
177929
172437
144582
140725
163967
137746
137367
166428
164065
137727
137454
156421
133812
132118
159640
156362
133764
132080
150422
128802
129013
152177
150345
128856
128940
142853
125026
124015
145932
142716
124984
124107
129746
118473
115011
135562
129661
118343
115020
114158
107322
102888
121830
114350
107333
102940
642921
633008
597843
670742
643277
634040
598021
574872
566558
537014
605078
574607
566622
536860
512945
507969
480648
540203
512927
507972
480582
456448
454185
428972
480854
456375
454226
428954
404209
404022
380785
427043
404148
404187
380738
354841
357924
335017
376551
354753
357755
334896
308363
312849
291312
328627
308227
312719
291189
264466
269776
249889
283523
264277
269618
249656
613941
595253
556149
640985
614164
594621
555771
560778
587990
578854
599754
560705
588156
579098
505300
527508
518405
540120
505409
527488
518381
454640
473448
466601
484586
454625
473481
466625
407178
423106
418367
433662
407146
423174
418442
363088
376882
373567
386586
363091
376903
373586
321714
333614
331624
342849
321689
333626
331719
281520
291627
291400
300671
281574
291594
291368
241732
250658
251712
259580
241837
250583
251632
193923
196664
181251
208788
193715
196455
181059
502517
471388
441079
524617
502494
471274
440483
458899
485661
473694
496520
459006
485721
473789
417200
439675
427064
450446
417237
439656
427031
379397
398567
388715
408592
379418
398531
388692
342990
359253
351950
368897
342976
359249
351944
307989
321756
316651
331037
307988
321781
316651
274490
286066
282783
294846
274582
286092
282730
241248
251337
249619
260016
241273
251351
249562
208135
216877
216495
225498
208181
216813
216465
167273
168436
155884
182939
167099
168336
155750
385929
352063
327841
404980
385858
352333
328570
352912
379791
362742
386763
352691
379826
362905
327468
349521
333661
356768
327402
349567
333761
302190
321340
308435
328315
302199
321332
308440
276751
293340
283255
300283
276863
293360
283170
251812
266248
257945
272698
251898
266120
257811
227169
239615
233400
246415
227058
239614
233481
201542
211716
207885
218710
201525
211607
207998
174781
183072
181488
190151
174820
183053
181465
142548
142404
132430
155085
142452
142226
132267
281963
248411
233262
294481
282956
249088
233767
259989
281832
265686
286529
259620
282259
266128
243710
264066
247679
268690
243619
264159
247836
227597
245810
231181
250214
227544
245846
231236
213260
228835
216758
233049
213273
228791
216771
197782
210577
201583
215135
197828
210584
201562
181665
191893
185831
196764
181672
191944
185830
163476
171932
168098
177028
163424
172051
168120
144827
152044
149219
157086
144753
152057
149387
121722
119633
114139
131191
121456
119296
113717
187083
153679
150932
187813
186871
153762
150627
172359
144374
140670
177267
172241
144015
140538
164187
137661
137488
166520
164242
137660
137496
156297
133733
132039
159559
156200
133672
132011
150172
128901
128957
151988
150038
128959
129044
142560
124974
123904
145570
142099
125013
123646
129568
118093
115079
135091
129460
117722
114984
114875
107375
103531
121860
114996
107418
103821
643116
633671
598080
670660
643227
634753
598270
574335
566498
536712
604365
574151
566338
536518
512872
508023
480557
540114
512917
508102
480564
456223
454290
428890
480768
456067
454340
428792
404058
404253
380670
426991
403996
404268
380581
354640
357593
334770
376244
354518
357440
334636
308128
312600
291085
328439
308046
312495
290966
264275
269491
249671
283302
264049
269367
249384
614128
593146
555154
640108
614158
592217
554502
560720
588646
579023
600411
560723
588903
579105
505024
527390
518413
540275
505065
527372
518441
454701
473621
466670
484907
454683
473701
466689
407399
423420
418725
434253
407327
423522
418835
363206
377052
373733
386768
363156
377121
373803
321681
333597
331896
343044
321695
333574
331926
281334
291485
291246
300512
281373
291442
291208
241417
250403
251401
259359
241484
250340
251333
193659
196314
181015
208496
193432
196241
180828
502169
470379
439711
524925
501960
470331
439484
458435
485587
473225
496769
458481
485494
473219
417201
439652
426996
450465
417181
439658
427031
379299
398450
388631
408504
379316
398437
388629
282653
295074
282668
274392
286203
274373
286256
241287
251406
249544
260113
241270
251402
249573
207931
216614
216359
225310
207986
216553
216316
167077
168249
155726
182752
166890
168181
155555
385865
352645
329388
405534
386122
353442
330248
353685
380178
363238
387418
353456
380334
363471
327963
349827
334232
357262
327811
349957
334429
302151
321238
308513
328410
302131
321241
308594
233632
246087
233767
227424
239325
227409
239188
201294
211266
208005
218257
201378
211216
207915
174518
182935
181320
189985
174598
182879
181249
142475
142094
132250
154959
142309
142015
132061
283754
249752
234254
296951
284581
250625
234842
261297
283475
267206
288351
260979
283859
267585
244173
264532
248349
269443
244049
264676
248528
227892
246024
231462
250501
227809
246103
231555
228672
232965
228654
213204
216795
213219
216800
210715
215209
210774
197770
201555
197741
201564
197073
181702
192191
185857
181695
192277
185858
163836
172531
168259
177627
163747
172635
168341
144954
152022
149656
157207
144952
151994
149717
121396
119013
113495
130853
121162
118778
113096
186633
153418
150362
187692
186522
153566
150124
172120
143840
140479
176812
172069
143603
140428
164341
137620
137521
166705
164500
137685
137566
156098
133633
131987
159522
156031
133577
131984
149961
128969
129120
151740
149804
128985
129251
141428
125153
123352
144716
140704
125183
122978
129411
117533
115013
134266
129472
117537
115212
115278
107842
104496
122318
115228
108120
104722
643047
634687
598302
670255
643262
635376
598454
573796
566079
536173
603110
573566
565821
535785
512919
508204
480593
540227
513128
508405
480646
455810
454346
428617
480663
455654
454292
428370
403908
404225
380444
426797
403898
404110
380248
354375
357276
334488
376026
354278
357067
334312
307987
312401
290890
328384
307984
312281
290751
264046
269260
249402
283256
263783
269149
249032
613606
590268
553369
638243
613532
589738
551938
560580
588873
578824
600529
560631
588986
578988
504920
527293
518534
540641
504936
527310
518560
454829
473959
466801
485336
454774
474095
466864
407696
423819
419167
434927
407632
423926
419256
363494
377330
374053
387242
363414
377416
374134
321668
333494
331968
343170
321663
333485
331983
281240
291330
291119
300416
281254
291309
291099
241245
250186
251176
259218
241271
250148
251141
193431
196217
180859
208496
193258
196254
180688
501508
469781
439333
526243
501202
470335
439471
458195
485279
472746
496726
458241
485218
472696
417411
439701
427226
450632
417337
439735
427311
379441
398488
388711
408577
379392
398525
388757
359443
352098
343270
343229
369092
359508
352125
322158
316915
308316
308372
331365
322229
316942
282908
274677
286459
295368
274587
286525
283029
241314
251379
249622
260128
241283
251367
249668
207761
216392
216208
225131
207797
216351
216185
166919
168109
155553
182716
166727
168054
155336
386495
354180
331056
407041
387065
355620
331887
354705
380856
364113
388270
354441
381059
364407
328619
350412
335044
358000
328458
350566
335240
302580
321530
308942
328842
302436
321667
309069
293146
282724
276316
276646
300367
293462
283028
265475
257286
251310
251430
272359
265541
257484
233447
227115
238982
245761
227135
238969
233417
201087
211116
207735
218144
201131
211088
207699
174263
182724
181031
189801
174310
182683
180975
142340
141946
132070
154869
142154
141918
131861
285282
251275
235240
299436
285962
252456
235836
262422
284909
268523
289825
262157
285228
268853
244663
265118
249024
270217
244544
265264
249175
228282
246405
231859
250918
228174
246519
231965
228652
213089
216798
233015
213127
228661
216794
210893
197881
201566
215277
197878
210929
201566
181710
192588
185832
197298
181722
192597
185817
163965
172746
168447
177765
163957
172746
168455
144933
151929
149789
157178
144945
151908
149791
121155
118548
112969
130686
120945
118356
112613
186442
153339
149945
188026
186593
153479
149836
172089
143494
140430
176730
172243
143350
140518
164716
137768
137640
167343
165001
137943
137753
156024
133544
132021
159659
156135
133670
132120
149654
129033
129247
151577
149539
129129
129135
140224
125182
122643
144252
140027
124555
122340
129685
117605
115598
134321
129876
117615
115875
115368
108414
105078
122766
115210
108571
104778
643251
634634
598450
667927
643833
634576
598244
573157
565444
535595
601121
572876
564802
535623
513341
508792
480702
540250
513795
509358
480638
455440
454224
428116
479731
455357
454025
427781
403842
403998
380045
426163
403830
403852
379826
354165
356868
334109
375377
354171
356673
333817
307994
312155
290595
328081
308105
312032
290382
263762
269033
248966
282920
263453
268911
248511
612840
588899
549998
637300
612380
589817
548628
560280
589249
578439
601852
560347
589512
578557
504859
527251
518619
540633
504876
527294
518655
455115
474484
467108
485882
455044
474675
467236
407927
424158
419492
435388
407873
424251
419592
363752
377676
374399
387673
363714
377795
374528
321644
333519
332079
343439
321677
333561
332173
281172
291300
291088
300570
281195
291385
291144
241234
250086
251124
259306
241240
250090
251172
193345
196246
180713
208443
193174
196213
180464
500932
470354
439719
529556
500405
471597
439949
458280
485159
472325
496943
458236
485213
472488
417840
439934
427651
450912
417713
440032
427806
379633
398684
388924
408854
379570
398774
389004
343259
359616
352162
369262
343236
359649
352189
308608
322422
317076
331573
308554
322484
317118
275026
286713
283327
295649
274948
286776
283405
241394
251389
249806
260207
241384
251400
249826
207696
216298
216155
225081
207705
216290
216151
166748
167925
155312
182595
166498
167812
155061
387694
357111
332819
410865
388192
357858
333997
355755
381686
365020
389381
355490
381954
365277
329151
350989
335752
358648
329035
351106
335899
302782
321822
309235
329044
302761
321844
309268
277069
293530
283403
300527
277008
293558
283450
252008
266069
258043
272902
251894
266154
258164
227178
239084
233452
245942
227148
239135
233477
201024
211065
207667
218175
201027
211069
207678
174256
182609
180922
189745
174227
182600
180945
142199
141833
131867
154732
142005
141765
131644
286432
253409
236026
302504
286726
255648
236707
263271
286086
269531
291079
263097
286356
269820
245029
265676
249569
270880
244950
265802
249682
228689
246787
232265
251278
228600
246845
232381
213028
228699
216848
233216
213003
228763
216915
197781
211013
201475
215319
197820
211019
201457
181629
192623
185795
197291
181652
192632
185783
163991
172728
168446
177736
163981
172742
168455
144872
151878
149786
157176
144887
151882
149792
120957
118127
112574
130541
120744
118034
112345
186832
153247
149812
188691
187120
153561
149829
172427
143242
140614
176961
172791
143402
140866
165257
138148
137922
168368
165541
138393
138215
156358
133712
132256
159985
156704
133759
132431
149538
129292
129110
152055
149694
129427
129313
140046
124251
122227
144297
140191
124162
122211
129969
117637
116069
134582
130030
117639
116115
115273
108694
104663
122864
115109
108642
104302
546087
570818
532286
557349
570865
532288
545944
535758
548240
509428
525255
548181
509342
535714
522094
509036
496893
484962
509004
496778
522099
560623
599163
587913
578970
587822
578727
560715
546143
557426
570915
532299
570889
532288
546194
535820
525312
548535
509346
548310
509336
535889
522113
484910
508925
496759
508948
496766
522110
492027
512364
479612
500111
512288
479607
492034
483806
496245
461817
473311
496192
461759
483804
471393
459532
450544
439310
459533
450508
471406
505627
540408
527598
518534
527688
518638
505522
492068
500066
511984
479562
512091
479592
492100
483776
473221
496048
461696
496133
461718
483749
471395
439314
459513
450460
459528
450488
471399
442305
459077
430321
447895
459096
430358
442304
436187
447635
417534
428349
447649
417539
436188
424566
413265
406842
396237
413295
406842
424553
454602
484637
473428
466577
473410
466557
454615
442325
447905
459181
430453
459135
430411
442356
436177
428357
447613
417519
447647
417540
436145
424583
396225
413361
406826
413329
406836
424597
395537
409882
384918
399924
409913
384911
395510
391292
401998
375448
385751
402042
375462
391271
380549
370186
365426
355494
370192
365439
380532
407073
433469
423063
418300
423026
418239
407113
395558
399924
409945
384880
409928
384896
395598
391326
385751
402136
375460
402091
375457
391361
380573
355490
370212
365425
370202
365433
380593
352161
364389
341975
354818
364357
341998
352133
349584
359696
335885
345683
359699
335846
349624
339261
329278
326141
316484
329316
326098
339280
363117
386808
376903
373561
376914
373574
363104
352201
354844
364367
342051
364330
342015
352242
349562
345649
359695
335769
359697
335799
349545
339267
316516
329402
326103
329359
326083
339286
311621
321922
301690
312442
321925
301683
311616
309849
319415
297773
307116
319425
297787
309840
300237
290708
288576
279536
290736
288612
300217
321628
342586
333598
331525
333570
331430
321658
311626
312450
321927
301647
321929
301668
311625
309881
307134
319500
297883
319459
297827
309927
300272
279573
290795
288722
290767
288663
300313
271794
280418
262046
271196
280404
262013
271811
271793
281148
261438
270480
281166
261454
271783
262349
252979
252445
243491
252964
252459
262349
281658
300735
291643
291424
291658
291436
281622
271760
271172
280340
261902
280379
261965
271712
271797
270505
281205
261522
281186
261485
271787
262335
243506
252885
252506
252933
252483
262307
231910
239661
222116
229854
239631
222061
231952
234016
243510
225389
234441
243492
225363
234045
224369
214312
216178
207482
214246
216113
224418
242028
259755
250719
251786
250783
251852
241935
231845
229805
239490
221870
239578
222003
231751
233953
234421
243388
225237
243451
225307
233864
224293
207397
214030
215924
214171
216021
224193
447927
473654
437403
461891
473613
437287
448028
433196
441230
405283
417544
441156
405257
433187
423248
413363
396399
387930
413338
396377
423280
459161
496076
485620
473890
485593
473724
459146
447904
461795
473479
437176
473575
437248
447828
433214
417418
441405
405106
441231
405172
433215
423224
387876
413252
396246
413318
396335
423148
407766
429267
398154
418853
429255
398167
407789
394802
403922
371825
379787
403928
371791
394791
385946
377190
364015
356208
377201
363976
385923
417317
450601
439708
427094
439747
427134
417277
407748
418868
429232
398148
429248
398163
407712
394808
379756
403874
371793
403931
371785
394757
385953
356191
377197
363973
377209
363971
385919
370319
388719
361133
378793
388713
361107
370330
360062
368613
340733
348460
368583
340704
360086
351593
343153
332973
325244
343127
332945
351603
379468
408684
398609
388729
398636
388737
379441
370257
378754
388651
361065
388685
361078
370228
360051
348442
368594
340715
368592
340700
360049
351567
325251
343116
332962
343119
332950
351562
334131
349742
325444
340385
349744
325432
334148
326467
334740
309993
317569
334734
309975
326481
318290
310333
302417
294978
310277
302373
318322
342989
368935
359256
351964
359251
351971
342981
334117
340393
349752
325369
349754
325408
334093
326454
317570
334715
309927
334732
309954
326430
318269
294915
310184
302248
310221
302319
318236
299490
312643
291066
303594
312616
291065
299534
294333
302371
280514
287663
302317
280433
294383
286409
278829
273339
266333
278855
273338
286419
308064
331093
321744
316678
321771
316738
308011
299452
303601
312605
291052
312594
291059
299428
294275
287577
302202
280264
302250
280347
294237
286425
266291
278839
273227
278874
273296
286427
266682
277545
258353
268873
277510
258327
266704
263524
271316
251801
259129
271276
251797
263563
255629
247684
244358
236908
247658
244361
255658
274842
294762
286056
282852
286042
282905
274707
266607
268794
277425
258098
277459
258231
266456
263450
259092
271140
251720
271219
251776
263356
255557
236874
247492
244284
247602
244343
255464
233062
242712
224768
234100
242701
224762
233090
231564
239658
221761
229368
239632
221761
231605
223514
215601
214058
206405
215583
214021
223520
241380
260068
251333
249701
251342
249795
241318
233029
234115
242707
224748
242699
224754
233003
231488
229331
239432
221583
239561
221708
231389
223461
206355
215520
213872
215553
213962
223400
199961
208442
192163
199100
208392
192104
200006
199892
207767
191247
198809
207753
191249
199899
192022
183559
183574
176531
183521
183576
192041
208267
225599
216932
216512
216978
216528
208227
199896
199037
208262
191928
208340
192045
199822
199870
198776
207713
191251
207734
191247
199844
192001
176535
183421
183595
183505
183591
191957
345931
371816
339629
363972
371775
339608
345958
327834
332257
302207
309696
332279
302265
327829
322363
316825
297966
293721
316823
298040
322380
352563
386572
379828
362869
379888
362825
352606
345942
363945
371673
339693
371712
339617
346004
327871
309852
332664
302839
332397
302475
327981
322388
293820
316926
298373
316852
298162
322491
321036
342428
314739
335360
342395
314724
321047
305866
311438
284542
289284
311430
284524
305890
300235
294504
279598
274483
294498
279580
300251
327305
356634
349484
333585
349458
333535
327347
321046
335338
342414
314726
342394
314720
321080
305869
289341
311490
284590
311443
284544
305895
300227
274474
294495
279579
294496
279565
300248
295926
314256
289680
307313
314275
289675
295921
283187
288798
264415
269380
288794
264403
283198
277649
272098
259517
254688
272088
259499
277654
302188
328330
321338
308432
321323
308428
302199
295936
307327
314324
289660
314304
289671
295942
283180
269375
288794
264390
288793
264395
283173
277646
254679
272059
259473
272078
259484
277638
270706
286556
264458
279709
286523
264404
270751
260742
266453
244793
249764
266431
244776
260772
255009
249303
239690
234494
249261
239667
255042
277021
300346
293376
283314
293411
283353
276953
270640
279688
286442
264218
286486
264324
270547
260701
249749
266363
244725
266403
244755
260645
254960
234455
249127
239601
249202
239639
254892
245894
259834
239644
253179
259815
239638
245914
237756
243552
223972
229219
243491
223943
237804
232049
226218
218641
213484
226211
218643
232089
252017
272958
266328
258049
266382
258127
251964
245872
253168
259778
239645
259808
239637
245842
237735
229181
243405
223893
243446
223932
237722
232045
213506
226260
218715
226226
218686
232049
220324
232595
213759
225724
232620
213809
220276
214072
220169
202462
208051
220159
202453
214077
207953
201852
196906
191417
201859
196916
207958
226892
246405
239595
233337
239563
233293
226965
220400
225754
232690
214023
232654
213897
220499
214085
208033
220205
202475
220166
202454
214138
207969
191465
201987
196973
201892
196935
208035
195019
204727
188410
197391
204713
188425
195003
190249
195873
180349
185901
195906
180415
190245
184920
179443
174937
169988
179415
174995
184962
201409
218824
211783
207748
211821
207592
201471
195032
197352
204588
188353
204668
188409
195034
190323
185984
196138
180659
195988
180521
190486
184940
170045
179425
175282
179411
175116
185047
168046
175965
161792
168385
176003
161788
168030
167175
173370
159658
165046
173362
159600
167196
161120
154602
153999
148696
154552
153916
161161
174861
190196
183080
181510
183077
181532
174846
168061
168411
176042
161754
176037
161810
168045
167149
165041
173312
159502
173342
159549
167114
161069
148622
154396
153739
154498
153831
161003
254660
276342
250902
272384
276422
251019
254454
238302
240412
217411
219499
240593
217425
238216
234662
231215
214606
211989
231305
214611
234575
258933
284872
281442
265310
281024
264855
259285
254981
272503
276907
251440
276620
251204
255312
238464
219460
241015
217570
240722
217462
238694
234838
211974
231629
214648
231469
214623
235042
239334
259410
235210
254768
259371
235211
239330
223784
227090
204509
207461
227158
204440
223748
219682
216135
200139
196985
216148
200071
219665
243482
268328
263999
247530
263960
247401
243542
239355
254776
259385
235256
259370
235228
239388
223828
207386
227365
204137
227265
204318
223860
219691
196933
216123
199806
216141
199971
219688
223772
241512
220342
237378
241493
220338
223782
209491
212077
191973
193349
212118
191967
209451
206394
203934
189188
188052
203958
189196
206353
227477
250150
245801
231142
245801
231113
227506
223779
237364
241480
220364
241482
220345
223800
209527
193330
212197
191961
212155
191956
209571
206435
188079
204040
189222
203997
189199
206480
209518
224489
205834
219974
224469
205815
209531
198229
200699
183711
185121
200750
183704
198224
194963
192242
180450
178716
192225
180422
194971
213295
233124
228874
216745
228907
216736
213285
209504
219943
224403
205762
224440
205790
209486
198227
185129
200804
183634
200781
183672
198225
194952
178666
192159
180327
192196
180378
194938
193843
205979
190033
201389
205964
189995
193841
185490
188398
173300
174928
188367
173231
185522
181730
178772
169303
167393
178722
169230
181735
197877
215208
210613
201611
210625
201646
197867
193837
201481
206022
189994
205998
189992
193831
185464
174874
188283
173097
188325
173155
185433
181704
167349
178664
169060
178690
169136
181689
177288
186821
172800
181849
186826
172800
177327
171538
174747
161522
163250
174742
161555
171550
167699
163928
157594
155040
163904
157603
167766
181744
196763
191867
185833
191872
185841
181695
177261
181880
186879
172807
186843
172803
177253
171531
163232
174801
161500
174778
161525
171512
167668
154988
163862
157506
163892
157555
167622
158490
166441
153637
161383
166497
153655
158483
155263
159387
147340
150339
159392
147325
155246
150712
146440
142675
139239
146425
142654
150697
163340
176807
171827
168072
171735
168049
163377
158539
161505
166706
153803
166590
153714
158604
155266
150316
159367
147239
159394
147295
155256
150725
139251
146470
142576
146434
142642
150759
140083
147480
136477
142004
147402
136372
140158
137484
141749
131015
134383
141746
131001
137496
133494
129436
126365
123945
129367
126328
133457
144435
156663
152046
149031
152089
148898
144634
140045
141903
147232
136100
147325
136251
140047
137544
134414
141843
131098
141780
131055
137688
133587
124194
129154
126536
129293
126428
133620
546268
570745
532388
557229
546226
570810
532404
535983
548557
509310
525548
535918
548794
509344
522116
508930
496807
484724
522101
508944
496812
560775
599820
588547
579212
588299
579049
560785
546254
557122
570893
532232
570793
532324
546211
536016
525442
548977
509339
548807
509305
536053
522128
484750
508965
496780
508955
496741
522163
492074
511965
479514
499974
492099
511979
479452
483683
496031
461677
473133
483716
496025
461672
471389
459490
450452
439283
471401
459444
450449
505198
540067
527435
518393
527441
518377
505124
492040
499961
512026
479318
512004
479386
492008
483648
473135
496054
461687
496029
461677
483627
471361
439238
459317
450386
459384
450430
471313
442435
459219
430487
447996
442391
459268
430526
436116
447575
417489
428266
436123
447547
417461
424640
413391
406812
396210
424617
413422
406796
454652
484638
473573
466655
473515
466641
454667
442487
448040
459396
430627
459318
430573
442550
436127
428238
447529
417432
447531
417441
436144
424669
396199
413483
406766
413453
406780
424699
395709
409961
384871
399841
395649
409999
384880
391411
402177
375462
385751
391389
402216
375459
380622
370215
365409
355411
380608
370211
365386
407217
433784
423337
418623
423247
418528
407267
395776
399838
410151
384916
410068
384896
395850
375448
391434
385743
402296
402255
375454
391460
365343
380637
355387
370208
370204
365363
380660
352387
364432
342100
355025
352308
364524
342162
349515
359694
335766
345542
349525
359691
335775
339337
329447
326131
316671
339306
329499
326167
363093
386555
376999
373674
376942
373623
363118
352470
355074
364694
342302
364613
342231
352565
335821
349517
345526
359704
359689
335793
349537
326269
339378
316746
329626
329559
326213
339433
311596
321923
301614
312422
311616
321907
301569
310022
319556
297945
307274
309978
319621
298011
300374
290814
288777
279720
300350
290818
288832
321718
342917
333615
331854
333625
331796
321709
311566
312395
321854
301473
321888
301521
311534
310056
307345
319752
298153
319688
298082
310076
300387
279768
290785
288939
290807
288887
300384
271603
280301
261834
271050
271659
280252
261765
271732
281213
261554
270611
271765
281206
261575
262230
252832
252513
243427
262274
252772
252501
281467
300640
291524
291287
291564
291328
281418
271552
271005
280157
261636
280208
261700
271504
271692
270640
281157
261572
281186
261581
271649
262180
243388
252644
252448
252709
252476
262127
231567
239401
221793
229501
231660
239305
221653
233663
243313
225160
234268
233764
243229
225082
223992
213943
215828
207022
224089
213800
215738
241642
259526
250460
251475
250525
251553
241556
231489
229432
239145
221453
239231
221580
231408
233571
234206
243063
224930
243145
225007
233482
223901
206951
213604
215579
213728
215655
223819
447603
473433
437119
461565
447719
473379
437073
433011
441272
404900
417084
433102
441429
404806
422935
413178
396141
387800
423045
413091
396117
458715
496542
485708
473516
485728
473530
458589
447525
461521
473263
437006
473320
437038
447487
432866
416816
441366
404758
441256
404727
432778
422822
387852
412941
396250
413003
396142
422739
407623
429211
398125
418793
407668
429188
398090
394657
403796
371813
379802
394696
403724
371847
385867
377186
363984
356197
385888
377173
364011
417177
450425
439646
426985
439647
426999
417170
407592
418748
429114
398032
429151
398060
407567
394651
379856
403685
371959
403687
371895
394668
385864
356215
377164
364100
377165
364050
385875
370194
388619
361053
378684
370214
388592
361037
360032
368590
340711
348444
360044
368582
340689
351537
343098
332957
325210
351556
343075
332933
379372
408561
398472
388644
398499
388666
379344
360994
370169
378659
388530
388562
361019
370133
360008
348432
368552
340602
368569
340655
359970
342946
351502
325136
332769
343036
332878
351440
334075
349747
325346
340360
334077
349759
325354
326376
334678
309917
317490
326397
334634
309974
318176
310177
302191
294754
318194
310190
302201
359267
351980
343140
343023
368885
359259
351939
349785
325479
334240
334122
340375
349774
325395
334491
309793
326298
326349
317468
334573
310020
310308
302047
318228
318207
294807
310237
302201
299413
312632
291046
303700
299415
312670
291050
294247
302192
280176
287346
294229
302211
280099
286388
278764
273131
265987
286411
278676
273019
321844
316734
308057
308014
331051
321811
316682
312776
291087
299457
299432
303767
312720
291067
302345
280138
294392
294299
287358
302263
280111
278661
272930
286462
286396
265990
278626
272973
266213
277402
257983
268704
266322
277403
257893
263024
271024
251630
258782
263217
270860
251514
255121
247326
244200
236528
255304
247173
244068
282668
274418
294898
286160
286123
282690
274383
266143
268714
277443
257813
277417
257836
266109
270603
262857
258639
251135
270707
251333
262707
254959
236336
246932
243673
247028
243864
254825
232983
242722
224748
234111
232987
242738
224744
231214
239302
221440
228924
231291
239172
221315
223312
215493
213796
206236
223348
215478
213735
241241
260031
251395
249528
251373
249532
241250
232988
234088
242746
224711
242747
224731
232998
231166
228772
239024
221165
239079
221221
231143
223292
206219
215457
213667
215477
213691
223297
199678
208183
191857
198708
199743
208101
191741
199780
207689
191234
198725
199812
207670
191211
191867
183405
183590
176429
191916
183307
183562
208091
225452
216677
216403
216750
216438
208037
199614
198649
207950
191580
208024
191689
199555
199741
198702
207606
191145
207640
191183
199692
191818
176430
183189
183495
183284
183534
191767
346377
371673
339817
364061
346155
371738
339953
328340
332875
303271
311109
328113
333345
303750
322808
317037
298696
294373
322656
317179
299072
353064
386822
380061
363163
379896
362932
353263
346562
364166
372049
340298
371862
340110
346769
328605
311528
334215
304672
333704
304203
328951
323009
294618
317555
299866
317353
299468
323270
321175
342444
314753
335373
321123
342482
314786
306016
311571
284661
289715
305944
311684
284752
300326
294519
279612
274528
300280
294558
279665
327559
356852
349717
334051
349631
333891
327675
321237
335406
342594
314895
342530
314832
321316
306112
289888
311990
284989
311826
284862
306230
300389
274579
294673
279827
294611
279738
300471
295920
314330
289636
307324
295939
314316
289595
283161
288796
264388
269370
283167
288801
264393
277601
272031
259467
254634
277623
271992
259464
302172
328308
321279
308467
321312
308448
302149
289390
295882
307285
314196
314273
289521
295819
283158
269412
288845
264434
288814
264407
283161
271881
277572
254612
259470
271942
259464
277539
270284
286397
264088
279477
270429
286369
263942
260490
266311
244688
249662
260575
266245
244641
254713
249045
239554
234290
254811
248952
239499
293032
282737
276327
276590
300247
293310
283028
285934
263418
269752
270068
279159
286165
263716
266078
244521
260269
260382
249616
266162
244584
248627
239368
254425
254583
234223
248820
239433
245783
259720
239671
253037
245812
259626
239721
237675
243345
223901
229064
237705
243259
223896
232078
226304
218737
213554
232062
226360
218756
265762
257374
251566
251685
272400
265870
257605
259684
239885
245720
245737
253014
259500
239779
242975
223907
237510
237612
229022
243143
223900
226516
218826
232069
232084
213612
226432
218780
220764
232707
214207
225762
220621
232695
214424
214370
220280
202518
208062
214231
220393
202589
208322
202239
197033
191800
208152
202516
197124
233638
227277
246391
239552
239574
233558
227360
220894
225643
232558
214579
232670
214538
221006
220700
214560
208147
202842
220536
202691
214812
208643
191978
203203
197441
202853
197257
209041
194954
204481
188279
197211
195017
204380
188213
191020
196377
180831
186408
190729
196687
181043
185326
179422
175495
170501
185202
179376
175757
201533
218603
211347
208063
211469
208053
201470
194870
197180
204224
188103
204284
188155
194783
191267
186630
197317
181564
197038
181312
191418
185410
170552
179267
176121
179322
175978
185413
167966
176034
161742
168353
168016
176016
161668
167012
173270
159452
164954
167070
173229
159390
160844
154328
153646
148291
160924
154218
153557
174732
190124
182981
181382
183025
181431
174669
167909
168364
175948
161553
175987
161647
167844
166945
164937
173126
159259
173184
159326
166863
160762
148215
154064
153407
154163
153475
160689
255984
277244
251694
273104
255649
277611
251952
239128
241094
217566
219608
238885
241410
217653
235412
231773
214645
211882
235217
231908
214673
260325
286990
283084
266896
282670
266486
260669
256306
273376
278360
252448
277985
252202
256622
239328
219556
241847
217783
241561
217670
239554
235585
211829
232147
214728
232028
214680
235770
239493
259419
235297
254875
239434
259475
235351
223896
227455
203963
207106
223880
227534
203787
219682
216118
199693
196839
219685
216128
199559
243815
268863
264396
248172
264271
248000
243928
239565
254938
259634
235496
259547
235419
239648
223903
207035
227680
203557
227607
203662
223916
219683
196858
216194
199436
216154
199493
219692
223868
241486
220388
237358
223829
241501
220413
209693
212251
191989
193335
209628
212314
192043
206579
204091
189230
188173
206529
204120
189260
227660
250267
245955
231378
245895
231301
227732
223914
237363
241554
220465
241524
220438
223967
209766
193370
212461
192220
212382
192110
209850
206628
188172
204163
189404
204139
189305
206695
209446
224361
205735
219826
209466
224318
205711
198211
200821
183580
185116
198221
200834
183529
194894
192119
180270
178469
194919
192077
180210
228705
213246
233021
216789
228746
216781
213233
224241
209427
219797
205679
224276
205692
209410
198194
185105
200842
183410
200841
183469
198169
194864
178389
191989
180080
192034
180149
194828
193827
206048
189992
201585
193828
206079
190003
185333
188253
173052
174682
185392
188223
173011
181644
178639
168991
167210
181667
178614
168942
210664
197740
215136
201548
210622
201550
197729
206162
193828
201623
190033
206115
190022
193833
185281
174624
188167
172945
188194
172973
185245
181623
167169
178577
168872
178593
168901
181603
177264
186924
172801
182059
177255
186979
172803
171463
174812
161449
163246
171492
174804
161400
167560
163837
157461
154809
167591
163815
157383
181671
196811
192101
185847
192015
185836
181683
177282
182138
187140
172841
187053
172815
177301
171447
163205
174747
161295
174783
161365
171426
167531
154797
163788
157262
163801
157375
167491
158772
166837
153919
162071
158685
166989
154054
155267
159338
147242
150180
155255
159316
147205
150853
146533
142652
139334
150804
146627
142641
163541
177134
172376
168206
172191
168168
163621
158875
162237
167350
154363
167185
154237
159002
155281
150193
159294
147236
159306
147267
155311
150907
139528
146929
142737
146775
142785
150980
140069
147142
136004
141514
140062
147059
135876
138007
141926
131328
134557
137884
142035
131378
133736
129117
126701
123851
133672
129016
126725
144897
157135
152044
149576
152059
149494
144933
140064
141444
146906
135703
146974
135811
140050
138039
134778
142200
131540
142118
131537
138057
133754
123805
128908
126661
129008
126721
133745
546293
570970
532168
557155
546199
571112
532142
536146
548862
509288
525509
536090
548888
509293
522244
508972
496849
484864
522194
508988
496915
560708
600320
588987
579066
588924
578951
560729
546409
557127
571287
532160
571140
532135
546532
536133
525333
548649
509352
548680
509323
536106
522283
484917
509027
497019
509005
496969
522326
491950
512034
479257
499974
491975
512036
479209
483584
496077
461699
473232
483604
496105
461709
471241
459270
450346
439122
471269
459245
450314
504989
540340
527330
518507
527326
518473
504960
491932
499961
512026
479160
512023
479176
491925
483563
473284
496177
461718
496138
461718
483549
471225
439110
459242
450286
459237
450294
471222
442701
459470
430686
448311
442623
459573
430751
436181
447535
417428
428199
436161
447549
417430
396175
424772
413516
406754
424732
413556
406752
454717
485003
473879
466751
473772
466713
454740
442777
448414
459787
430893
459662
430820
442846
436203
428198
447593
417458
447568
417439
436230
396199
424822
413663
406798
413605
406766
424879
396017
410249
384945
399962
395930
410346
384988
375444
385725
375453
391534
402341
391492
402393
365328
355374
365328
380736
370224
380692
370252
407478
434426
423725
419064
423615
418950
407559
396109
400008
410536
385100
410443
385042
396204
385754
375561
375492
391590
402530
402454
391659
355417
365438
365366
380795
370351
370295
380869
352737
364761
342367
355199
352657
364829
342420
335857
345543
335901
349619
359732
349571
359772
326334
317010
326408
339582
329698
339504
329767
363267
386886
377266
373968
377186
373882
363338
352806
355221
364965
342503
364891
342463
352871
345589
336047
335964
349680
359895
359826
349756
317090
326568
326486
339663
329870
329822
339747
311475
321825
301428
312274
311503
321787
301390
307564
310078
319802
298218
310082
319843
298268
300360
290758
288983
279847
300373
290734
289022
321668
343073
333522
331959
333547
331946
321663
311453
312230
321718
301338
321753
301360
311437
307625
310074
319905
298342
319875
298309
310077
300350
279857
290696
289074
290713
289051
300343
271415
280111
261574
270853
271458
280062
261516
271562
281124
261552
270657
271605
281092
261526
262026
252578
252418
243260
262076
252516
252387
281301
300475
291367
291145
291402
291174
281274
271374
270803
279979
261417
280017
261463
271335
271521
270646
281032
261480
281062
261502
271484
261979
243211
252398
252323
252455
252356
261935
231267
239066
221408
229154
231338
238986
221297
233324
242984
224860
234016
233401
242911
224790
223675
213566
215506
206693
223744
213463
215439
241357
259312
250233
251220
250287
251272
241306
231210
229118
238867
221188
238929
221275
231157
233254
233953
242782
224663
242843
224725
233194
223618
206677
213375
215326
213450
215380
223569
447456
473213
436977
461486
447465
473185
436976
432597
441188
404791
416784
432671
441241
404888
422614
412912
396356
388169
422661
412928
396493
458375
496649
485353
472999
485404
473011
458329
447440
461513
473151
437062
473162
437005
447446
432511
416731
441313
405101
441166
404979
432482
422605
388321
413072
396821
412983
396645
422652
407558
429084
398017
418666
407554
429062
398018
394756
403711
372042
380160
394703
403765
372142
385945
377174
364160
356323
385902
377199
364234
417230
450505
439676
427147
439662
427079
417277
407581
418668
429075
398068
429056
398036
407622
394823
380305
403937
372385
403841
372257
394903
386001
356388
377295
364422
377240
364322
386068
360947
378576
360910
370054
388499
370087
388479
359903
368539
340540
348424
359927
368541
340506
342760
324088
342609
351284
332604
351350
332501
379306
408504
398457
388670
398438
388642
379341
378591
360993
360908
370061
388517
388484
370117
359919
348477
368622
340650
368568
340538
359989
324041
342797
342598
351280
332655
332509
351409
266127
277480
257817
268819
266104
277531
257845
270486
257954
270456
262532
250908
262589
250828
254703
246880
243495
236028
254738
246868
243425
295141
282785
282709
274436
286390
286321
274500
266174
268859
277647
257935
277590
257887
266235
257861
270492
270463
262537
250726
250761
262581
254714
236010
246948
243375
246893
243381
254764
232984
242730
224695
234012
232995
242713
224663
231166
239005
221136
228588
231152
239019
221134
223314
215444
213661
206166
223302
215425
213661
241284
260126
251384
249621
251392
249608
241275
232964
233980
242680
224608
242692
224633
232957
231197
228593
239089
221154
239066
221145
231225
223320
206137
215384
213639
215405
213654
223322
199447
207882
191551
198416
199499
207822
191458
199595
207568
191107
198605
199646
207530
191062
191669
183179
183456
176247
191717
183093
183410
207883
225258
216441
216238
216499
216276
207837
199398
198411
207724
191367
207771
191445
199356
199546
198565
207454
190976
207490
191019
199499
191624
176234
183014
183316
183091
183362
191585
347245
372190
340509
364609
346995
372361
340736
329699
334633
305110
312963
329310
335130
305548
323891
317781
300263
295456
323568
318025
300649
353927
387553
380671
363919
380491
363645
354189
347506
364799
372757
341206
372549
340970
347772
330077
313361
336025
306349
335553
305953
330460
324224
295744
318538
301384
318280
301024
324561
321531
342676
314981
335592
321415
342775
315075
306516
312172
285131
290489
306366
312366
285283
300689
294750
279932
274831
300572
294842
280049
328125
357440
350255
334841
350102
334634
328292
321659
335682
343013
315293
342889
315179
321795
306677
290702
312779
285607
312571
285443
306841
300816
274941
295067
280308
294949
280175
300951
289189
306717
289097
295719
314078
295746
314048
283222
288911
264476
269635
283178
288995
264543
271823
254571
271803
277507
259485
277510
259518
302213
328494
321390
308805
321297
308691
302307
306778
289204
289113
295743
314159
314077
295811
283294
269734
289219
264736
289099
264631
283392
254590
271853
271817
277538
259630
259568
277599
221048
232338
214576
225293
221072
232254
214515
220858
208752
221040
215361
203068
215103
203458
209544
203448
197830
192788
209377
203580
198195
245997
233469
233700
227287
238933
239062
227174
220953
225216
232095
214334
232154
214411
220825
208950
221130
221086
215476
203857
203726
215448
209588
192912
203557
198440
203598
198370
209566
194654
204186
188051
197075
194712
204153
187989
191453
197487
181734
187324
191467
197541
181808
185329
179222
176186
170578
185370
179166
176211
201233
218209
211148
207779
211181
207835
201180
194595
197023
204071
187853
204115
187921
194535
191422
187402
197492
181852
197521
181837
191388
185286
170552
179025
176210
179099
176221
185234
167717
175902
161540
168183
167781
175853
161442
166696
173052
159198
164848
166779
172969
159141
160557
154038
153348
147955
160617
153946
153299
174441
189930
182770
181100
182825
181175
174368
167661
168183
175752
161365
175801
161454
167611
166627
164803
172801
159051
172881
159094
166566
160500
147932
153842
153213
153936
153254
160456
257220
278723
252685
274211
256925
279076
252915
239973
241946
217786
219930
239746
242236
217936
236131
232262
214760
211767
235944
232384
214848
261591
288727
284577
268256
284224
267893
261888
257501
274479
279737
253342
279414
253133
257773
240186
220026
242757
218188
242413
218016
240441
236317
211764
232633
215094
232505
214937
236512
239836
259733
235582
255198
239740
259841
235676
223977
227756
203498
206921
223937
227837
203455
219751
216247
199420
196992
219713
216315
199419
244298
269642
264971
248866
264822
248700
244422
239937
255302
260075
235880
259956
235776
240039
224030
206930
228017
203468
227923
203450
224098
219802
197075
216483
199492
216393
199443
219867
237398
224090
241592
220494
224027
241639
220526
210038
212540
192322
193610
209940
212634
192463
206872
204191
189500
188224
206787
204221
189592
227980
250598
246295
231755
246193
231652
228075
237423
224157
241768
220593
241698
220558
224231
210137
193708
212839
192730
212729
192580
210241
206960
188231
204276
189753
204250
189666
207022
224217
219794
224206
209379
205670
209395
205660
198095
200838
183339
185055
198138
200829
183250
194736
191942
180010
178084
194786
191889
179916
232967
228644
228647
213185
216801
216802
213158
219803
224185
224197
209357
205615
205643
209324
198045
185017
200792
183034
200814
183152
197982
194678
177952
191748
179651
191828
179808
194605
206224
201854
206310
193853
190041
193842
190050
185235
188141
172934
174477
185231
188114
172928
181556
178558
168870
167076
181581
178528
168874
215229
210857
210812
197820
201569
201570
197870
201950
206441
206392
193860
190044
190050
193859
185247
174442
188044
172960
188082
172950
185246
181524
167100
178483
169039
178492
168950
181511
177321
187227
172890
182633
177312
187439
172963
171341
174695
161282
162921
171391
174618
161060
167370
163774
157223
154584
167440
163727
156990
197197
181723
192561
185845
192468
185851
181725
177360
182777
187696
173035
187609
173014
177375
171246
162979
174488
160866
174542
160954
171220
167239
154550
163640
156882
163677
156972
167156
159168
167455
154455
162409
159094
167512
154524
155449
159276
147353
150076
155384
159252
147323
151074
147007
142895
139848
151052
147028
142938
163895
177709
172727
168423
172691
168387
163932
159237
162436
167577
154609
167553
154575
159294
155458
150162
159213
147390
159229
147429
155431
151111
139930
147088
143079
147054
143072
151163
140001
146844
135677
141202
140024
146798
135589
138116
142303
131587
135046
138088
142385
131533
133675
128921
126652
123465
133713
128803
126586
144956
157205
151948
149779
151972
149758
144950
139977
141197
146726
135454
146759
135581
139962
138142
135093
142475
131506
142443
131544
138156
133636
123445
128687
126479
128799
126533
133606
546656
571270
532191
557284
546605
571418
532228
535951
548338
509297
524886
536022
548324
509255
522381
509046
497057
485094
522349
509068
497106
560504
600555
589271
578847
589014
578775
560456
546677
557272
571572
532257
571419
532248
546715
535844
524440
548188
509092
548093
509156
535784
522404
485152
509114
497223
509091
497157
522444
491940
512000
479163
499891
491927
512018
479184
483536
496208
461725
473426
483540
496232
461740
471252
459256
450295
439157
471231
459279
450317
504905
540655
527293
518597
527267
518576
504896
491959
499853
512015
479265
511982
479216
491994
483538
473464
496284
461801
496255
461763
483553
471283
439197
459349
450405
459309
450354
471328
442976
459889
430964
448771
442910
460034
431036
436296
447624
417487
428254
436260
447664
417522
424990
413721
406844
396381
424935
413777
406893
454893
485436
474371
467014
474201
466933
454969
443049
448855
460299
431189
460143
431110
443135
436338
428293
447774
417624
447713
417566
436391
425047
396442
413896
407006
413833
406945
425114
396363
410610
385158
400130
396290
410684
385216
375647
391801
402613
385967
391733
402694
375735
365523
381029
370412
355641
380948
370475
365608
407755
435061
424103
419412
424005
419334
407816
396427
400154
410806
385344
410733
385276
396495
391862
386042
402849
375882
402769
375814
391925
381108
355712
370604
365750
370537
365685
381188
352996
365033
342537
355334
352934
365117
342570
336126
349907
359971
345810
349833
360049
336198
326630
339884
329907
317240
339816
329945
326683
363573
387346
377602
374302
377492
374214
363650
353056
355362
365297
342621
365187
342598
353123
349976
345878
360212
336324
360127
336263
350044
339950
317279
330020
326787
329984
326734
340018
311419
321687
301322
312097
311426
321668
301311
310108
319937
298375
307770
310090
319973
298409
300338
290677
289093
279856
300339
290655
289109
321675
343209
333506
332032
333481
332003
321679
311413
312043
321655
301279
321646
301298
311409
310126
307814
320054
298472
320013
298442
310139
300337
279847
290595
289116
290628
289124
300336
271264
279941
261377
270673
271297
279922
261344
271428
281007
261456
270608
271453
280985
261433
261856
252344
252295
243083
261893
252298
252258
281224
300416
291295
291076
291285
291081
281211
271235
270629
279914
261298
279895
261318
271221
271403
270588
280952
261393
280967
261412
271377
261827
243051
252231
252205
252261
252227
261807
231089
238818
221199
228939
231117
238788
221141
233107
242731
224613
233812
233145
242692
224572
223505
213397
215281
206566
223530
213347
215244
241235
259212
250103
251111
250116
251116
241234
231077
228942
238795
221117
238787
221174
231079
233082
233784
242660
224531
242668
224547
233065
223491
206595
213341
215192
213389
215215
223492
447564
473151
437137
461647
447485
473178
437224
432585
441317
405223
416974
432496
441528
405371
422871
413184
397013
388856
422741
413314
397219
458179
496590
485152
472526
485156
472481
458216
447667
461702
473286
437439
473222
437323
447797
432702
416995
441967
405672
441649
405512
432865
423024
389040
413604
397651
413454
397430
423198
407743
429108
398111
418757
407677
429154
398164
395100
404050
372520
380798
394997
404174
372657
386232
377360
364530
356649
386146
377429
364641
417497
450678
439850
427519
439783
427406
417598
407820
418811
429290
398294
429214
398224
407910
395212
380965
404445
372926
404306
372793
395329
386323
356734
377572
364858
377500
364751
386418
361088
370254
388567
378789
370193
388616
361150
360165
368691
340800
348754
360086
368758
340917
343048
351671
332881
325220
351566
343174
333046
379483
408621
398618
388861
398567
388807
379524
370293
378841
388705
361191
388659
361179
370322
360221
348824
368873
341017
368818
340979
360261
351715
325354
343258
333193
343228
333160
351743
349964
325615
334374
334346
340634
350025
325608
334558
309972
326422
326553
317552
334767
310121
310437
302144
318352
318411
294845
310417
302335
343221
369148
359590
352150
359558
352143
343224
334355
340681
350108
325654
350073
325625
334378
326618
317599
334872
310105
334817
310117
326654
318459
294832
310430
302407
310418
302357
318492
313145
291364
299768
299874
304281
313215
291474
302486
280106
294553
294504
287407
302439
280082
278702
272671
286589
286561
265530
278647
272684
308434
331421
322357
317031
322293
316984
308496
299963
304350
313357
291637
313285
291561
300041
294484
287375
302428
280124
302422
280044
294488
286553
265523
278694
272820
278651
272671
286573
266370
277696
257976
268933
266302
277741
258004
270572
262755
250775
258062
262666
270634
250811
254937
247014
243430
236134
254840
247079
243514
274764
295443
286651
283231
286587
283138
274856
266432
268948
277822
258142
277785
258073
266515
262860
258160
270808
251020
270722
250916
262954
255011
236184
247217
243659
247150
243591
255102
232969
242656
224597
233884
232962
242638
224587
231262
239139
221153
228667
231245
239192
221151
223316
215368
213622
206060
223321
215357
213610
241344
260142
251374
249770
251362
249723
241366
232975
233867
242621
224580
242622
224582
232984
231282
228692
239283
221163
239242
221153
231302
223318
206048
215349
213603
215351
213602
223324
199286
207686
191376
198307
199317
207655
191310
199434
207428
190941
198472
199465
207414
190905
191523
183031
183277
176061
191550
182960
183239
207738
225110
216305
216162
216324
216171
207715
199257
198345
207619
191253
207632
191331
199230
199419
198457
207399
190858
207404
190878
199402
191499
176065
182904
183165
182982
183202
191480
348297
372975
341437
365411
348035
373199
341659
331178
336415
306706
314561
330821
336855
307051
325212
318794
301727
296571
324892
319041
302050
354962
388470
381467
364911
381256
364616
355235
348559
365610
373634
342068
373419
341869
348829
331508
314856
337636
307648
337215
307356
331839
325515
296824
319498
302632
319276
302352
325806
322069
343142
315413
336003
321934
343269
315526
307170
312986
285772
291340
307007
313188
285936
301225
295190
280442
275298
301090
295307
280575
328771
358179
350859
335597
350716
335425
328911
322195
336097
343507
315706
343392
315624
322308
307327
291539
313564
286249
313383
286095
307476
301354
275410
295506
280829
295412
280704
301475
289407
296062
314322
307372
295934
314465
289578
283652
289353
264855
270077
283512
289486
264979
271928
277795
259707
254721
277691
272010
259798
302695
328914
321802
309198
321767
309148
302738
296203
307472
314666
289822
314603
289705
296293
283767
270176
289637
265163
289572
265090
283827
277916
254783
272177
260008
272091
259906
278022
286060
263470
269785
270126
279242
286271
263741
266104
244492
260277
260370
249608
266184
244533
248593
239339
254393
254536
234277
248797
239386
276814
300408
293502
283335
293523
283222
276923
270335
279479
286520
264145
286469
263968
270485
260467
249648
266337
244597
266265
244569
260556
254677
234351
249126
239464
248989
239432
254807
259088
239649
245462
245482
252336
258938
239624
242934
224079
237403
237626
229162
243167
224169
226676
219137
231984
232189
214239
226776
219206
251594
272561
265917
257879
265733
257697
251748
245599
252482
259292
239649
259055
239643
245705
237811
229262
243493
224363
243358
224271
237938
232346
214235
226828
219311
226806
219258
232413
220732
232080
214286
225156
220762
232086
214255
221122
215349
203859
209083
215383
221109
203832
209480
203525
198454
192998
209509
203500
198455
227115
245797
239031
233429
238989
233421
227127
220720
225164
232144
214233
232109
214237
220721
215343
209068
221130
203841
221115
203830
215348
209466
192999
203471
198467
203481
198461
209460
194431
204029
187791
196892
194478
203996
187737
191305
197462
181846
187438
191347
197432
181821
185118
178949
176179
170444
185178
178883
176140
201056
218136
211060
207662
211068
207674
201036
194394
196868
203961
187664
203973
187694
194368
191265
187421
197384
181759
197405
181787
191229
185063
170424
178819
176090
178839
176108
185022
167535
175700
161378
168004
167568
175657
161303
166481
172737
159016
164698
166519
172692
158984
160384
153868
153174
147768
160414
153784
153138
174235
189776
182627
180920
182655
180938
174220
167506
168029
175601
161254
175626
161328
167495
166459
164680
172655
158943
172664
158962
166449
160357
147799
153730
153069
153814
153102
160346
258275
280042
253539
275225
258029
280332
253724
240946
242942
218268
220705
240701
243265
218450
236927
232760
215199
211889
236701
232896
215348
262654
290101
285819
269423
285528
269071
262891
258499
275453
280861
254042
280604
253892
258707
241164
220958
243853
218743
243520
218587
241384
237126
211966
233163
215642
233031
215494
237299
240242
260194
235986
255636
240141
260313
236091
224258
228114
203520
207083
224175
228216
203593
220018
216582
199556
197428
219940
216690
199651
244774
270398
265547
249449
265408
249317
244870
240338
255746
260543
236266
260432
236191
240418
224344
207176
228429
203812
228321
203697
224436
220097
197569
216939
199893
216807
199760
220184
224392
241848
220630
237545
224309
241936
220671
210461
212949
192844
194140
210345
213071
192995
207152
204304
189838
188252
207084
204333
189929
228389
251020
246716
232166
246630
232067
228498
224482
237602
242137
220767
242038
220716
224580
210588
194313
213327
193300
213196
193145
210737
207229
188270
204418
190134
204371
190042
207311
224178
209239
205578
219813
209285
224176
205531
197825
200765
182919
184837
197908
200732
182784
194414
191650
179485
177430
194519
191530
179278
213048
233036
228676
216809
228666
216795
213010
209182
219817
224163
205397
224173
205469
209128
197752
184811
200693
182574
200706
182690
197700
194305
177283
191296
178980
191406
179139
194209
206472
193889
190030
202013
193874
206474
190025
185196
188002
173007
174225
185224
187946
172966
181519
178499
169180
167291
181530
178472
169231
197889
215304
211001
201511
210972
201550
197861
193907
201996
206478
189990
206479
190020
193895
185140
174145
187771
172659
187869
172855
185043
181508
167297
178367
169182
178442
169270
181471
177340
187718
173023
182841
177360
187718
172998
171144
174434
160888
163178
171223
174401
160873
167082
163561
156947
154229
167113
163471
156872
181692
197288
192611
185803
192600
185815
181670
177328
182840
187722
172945
187723
172973
177315
171059
163257
174341
160635
174379
160838
170965
167037
154080
163348
156519
163399
156822
166975
159355
167584
154634
162440
159333
167581
154651
155420
159216
147404
150106
155418
159209
147318
151244
147126
143097
139864
151212
147157
143030
163970
177754
172726
168448
172736
168454
163973
159368
162437
167572
154676
167576
154666
159375
155432
149994
159180
147206
159198
147284
155445
151261
139851
147194
142987
147181
143028
151258
139908
146692
135473
141042
139936
146661
135372
138159
142488
131524
135091
138163
142488
131500
133520
128688
126441
123179
133561
128581
126380
144919
157169
151880
149786
151893
149789
144900
139867
141090
146600
135273
146628
135384
139814
138154
135085
142463
131478
142480
131502
138139
133474
123158
128468
126265
128579
126329
133427
546900
571554
532254
557387
546782
571625
532245
535730
547965
508995
523757
535722
548304
508926
522546
509132
497289
485335
522481
509157
497377
560122
601927
589458
578130
589531
577995
559923
547027
557465
571325
532192
571570
532224
547079
535722
523175
548246
508615
548113
508788
535774
522595
485386
509211
497489
509179
497430
522659
492142
511946
479326
500054
492049
511969
479401
483617
496322
461854
473616
483577
496378
461920
471448
459396
450468
439390
471380
459452
450541
504858
540581
527084
518773
527301
518728
504850
492279
500119
511672
479504
511898
479467
492440
483673
473689
496551
462063
496462
461996
483721
471538
439480
459570
450699
459520
450626
471638
443369
460382
431260
449155
443241
460491
431318
436525
447844
417699
428491
436451
447933
417803
425287
413965
407084
396677
425191
414044
407187
455170
485994
474718
467571
474795
467396
455174
443520
449209
460460
431354
460520
431368
443698
436606
428592
448139
418160
448039
417953
436663
425396
396799
414177
407543
414129
407336
425507
396673
410817
385410
400313
396571
410876
385471
392075
402939
375948
386272
391994
403049
376021
381384
370671
365811
355898
381276
370739
365877
407968
435402
424168
419889
424286
419722
407943
396814
400302
410736
385495
410835
385522
396988
392174
386379
403365
376190
403194
376111
392248
381530
355970
370835
366024
370808
365961
381710
353331
365373
342631
355464
353209
365488
342600
350170
360304
336383
346073
350109
360406
336440
340156
330048
326836
317390
340083
330047
326884
363734
387714
377712
375016
377825
374725
363593
353528
355406
365672
342310
365557
342540
353845
350219
346146
360658
336528
360528
336499
350214
340243
317435
330010
326937
330063
326923
340326
311485
321644
301249
312008
311426
321700
301222
310145
320094
298487
307927
310139
320129
298531
300364
290569
289150
279863
300332
290548
289176
321586
343541
333275
332703
333518
332362
321428
311621
311948
321869
300998
321750
301160
311881
310148
307971
320271
298533
320215
298566
310071
300417
279859
290461
289139
290527
289191
300462
271287
279931
261281
270584
271238
279990
261266
271329
280944
261385
270577
271351
280956
261386
261802
252207
252192
242997
261797
252186
252185
281125
300672
291226
291497
291401
291265
281004
271377
270553
280021
261093
280001
261221
271551
271304
270577
281051
261382
280990
261387
271260
261827
242991
252115
252172
252161
252179
261883
231146
238801
221182
228819
231097
238844
221059
233047
242664
224530
233759
233055
242680
224533
223533
213418
215174
206442
223500
213317
215165
241215
259357
249861
251454
250054
251274
241123
231238
228937
238939
220857
238867
221156
231413
233048
233765
242771
224590
242712
224558
233029
223583
206528
213237
215175
213459
215161
223682
448097
473369
437573
461938
447938
473472
437726
433249
442122
405812
417379
433038
442677
405985
423581
413762
397877
389592
423382
413930
398132
458312
496683
485272
472194
485241
471968
458354
448269
462041
473680
438111
473575
437909
448444
433456
417200
443369
406454
442750
406200
433686
423795
389788
414287
398852
414113
398452
424023
408128
429383
398375
419073
408012
429498
398472
395576
404591
373055
381445
395450
404745
373179
386622
377647
364962
356961
386517
377730
365063
417979
451023
440217
428201
440136
427990
418107
408255
419213
429799
398725
429638
398590
408375
395702
381606
405060
373402
404907
373305
395804
386730
357042
377935
365249
377827
365161
386825
370395
388759
361204
378984
370351
388833
361235
360341
368928
341045
348980
360297
368990
341077
351792
343284
333214
325482
351763
343317
333239
379725
408998
399073
389260
398903
389115
379838
370460
379062
389065
361333
388937
361281
370541
360401
349043
369184
341162
369074
341115
360480
351829
325512
343382
333299
343351
333266
351871
334432
350137
325684
340802
334403
350171
325716
326695
334912
310126
317760
326677
334950
310152
318524
310440
302473
295054
318511
310448
302530
343292
369323
359743
352262
359700
352227
343327
334465
340857
350251
325775
350222
325749
334497
326714
317791
335020
310219
334983
310180
326747
318537
295108
310483
302619
310459
302574
318561
300174
313429
291711
304552
300114
313497
291776
294529
302439
280228
287628
294504
302451
280314
286651
278752
272938
265804
286609
278814
273020
308655
331632
322576
317173
322549
317156
308669
300229
304619
313577
291861
313555
291837
300250
294556
287692
302487
280434
302465
280381
294573
286697
265865
278895
273131
278864
273099
286706
266665
277887
258204
269067
266597
277934
258246
263142
270904
251111
258512
263057
270984
251190
255259
247276
243727
236310
255189
247320
243788
275105
295713
286812
283497
286831
283478
275111
266718
269077
277919
258212
277965
258269
266686
263229
258595
271093
251301
271062
251275
263249
255328
236346
247301
243859
247351
243858
255317
232996
242626
224581
233835
232992
242628
224573
231329
239317
221179
228765
231320
239338
221188
223335
215350
213609
206046
223332
215349
213613
241388
260205
251377
249775
251399
249825
241363
232991
233821
242600
224549
242615
224562
232972
231320
228769
239285
221144
239340
221179
231287
223328
206043
215332
213593
215343
213606
223314
199193
207609
191290
198252
199207
207613
191142
199382
207396
190843
198450
199394
207393
190824
191449
182950
183124
175804
191459
182818
183091
207706
225074
216295
216146
216295
216146
207721
199180
198386
207663
190947
207620
191216
199189
199383
198450
207382
190841
207386
190831
199382
191442
175859
182687
183062
182919
183063
191472
349382
373847
342264
366140
349102
374073
342456
332455
337924
307889
315756
332146
338386
308113
326332
319707
302885
297460
326078
319902
303111
356034
389461
382633
365306
382262
365088
356348
349682
366325
374585
342829
374329
342656
349977
332729
315691
339000
308427
338514
308284
333012
326561
297620
320244
303476
320085
303305
326777
322493
343613
315773
336313
322406
343711
315829
307745
313732
286393
292077
307614
313891
286532
301692
295587
280946
275701
301586
295661
281060
329289
358808
351344
336196
351241
336065
329382
322593
336383
343900
315936
343808
315881
322665
307887
292236
314183
286779
314054
286685
307987
301814
275799
295794
281285
295729
281200
301895
296331
314683
289864
307599
296313
314702
289891
283889
289687
265211
270388
283861
289730
265249
278088
272259
260056
254990
278060
272291
260083
302803
329085
321902
309346
321868
309301
302839
296348
307624
314751
289947
314722
289913
296379
283915
270441
289821
265326
289769
265278
283959
278112
255013
272350
260142
272316
260105
278147
270698
286574
264298
279735
270610
286613
264408
260679
266421
244626
249815
260634
266464
244683
254939
249214
239489
234501
254885
249277
239537
277112
300558
293616
283519
293582
283483
277152
270756
279773
286673
264525
286641
264478
270801
260717
249839
266526
244729
266496
244708
260750
254978
234522
249355
239580
249321
239561
255010
245862
259393
239676
252700
245800
259433
239705
238097
243593
224421
229463
238029
243664
224474
232492
226854
219348
214300
232459
226871
219379
252081
272954
266244
258287
266212
258241
252122
245915
252741
259500
239758
259476
239740
245949
238142
229480
243742
224522
243711
224507
238171
232521
214326
226905
219441
226892
219415
232553
220770
232190
214247
225251
220740
232241
214273
215380
221149
203856
209112
215361
221169
203870
209480
203473
198474
192990
209466
203485
198484
227232
245997
239223
233528
239205
233517
227242
220824
225296
232314
214298
232310
214312
220827
215415
209134
221202
203884
221198
203887
215417
209510
193009
203491
198491
203508
198502
209507
194339
203958
187649
196842
194350
203957
187650
191195
197371
181751
187378
191202
197368
181765
185018
178823
176089
170441
185007
178846
176103
201019
218185
211030
207666
211061
207691
200999
194338
196841
203938
187675
203950
187666
194334
191208
187399
197370
181796
197382
181788
191211
185044
170467
178896
176136
178880
176128
185055
167498
175578
161300
167870
167489
175578
161168
166481
172665
158940
164696
166458
172693
158946
160358
153787
153036
147600
160333
153661
153030
174314
189749
182618
181007
182613
180982
174342
167503
167976
175618
160970
175585
161240
167521
166535
164719
172748
158988
172731
158975
166557
160372
147671
153496
153020
153759
153019
160407
259097
281095
254172
276042
258911
281312
254291
241754
244045
218796
221916
241567
244402
218889
237611
233299
215808
212323
237458
233421
215952
263354
291023
286812
269805
286602
269639
263377
259224
276191
281640
254441
281494
254394
259320
241845
222010
244669
218826
244465
218825
241849
237721
212471
233511
216581
233491
216130
237787
240579
260640
236328
256037
240489
260742
236424
224649
228539
203963
207543
224535
228642
204126
220395
217084
200029
198102
220283
217250
200190
245146
271024
266052
249907
265943
249811
245215
240699
256163
260962
236584
260878
236559
240785
224772
207651
228856
204655
228751
204302
224827
220521
198315
217452
200532
217409
200320
220629
224752
242213
220832
237846
224675
242254
220898
210978
213453
193458
194969
210860
213613
193616
207495
204476
190257
188307
207400
204527
190326
228755
251362
246940
232580
246886
232518
228789
224797
237878
242321
220951
242282
220933
224835
211049
195160
213838
194048
213768
193806
211069
207584
188411
204528
190549
204541
190437
207621
209113
224159
205343
219809
209099
224178
205321
197680
200701
182531
184736
197686
200742
182452
194126
191223
178917
176873
194150
191171
178814
213072
233270
228876
217041
228844
216983
213102
209158
219880
224285
205338
224256
205329
209200
197668
184783
200834
182650
200802
182514
197653
194159
176903
191100
178832
191134
178800
194187
193858
206472
189955
201990
193874
206471
189919
184873
187682
172510
173707
184950
187619
172346
181369
178283
169124
166772
181422
178199
168906
197778
215372
211057
201521
211040
201485
197780
193863
202006
206498
189867
206483
189894
193873
184810
173716
187600
172409
187598
172328
184767
181328
166718
178082
168850
178133
168837
181318
177302
187717
172926
182824
177307
187714
172917
170819
174290
160530
162881
170884
174240
160350
166897
163325
156427
153668
166929
163317
156281
181610
197298
192631
185774
192641
185778
181580
177306
182839
187712
172900
187725
172915
177302
170776
162843
174239
160405
174228
160338
170748
166888
153672
163294
156262
163313
156252
166890
159396
167574
154686
162459
159382
167586
154695
155472
159157
147196
149760
155460
159134
147174
151244
147206
142977
139791
151250
147212
142941
164004
177749
172771
168483
172764
168473
163998
159420
162482
167607
154698
167605
154707
159430
155479
149769
159145
147326
159138
147217
155465
151262
139827
147196
142954
147217
142934
151280
139729
146564
135300
140893
139765
146549
135119
138110
142447
131483
135012
138129
142437
131468
133346
128493
126219
122847
133383
128327
126145
144876
157192
151908
149822
151905
149810
144860
139704
140992
146563
134884
146549
135180
139700
138102
135024
142471
131601
142455
131512
138064
133340
122951
128126
126078
128414
126083
133374
)
;

boundaryField
{
    inlet
    {
        type            zeroGradient;
    }
    outlet
    {
        type            fixedValue;
        value           uniform 0;
    }
    seabed
    {
        type            zeroGradient;
    }
    top
    {
        type            zeroGradient;
    }
    side1
    {
        type            zeroGradient;
    }
    side2
    {
        type            zeroGradient;
    }
    submarine
    {
        type            zeroGradient;
    }
}


// ************************************************************************* //
