/*--------------------------------*- C++ -*----------------------------------*\
  =========                 |
  \\      /  F ield         | OpenFOAM: The Open Source CFD Toolbox
   \\    /   O peration     | Website:  https://openfoam.org
    \\  /    A nd           | Version:  10
     \\/     M anipulation  |
\*---------------------------------------------------------------------------*/
FoamFile
{
    format      ascii;
    class       volScalarField;
    location    "9.5";
    object      p;
}
// * * * * * * * * * * * * * * * * * * * * * * * * * * * * * * * * * * * * * //

dimensions      [0 2 -2 0 0 0 0];

internalField   nonuniform List<scalar> 
12920
(
853295
812383
577486
515818
437160
393829
342357
309915
273006
245479
215649
190541
164866
141717
118422
96854.1
75205.9
54152.1
32685.7
8581.27
690435
666607
546220
491524
421588
383347
333692
304254
268530
242212
213405
189067
163563
140606
117638
96296.1
74844.4
53923.2
32651.3
9014.72
478861
482904
454232
441144
384445
357012
316155
291802
259774
236105
208646
185690
161396
138809
115872
94570.8
73530.1
53216
32392.6
9219.7
246905
397412
390347
392942
345683
328883
293980
274746
246009
225159
200635
179231
156322
134827
113098
92437.9
72034.1
52135.1
31726.8
9026.28
382667
401155
352323
334931
308071
298710
270329
254916
230600
213162
190551
171534
149843
130582
109609
89620.4
69790.3
50531.2
30671.9
8512.51
-30202.5
195790
195190
249422
249588
257529
239603
227308
212724
196342
178873
161437
142262
123958
104835
85758.9
66844.7
48288.5
29271.3
7810.33
-64396.3
105133
177406
233016
229775
234331
222190
214841
200524
185926
167681
151990
132981
116267
97622.7
81069
63176.9
45493.2
27427
7027.96
-490787
-572.499
45029.8
146354
170659
201481
205274
205515
194445
181528
165362
148241
129692
112216
90105.2
74059.7
58130.7
41967.4
25329.4
6073.48
-123320
140151
133784
191033
186040
200782
194589
194071
184851
172143
156704
140007
121743
104913
85122.4
66212.8
52740.9
38264.3
23063.9
4994.8
196598
222490
170328
219952
185070
199640
192659
179814
166294
152050
137882
124208
110445
95608.5
78576
60457.6
47620.6
34915.8
20932
3903.13
273311
263346
249867
241238
197603
197220
181601
163513
148045
134307
122233
109548
98107.1
86990.3
71898.8
55325.2
43983.8
32094.7
19045.4
3003.12
372517
333734
277946
249348
191470
189367
169444
154009
138327
124216
110472
99178.8
87626.5
77735.9
63736.7
50390.7
40915.5
29655.9
17395.6
2224.73
574295
417612
294975
252823
199060
178943
156253
140750
123655
111816
98504.7
87002.5
76791.3
68044.6
56590.7
47416.1
37789.1
27507.7
15935.1
1442.62
579818
427623
271413
248313
177749
166380
134020
123188
104758
98071.5
85057.1
79416.4
69422.7
62073.8
52341.8
43699
34352.9
25128.6
14489
756.974
469612
364725
208410
197309
154158
144681
120708
111343
96131.6
88770.9
78738.4
71699.3
63717.4
56510.7
48021.2
39961.4
31113.3
22884.2
12967.6
-71.5766
414203
234201
157467
150537
102882
110897
89481.2
91305.9
78903.6
76935.2
68579.9
64452.3
57145.1
51352.7
43510.8
36245.9
28019.5
20440.2
11354.1
-782.164
80544.7
78327.3
74531.1
106161
69214.5
81120.4
71289
77251.8
69121
68541.1
62390.5
59072.8
52450.8
47185.9
40003.1
33377.4
25818.9
18676.4
10214.7
-1418.02
-223821
-102110
-31284.7
38555.4
24436.4
52661.9
46494.4
59642.2
54359.6
58027
54731.8
53478.3
47645.4
43521.3
36852.4
31039.2
23879.9
17259
9224.72
-1996.24
-640184
-226056
-114748
-6642.22
-7409.81
36024.6
33439.1
48607.5
47022.7
52337.1
48820.3
49090.7
44522.9
40952.3
34840
29435.2
22710
16345.5
8485.32
-2497.52
-545636
-262252
-164175
-45567
-29511.2
20033.6
24114.5
42624.8
42281
49197.4
46519.3
46888.6
42359.3
39445.9
33698.1
28704.6
22132.3
15867.3
8042.4
-2875.34
888535
806824
579417
516343
437726
394271
342677
310090
273156
245575
215712
190494
164883
141788
118435
96851.1
75193.9
54159.9
32723.4
8658.41
689659
682895
550523
491911
422001
384087
334105
304837
268787
242364
213613
189180
163514
140503
117582
96173.5
74764.3
53900.7
32694.2
9153.34
465394
494110
450433
439123
383726
357233
316317
292397
260219
236651
208889
185433
161075
138664
115864
94665.8
73618.6
53241.7
32435.2
9375.64
436641
418857
396774
391759
345784
330046
294075
275220
246166
225025
200859
178960
156335
134788
113091
92463.3
72067.9
52165.6
31794.3
9262.53
325311
404845
354220
338820
309497
299435
269951
253751
230231
212379
190549
171542
150336
130365
109523
89631.6
69818.6
50564
30744.8
8775.11
-6777.55
199610
198194
251841
249485
256287
239043
227077
212484
196098
178659
161483
142512
123862
104709
85713.4
66854
48311.5
29343.8
8089.18
-51246.7
98106.5
179521
230198
229409
231730
222284
214975
200355
186436
167595
151896
132926
116233
98042.9
80868.5
63076.3
45497.4
27491.7
7282.27
-410365
-25021.8
43139.3
146740
169847
202483
204718
205863
195183
181678
165180
148357
129871
112371
89828.2
74173.5
57948.7
41952.2
25385
6319.04
-101271
145297
134147
189688
185755
201247
194453
194421
184652
172023
156641
139908
121821
104876
85252.6
66334.2
52764.4
38261
23128.3
5232.48
208828
234667
167554
217850
183743
200882
192694
179839
166254
152088
137890
124233
110144
95448.5
78619
60210.6
47754.4
34931
21000.9
4133.1
316657
301299
248831
241269
197964
196263
182087
164511
148824
134888
122254
109675
98616
86837.1
71886.4
55136.6
43991.1
32099.3
19121.9
3201.79
409562
326847
274051
247399
190286
188358
169611
153777
138059
124069
110638
98776.5
87239.7
77846.7
63373.6
50520.8
40851
29660.8
17437.8
2401.47
459321
409445
292969
251207
198080
179871
156102
139462
123346
111259
97998
87126.5
76717.7
67981.6
56680.8
47650.4
37774.1
27570.5
15987.9
1593.88
453187
393625
274240
246639
179038
167092
133078
123211
104262
98342.8
85600.2
79542
69467.4
62157.5
52422.7
43880
34623
25184.6
14588.9
867.508
456585
352686
210885
199194
151974
144624
121528
111778
96212.7
88406
78724.3
71680.9
63717.7
56499.4
48045.9
39987.4
31238.8
22852
13029.5
116.308
287756
219805
157551
148067
102557
109764
89375.3
91076.8
78897.4
76803.8
68648.9
64458.4
57139.6
51315
43488.8
36175.3
27993.3
20571.9
11404
-642.105
16068.3
57902
68090.1
100884
68242.9
80665.6
71165.6
76609.6
69303.2
68407.6
62407.9
59072.1
52466.2
47150.1
39988.9
33314.1
25783.6
18657.2
10286.6
-1266.33
-294786
-105846
-30363.4
36622.1
24159.2
53252
46947.6
59601.6
55082.3
58143.7
54781.7
53450.8
47635.1
43461.6
36793.6
30960.7
23824.7
17234
9285.37
-1859.42
-642204
-221847
-113767
-8450.74
-7132.85
35671.5
33832.5
48526.6
46893.5
52227.1
48797.7
48913.3
44500.1
40869.7
34779.3
29370
22667.1
16325.5
8539.64
-2407.29
-577023
-252094
-163199
-45737.1
-29871.1
20855.6
24148.6
42659.6
42131.3
49157.2
46463.9
46872.1
42222.4
39362
33632.6
28651
22114.7
15840.5
8063.27
-2823.3
956099
801700
580604
517047
438436
394909
343264
310414
273540
245823
215743
190560
164857
141721
118455
96833
75197.9
54177.1
32791.6
8856.26
900879
711468
559883
494443
423341
385651
334981
305773
269201
242416
213449
188940
163507
140601
117607
96154.6
74780
53944.2
32772.2
9376.43
522611
532547
456100
439245
383257
358001
317082
293423
260984
236893
209158
185522
160984
138626
115895
94748.8
73692.6
53303
32519.5
9614.86
462297
461207
403343
392241
346782
331420
294037
274588
246364
224729
201274
178923
156352
134789
113129
92521
72135.8
52229.3
31905.1
9536.57
358560
430880
359957
343419
311172
298647
269138
252152
229751
211928
190621
171463
150395
130276
109500
89677.3
69882.3
50630.2
30877
9112.82
124877
208695
200524
255185
249041
254203
237919
227193
212182
196402
179070
161445
142878
123752
104640
85711.4
66897.9
48362.5
29471.3
8438.63
1938.68
102563
181425
226988
225704
230852
221867
214972
199920
186705
167601
151960
132991
116212
98201.5
80655.8
62990.8
45502.4
27598.4
7612.05
-506086
-40126.1
41673.4
147392
170243
203097
205004
206132
195452
182084
165099
148480
130176
112540
89462.2
74118.5
57766.9
41944.1
25462.1
6621.18
-113656
127329
136938
190180
186159
201598
194661
194705
184429
171682
156499
139787
122137
105278
85577.6
66310.4
52766.4
38258.2
23211.7
5540.86
246152
243818
163896
216524
183400
201294
192740
179981
166407
152080
137726
124136
109756
95267.2
78702.7
60223.5
47834.9
34942.4
21095.1
4429.67
391735
328176
250973
244115
199542
196785
184129
166032
149976
135024
121578
109555
98818.4
86682.5
71457.5
55085.3
43992.6
32102.2
19202.9
3429.2
443725
366949
275297
248195
190224
187734
170331
153650
137741
123753
110546
98352.4
87067
77216.5
63181.1
50569.9
40836.9
29676.4
17514.3
2585.86
422161
402302
287201
249149
196901
180162
154359
137893
121889
110602
97649
87141.8
76619.5
67902.6
56757.5
47838.5
37765.5
27588.5
16071
1767.6
289130
371815
270801
244716
179059
167885
132711
123137
104631
98510.1
85942.1
79818.1
69570.8
62348.3
52554.1
44115.4
34768.6
25338.3
14672.3
1051.88
418069
333295
214383
201233
150499
144072
121311
111707
96290.7
88225
78723.7
71639.8
63736.6
56507.7
48113.1
39953.5
31336.9
22822
13214.1
332.536
234839
225401
155641
145513
102498
108987
89721.5
91026.6
79014.9
76721.8
68721.2
64459
57144.8
51271
43509.8
36221.1
28101.3
20672.5
11519.2
-456.302
175886
111385
88709.4
103401
68260.8
80793.6
71493.6
76317.2
69429.5
68435.6
62449.5
59062.1
52502.3
47105.4
39997.5
33317
25765.2
18729.9
10375
-1101.28
-307069
-91927.5
-26065.9
35736.4
24006.6
53572.4
47341.7
59625.7
55542.1
58323.5
54836.9
53359.9
47643.5
43397.3
36706.1
30883.4
23730.1
17200.1
9359.18
-1715.65
-507618
-194928
-110060
-8839.52
-6779.78
35732.5
34176
48730.4
47027.7
52153.1
48819.6
48803.9
44363
40715.5
34679.7
29257
22587.3
16298.1
8590.04
-2212.59
-692126
-241187
-160459
-46111.1
-29556.1
21331.5
24161
42633.2
41976.9
49066.9
46448.9
46860.7
42108.9
39230.6
33512
28569.9
22052.4
15825.2
8110.73
-2722.36
957834
794216
584710
519789
438719
395574
343209
310556
273396
245695
215646
190576
164877
141689
118456
96818.8
75203.9
54216.7
32850
9110.73
773626
700410
560415
495512
424592
386902
335598
306076
269393
242641
213453
188967
163571
140674
117671
96156.4
74791.8
53971.6
32835.8
9677.45
390147
532600
447109
435950
383503
359306
318718
294608
261882
237064
209280
185618
161024
138663
115964
94816.2
73760.9
53361.2
32579.1
9918.41
428892
500453
403481
392442
347106
331549
294069
274243
246474
224792
201450
178962
156470
134834
113221
92596.4
72224
52309.4
32009.2
9888.81
298077
449735
357271
345660
310896
298012
268446
251303
229702
211800
190674
171397
150385
130236
109538
89736.5
69978.2
50750
31041.9
9526.09
37260.5
205130
197505
258452
248471
253099
236505
227265
212264
196618
179374
161410
142915
123656
104590
85730.3
66977
48449.8
29586.4
8848.43
37122.4
105762
180947
223413
222478
230187
221394
214894
199331
186681
167740
151966
133086
116098
98093.9
80493.5
62935.1
45521.8
27671.8
8005.78
-581142
-50220.1
38861
147105
169519
203302
205305
206273
195112
182225
165129
148569
130419
112756
89194.5
73970.3
57616.6
41931.8
25485.4
6982.09
-82309.8
120964
141483
192252
188121
202130
195109
194705
184333
171316
156498
139816
122927
105999
86021.6
66366.5
52742.9
38240.1
23229.3
5888.52
113451
262355
164351
213450
183486
201177
192832
179692
166402
152009
137579
123893
109711
95364.3
78678
60246.2
47850.4
34937.2
21124.1
4772.75
408610
373963
258178
246443
201043
197578
185271
166925
150177
134612
121253
109832
98465
86351.1
70846.8
55056.8
43975.1
32095.1
19231.7
3682.05
504396
366085
279127
248431
191111
187674
170665
153833
137640
123622
110356
97955.2
86857
76465.6
63144.4
50619.9
40832.7
29707.7
17590.7
2812.4
540066
409920
285753
247223
195440
180151
152280
137204
121009
110448
97492.4
87087.1
76581.4
67877.5
56808.6
47940.6
37771.8
27639.6
16164.4
2040.29
205996
340628
267215
241475
178824
167705
132459
123047
104871
98528.7
86136.9
80118.1
69660.2
62572.7
52665.1
44180.8
34777.1
25507.5
14795.2
1354.78
347081
315732
217863
200632
149257
143370
120946
111468
96293.5
88148.9
78732.1
71516.5
63741.3
56460.2
48163.6
39946.3
31436
22828.1
13288
625.496
365570
231884
157496
143322
102268
108585
89928.6
90901
79099.6
76678.4
68728
64441.5
57135.4
51192.4
43541.5
36231.8
28143.6
20665
11631.5
-189.246
263622
119686
83189.7
99954.2
67561.3
80739.2
71692
76131.4
69488.6
68340
62472.2
58936.3
52531
47032.5
40018
33309.3
25759.2
18758.8
10431.1
-913.712
-319308
-82650.1
-23011.5
34388.8
24051.3
53403.4
47660.3
59653.2
55818.2
58457.7
54823.9
53119.6
47642.6
43273.4
36602.5
30837.3
23718.3
17223.3
9404.94
-1500.64
-582028
-189384
-105984
-11640.5
-6261.19
35904.4
34762.7
49177.4
47109.5
52186.2
48882.4
48772.9
44189.6
40604.8
34559
29201.4
22507.3
16226.6
8633.33
-2044.6
-733839
-233539
-164086
-47696.1
-30425.9
21341.3
23731.7
42421.9
42112
49069.5
46326.2
46786.5
42059.9
39164
33417.2
28491.2
21974.7
15816.5
8161.53
-2600.15
1.05445e+06
783657
587985
521816
438935
395955
343203
310659
273320
245655
215656
190538
164879
141672
118407
96789.4
75201.7
54236.8
32904.8
9575.55
740435
699522
566124
498091
425372
387977
335974
306390
269561
242859
213484
188974
163544
140637
117640
96126.4
74779.7
53982.2
32867.4
9986.15
396521
547349
444016
435724
383578
360156
319463
295132
262205
237331
209490
185758
161136
138718
116035
94863.6
73809
53400.4
32611
10204.9
423819
512003
405374
394567
347051
331650
294385
274474
246587
224879
201270
179029
156657
134901
113360
92637.3
72288.9
52376.3
32080.9
10173.7
330293
473688
356094
346901
310613
297733
268327
251128
229665
211680
190631
171329
150294
130244
109650
89801.6
70100.8
50868.2
31185.4
9851.5
173547
208625
203952
259971
248359
253354
235390
227084
212327
196674
179484
161380
142773
123600
104502
85778.5
67121.3
48588.8
29750.6
9194.44
92749.6
112521
183957
222825
221668
229188
221081
214785
199002
186604
167806
151878
133007
115943
97910.8
80408.2
62889
45586.1
27796.7
8334.38
-522849
-51950.9
38462.8
146629
169395
203179
205244
206453
194719
182027
165232
148802
130530
112907
89026.1
73885.8
57537.9
41926.3
25459
7288.8
-8510.56
121606
141637
193212
188754
202241
195711
194313
184505
170839
156569
139998
123583
106520
86239.6
66421.4
52706.2
38197.3
23164.6
6128.15
222730
263345
164238
212552
183648
201428
192967
179733
166292
151916
137542
123806
109878
95659.6
78586.6
60212.3
47841.1
34909.1
21068.6
4974.78
335992
398979
252506
246475
201999
197847
185375
167083
150179
134968
121396
109820
98202.1
85959.3
70610.9
55000.1
43963.8
32074
19194.4
3856.02
604478
386582
285289
250545
193186
188002
171570
153789
137533
123512
110175
97756.5
86716.3
76218.1
63020
50581.2
40833.6
29706.8
17624.5
2993.61
631350
396663
280976
245892
194334
180098
151538
137051
120765
110376
97348.3
87062.6
76573
67872.6
56763.6
48016.4
37752.2
27688.5
16249.8
2300.93
169645
301098
259349
239562
177615
167077
132544
123064
104975
98461.6
86245.6
80079.3
69721.7
62639.9
52726.5
44113.2
34751.8
25570.5
14884.9
1640.13
323937
315072
216059
199266
148706
142969
120791
111101
96286.3
88080.8
78738.6
71587.9
63746.7
56397.5
48160.2
39949.7
31478.9
22881.5
13350.9
892.526
424929
239841
160933
142383
101899
108551
89976
90753.5
79094.6
76612.2
68704.9
64376
57120.2
51160.2
43534.8
36227.9
28173.5
20621.9
11659
28.122
318035
138613
87145.7
100557
67699.8
81363.2
71918.9
76044.6
69541.9
68413.7
62498.5
58801.1
52538
46996.5
40001.6
33293.8
25744.1
18710.5
10409.9
-726.235
-316135
-65024
-23948.5
34114.6
23902.4
53550.3
47967.9
59827.9
55953.1
58635.2
54789.6
53033.4
47619.4
43209.7
36562.8
30802
23696.8
17167.8
9376.92
-1344.66
-534288
-166445
-102313
-11347.6
-5073.18
36259.5
35062.8
49394.3
47286.1
52237.1
48998.9
48791.8
44087
40546.8
34510.6
29150.7
22466.3
16199.3
8644.01
-1892.57
-639114
-223409
-157711
-47460.6
-30647.1
21137.5
23655.9
42357.5
42083.4
48959.3
46161.4
46697.3
42026
39140.5
33375.8
28472.4
21938.5
15809
8206.86
-2435.11
141260
138428
128971
152032
141165
138178
128788
127529
125656
116568
137604
127383
125311
116383
124811
126375
116334
135009
124524
126280
116257
112626
112952
103723
121324
112572
112855
103511
194521
194567
185879
194558
194592
193964
186069
188762
183255
174537
194315
188700
183237
174569
175566
170852
160348
184721
175489
170801
160332
161029
156665
146063
172077
160956
156672
146087
144685
142461
132201
156666
144573
142440
132122
126514
128495
117267
139939
126496
128448
117156
109551
113470
101717
121782
109210
113126
101552
92207
97716.4
86886.2
104855
92164
97619.7
86828.5
182981
182604
170597
192837
183139
183880
171809
169886
166799
155435
179750
169811
167934
156414
155657
151708
141085
166231
155723
152717
142025
141431
137815
128998
152085
141444
138610
129046
127677
125933
116299
137904
127707
125909
116371
113882
113042
104020
124241
113849
113091
104276
99387.8
101304
92539.7
110266
99209.5
101522
92336.5
84742.3
89228.5
79452.7
95495.5
84681
89080.8
79386.8
167672
173162
160044
181930
168288
173135
159879
151657
156045
144380
164015
152047
155887
144227
137704
140640
130054
148380
137982
140489
129948
125033
126573
116414
134613
125238
126469
116529
112749
113036
104535
122273
112876
113258
104196
100787
101406
92828.8
109634
101103
101154
92665.2
90025.2
90064.3
82514.6
98486.4
89961.2
89916.8
82749.7
77462.1
80096.2
72160.1
86865.7
77418.9
80181.8
72115.3
158163
162676
152584
169501
158020
162674
152068
142166
148093
134831
153844
141987
147606
134497
127799
130173
121069
138150
127690
130051
120899
114009
117237
107492
124125
114017
117246
107222
102182
103637
95324.5
110668
101973
103504
95249.9
90622.2
91638.6
84516.9
98883.9
90392.2
91691.7
84377.5
80161
80772.2
74134.5
87351.2
80341.9
80649.2
74003.4
70411.8
70839.7
64345.8
77883.4
70124.5
70842.8
64440.9
194660
193779
186042
194731
194681
193759
185816
188673
183256
174666
194659
188631
183139
174836
175416
170826
160323
184492
175120
170909
160256
160925
156657
146077
171774
160822
156532
145996
144509
142414
132094
156523
144257
142296
131979
126524
128471
117043
139794
126696
128412
116717
109110
112999
101489
121998
109344
112705
101341
92439.2
97577.1
86858.6
105108
92913.7
97469.8
86841.9
183317
184565
172299
192798
183342
186722
173422
169850
168367
156751
180020
170019
169309
157412
155738
153051
142346
166377
155750
153678
142773
141432
138854
129053
152086
141317
138859
129032
127694
125865
116370
137777
127583
125710
116474
113793
113097
104361
124170
113531
112945
104591
99140.9
101630
92278.8
109830
98945.2
101619
92109.9
84721.7
89036.5
79416.1
95304.1
84643.3
88899.4
79297.8
168765
172904
159822
183819
170047
173433
159998
152522
155841
144176
165750
153592
155986
144177
138320
140436
129898
149807
138853
140450
129875
125298
126430
116530
135031
125121
126409
116363
112904
113226
104077
121938
113103
112984
103796
101213
101054
92607.8
109750
101447
100810
92602.5
89932.7
89919.3
82781.7
98857.2
89826.5
89981
82758.5
77455.3
80178.4
72117.8
86733.3
77296
80066.4
71649.3
157966
162539
151726
170318
157837
162790
150573
141882
147264
134267
153614
141547
146063
133410
127621
129958
120690
137791
127407
129198
120015
114043
117037
107008
123842
114061
116480
106857
101868
103289
95263.8
110578
101598
102982
95228.6
90273
91662
84274.6
98454.8
89998.3
91555.9
83917.5
80386.3
80588.9
73967.5
87089.2
80162
80378
73884.1
69974
70853.2
64499.3
77431.7
69382.6
70832.3
64383.9
194664
193680
185724
195099
194658
193801
185470
188616
183063
174836
194737
188582
182837
174697
174987
170918
160224
184349
174557
170868
160143
160816
156474
145959
171422
160947
156350
145857
144178
142252
131921
156476
143943
142122
131688
126847
128325
116651
139784
127442
127966
116702
109510
112652
101319
122685
109990
112687
101435
93284.7
97462.7
86937.5
105799
93842.5
97628.5
87290.7
183282
187286
173759
192861
183049
188753
174667
170048
169585
157558
179759
170022
170320
157804
155740
153797
142805
166422
155709
153902
142614
143834
148525
147523
152071
143884
148513
147477
130292
134356
133475
137672
130316
134304
133377
113461
112745
104585
123940
113395
112764
104321
98894.2
101551
92045.5
109673
98851.8
101260
91821.6
84680.4
88845.6
79306.9
95271.1
84728.7
88643.1
79018.6
170355
173547
160305
185156
171115
174596
161019
153793
156237
144335
166732
154175
156801
144649
138941
140543
129860
150179
138688
140697
129769
129158
131630
131957
135068
128840
131279
131942
115071
118340
118406
121129
115185
117431
118320
101469
100741
92595.9
109578
101347
100515
92508.5
89776
89981
82697.7
98565.2
89546.9
89840
82128.3
77252
79964.3
71460
86454.9
76797.3
79298
70866.8
157909
162672
150106
170671
158217
163174
149280
141565
145710
133021
153814
141648
145062
132115
127342
128833
119756
137655
127201
127886
119459
114045
116299
106841
123645
113963
116057
106922
101518
102882
95163.1
110404
101259
102718
94976.6
89971
91514.5
83802.6
98044.9
89871.9
91387.6
83553.7
79988.3
80316.3
73875.6
86923.8
79500.3
80180.7
73857.1
69276.2
70826.7
64409.4
76635.2
68918.8
70797.5
64335.6
194647
193759
185408
195627
194645
193929
185397
188556
182790
174626
194449
188482
182864
174368
174406
170830
160128
184418
174008
170688
160080
161017
156334
145828
170941
160917
156298
145778
143888
142082
131609
156573
143775
141988
131456
127756
127841
116754
139961
128176
127657
116884
110193
112746
101596
123485
110664
112919
101983
94067.2
97753
87496.5
106440
94266.1
98063.2
87740.6
182979
188922
174804
192998
182886
188898
174760
169975
170411
157805
179670
169850
170388
157802
155702
153857
142502
166315
155647
153807
142477
141151
138370
128593
151942
141138
138833
128458
127356
125278
116433
137537
127296
125280
116240
113412
112975
104246
123814
113473
113113
104158
98947.9
101170
91745.3
109842
99203.4
101080
91620.2
84874.1
88572.1
78955
95607.8
84986.8
88415
78622.7
171318
174773
161126
185506
171569
175612
161325
154211
156895
144730
167078
154230
157027
144746
138567
140708
129748
150163
138608
140653
129701
124416
126254
116220
134914
124470
126195
116147
113046
112812
103451
121318
112768
112720
103352
101287
100457
92476.2
109811
101162
100372
92444.4
89449.9
89761.1
81925.4
98240.3
89141.6
89618.9
81551.3
76706.9
79092.7
70810.5
86026
76301.3
78652.9
70551.8
158264
163094
149031
171482
158293
162829
148669
141710
144900
131964
153802
141821
144554
131918
127169
127665
119393
137571
127093
127425
119230
113931
115996
106902
123544
113836
115831
106635
101176
102663
94908.6
110214
100988
102489
94673.2
89834
91352.2
83527.6
97769.4
89806.7
91205.6
83482
79378.9
80163.3
73843.8
86700.4
79131.4
80146.8
73705.3
68920.7
70797.8
64443.9
76229.2
68767.8
70777
64432.7
194632
193906
185489
196716
194686
194192
185690
188399
182893
174274
194307
188220
182931
174195
173911
170641
160063
184731
173785
170600
160061
160829
156280
145774
170886
160675
156263
145855
143780
141976
131433
156475
143800
142057
131436
128233
127633
116919
139992
128248
127616
116997
110769
112965
102113
123610
110907
113038
102211
94363.2
98139.2
87822.5
106639
94214.8
98246.4
87761.7
182909
188577
174687
193113
183056
188284
174624
169827
170368
157835
179828
169821
170428
158018
155616
153844
142549
166262
155554
154072
142817
141143
138907
128508
151869
141234
139149
128662
127286
125317
116220
137670
127302
125408
116246
113494
113132
104155
123806
113552
113176
104164
99269.9
101075
91588.6
109952
99363.1
101068
91539.5
85057.5
88376.2
78631.1
95755.3
84908.1
88326
78459.9
171549
175717
161369
185348
171602
176206
161551
154244
157048
144718
167198
154392
157159
144678
138660
140622
129694
150356
138936
140614
129730
124544
126186
116144
135269
124895
126229
116203
112770
112712
103354
121709
112816
112795
103506
101146
100405
92466.5
109852
101139
100592
92484.4
89076.1
89645.9
81489.5
98161.7
88985.8
89665.3
81498.5
76298.7
78588.7
70583
85874.9
76081.2
78606.3
70387
158301
162651
148584
172021
158390
163172
148551
141793
144434
131893
153853
141674
144374
131765
127071
127389
119164
137485
127041
127369
118969
113813
115781
106512
123484
113779
115692
106221
100967
102441
94598.6
110190
101029
102345
94342.3
89840.2
91180.7
83489.9
97871.1
89898.6
91103.7
83527.1
79124.7
80161
73726.7
86885.9
79192.2
80211.9
73849.1
68799.7
70788.3
64547.1
76273.7
68542.2
70833.3
64465.8
140011
144793
136794
141211
140131
144749
136683
139364
143170
135993
138726
139514
143019
138247
135923
132800
132070
129560
136056
132681
132263
143801
152055
148454
147478
148488
147461
143804
139964
141181
144690
136672
144702
136633
140045
139375
138643
143080
135793
142984
138144
139430
135889
129342
132668
131791
132631
132091
135945
126901
130846
123802
127474
126962
130781
123829
126205
129488
122316
125987
126299
129311
122711
122897
119858
118978
116615
122983
119953
118019
130235
137631
134233
133303
134262
133306
130184
126878
127423
130703
123731
130731
123807
126845
126107
125933
129314
122198
129245
122590
126154
122777
116484
119783
118806
119910
117959
122875
125509
128075
121792
124426
125275
127733
121822
124777
128590
123089
126342
125013
128409
123077
121498
118582
119611
116318
121670
118502
119601
129158
135064
131312
131781
131253
131883
128668
125421
123916
127664
121485
127162
121727
125006
124795
126311
128479
123013
128363
123051
124983
121486
116295
118488
119557
118473
119585
121605
112069
115255
109143
112668
112131
114118
109141
112524
115427
109830
112933
112500
115388
109784
109875
106708
106657
103658
109630
106900
106598
114937
120603
118202
118052
117174
118222
114858
111958
112641
115276
109146
113839
109089
111919
112473
112902
115312
109680
115347
109734
112368
109810
103585
106626
106468
106872
106532
109545
210363
196585
201817
205334
210657
196639
201365
200334
197642
196316
205609
200425
197795
196374
190422
188931
184874
194873
190325
188740
184732
174974
176549
171044
181540
174949
176409
170970
158282
160130
153537
165265
158156
160073
153432
139774
142501
134004
148269
140016
142583
134145
122007
123689
116853
129755
121871
123832
116900
104039
106779
100194
112271
104297
106958
100244
195868
199491
195817
201010
196016
199614
195646
193952
195564
195837
194445
195535
195758
193945
188886
192810
190044
194123
192839
190113
188724
177151
182307
180362
184817
182219
180382
177200
163434
168576
167005
172129
168558
166976
163457
148752
153153
152439
156699
153182
152429
148761
132344
136327
136280
139995
136280
136228
132410
114957
118211
118630
121748
118198
118586
115007
98706.5
101529
102110
104893
101493
102080
98751.3
78494
81302.8
75728.6
85162.7
78647.8
81346.1
75593
194056
195974
186112
200049
194155
196445
186848
186482
189614
190683
192726
189754
190803
186350
172494
176579
176039
179787
176530
176048
172474
158247
162757
161753
166251
162750
161773
158227
144145
148555
147624
152063
148559
147636
144140
130404
134496
133745
137888
134507
133730
130421
117045
120802
120320
124218
120805
120321
117051
104151
106977
107407
110444
106869
107406
104159
89949.8
91975.7
93524.1
95576.3
91958.3
93483.9
89974.7
71646.4
75228
69203.8
78619.2
71563.5
75247.6
69147.9
186958
192093
178519
196756
186978
192230
178566
173065
176494
179035
181543
176640
178962
173039
156544
159420
160552
163538
159421
160506
156539
141867
144535
145367
148041
144547
145387
141888
128328
130907
131632
134375
131044
131639
128290
115930
119232
118919
122233
119232
118926
115938
103445
106458
106453
109550
106467
106422
103491
92731.3
95449.4
95210
98236
95580.6
95240.4
92657.8
81693.1
83785.5
84740.9
86933.4
83766.9
84700.6
81705.7
66131.4
68681
63085.4
71921.7
66094.5
68691.9
63019.6
174729
188251
170558
189062
175315
188354
171008
164438
165900
169841
169290
165872
169797
164455
147992
150016
152287
153962
149970
152245
148026
132456
134810
135913
138289
134772
135891
132479
118645
120836
122018
124193
120806
122012
118680
105266
107453
108365
110561
107615
108352
105286
94063.8
96366.3
96928.5
99092
96324.9
96806.1
94129.1
82579.8
85022.4
85345.7
87574.2
84967.4
85294.9
82656.9
72576.4
75744.7
74810.9
77822.5
75741.6
74848.1
72541.9
60366.7
60283.3
57961.7
63574.1
60138.9
60279.8
57852.5
150966
150316
143863
156561
150554
150134
143907
133714
134716
126646
140275
133520
134541
126535
119426
118593
114458
123548
119316
118623
114055
106672
107008
101318
111611
106413
106817
101184
94546.8
94087.3
90084.8
98300.9
94550.2
93470.6
90141.7
84436.6
83614.9
79981.3
87072.6
84440.8
83654
79980.6
74405.3
73821
71427.7
76764.5
74377
73808.1
71424.7
65641
65532.4
62959.9
68014.5
65561.9
65522
62859.2
210925
196469
200733
205062
211005
196633
200507
200545
198051
196364
205944
200637
198202
196359
190197
188570
184490
195398
189988
188451
184194
174994
176132
170878
181832
174979
175740
170783
157953
159995
153236
165115
157671
159902
152962
140563
142689
134425
148408
140841
142804
134813
121697
124093
116925
130004
121789
124398
116857
104861
107258
100671
112462
104962
107626
101004
196200
199580
195477
201444
196382
199837
195521
193705
195926
195340
194602
193724
196045
195366
189269
192942
190280
194520
189278
192943
190270
177008
181894
180312
184611
177036
181864
180266
163268
168389
166816
171954
163326
168299
166734
148566
153165
152322
156601
148629
153097
152262
131894
136000
135960
139860
131998
135904
135861
114694
118134
118432
121849
114753
118107
118413
98431.3
101319
101914
104895
98492.2
101263
101886
79019.9
81401.4
75741.9
85365
79042.9
81569.8
75944.9
194318
197097
188337
201585
194281
198230
190088
187574
189842
191613
192789
187334
189817
191901
172680
176561
176193
179954
172581
176648
176358
158388
162787
161850
166294
158339
162820
161902
144080
148569
147654
152088
144119
148558
147641
130330
134515
133645
137863
130333
134487
133618
117104
120807
120336
124217
117090
120801
120348
103777
106504
107299
110028
103876
106393
107212
89829.2
91890
93336.6
95399.3
89866.6
91856.2
93283.1
71590
75201.5
69209.8
78658.8
71532.8
75162.6
69073.6
186749
192649
178027
196766
187132
193358
178288
173810
177677
179149
182698
173337
178218
179589
157132
160366
160749
164980
156736
160817
161232
142137
145243
145435
149232
141895
145620
145679
128666
131609
131765
135046
128562
131725
131890
115733
119197
118929
122187
115833
119134
118867
103457
106718
106283
109695
103397
106790
106263
93244.7
95944.2
95639.5
98745
93124.3
95962
95749
81634.6
83714.4
84655.3
86807.7
81660.1
83685.8
84634.5
66129.5
68473.4
62787.3
71822.4
65776.2
68039.8
62392.8
175840
187048
171090
188250
176385
187291
171362
164514
165907
170045
169955
164471
166008
170268
147548
149751
152011
153705
147690
149658
151913
132115
134567
135696
137957
132240
134471
135587
118404
120663
121958
123989
118445
120661
121796
105370
107704
108373
110617
105388
107675
108343
93616.4
95994.4
96517.8
98666.5
93753
95872.2
96413.2
82120.6
84839.8
84914.6
87148.6
82185.9
84837
84783.4
72433.7
75569.6
74806.6
77761.9
72519.2
75428.2
74732
60129.5
60245
57785.7
63212.2
60078.5
60187.2
57567.9
149752
149253
143653
155769
148935
149560
143549
133111
134301
126255
138657
132531
134036
125957
118926
117709
113452
122731
118369
116900
113203
106042
106830
101013
110842
105851
107078
100911
94572.4
93252.9
90137.3
97771.6
94572.8
93275.5
90240.4
84422.1
83724
79968.9
87147.2
84375.2
83793.7
79971
74342
73815.7
71430.9
76663.6
74297.6
73819.5
71420.5
65594.8
65544.9
62957.6
67936.3
65513.9
65590.4
62901.7
210934
196544
200412
205365
210748
196998
200520
200751
198272
196315
206178
200800
198335
196298
189762
188333
183821
195356
189481
188290
183401
174985
175306
170662
182148
174919
174968
170469
157362
159787
152602
165085
157151
159626
152172
140942
142853
135360
148426
140842
142696
135782
121935
124715
116943
130290
121869
124952
117047
105116
107892
101468
112619
104895
108046
101577
196662
199832
195529
202074
196943
200313
195731
193581
196195
195194
194886
193589
196257
195284
189145
192934
190177
194728
189174
192927
190167
176818
181619
180102
184401
176873
181567
180046
162981
167973
166408
171591
163059
167857
166263
148281
152779
152082
156476
148351
152686
152016
131894
135762
135690
139769
131823
135762
135688
114827
118208
118588
122281
114682
118325
118744
98785.7
101602
102127
105422
98551.6
101750
102335
79430.6
81872.3
76430.7
85789.8
79383
82272
76626
194268
199215
191214
201250
194415
200187
191983
187910
189633
192221
192811
187857
189598
192393
173100
176806
176823
179916
173046
176764
176844
158527
162897
162073
166426
158506
162909
162107
120369
124075
120368
117110
120747
117128
120680
103425
106128
106961
109700
103504
106069
106888
89670.7
91769.7
93116.2
95246.5
89710.3
91753.8
93067.3
71683.1
75082.2
69092.9
78696.5
71532
74795.6
68818.5
187416
193349
178537
197530
187959
194007
178989
175587
179518
180408
184588
175211
179867
180854
158564
161794
162479
166280
158315
162016
162742
142924
146269
146517
150094
142825
146345
146663
106298
109614
106348
103671
106930
103632
106997
93221.2
95864.4
95989.9
98750.4
93263.2
95792.8
95990.8
81415.7
83572.7
84510.9
86619.8
81496.1
83508.8
84439.9
65617.5
67604.2
62346.6
71087.2
65403.6
67337
62101.5
176567
187305
171470
187858
176658
187619
171694
164483
166188
170488
170533
164483
166328
170635
146968
149553
151450
153711
147092
149606
151288
131497
134270
135057
137705
131631
134224
134913
120605
123701
120569
118262
121431
118299
121353
107530
110507
107473
105167
108232
105236
108182
98247.9
93091.6
95526.7
96061.9
93209.1
95427.6
95946.5
81924
84748.8
84469.8
87033.5
81980.4
84688.4
84395
71954.5
74764.7
74423.4
77015.8
72082.2
74559
74318.5
60250.8
60150
57602.5
63160.1
60182.8
60120.9
57473.4
147958
149219
143172
153539
147434
149800
143000
131815
133732
125594
137446
131165
133368
125308
117968
116339
113044
121306
117799
116227
113022
105934
107202
100776
110501
106083
107277
100677
94566
93250.8
90268.5
97565.4
94539.4
93259.3
90295.5
84329.4
83892.2
79978.1
87112.3
84286.5
83965.1
79980.4
74279.6
73853.7
71442.6
76591.7
74271.2
73891.9
71445.5
65575.8
65694.5
63112.3
67880.2
65476.7
65753.9
63045.3
210476
197242
200615
205511
210099
197853
200757
200859
198373
196339
206370
200919
198381
196398
189125
188366
182930
194880
188689
188403
182532
174850
174571
170200
182186
174761
174292
169884
157123
159471
151790
165165
157016
159343
151573
140824
142359
135901
148744
140772
142103
135910
121832
125100
117108
130496
121736
125184
117091
105045
108068
101793
112856
104829
107968
101727
197169
200489
195864
202590
197529
200961
196086
193548
196234
195340
195295
193520
196324
195455
189021
192892
190147
194653
189064
192865
190115
176586
181413
179882
184340
176632
181363
179832
162664
167523
165824
171183
162736
167397
165725
148030
152521
151765
156515
148090
152472
151668
132053
135820
135760
139840
132028
135807
135752
115641
118792
119396
123133
115490
118908
119532
99654.8
102228
103077
106175
99464.6
102364
103220
79663.2
82503
76928.8
86165.9
79556.3
82614.4
76944.7
194588
200400
192307
201698
194853
201005
192308
187939
189521
192616
192920
187937
189526
192740
172956
176554
176711
179648
173005
176494
176653
158522
162910
162096
166374
158539
162895
162072
148428
147520
143878
143903
151986
148406
147528
134203
133285
130100
130052
137559
134178
133282
120247
116962
120512
123858
116993
120481
120207
103354
106103
106778
109757
103296
106176
106795
89696.7
91900.3
93002.6
95459.6
89660.4
91996.9
93065.3
71734.2
74504.6
68894.2
78594.4
71640.9
74350.7
68739.3
188248
194149
179356
198227
188503
194729
179982
176407
180557
181539
185459
176251
180696
181782
159236
162559
163331
167031
159125
162626
163490
142922
146258
146842
150169
142933
146231
146849
131103
131746
128480
128343
134697
131007
131725
118310
118011
114884
114909
121241
118395
117994
106466
103757
106939
109833
103758
106933
106492
92805.3
95513.9
95731.7
98371.1
92961.5
95414.5
95581
80799.9
83200.9
84086.8
86222.9
80975.6
83072.7
83893.5
65490.7
67203.8
62275
70717.6
65331.2
67108.3
62080.1
176456
187483
171736
188047
176191
187834
171894
164501
166831
170681
170943
164475
167015
170805
146695
149733
150963
153835
146731
149775
150864
131148
134131
134589
137625
131215
134098
134527
120508
118093
121199
123603
118140
120482
121152
107282
104856
107991
110308
104928
107225
107929
92754.5
95191.9
95648.3
97879
92819.9
95149.7
95571.8
81725
84473.5
84260.4
86791.3
81760.7
84413.2
84240.4
71716.3
74095.5
74163
76334.2
71727.6
73985.4
74148.2
60342.7
60156
57685.5
63103.9
60193.4
60160.7
57570.4
147022
149603
142757
152197
146953
149873
142590
130712
133131
125040
137155
130470
133013
124902
117723
116141
112949
120851
117694
116152
112858
106171
107270
100585
110400
106167
107244
100540
94505.9
93257.7
90293.6
97416.3
94482.9
93253.7
90231.8
84266.5
84108.6
80034.7
87063.4
84238.6
84159.8
80057.6
74300.4
73970.5
71477.6
76578.5
74350.9
74003.7
71439.2
65563.7
65861.1
63289.4
67874
65423.4
65895.7
63193.4
209645
198136
200844
205321
209321
198887
200900
200886
198256
196495
206932
200983
197923
196701
188374
188382
182292
194577
188137
188334
182147
174632
174133
169625
181950
174590
174039
169508
156902
159232
151438
165253
156775
159131
151320
140686
142011
135876
148824
140596
141952
135826
121665
125233
117144
130527
121666
125225
117225
104902
107925
101835
112870
104720
108036
101725
197481
200898
196176
202965
197857
201425
196432
194123
196801
195741
196066
193840
197035
195920
188473
192571
189924
194273
188685
192472
189843
176524
181217
179708
184634
176516
181209
179700
162484
167096
165520
170798
162508
167045
165481
147863
152342
151419
156548
147880
152287
151390
132098
135837
135531
139997
132080
135827
135495
116034
119210
119714
123635
115959
119254
119755
100152
102683
103532
106578
100082
102730
103604
79724.5
82669
77179.1
86206.4
79623.4
82707.3
77205.6
195106
200674
191886
202191
195792
200822
191363
187798
189567
192823
193046
187850
189600
192928
172986
176483
176633
179774
172955
176502
176664
158470
162819
162039
166273
158480
162791
162044
143958
148347
147542
151887
143959
148327
147531
130043
134136
133326
137565
130008
134146
133361
116905
120445
120118
123805
116905
120445
120117
103486
106337
106860
109911
103466
106372
106879
89840.8
92230.4
93180.5
95712.4
89820.1
92264.3
93204.1
71816
74278.2
68897.1
78604.2
71721.3
74260.8
68855.6
188494
194470
180529
198262
188672
194928
180941
176759
180723
182101
185379
176694
180679
182292
159335
162680
163631
167116
159316
162715
163666
142906
146239
146840
150223
142900
146291
146849
128269
131365
131732
135053
128246
131470
131757
115128
118492
118088
121510
115046
118580
118158
103814
106936
106583
109838
103797
106950
106611
92398.3
95196.7
95332.3
98181
92448.6
95159.8
95299.8
80400
82813.5
83534.9
85913
80458.4
82764
83481.2
65474.7
67014.8
62232.2
70495
65391.6
66898.9
62072.6
175804
187553
171802
188729
175778
188235
172061
164584
167384
170855
171779
164551
167480
170955
146596
149833
150673
153788
146641
149808
150643
130933
134005
134381
137497
130980
133978
134341
117896
120404
121001
123482
117939
120385
120956
104605
107100
107739
110148
104658
107089
107682
92673.7
95155.6
95421.7
97765.6
92662
95217
95404.2
81800.2
84319.7
84266.7
86759.6
81756
84366.4
84307.3
71726.5
73909.6
74145.5
76217.5
71727.4
73908.8
74154.6
60279.7
60185.1
57841.6
62859.8
59939.1
60139
57814.6
146761
149626
142476
151940
146769
150049
142240
130458
132892
124867
136981
130521
132879
125007
117679
116238
112748
120665
117779
116277
112585
106073
107162
100511
110510
106064
107040
100534
94479.1
93294.4
90143.9
97261.6
94596.5
93279.2
89975.3
84169.9
84299.2
80166.3
87089.9
84101.3
84389
80261.6
74355.3
74042.8
71445
76563.6
74370.1
74086.5
71308.4
65464.7
65977.3
63372
67867.1
65296.2
66020.1
63227.3
192322
195757
192044
194494
195727
192049
192333
193282
195342
191284
194273
195199
191251
193402
191252
188687
188482
185902
188729
188559
191388
193883
194501
195769
195602
195653
195652
193832
192258
194548
195647
191957
195701
192007
192198
193083
194088
194920
191029
195048
191157
192904
191036
186008
188687
188545
188736
188590
190839
186752
191348
185175
188741
191285
185106
186617
184434
186652
180551
183216
186688
180516
184388
182073
179379
177569
174497
179503
177539
182031
189100
194224
192902
190260
192882
190203
189238
186891
188719
191150
184930
191213
185023
186952
184521
183205
186772
180579
186745
180513
184605
182165
174504
179700
177592
179629
177537
182280
173496
178657
170664
175552
178657
170630
173511
172144
175611
167402
170814
175616
167377
172150
168635
165302
163716
160344
165265
163707
168670
177106
184753
181972
180354
182041
180377
177068
173473
175518
178680
170544
178657
170583
173456
172134
170792
175637
167365
175630
167357
172132
168590
160335
165190
163705
165219
163698
168564
159492
164808
156310
161013
164797
156305
159489
158152
161794
153195
156670
161782
153202
158151
154518
150942
149488
146080
150939
149509
154519
163410
172107
168466
166883
168519
166935
163375
159481
160987
164758
156266
164783
156289
159461
158147
156674
161733
153216
161760
153213
158133
154509
146088
150920
149522
150931
149519
154493
144689
148662
140821
144665
148659
140793
144717
143862
147396
139181
142463
147383
139169
143876
140440
136527
135630
132180
136510
135611
140447
148726
156687
153205
152370
153206
152406
148684
144633
144630
148611
140674
148645
140742
144558
143839
142456
147337
139117
147363
139147
143809
140425
132151
136447
135550
136482
135583
140403
127606
130875
123468
126505
130873
123393
127679
128657
132898
124848
128476
132892
124836
128653
124715
120356
120976
117246
120331
120970
124731
132232
139978
136099
136062
136199
136154
132112
127514
126505
130862
123231
130875
123307
127426
128664
128455
132808
124809
132868
124821
128633
124634
117228
120103
120991
120235
120984
124502
110299
113360
106756
109472
113347
106709
110326
112063
116261
109619
113391
116168
109524
112126
107906
103973
105503
101671
103937
105445
107944
114892
121772
118153
118473
118184
118529
114820
110265
109350
113309
106550
113337
106639
110221
111980
113260
115939
109303
116055
109415
111892
107850
101615
103821
105290
103887
105371
107784
94113.7
96692.5
90797.9
92149.1
96669.3
90702.5
94158.4
96127
99934.8
94074.4
97690.2
99903
94051.4
96152.8
92161.7
88372.8
90190.7
86867.4
88309.9
90169.9
92182.2
98646.2
104888
101363
101968
101453
102032
98568.5
94075.2
92160.2
96674.5
90480.5
96673.3
90644.8
94027.7
96092.3
97659.1
99815.4
93998.4
99863.5
94028.8
96045.3
92127.9
86889.8
88207.5
90132.8
88315.5
90154.3
92086.4
183077
186369
179478
182981
186440
179492
183013
183073
186114
177838
182779
186330
178203
182794
179416
175251
174305
170828
175453
174603
179188
186585
192724
189940
191485
189877
190998
186985
183143
182973
186729
179641
186526
179532
183343
183446
183114
187542
179395
186812
178687
183946
179735
171261
176038
175717
175742
175084
180104
168945
173281
165359
169827
173227
165372
168931
167988
171586
162932
167029
171750
163166
167869
164310
160522
159188
155672
160618
159425
164217
172497
179725
176497
176093
176487
176056
172521
168953
169806
173197
165401
173195
165385
168973
168183
167459
172212
163991
171983
163567
168377
164485
156052
160955
160188
160789
159808
164657
154700
159142
151196
155678
159159
151215
154678
153406
156887
148049
151953
156982
148283
153313
149885
146350
144488
141262
146404
144694
149810
158269
166231
162759
161815
162747
161794
158298
154722
155703
159200
151261
159180
151238
154747
153569
152344
157317
149080
157147
148673
153741
150029
141608
146685
145501
146526
145069
150192
140615
144935
137197
141433
144934
137191
140613
139641
142933
134839
137955
142962
134884
139628
136358
133116
131917
128996
133119
131926
136361
144147
152076
148573
147654
148568
147647
144141
140602
141439
144941
137143
144939
137173
140572
139700
138259
143179
135383
143048
135108
139785
136373
129016
133084
132144
133110
132038
136389
127023
131040
123727
127686
131049
123712
127046
126506
129799
122800
125942
129796
122800
126516
123180
119808
119564
116341
119854
119568
123181
130377
137899
134528
133676
134522
133705
130346
126990
127701
131064
123683
131064
123692
126964
126482
125934
129742
122759
129776
122786
126449
123157
116375
119830
119538
119856
119562
123120
113785
117300
110608
113870
117311
110604
113790
113366
116475
109880
113057
116551
109916
113272
110300
107289
106908
104114
107316
106968
110227
117052
124235
120813
120321
120814
120316
117070
113798
113859
117319
110622
117315
110607
113815
113409
113090
116576
110034
116581
109990
113432
110343
104194
107400
107106
107355
107045
110383
100682
103156
97178.2
99338.7
103075
97100.9
100784
101415
104367
98520.8
101354
104382
98564.8
101402
98220.9
94934.6
95671.6
92478.7
94818.7
95700
98285.8
104072
110381
106622
107376
106745
107420
103976
100577
99277.1
102880
96943.3
102980
97020.9
100474
101390
101428
104468
98675.6
104417
98642.2
101320
98123
92401.6
94641.2
95581.3
94723.1
95647.2
98030.2
86409.6
88332.2
83159.3
84703.6
88318.4
83129.7
86439
87870.9
91361.8
85856.1
89175.4
91316.4
85831.7
87897.2
84495.3
81085.2
82580
79417.2
81042.7
82554.4
84501.1
89928.3
95539.3
91915.8
93388.9
91941.9
93438.7
89896.2
86388.8
84743.3
88304.5
83114.4
88316.2
83167.3
86365.1
87844.4
89125.9
91220.5
85779.2
91268.9
85809.7
87812.5
84485.8
79450.9
81030.2
82511.8
81095.8
82537.5
84471.3
168709
172070
164554
167747
172164
164496
168756
170609
174826
168009
173135
174630
167998
170630
166375
162172
164075
159994
162130
164034
166418
173011
181563
177260
179210
176841
178955
173155
168642
167936
172844
164542
172401
164440
168767
170503
173050
174401
167909
174443
167927
170458
166303
159935
162016
163921
162068
163974
166259
152726
155478
148961
151655
155475
148987
152700
154111
158092
152076
155994
158058
152028
154139
150260
146545
148150
144344
146509
148117
150299
156530
163675
159866
160508
159530
160465
156551
152741
151736
155897
149029
155568
149023
152753
154087
155939
157973
151935
158017
151981
154064
150244
144286
146497
148021
146495
148071
150232
138402
141100
135040
137755
141133
135023
138429
139310
142867
137046
140599
142845
137014
139323
135811
132409
133463
130026
132379
133448
135834
141866
148107
144834
145399
144612
145408
141855
138389
137825
141369
134990
141197
135006
138373
139295
140544
142844
136923
142826
136971
139302
135770
129995
132271
133372
132333
133415
135729
125023
127723
121750
125012
127816
121813
124936
125582
128962
123151
126545
128934
123136
125585
122286
118889
119745
116457
119017
119736
122273
128375
134454
131386
131663
131186
131641
128445
125115
125128
128235
122024
127984
121915
125204
125561
126514
128812
123106
128887
123125
125527
122303
116510
119130
119752
119111
119752
122309
112773
115999
109576
112772
116049
109557
112740
112952
115886
110191
113163
115899
110223
112929
109906
106886
107315
104449
106845
107265
109939
115923
122255
119226
118950
119232
118949
115892
112768
112836
116093
109450
116078
109508
112728
112967
113237
115981
110212
115969
110246
112940
109868
104325
106673
107088
106762
107211
109769
100569
103549
97834.8
100835
103572
97834.6
100589
100826
103782
98502
101357
103732
98462.1
100854
97946.1
95223.2
95598.5
92795.8
95198.9
95567.1
97977.7
103404
109582
106613
106323
106514
106373
103378
100573
100981
103815
98021.1
103676
97886.5
100613
100754
101257
103591
98296.4
103662
98383.1
100689
97893.4
92743.8
95195.6
95412.1
95178.6
95505.8
97862.9
90217
92855
87524.5
90032.3
92909
87565.7
90094.6
89988.8
92541.7
87470.5
90023.9
92522.1
87424.3
89979.3
87540
84919.9
84942.1
82577
85020.2
84929.2
87462.1
92861.7
98361.5
95846.3
95518.5
95708
95382.1
92989.8
90320.1
89994.6
92999.9
87570
92993.1
87570.5
90405.5
90098.9
89951.8
92639.8
87467.1
92543.4
87408.2
90202.8
87636.9
82687.6
85136.1
85091.9
85102.6
85014
87756.3
78685.1
80655.3
75786.3
77419.6
80645.2
75747.4
78705.4
79640.7
82374.2
77563.2
80132.3
82372.6
77564.4
79651.9
76804.4
73910.5
74833.8
72126.2
73872
74827.7
76823
81690.7
86896.7
83727.1
84667.3
83751.8
84681.6
81674.8
78673.8
77476.9
80625.7
75747.2
80633.9
75810.8
78665.7
79642.1
80167
82377.7
77555.7
82374.7
77569.4
79630.7
76790.3
72185.6
73862.6
74806.9
73929.3
74825.7
76778.6
160656
162112
156575
158120
162096
156535
160682
163111
167256
160898
162506
167181
160861
163126
158903
154978
156703
152483
154916
156624
158947
164432
169249
165894
170016
165858
169847
164475
160621
158072
162055
156397
162070
156472
160590
163116
162541
167405
160758
167251
160799
163120
158863
152289
154666
156247
154805
156461
158835
143754
145953
139888
142130
145907
139846
143800
145889
149879
143653
147964
149824
143549
145946
140931
137645
138575
134764
137606
138492
140996
147918
153906
149836
152103
149908
152183
147815
143680
142073
145758
139675
145843
139775
143578
145771
147801
149645
143102
149746
143331
145614
140832
134637
137398
138120
137523
138310
140692
128900
131168
125605
127781
131150
125585
128915
130143
132963
127537
130154
132944
127513
130173
126263
123610
123731
121054
123579
123711
126279
132412
138230
134651
135784
134722
135849
132342
128878
127745
131046
125483
131106
125547
128835
130098
130082
132870
127428
132914
127462
130020
126262
120983
123458
123639
123539
123659
126253
115098
117277
111779
113988
117248
111754
115107
116638
119463
114348
117264
119465
114323
116666
112552
109874
110305
107446
109829
110254
112576
118598
124169
120715
122002
120773
122013
118529
115069
113974
117182
111640
117221
111686
115021
116589
117322
119501
114207
119493
114266
116499
112542
107341
109601
110067
109740
110150
112530
102305
104654
99543.6
102169
104691
99585.1
102206
103358
105991
101391
103607
106005
101329
103447
100095
97536.4
97873.2
95242.7
97598.8
97777.5
100210
105343
110639
107728
108384
107702
108381
105379
102355
102083
104644
99598.9
104699
99621
102365
103316
103559
105869
101097
105967
101188
103288
99980.5
95203
97756.1
97577.1
97702
97617.7
99917
91137.6
93346.8
88426.7
90587.4
93323.7
88383.1
91164.9
92109
94043.6
89705.5
91691.3
94071.8
89783.1
92168.3
88862.7
86780.1
86749.3
84503.9
86730.8
86701.7
88910.3
93980.8
98988
96116.1
96610.5
96226.5
96706.9
93884.6
91068.2
90500.9
93129.8
88165.9
93240.2
88290.8
90955.9
92044.5
91692.7
94038.6
89754.2
94068.1
89777.3
91973.4
88792.8
84453.5
86564.4
86578
86661.3
86635.7
88700.4
79843.2
82344
77390.6
80184.6
82269.3
77369.7
79921.1
80844
82922.3
79029
80742.9
82872.4
78997.4
80893.5
77718.7
75850
75848.4
74102.2
75800.2
75822.3
77781.8
82449.8
87474.9
84821.1
85055
84869.2
85189.4
82307.9
79745.7
80254.6
82326
77439.7
82280.9
77409.9
79673.7
80753
80705.7
82676.4
78869.3
82784.1
78942.8
80637.1
77636.2
74058.4
75667.1
75755
75732.6
75795
77554.2
69879.2
73037.2
67575.5
70337.1
72972.9
67535
69861.4
70704.5
72518.6
69197.3
70838.5
72494.3
69188.3
70749.1
67754.6
65794.2
66279
64374.6
65762.2
66272.4
67804.3
72601
77876.3
75660
74852.9
75718
74869.9
72575.5
69890.6
70288.3
72809
67438.3
72906.2
67527.6
69862.3
70651.3
70848.4
72432.5
69149.5
72466.1
69179.1
70613.4
67707.4
64438
65679.5
66255.8
65749.3
66268.5
67659.9
192171
195563
191904
194676
192169
195484
191854
192601
194672
190866
193821
192716
194586
190771
190544
188618
188474
185981
190677
188548
188393
193654
194563
196181
195307
196105
195259
193639
192163
194682
195444
191761
195441
191804
192162
192494
193707
194436
190601
194437
190662
192434
190433
185903
188412
188226
188478
188309
190348
186925
191091
184837
188660
186952
191045
184751
184713
186763
180677
183243
184682
186706
180761
182456
179713
177667
174749
182386
179705
177734
189240
194606
192931
190200
192943
190234
189206
186887
188640
190967
184602
191000
184673
186845
184713
183201
186606
180763
186655
180786
184692
182480
174807
179643
177798
179680
177778
182462
173411
178679
170493
175341
173436
178669
170426
172126
175641
167382
170858
172131
175639
167400
168522
165161
163709
160307
168544
165126
163710
176973
184537
181717
180159
181783
180214
176929
173368
175230
178559
170269
178618
170350
173299
172113
170888
175605
167426
175626
167417
172092
168493
160285
165017
163693
165078
163705
168454
159401
164728
156239
160886
159434
164684
156210
158058
161696
153207
156628
158103
161646
153186
154435
150901
149518
146057
154468
150877
149504
163203
171868
168084
166530
168196
166639
163133
159365
160857
164589
156152
164644
156181
159325
153101
158000
156585
161499
161581
153150
157936
149416
154393
146030
150814
150847
149468
154346
144383
148562
140588
144428
144473
148492
140499
143728
147306
139080
142379
143772
147275
139038
140319
136409
135512
132063
140369
136359
135470
148497
156566
152893
152142
153005
152202
148424
144296
144347
148323
140364
148415
140422
144210
138948
143676
142339
147183
147234
138993
143618
135386
140252
132026
136208
136291
135427
140164
127304
130882
123182
126546
127353
130895
123172
128437
132695
124801
128482
128556
132571
124793
124237
119975
120943
116922
124366
119860
120847
131814
139831
135761
135718
135825
135776
131787
127294
126623
131021
123314
130960
123217
127323
128315
128465
132345
124679
132453
124756
128207
124130
116811
119716
120646
119769
120743
124053
110153
113306
106458
109096
110182
113298
106376
111735
115836
109196
112883
111807
115750
109098
107672
103757
105208
101429
107723
103700
105132
114652
121923
118131
118484
118112
118428
114640
110151
109214
113385
106325
113336
106319
110191
111682
112784
115670
108950
115692
109015
111654
107642
101379
103646
105016
103661
105067
107638
94030.3
96749.9
90417.7
92525.9
94010.7
96820.5
90370.7
95965.6
99775
93970.9
97533.4
96005
99743.1
93941.6
92049.3
88215.1
90105.4
86814
92060
88140.4
90090.1
98401.2
105006
101395
101984
101281
101910
98424.5
94108.2
92763.8
97120.6
90721.6
96967.3
90533
94245.3
95951.1
97495.3
99750.1
93898
99732.9
93915.8
95953.9
92059.1
86856.4
88144.8
90063.9
88177
90068.4
92098.7
184077
186779
179859
183376
183733
186792
180179
185155
188155
180086
185400
184449
188987
180745
180965
176319
176305
172724
180492
176631
176830
187688
192721
189696
192175
189731
191960
187811
184271
183377
186727
180574
186771
180441
184399
185761
186016
190244
181807
189636
181270
186261
181505
173084
177380
177704
176984
177275
181976
169089
173238
165441
169910
169023
173300
165499
168695
172417
164382
168729
168540
172626
164705
164928
161093
160545
157027
164801
161214
160838
172805
180018
176809
176736
176745
176560
172931
169169
169971
173407
165649
173363
165571
169253
168863
169032
173125
165197
172865
164967
169045
165055
157241
161437
161262
161328
161069
165186
154812
159223
151283
155748
154779
159242
151299
154004
157456
149427
153320
153884
157575
149697
150446
146826
145852
142573
150335
146918
146112
158436
166338
162879
162023
162852
161964
158477
151294
154838
155753
159260
159255
151305
154851
154104
153523
157775
150035
157682
149894
154183
146953
150524
142696
146397
146959
146287
150570
140455
144932
137100
141407
140523
144910
137045
139859
143295
135590
138973
139845
143360
135740
136340
133042
132206
129046
136381
132990
132217
148535
147583
143971
144026
152087
148545
147616
144837
136896
140261
140365
141369
144877
136977
143297
136092
139721
139809
138881
143353
135755
132864
132202
136175
136262
129016
132928
132140
126959
131046
123695
127665
126954
131011
123719
126367
129696
122719
125814
126407
129648
122665
123012
119801
119497
116338
123073
119771
119397
134404
133553
130323
130331
137823
134448
133595
130908
123761
126959
126971
127628
130964
123750
129536
122487
126299
126328
125770
129595
122664
119840
119028
122957
122974
116667
119787
119502
113868
117332
110648
113707
113838
117339
110624
113482
116568
110063
113059
113457
116566
110093
110453
107455
107167
104449
110420
107519
107229
120356
117120
124196
120783
120793
120355
117130
113914
113617
117239
110525
117297
110578
113930
116584
113503
113084
110163
116578
110152
113519
110483
104543
107503
107309
107528
107284
110501
100281
102781
96868.2
99071.5
100375
102687
96794.7
101169
104456
98650.9
101677
101245
104413
98609.8
97862.1
94568
95520.4
92224
97944
94499.3
95460.9
103681
109922
106202
107040
106291
107125
103589
100190
99005.4
102523
96652.8
102600
96722.8
100105
101091
101663
104290
98490.9
104357
98556.2
101011
97782
92168.9
94364.1
95331.1
94432.1
95398.7
97701.2
86318.1
88289.2
83143.2
84667.8
86336
88267.8
83089.2
87749
91171.7
85750.8
88992.9
87783.7
91122.9
85716.4
84422.3
81063.9
82479.3
79356.8
84434.9
81010.3
82457.6
89792.3
95349.4
91789.5
93171.4
91824.5
93227.4
89749.4
86284.7
84698.1
88237.4
83052.6
88249.6
83108.8
86259.2
87716.4
88947.1
91018.9
85643.2
91071.8
85683.9
87677.9
84391.3
79364
80953
82387.1
81021.3
82420.2
84366.4
169531
173295
164808
169234
169022
173770
165318
170573
174130
167832
173086
170407
174330
167890
166392
162010
163851
159797
166252
162141
163834
174285
183139
179143
180228
178657
179768
174813
170096
169670
174638
166291
174216
165862
170609
170819
173088
174973
168127
174448
167930
171262
166698
159832
162938
164077
162467
163871
167174
153178
156393
149082
152960
152855
156837
149346
154115
157968
151893
155816
154051
158074
151862
150245
146484
147974
144128
150208
146505
147933
157605
165403
161539
162153
161217
161750
157997
153612
153320
157512
150076
157215
149741
153981
154359
155850
158825
151973
158375
151874
154775
150449
144110
146977
148017
146663
147930
150821
138665
141742
135035
138575
138412
142071
135246
139275
142851
136873
140385
139276
142859
136818
135667
132226
133336
129854
135684
132267
133295
142426
149564
146134
146304
145922
146020
142660
135529
138884
138740
142485
142320
135419
139059
139428
140368
143196
136867
142987
136784
139566
132376
135812
129869
133299
132339
133292
135920
125328
128380
122083
125296
125280
128429
122089
125517
128748
123121
126423
125538
128800
123122
122245
119119
119752
116498
122296
119063
119735
131750
132005
128790
128738
135013
131650
131977
128337
121952
125327
125344
125205
128332
122049
128754
123109
125267
125439
126420
128808
123119
118723
119635
121895
122130
116412
118925
119678
112531
116099
109384
112864
112650
116081
109308
112710
115953
110104
113100
112867
115859
110016
109541
106598
106976
103970
109639
106548
106878
118836
118609
115394
115591
122066
119040
118764
116000
109210
112272
112404
113178
116181
109259
115519
109883
112514
112577
113032
115674
109945
106582
106721
109514
109504
103878
106546
106794
100839
103912
98166.1
101314
100717
103989
98270.2
100638
103531
98208.2
100964
100643
103495
98130.8
97865.7
95248.1
95313.9
92572.9
97851.9
95345.8
95234.6
106283
103530
109772
106912
106862
106271
103592
100938
101395
104122
98421.1
104061
98356.2
100995
103526
100655
100883
97987.3
103494
98058.9
100687
97910.1
92577
95457.7
95117.1
95416
95169.7
97980.7
90457.5
92993.5
87568.9
89903
90440.2
92975.1
87560.7
90403.1
92738.3
87512.8
89953.2
90301.1
92818.1
87568.2
87864.4
85161.2
85190.5
82794.4
87834.5
85166.6
85272.2
93281.1
98840.1
95918.6
95936.5
95951.4
95846.3
93283.4
90454.2
89868.5
92904.7
87510
92946.2
87542.8
90433.7
90515.8
89961.1
92927.3
87619
92883
87605.6
90583
87882.9
82787.1
85135.1
85292.6
85158.6
85305.8
87881.9
78611.7
80593.8
75783.9
77394.2
78637.2
80579
75721.6
79592.9
82377.4
77529.2
80157.8
79620.6
82365.9
77482.8
76716.2
73866.4
74762.5
72016.4
76747.6
73770
74710.2
81603.9
86773.9
83618.7
84565.5
83658
84605.2
81557.4
78565.8
77386.7
80505.6
75627
80541.8
75714
78512.4
79552.4
80121.6
82299.5
77333.3
82340.6
77422.6
79491.8
76656.6
71898.6
73562
74455.5
73707.2
74621.6
76586.4
160520
162035
156303
157904
160558
162014
156204
163003
167328
160598
162700
163033
167497
160546
158621
154479
155855
151401
158769
154280
155589
164503
170048
166127
170507
166035
170315
164515
160482
157846
162017
155996
161993
156100
160439
162892
162645
167569
160329
167464
160411
162801
158360
150965
153741
154963
154030
155234
158047
143310
145658
139544
141762
143452
145545
139384
145194
149511
142753
146858
145417
149360
142437
140315
137234
137819
134041
140517
137035
137531
147396
153640
149518
151662
149570
151802
147238
143155
141637
145358
138999
145434
139198
142990
144929
146387
148700
141691
149068
142032
144644
140094
133716
136490
136790
136788
137142
139865
128667
130974
125390
127543
128769
130889
125270
129727
132811
127294
129812
129899
132718
127161
126009
123315
123517
120499
126216
123109
123364
131960
137858
134322
135232
134379
135445
131788
128458
127473
130705
124999
130791
125130
128282
129490
129473
132201
126546
132492
126865
129235
125734
120215
122701
122819
122905
123079
125450
114992
117199
111688
114055
114994
117202
111726
116261
119336
114061
116881
116359
119137
113905
112446
109538
110069
106887
112490
109570
110082
120641
118364
123916
121537
120652
121660
118338
117176
115029
114069
111799
117188
111784
115016
116147
116623
118605
113631
118899
113721
116073
112416
106827
109771
110096
109630
110040
112407
102304
104595
99552.3
101773
102343
104542
99496.9
103308
105715
100964
103191
103323
105637
100970
99857.5
97742.5
97507.2
95292.8
99886.3
97699.8
97492.3
107586
105335
110602
108271
107635
108304
105293
104428
102255
101683
99330
104489
99421.2
102194
103278
103048
105570
100897
105592
100912
103242
99820.2
95257.3
97588.2
97421.1
97647.8
97445.9
99771
90677.8
93003.2
88022.8
90164.9
90820.4
92870.8
87874.6
91777.7
93984.5
89685
91636.7
91882.7
93909.1
89617
88492
86453
86511.2
84158.4
88597.7
86341.8
86434.9
93470.9
98558.6
95634.3
96179
95750.4
96295.9
93335.2
90540.5
90069.9
92619.9
87599.5
92739.5
87733.3
90407.2
91673.9
91595
93732.7
89451
93823.3
89531.3
91569.3
88380.9
84040.1
86128.3
86271
86232.4
86356.6
88266.3
79581.3
82355.1
77434.7
80369.6
79626.5
82360.7
77401.4
80429.4
82566.7
78798.5
80517.4
80526
82459.3
78724.7
77423.4
75627.1
75731.5
73930.3
77483.9
75597.2
75699.7
82075.9
87110
84794.3
84560.5
84821.1
84665.8
82031.1
79531.6
80293.8
82280.2
77278.9
82336.5
77349.1
79472.5
80348.9
80449.3
82260.6
78603.8
82356.2
78662.5
80284.5
77371.4
73908.5
75555.9
75658.1
75573
75681.6
77327.3
69695.1
72658.8
67389.6
69737.7
69795.9
72474.3
67276.5
70544.1
72396.5
69139.3
70846.4
70580
72359.3
69113.7
67586.4
65656.4
66259.4
64458
67619.8
65591
66244.2
72331.8
77623
75002.8
74532.8
75237
74637.6
72213.7
69575.8
69576.1
72029
67091.9
72234.5
67210.8
69444.3
70510.6
70843.6
72278.4
69081.1
72318.2
69100.1
70479.7
67554.7
64450.6
65537
66208.7
65590
66227.2
67520.4
192162
195476
191726
194665
192154
195564
191707
192340
194346
190532
193747
192369
194404
190496
190217
188348
188143
185633
190274
188291
188065
193555
194903
196296
195407
196258
195249
193550
192176
194650
195824
191720
195669
191705
192208
192305
193712
194496
190434
194375
190454
192298
190168
185547
188205
187921
188241
187989
190139
186759
190934
184538
188609
186801
190912
184480
184614
186558
180711
182982
184657
186512
180642
182362
179596
177785
174810
182419
179541
177740
189121
194742
192915
190167
192924
190167
189095
186717
188590
190875
184384
190886
184429
186674
184567
182905
186448
180490
186474
180566
184517
182295
174760
179415
177583
179479
177670
182218
173128
178475
170181
174855
173216
178391
170079
172023
175576
167428
170913
172061
175541
167422
160192
168355
164950
163676
168407
164879
163656
176764
184364
181469
179935
181508
179990
176694
173051
174708
178202
169875
178297
169974
172974
171979
170896
175458
167392
175500
167410
171928
160164
168297
164724
163614
164801
163635
168232
159245
164551
156125
160822
159285
164493
156100
153046
156421
152995
157815
161409
157875
161318
149355
145923
149310
154254
150781
154299
150748
162898
171518
167633
165945
167755
166101
162815
159207
160899
164379
156070
164453
156082
159168
156379
152932
152950
157758
161164
161234
157704
145888
149236
149271
154213
150689
150718
154174
144076
148239
140331
144093
144137
148157
140306
138902
142207
138853
143488
147125
143554
147066
135337
131851
135266
139957
136106
140061
136006
148216
156477
152561
151856
152624
151941
148151
144029
144020
148053
140247
148099
140278
143991
142164
138746
138799
143423
146962
147013
143357
131772
135092
135176
139854
135836
135918
139728
127503
131144
123456
126992
127396
131261
123612
128225
128065
132250
124588
128122
132171
124499
124001
119723
120567
116620
124012
119808
120505
131950
139781
135801
135733
135793
135705
131993
127625
127214
131612
123978
131444
123788
127729
128107
128044
132042
124343
132106
124414
128025
124015
116637
120043
120428
119932
120462
124041
110461
113501
106465
109633
110292
113619
106734
111696
115690
108907
112631
111657
115753
108886
107740
103669
104986
101316
107670
103726
104979
115071
122484
118630
119176
118490
118947
115298
110716
109833
113994
107327
113819
107042
110984
111782
112644
115968
108951
115851
108895
111947
107852
101344
104083
105068
103858
105004
108001
94679.8
97341.8
91058.3
93487.4
94446.1
97550.4
91302.6
96067.5
99825.2
93898.7
97499.4
95995.1
99924.1
93919.5
92281.7
88308.8
90068.1
86982.8
92172.2
88472.8
90100.7
99042.2
105619
102063
102859
101927
102590
99263.8
94920.8
93741.1
97994
91882.6
97795
91656.7
95095.5
96226.4
97547.5
100217
94118.2
100053
93978.7
96423
92430.2
87184.9
88931.2
90313.2
88767
90165.1
92617
184505
186672
180632
183208
184474
186610
180640
186745
190547
182330
187920
186550
190844
182843
182510
177709
178127
174101
182321
177926
178570
187922
192780
189542
192598
189560
192446
187947
184506
183128
186489
180561
186549
180612
184483
186852
188353
191160
183549
190981
183247
186926
182613
174423
178055
179228
178025
178946
182652
169358
173422
165713
170058
169320
173409
165752
169392
173392
165418
169856
169227
173605
165633
165420
161537
161439
157681
165315
161615
161602
173094
179838
176626
176772
176700
176821
173056
169362
170050
173313
165744
173371
165762
169331
169507
170120
173748
165985
173715
165828
169542
165487
157767
161650
161831
161655
161737
165508
151264
155728
151236
154844
159258
154850
159253
154271
157851
150130
153882
154238
157904
150186
146905
142811
146851
150586
146442
150588
146444
158540
166431
162916
162116
162915
162122
158546
155717
151245
151228
154844
159248
159250
154854
154283
153923
157911
150143
157926
150195
154270
142740
146858
146829
150582
146361
146417
150580
113847
117181
110469
113410
113907
117126
110413
116578
112556
116602
113539
110174
113531
110172
110465
107457
107325
104524
110494
107393
107316
124003
120294
120341
117075
120557
120614
117032
113759
113383
117005
110306
117071
110355
113683
112536
116556
116586
113524
110161
110155
113498
110421
104426
107238
107238
107317
107277
110380
99950.9
102460
96586.3
98856.8
100024
102413
96524.8
100841
104214
98414.5
101464
100927
104130
98327.9
97537.7
94295
95256.4
91975.4
97619.3
94225.2
95174.6
103356
109671
106035
106784
106033
106827
103304
99885.8
98837
102399
96427.9
102389
96470.6
99834.7
100755
101363
103957
98136.7
104042
98233.9
100675
97458.2
91900.1
94093.9
94997.4
94157.5
95087.6
97383.5
86193.5
88224.3
83086.4
84619.7
86222.5
88228.2
83036.2
87591.5
90962.1
85599.6
88784.7
87637.7
90903.3
85544.1
84290.5
80954.9
82337.2
79224.9
84326.3
80850.8
82286.1
89640.6
95244.7
91786.8
92996.6
91757.7
93025.9
89623.1
86157.5
84682.2
88305.4
83022.2
88247.3
83079.7
86138.2
87547.7
88714.8
90790.5
85410.4
90845.9
85482.8
87502.3
84243.9
79205.4
80703.9
82138.4
80813.7
82215.5
84205.7
171323
174984
166643
170628
170994
175292
166930
172174
175252
168350
174028
171685
175853
168698
168040
163377
164387
160616
167646
163701
164766
175854
184835
180384
181406
180136
181071
176088
171576
170882
175811
167354
175565
167158
171786
172485
174218
176657
169359
176138
169020
172791
168331
160851
164128
165281
163943
165054
168565
154501
157741
150339
153955
154277
157936
150532
155386
159223
152197
156479
155137
159523
152402
151319
147197
148195
144457
151115
147374
148348
158767
166515
162411
163151
162224
162957
158954
154684
154086
158260
150827
158112
150689
154846
155571
156668
159885
152674
159729
152559
155717
151479
144558
147627
148571
147511
148472
151618
135572
138958
135564
139220
142568
139173
142586
139754
143360
136935
140611
139679
143489
136976
132357
129818
132271
135990
133299
135981
133280
142963
150166
146298
146818
146359
146764
142945
138871
135375
135463
139171
142443
142552
139096
139791
140660
143649
136979
143581
136986
139808
129789
132243
132216
135940
133220
133240
135936
101035
104157
98449.6
101456
101023
104180
98448.6
103608
100667
103710
100786
97929.1
100734
97872.3
98077.8
95482.2
95076
92564.2
98047.2
95488.8
95057.4
109625
106405
106373
103724
106934
106976
103753
101038
101409
104120
98394.3
104158
98428.6
101037
100589
103560
103683
100805
97759.8
97806.7
100797
98074.6
92537.9
95434.3
95058
95471.7
95055.1
98055.2
90344.5
92849.1
87465.4
89713.1
90397.4
92779.9
87404.6
90568.1
92948.7
87608.7
89955.8
90596.6
92943.3
87559.2
87818.6
85095.6
85231.6
82564.8
87860.9
85037.9
85116.7
93157.9
98662.7
95612.8
95857
95707.1
95941.7
93073.6
90272.8
89635.2
92605.8
87239.3
92698.2
87329.3
90180.9
90497.6
89907.6
92827.1
87360.6
92906.7
87470.8
90370.8
87749.1
82363.1
84816.6
84751.2
84954
84949.3
87629.1
78336.1
80449.1
75589.6
77108.7
78431.8
80385.1
75417.8
79310.1
82240.5
77186.9
79780.9
79417.2
82163.5
76962.2
76312.3
73426.3
74217.9
71220.3
76483.8
73168.9
73978.8
81319.2
86542.8
83336.3
84247.4
83433.6
84354.2
81175.7
78195.3
77004.1
80164.9
75011.2
80294.7
75250
77993.2
79136.6
79536.4
81858.4
76505.1
82052.8
76720
78894.7
76066.8
71086
72776.3
73566.1
73001.9
73758
75852.5
160212
162112
155874
158039
160359
162274
155714
162526
167447
160096
162862
162650
167525
159886
157414
153427
154577
149814
157699
153142
154313
164466
170523
166644
170741
166461
170618
164488
160109
158139
162535
155491
162422
155588
160037
162365
162887
167511
159227
167445
159509
162217
157147
149479
152690
153708
152898
153965
156899
142722
145375
138846
141587
142837
145407
138772
144191
148369
141312
145472
144374
148092
141054
139477
136175
136447
132689
139658
135949
136308
146866
153770
149700
151058
149655
151161
146790
142635
141612
145478
138647
145442
138703
142577
144016
145199
147622
140628
147846
140784
143864
139321
132323
135736
136109
135829
136185
139194
127284
127959
130619
124879
128117
130519
124780
128749
131912
126182
128527
128974
131631
125934
124884
122547
122408
119623
125144
122489
122211
131384
137677
134162
134673
134186
134784
131292
127238
127850
130431
124638
130466
124702
127765
128568
128104
131101
125521
131334
125641
128449
124740
119494
122347
121923
122413
122011
124648
117159
114025
117139
114948
111791
114985
111764
116059
118465
113544
116208
116087
118388
113542
112356
109878
110011
106878
112387
109914
109961
123669
120527
120546
118223
121243
121290
118183
113996
117101
117123
114900
111681
111721
114848
116020
116108
118295
113476
118336
113493
115985
112314
106898
109859
109838
109898
109884
112264
104360
101436
104288
102022
99232.3
102109
99128.6
103156
105544
100826
102829
103202
105509
100779
99647.3
97520.5
97364.6
95109.2
99715.2
97445.6
97319.9
110456
107343
107409
105090
108060
108123
105006
101349
104122
104207
101927
98919.6
99025.6
101825
103102
102762
105404
100645
105463
100704
103042
99567.7
95039.2
97282.5
97203.7
97365
97257.8
99482.6
90166.9
92513.7
87481.3
89950.3
90281.2
92417.7
87383.4
91367.8
93640
89372.4
91472.4
91469
93546.5
89299.8
88048.4
86037.1
86194.1
83692.7
88154.3
85959.7
86114.5
98145.5
92986.2
95254.7
95736.1
95336
95836.7
92896.4
90067.9
89913.6
92258.7
87260.6
92331.4
87314.9
89985.3
91281.7
91431.9
93360.5
89164.8
93451.7
89233.9
91205
87949.9
83611.9
85831.6
85985.6
85891.7
86049
87859.3
79325
82194.9
77187.4
79812.1
79402.6
82090.1
77077.1
80204.5
82174.6
78560.5
80258.2
80236.8
82100.6
78523.7
77257.6
75550.2
75647
73866.9
77289.9
75557.5
75632.2
81865.7
86984.7
84543.2
84292.7
84617.7
84336.8
81809.3
79249.1
79646.8
81854.3
76877.6
81974.8
76969.8
79187
80184.6
80214.2
81985.3
78481.8
82037.8
78499.9
80173.9
77227.6
73865.6
75568.7
75615
75564.5
75624.3
77200.1
69211
71831.3
67041.7
69118.2
69321.4
71654.5
66903.8
70457.9
72239.1
69077
70813.7
70466
72204.4
69070
67469.4
65565
66209.1
64355.1
67493.3
65538.2
66197.4
71847.6
76826.5
74232.6
74186.8
74383.8
74231.9
71765.2
69148.2
69047.9
71319.3
66765.9
71468
66862.1
69105.5
70456.9
70806.1
72147.8
69075
72173.1
69073.9
70461.7
67458
64386.2
65584.6
66186.3
65602.5
66188.2
67455.7
192411
195971
191750
194656
192266
196102
191793
192289
194465
190405
193844
192278
194576
190398
190146
188185
187860
185371
190126
188185
187821
193559
195415
196720
195654
196466
195520
193629
192597
194637
196309
191823
196199
191831
192757
192301
193840
194683
190395
194591
190387
192348
190210
185364
188294
187821
188214
187803
190367
186570
190854
184343
188544
186627
190851
184303
184410
186448
180423
182786
184465
186449
180367
182014
179346
177498
174549
182125
179268
177418
188956
194545
192730
190007
192795
190070
188856
186496
188499
190832
184217
190825
184261
186391
184345
182821
186435
180287
186443
180323
184267
181883
174461
179075
177276
179179
177343
181740
172825
178102
169788
174262
172898
177998
169709
171827
175412
167369
170785
171873
175359
167343
168106
164660
163593
160115
168158
164613
163573
176556
184358
181261
179742
181306
179785
176531
172758
174134
177802
169577
177902
169639
172698
171787
170737
175253
167286
175306
167315
171753
168069
160100
164536
163529
164571
163553
168054
159079
164319
156069
161022
159126
164228
156081
152916
157607
161101
156325
157654
161045
152902
149206
154103
150661
145805
154138
150637
149183
162601
171077
167183
165574
167304
165642
162548
159032
160992
164048
156174
164155
156132
158981
157567
156313
160973
152877
161002
152889
157533
154073
145788
150602
149154
150618
149167
154047
143885
148041
140214
143830
143953
148032
140176
138696
143231
146914
142045
143292
146867
138652
135016
139476
135755
131542
139592
135679
134954
147972
156553
152388
151473
152439
151567
147919
143781
143805
148081
140087
148060
140132
143665
143178
142012
146788
138594
146825
138618
143135
139393
131491
135557
134869
135612
134906
139328
127847
131802
124183
127945
127779
131878
124411
127988
131950
124285
127754
128006
131846
124241
124105
120149
120409
116800
124071
120251
120400
132063
139904
135820
135590
135820
135683
132067
127916
128103
131946
124836
131937
124644
127973
127976
127696
131718
124201
131773
124215
127966
124143
116844
120424
120410
120344
120402
124179
111340
114201
107596
110376
111209
114386
107849
112223
116070
109061
112806
112095
116167
109160
108289
104299
105176
101748
108155
104476
105285
115763
123340
119124
119672
119032
119616
115866
111439
110549
114683
108301
114573
108101
111532
112329
112866
116324
109319
116252
109246
112417
108406
101869
104755
105474
104625
105386
108511
95388.1
98170.3
92131
94115.3
95258.7
98287.2
92195.7
96766.1
100387
94255.1
97870.3
96605.7
100538
94374.9
92931
89204.7
90444.4
87605
92786.4
89296.5
90557.6
99853.7
106337
102603
103435
102510
103326
99983.6
95480.6
94261.6
98473.9
92335.8
98398.1
92329.2
95513.3
96917.1
97971.9
100789
94617.9
100671
94492.5
97032.9
93063.4
87745.9
89486.2
90736.2
89462.2
90653.6
93174.5
184392
186436
180497
182925
184444
186395
180430
186926
191182
183719
189069
186937
191267
183786
182598
178036
179403
174839
182645
177986
179470
187918
192918
189553
192848
189530
192756
187899
184336
182892
186361
180326
186368
180371
184284
186862
189000
191183
183571
191205
183728
186773
182523
174815
177848
179354
177920
179443
182429
169249
173255
165704
169926
169287
173208
165666
169506
173735
166049
170432
169533
173697
166065
165474
161622
161864
157796
165495
161594
161870
172922
179635
176457
176601
176459
176612
172917
169231
169885
173161
165655
173180
165645
169252
169478
170416
173612
166058
173651
166061
169465
165462
157791
161592
161884
161580
161871
165473
151269
154863
159246
155690
154863
159238
151279
154171
157859
150041
153823
154231
157804
149976
146895
150531
146251
142450
150561
146910
146158
158503
166344
162848
162039
162874
162050
158489
154855
155672
159201
151270
159224
151278
154843
154131
153804
157787
149945
157775
149946
154130
150498
142452
146914
146137
146912
146125
150494
144678
136711
140124
140186
141142
144675
136753
143177
135709
139560
139618
138564
143242
135299
132645
131729
135984
136011
128491
132638
131588
143933
151965
148365
147545
148384
147541
143952
140234
141138
144672
136806
144672
136783
140267
139659
138794
143276
135313
143275
135315
139675
136040
128452
132646
131692
132639
131641
136059
130682
123644
126757
126711
127334
130666
123588
129269
122180
126051
126028
125292
129264
122284
119730
118772
122784
122774
116597
119670
119231
130015
137543
134141
133298
134156
133282
130002
126667
127313
130637
123473
130649
123517
126647
126028
125269
129269
122247
129263
122218
126040
122764
116181
119650
119157
119637
119101
122782
113600
116965
110280
113430
113632
116943
110270
116541
113449
110156
113072
113475
116511
110159
110321
107191
107207
104201
110346
107166
107189
116935
123832
120449
120133
120460
120163
116915
113584
113452
116938
110278
116936
110270
113576
113436
113059
116500
110160
116493
110150
113435
110311
104174
107158
107168
107155
107171
110311
99887.6
102466
96423.4
99045.6
99819.4
102551
96498
100626
103896
98043.4
101122
100617
103903
97972.4
97331.9
94047.9
94908.4
91686.3
97328
94059.2
94836.6
103403
109802
106297
106841
106244
106818
103441
99944.5
99131.7
102699
96601.4
102632
96560.7
99986.8
100645
101098
103925
97945.9
103912
97960.4
100663
97354
91653.3
94086.4
94799.3
94074.4
94819.1
97372.2
86196.1
88379.9
83075.8
84887.4
86165.8
88455.8
83020.7
87463
90747.7
85334.6
88512.7
87479.5
90757.3
85260.5
84119.7
80701.9
82037.9
78791
84152.7
80594.1
81950.9
89734.9
95539.6
92163.3
93157.3
92082.4
93122.9
89769.1
86216.7
85010.5
88587.3
83014.6
88520.1
83076.5
86241.7
87456.8
88460.7
90766.1
85142.9
90768.5
85198.6
87445.3
84090.4
78745.8
80525.8
81808.6
80612.4
81869.8
84075.7
172132
176011
167533
171478
171965
176170
167695
173218
176905
169593
175127
173013
177263
169816
168915
164279
165450
161212
168749
164416
165589
176521
185462
180771
182063
180756
181878
176629
172276
171559
176294
167920
176266
167825
172396
173371
175320
177711
170133
177446
169980
173524
169062
161281
164629
165810
164536
165705
169197
155040
158339
150895
154223
154978
158373
150924
155973
160022
152770
156956
155852
160142
152841
151818
147729
148652
144765
151751
147770
148713
159285
167069
162664
163608
162653
163570
159305
155067
154226
158396
150934
158387
150932
155077
156028
157001
160281
152899
160234
152886
156047
151845
144765
147771
148737
147779
148737
151850
135350
139047
142367
138545
139065
142327
135339
139814
143683
136965
140702
139815
143693
136947
132275
135947
133202
129728
135943
132295
133182
142912
150163
146216
146843
146216
146848
142903
139038
138573
142333
135347
142318
135339
139036
139806
140683
143674
136903
143689
136926
139795
135949
129713
132331
133154
132312
133165
135953
127592
121393
124844
124737
124381
127530
121335
128573
122979
125118
125186
126231
128621
122947
118498
119526
121697
121749
116187
118504
119493
128275
134877
131277
131719
131193
131720
128244
124692
124420
127728
121321
127645
121311
124686
125236
126212
128703
122888
128665
122914
125277
121787
116161
118539
119440
118516
119462
121824
115638
109151
111906
111884
113064
115845
109156
115276
109630
112274
112211
112773
115249
109587
106421
106409
109312
109187
103408
106319
106363
114932
121267
118430
118032
118387
117998
114980
111908
112712
115664
109293
115626
109203
111983
112170
112740
115242
109528
115236
109551
112158
109101
103374
106220
106300
106244
106325
109068
101007
104092
98344.7
101233
101027
104069
98288.2
103477
100782
97741.6
100410
100786
103450
97745.8
98016.8
95389.8
95059.8
92442.3
98034.3
95347.1
95055.7
103761
109790
106926
106549
106920
106513
103778
100987
101191
104046
98203.3
104053
98239.1
100975
100788
100373
103451
97816.2
103428
97768.3
100802
98004.8
92434.6
95282.7
95096.1
95310
95071.8
98003.5
89897.2
92505.3
87116.7
89337.5
90063.6
92399.8
86924.2
89977.9
92727.1
87236.5
89684.8
90172.6
92631.7
87115.8
87199.9
84594.7
84568.3
81761.9
87423.1
84379.5
84406.7
92645.9
98294.5
95250.9
95387
95321.8
95467
92530.5
89728.8
89228.7
92214.6
86611.4
92296
86745.3
89600.5
89826.1
89630.9
92487.2
86966.5
92549.2
87023
89731.9
87013.1
81640.2
84087.4
84207.5
84207.9
84286.2
86889.7
77644.3
80011.9
74897.9
76514.3
77803.6
79882.4
74664.4
78510.9
81623.6
76325.9
78924.4
78686.4
81426.3
76163.7
75485.9
72663.5
73372.9
70658.3
75659.2
72479.3
73237
80662.2
86112.7
82878.2
83617
82967
83734.2
80548.5
77497.3
76439.8
79661.5
74470.1
79763.2
74609.2
77380.5
78367.8
78772.5
81154.7
75928.5
81271.3
76018.3
78234.3
75338.6
70666.5
72326
73099.7
72447.7
73150.9
75259.3
159907
162633
155406
158288
159971
162710
155322
161901
167369
158867
163193
162013
167412
158700
156390
152539
153323
148905
156640
152423
153171
164508
171118
167291
170901
167155
170785
164540
159814
158294
162779
155139
162757
155242
159700
161827
162930
167383
158293
167327
158443
161790
156204
148750
152332
152933
152347
152999
156132
142572
145519
138615
141800
142544
145576
138637
143650
147390
140447
144823
143744
147176
140369
139042
135652
135975
131930
139096
135600
135933
146692
153813
149843
150719
149831
150782
146677
142581
141828
145599
138676
145602
138688
142561
143599
144654
146979
140247
147051
140268
143601
139051
131892
135606
135872
135584
135855
139040
127634
130398
124582
127145
127693
130367
124530
128297
130965
125374
127567
128363
130872
125310
124525
122294
121825
119360
124582
122249
121780
131087
137603
134034
134428
134065
134477
131032
127583
127122
130316
124433
130340
124481
127538
128238
127464
130725
125146
130795
125211
128185
124469
119299
122165
121676
122206
121723
124408
117073
114736
111632
113897
114792
117035
111579
115910
118253
113432
115947
115949
118206
113385
112147
109813
109776
106850
112208
109764
109718
118044
123576
120427
121052
120453
121103
117993
114683
113865
116959
111462
116995
111523
114631
115865
115894
118073
113242
118146
113323
115815
112078
106757
109653
109573
109712
109649
112003
104040
101655
98822.5
101104
101735
103965
98738.5
102908
105334
100573
102611
102978
105254
100507
99307.2
97203.1
97145.9
94837.5
99395
97128.5
97089.3
104785
110259
107130
107801
107173
107866
104718
101581
101040
103835
98602
103895
98666.8
101517
102834
102554
105062
100354
105164
100436
102753
99217.8
94767.3
97000.6
96976.6
97060.6
97038.8
99127.1
89871
92209.6
87215.1
89805.7
89920.3
92188.6
87180.6
91063.8
93269.8
89120.7
91302.4
91134.3
93177.8
89058.1
87696.5
85780.9
85942.9
83503.9
87774.9
85737.7
85898.5
92706.5
97813
95118.7
95454.3
95118.5
95508.5
92672
89839
89791.5
92199.5
87163.1
92186
87161.5
89828.8
91009.8
91265.5
92999.2
88944
93087
89016.5
90964
87626.4
83497.2
85657.7
85845.8
85697.2
85876.1
87566.8
79152.5
81723.5
76805.6
79278.5
79158.6
81601.8
76757
80162.3
81939.9
78472.8
80151.4
80166.8
81900.6
78462.2
77154.6
75573.1
75614
73809.2
77176.2
75578.9
75609.1
81711.9
86734.5
84314.6
84241.5
84358.7
84234
81725.5
79157.4
79188
81446.8
76751.8
81505.2
76745.5
79170.1
80160.5
80151.5
81829.2
78430
81864.5
78454
80159.9
77133.7
73762.3
75588.6
75603
75585.7
75611.8
77110.2
69075.6
71231.3
66834.3
68827.2
69087.8
71180.2
66767.7
70489.3
72127.2
69088
70789.3
70476.3
72107.8
69082
67467.4
65686
66209.6
64392.7
67465.6
65647.7
66213
71721.2
76261.7
73913.1
74141
73935.7
74142.1
71722.9
69074.8
68851.7
71123.9
66770.1
71143.8
66846.1
69070.1
70503.3
70786.9
72062.2
69044.4
72087.3
69073.1
70508.9
67462.5
64484
65621.5
66221.9
65713.4
66220.3
67442.6
192956
196377
191771
194671
192867
196505
191763
192486
194672
190401
194037
192376
194759
190451
190707
188383
187902
185581
190575
188432
188101
194248
196380
197026
196249
197037
195944
194314
193030
194635
196729
191865
196559
191784
193135
192642
193865
194804
190571
194543
190529
192748
190769
185634
188494
188288
188453
188210
190839
186009
190782
184161
188391
186219
190804
184104
184083
186419
180259
182901
184169
186393
180234
181508
178944
177218
174210
181611
178780
177174
188366
194128
192094
189868
192127
189812
188399
185906
188199
190666
183886
190560
183976
185907
184034
182903
186411
180240
186377
180223
184047
181459
174182
178665
177167
178682
177155
181474
172625
177732
169529
173834
172652
177685
169507
171714
175202
167258
170603
171724
175162
167237
168048
164513
163506
160057
168046
164509
163489
176572
184712
181172
179875
181177
179760
176650
172652
173801
177793
169582
177718
169527
172687
171717
170588
175179
167231
175151
167223
171740
168067
160053
164557
163489
164521
163481
168106
158859
163955
156196
160760
158923
163903
156188
157499
160958
152864
156263
157508
160953
152859
154015
150585
149145
145782
154028
150571
149146
162474
170800
166986
165490
166992
165472
162502
158822
160653
163929
156055
163866
156128
158815
157499
156253
160989
152866
160958
152855
157521
154018
145817
150577
149179
150565
149159
154038
143533
148104
140059
143779
143581
148094
140060
143081
146760
138581
141979
143103
146746
138583
139248
135515
134843
131422
139279
135486
134831
147864
156521
152192
151451
152235
151402
147883
143516
143810
148110
140095
148100
140084
143506
143075
142014
146791
138643
146753
138603
143089
139239
131424
135477
134867
135476
134838
139248
128028
131968
124967
128254
128012
131987
125033
127966
131684
124196
127619
127962
131668
124196
124244
120503
120424
116955
124213
120576
120442
132112
139994
135788
135533
135805
135500
132130
128038
128231
132077
125061
132009
125066
128031
127979
127618
131685
124204
131673
124203
127985
124269
116983
120587
120462
120594
120461
124282
111681
114776
108426
110835
111617
114835
108531
112554
116390
109378
113003
112494
116449
109429
108674
104866
105549
102191
108604
104946
105604
116078
123646
119217
119891
119250
119815
116109
111724
110878
114941
108674
114896
108611
111742
112592
113029
116523
109478
116494
109462
112609
108720
102227
105020
105645
104999
105637
108740
95601.6
98539.5
92443.7
94316.4
95551.6
98581.8
92435.7
97181.4
100889
94695.8
98189.9
97122.8
100964
94743.6
93297.4
89602.1
90787.7
87786.6
93248.4
89578.2
90819.4
100193
106608
102739
103735
102739
103664
100203
95682.3
94350.6
98697.6
92508
98611.4
92553.6
95742.2
97215.6
98232.5
101042
94764.9
101014
94770.7
97225.3
93329.1
87881.8
89592.5
90870.3
89686
90838.6
93355.4
184209
186374
180301
182970
184239
186421
180304
186407
190978
183311
188373
186621
190807
183052
182167
177779
179201
174610
182313
177719
179056
187676
192875
189650
193029
189595
192735
187685
184203
183016
186530
180361
186476
180324
184256
186131
188027
190352
182901
190189
182902
186079
182103
174593
177723
179051
177702
179008
182114
169327
173154
165681
169813
169294
173156
165704
169535
173595
166074
170373
169479
173615
166123
165590
161639
161916
157913
165520
161712
161991
173014
179797
176533
176725
176513
176692
173042
169353
169808
173182
165732
173163
165718
169376
169577
170397
173672
166204
173638
166170
169611
165638
157979
161787
162084
161758
162047
165672
154810
159172
151255
155583
154830
159141
151234
154225
157842
149989
153936
154173
157911
150092
150553
146925
146196
142666
150524
146941
146316
158458
166257
162759
162050
162766
162043
158461
154790
155557
159113
151210
159116
151212
154791
154258
154025
157983
150246
157955
150194
154283
150572
142770
146960
146476
146950
146424
150589
140308
144673
136828
141168
140292
144672
136850
139692
143278
135368
139017
139686
143282
135463
136091
132660
131782
128580
136078
132672
131892
143958
151866
148318
147522
148312
147519
143972
140323
141203
144701
136908
144681
136874
140350
139696
139107
143293
135582
143285
135541
139713
136100
128628
132706
132015
132680
131969
136127
126655
130633
123450
127284
126645
130639
123446
126090
129289
122273
125357
126058
129315
122303
122822
119666
119175
116228
122801
119685
119195
130078
137618
134236
133435
134188
133400
130111
126674
127290
130699
123471
130660
123451
126707
126111
125385
129349
122335
129330
122325
126138
122840
116228
119727
119221
119703
119206
122875
113585
116948
110288
113518
113577
116963
110304
113450
116514
110168
113154
113440
116532
110180
110323
107166
107172
104158
110314
107178
107179
116912
123808
120443
120124
120449
120123
116911
113601
113545
116978
110337
116980
110329
113603
113463
113169
116557
110193
116549
110191
113465
110339
104168
107205
107191
107199
107190
110343
100043
102753
96628.9
99333.2
100017
102797
96656.8
100679
103936
97936.8
101073
100674
103948
97927.7
97379.7
94087.9
94779.5
91564.2
97378.4
94087
94760.6
103506
109940
106418
106906
106402
106901
103516
100069
99354.3
102841
96703
102829
96684.2
100085
100684
101077
103963
97904.3
103964
97919
100678
97382.9
91549.4
94101.6
94730.3
94094.2
94744.3
97382.2
86273.2
88624.6
83057.5
84994.1
86260.9
88645.9
82991
87450.1
90758.8
85102.6
88348.8
87445.9
90758.8
85073.7
84060.5
80556.1
81757
78541
84065.3
80474.2
81734.1
89837.9
95737.6
92270.1
93232.3
92280.5
93221.9
89828.5
86275.5
85052.9
88673.4
82924.4
88653
83049.1
86296.4
87447.7
88333.3
90780
85060.8
90768.6
85062.4
87448.4
84048.3
78586.6
80371.6
81743.3
80514.1
81719.5
84067.7
172557
176286
167967
171542
172484
176279
168010
173747
177824
170238
175963
173635
178079
170341
169399
164689
165902
161432
169305
164761
165997
176781
185108
180664
182489
180635
182169
176826
172634
171560
176355
168121
176299
168062
172720
173791
175837
178327
170421
177961
170379
173850
169478
161499
164874
166161
164821
166083
169552
155102
158410
150936
154283
155084
158446
150950
156070
160312
152897
157072
156056
160346
152895
151852
147756
148722
144691
151848
147745
148704
159385
167154
162815
163766
162774
163718
159417
155150
154355
158561
151015
158520
150990
155175
156105
157120
160455
152921
160408
152903
156132
151879
144671
147773
148718
147750
148698
151899
139054
142372
135363
138738
139041
142442
135387
139776
143654
136883
140600
139784
143636
136865
135967
132352
133147
129693
135959
132374
133146
142933
150310
146448
146929
146393
146881
142999
139085
138862
142628
135523
142563
135425
139174
139779
140585
143680
136884
143630
136856
139830
135986
129699
132472
133195
132402
133153
136053
124751
127825
121358
124650
124709
127943
121413
125363
128739
122876
126185
125320
128774
122873
121909
118574
119431
116150
121865
118614
119431
128316
135188
131712
131910
131616
131802
128424
124815
124804
128208
121603
128106
121486
124936
125410
126192
128894
122909
128814
122879
125485
121960
116166
118739
119490
118662
119447
122042
112178
115660
109372
112791
112072
115683
109433
112186
115263
109519
112717
112165
115293
109524
109098
106233
106293
103385
109066
106295
106307
115228
121640
118702
118352
118660
118245
115309
112272
112797
115725
109491
115699
109470
112320
112223
112738
115417
109605
115335
109547
112300
109160
103443
106407
106419
106371
106343
109233
100977
104045
98178
101141
100971
104050
98167
100833
103491
97865.9
100466
100819
103530
97909.9
98024.5
95273
95124.1
92483.6
98012.3
95277.5
95148.9
103824
109848
106960
106630
106960
106626
103823
100986
101146
104053
98162.1
104057
98168.7
100983
100836
100541
103552
97932.3
103550
97931.6
100827
98032.6
92492.4
95286.6
95158.8
95289.9
95163.7
98026.8
89456.3
92153.3
86532
89030.4
89511.6
92108.6
86494.6
89659.5
92453.5
86966.5
89665.7
89679.6
92441.1
86985.6
86810
84012.6
84166.2
81479.3
86821.6
83990.9
84177.1
92371
98174.6
95118
95276.9
95136.9
95288.2
92353.9
89427.2
89001.6
92057.3
86460.8
92077.3
86473.5
89413.8
89652.9
89672.5
92434
86997
92441.9
86999.2
89643.8
86808.9
81495.1
83986.2
84216.7
83985.9
84203.8
86805.8
77274
79593.2
74472.7
76192.9
77309.2
79557.1
74370.4
78116.7
81067.2
75884.1
78574
78154.1
81021.5
75858.4
75176.6
72329.1
73061.8
70480.7
75206.4
72221.5
73039.2
80389.6
85885.7
82727.4
83449
82739.6
83456
80384.3
77256.3
76217.6
79552.6
74280.5
79534.7
74406.9
77286.6
78118.9
78585.3
81022.2
75857.9
81015.9
75849.8
78117.2
75155.8
70527.2
72089.5
73050.8
72239.3
73020.5
75182.6
159677
162775
155088
158323
159660
162832
155066
161697
167288
158002
162797
161724
167381
157885
156069
152305
152880
148503
156087
152243
152838
164599
171609
167626
171040
167539
170687
164662
159758
158357
162998
155101
162929
155085
159841
161677
162829
167290
157828
167086
157865
161712
156096
148554
152129
153036
152150
152987
156223
142471
145577
138629
141754
142519
145544
138558
143528
146908
140199
144361
143585
146838
140171
138914
135592
135852
131880
138986
135534
135818
146538
153821
149768
150656
149769
150629
146525
142420
141696
145513
138432
145508
138462
142391
143459
144380
146905
140231
146808
140193
143457
138850
131818
135469
135791
135473
135768
138844
127469
130290
124388
127056
127498
130259
124344
128078
130651
125065
127359
128131
130566
124965
124269
122127
121642
119049
124341
122090
121574
130891
137464
133954
134309
133953
134313
130881
127430
127042
130266
124278
130246
124303
127428
128012
127395
130383
124863
130469
124933
127958
124184
119031
121908
121559
122035
121639
124115
114535
116927
111397
113798
114582
116901
111333
115704
117985
113171
115706
115759
117882
113067
111832
109580
109509
106369
111920
109472
109440
117848
123463
120369
120913
120372
120920
117819
114504
113788
116904
111250
116889
111279
114495
115636
115745
117667
112976
117774
113021
115531
111762
106291
109175
109451
109313
109467
111727
101432
103794
98557.7
100967
101469
103776
98522
102584
104948
100275
102369
102669
104818
100154
98937.5
96951.5
96938.6
94468.8
99034.7
96903.8
96859.9
104577
110146
107136
107630
107101
107638
104585
101410
100989
103844
98539.1
103789
98513
101436
102495
102370
104532
99967.9
104680
100083
102415
98833.6
94396.8
96729.5
96832.9
96829.8
96877.1
98735.1
89875.4
92235.8
87189.3
89870.4
89842.6
92290.9
87235.1
90885.4
92912
88906.2
91112.7
90924.3
92815.3
88816.4
87478.9
85613.4
85848.3
83483.3
87517.8
85586.5
85827.4
92720.7
97799.4
95320.9
95459.6
95288.8
95422.9
92770.8
89925.2
89891.7
92418.3
87330.2
92366.7
87295.3
89976.9
90842.8
91128.9
92622
88768.1
92721.9
88790.6
90788.2
87458.4
83502.9
85534.1
85870.9
85559.9
85866.2
87455.6
79231
81441.6
76770.9
79147.7
79195
81478.1
76800.9
80148.7
81792.2
78408.8
80147.1
80156.5
81747.8
78341.8
77048.4
75578
75615.7
73738.7
77083.7
75534.3
75594.1
81867.3
86822
84449.8
84430
84422.1
84362.1
81936.4
79280.3
79177.5
81595.6
76894.9
81529.9
76860
79338.1
80128.1
80196.6
81631.1
78241.2
81703.5
78288.4
80086.8
77020.5
73798
75420
75651.4
75468
75650.8
76993.8
69068.6
71106.4
66850.1
68703.5
69071.7
71094.1
66769.9
70491.8
72029.2
69024.1
70783
70507
71981.4
68978.3
67386
65621.6
66253.8
64498
67421.3
65479
66257.2
71739
76229.9
73898.7
74212.4
73908.1
74176.8
71757
69073.2
68723.7
71097.9
66715.6
71081.4
66844.5
69099.8
70444.8
70815.4
71869.6
68984.9
71930.6
68982.6
70419.4
67360.6
64594.2
65349.2
66331.1
65473.6
66299.3
67367.1
)
;

boundaryField
{
    inlet
    {
        type            zeroGradient;
    }
    outlet
    {
        type            fixedValue;
        value           uniform 0;
    }
    seabed
    {
        type            zeroGradient;
    }
    top
    {
        type            zeroGradient;
    }
    side1
    {
        type            zeroGradient;
    }
    side2
    {
        type            zeroGradient;
    }
    submarine
    {
        type            zeroGradient;
    }
}


// ************************************************************************* //
