/*--------------------------------*- C++ -*----------------------------------*\
  =========                 |
  \\      /  F ield         | OpenFOAM: The Open Source CFD Toolbox
   \\    /   O peration     | Website:  https://openfoam.org
    \\  /    A nd           | Version:  10
     \\/     M anipulation  |
\*---------------------------------------------------------------------------*/
FoamFile
{
    format      ascii;
    class       volScalarField;
    location    "6.7";
    object      p;
}
// * * * * * * * * * * * * * * * * * * * * * * * * * * * * * * * * * * * * * //

dimensions      [0 2 -2 0 0 0 0];

internalField   nonuniform List<scalar> 
12920
(
276519
488343
459472
502403
438079
428965
370475
346166
305994
278210
246578
219313
190908
164758
138126
112610
86369.8
61207.3
36037.5
9165.58
221741
522443
481165
516103
439133
431035
372634
347743
307799
279643
247985
220330
191574
165252
138672
113176
86796.9
61257.7
35762.4
8865.72
594579
532304
488322
509530
441588
429640
375716
350504
310802
282642
251087
223180
193546
166661
139755
114412
87713.2
61643.1
35371.1
8692.14
687133
605289
518430
523798
446082
431985
382299
355338
318969
294171
262284
232851
201247
172615
143841
116866
89576.3
62685.2
36097.2
8891.68
664739
620177
532749
521232
453255
436798
390104
366323
329609
302243
268776
239789
209701
181555
151714
122805
94068.2
66063.4
38339.9
9842.08
329587
594062
496898
510588
456261
447562
408634
382525
344905
311512
277028
246572
216487
188458
160294
131969
101217
71782.6
41784.6
11321.3
556776
700874
593814
565124
497509
483809
434603
402849
359563
322207
285923
254541
225212
196930
167916
138734
107015
75945.3
44841.4
12806.8
854479
737980
628055
603289
532981
513498
469580
423421
382496
342386
305179
271924
242171
212670
177300
144769
111550
79312.7
47525.2
14099.4
737878
755032
668714
648730
566604
533951
488708
447905
405803
367118
327729
291975
259092
225978
188909
150239
115485
82675
49932.4
15192.4
1.08359e+06
809744
692021
678366
583005
551632
500372
457178
418211
381117
344964
308569
270180
234586
196901
153874
118980
85514
52157.3
16325.8
945270
849417
724354
716952
615662
588580
537772
485556
433763
390969
354344
318275
281571
245575
202447
157547
122144
88342.5
54533.1
17646.8
841611
847876
724915
718386
623404
610401
561581
505853
455342
407551
362773
327825
291669
250332
205331
161071
125042
90900.8
56577.9
18848.8
408772
754432
691504
677967
610188
574026
535420
491606
449570
408372
366365
325094
285660
247179
199944
163476
127485
93013.1
58159
19834
388745
759338
657302
669029
582491
561383
505659
475539
431652
397918
355017
316451
276775
239774
202010
165999
129502
94792.7
59439.2
20645.5
905858
807283
662774
646919
565494
537790
494247
461674
426114
391557
355614
318724
279520
242115
204740
168333
131511
96436.4
60694.8
21423
1.09502e+06
899749
659076
621925
519728
508736
473690
449394
414698
387419
351921
319502
280898
244759
206705
170287
133117
97933.8
61893.8
22128.6
849790
729368
516102
511428
469885
466928
447267
431411
406024
381203
349369
318597
282104
246623
208725
172197
134851
99415.9
63007.9
22754.9
186068
405556
380344
423796
413415
429070
418018
413056
392486
373320
343663
314845
280050
246186
209380
173331
136135
100734
64101.2
23409.5
109036
189835
268230
352373
373361
399371
398653
398197
382394
365108
337987
310729
277682
244839
209075
173782
136964
101766
65079.9
23979.7
-291317
-12597.4
168740
309559
344392
383282
387696
390542
375853
360060
334291
307952
275655
243539
208341
173602
137120
102109
65556.6
24330.1
430719
479629
460119
507135
439543
429149
370065
345726
305551
277912
246315
219113
190790
164646
138034
112558
86353.7
61166.4
35920.9
9091.79
324996
503612
476718
516076
440261
431083
372313
347109
307222
279229
247589
219970
191292
165033
138555
113101
86726.7
61150.3
35572.6
8676.17
605496
543666
480442
504067
441366
429663
375374
350084
310579
283153
251283
223273
193704
166745
139806
114393
87679
61565.8
35165.1
8410.92
721309
602710
514197
520878
445927
431688
381863
356176
320084
294162
261911
232488
201001
172544
143856
116834
89523.3
62603.4
35773.4
8453.89
702595
619637
532102
520021
453300
437724
391100
367319
329585
301663
268189
239409
209193
181009
151432
122678
93916.7
65826.3
37945.2
9368.92
183323
599478
492388
511547
457560
450350
410847
383297
344795
311255
276911
246476
216594
188630
160105
131714
101015
71586.1
41569.2
10935.5
662706
707438
594618
564930
497483
484649
434660
402066
359177
322092
286509
255235
225962
197827
168863
139025
107141
75913.1
44626.3
12464
784606
735868
626019
603013
532613
512155
467713
422011
381609
341585
305019
272154
241731
211628
177696
144794
111563
79210.9
47278
13790.7
768800
754671
668839
645969
563431
532263
488071
447649
404961
365464
326927
291835
259042
225767
188889
150233
115442
82557.1
49711.6
15000.7
982940
789428
690578
678339
585272
554708
501634
458353
418395
381081
344761
307451
270405
235142
196634
153946
118940
85393.9
51986.9
16173.7
971023
844930
729114
718573
616152
589691
538594
485769
435194
391301
354170
318211
281782
245984
201889
157538
122108
88283
54438.7
17526.9
780932
839935
724188
717513
622350
610618
561073
505070
454693
406585
364340
328840
290892
249783
205033
161035
125015
90883.3
56457.6
18703.4
594436
767345
698744
681384
609633
574303
536243
493204
451239
409717
366365
325255
285655
247052
199880
163459
127477
92979.4
58014.6
19651.7
587959
771395
660921
672095
583984
561770
506859
475867
432478
398243
355003
316886
276805
239629
202008
165992
129490
94724.6
59278.7
20441.6
869035
805534
661890
648059
564927
537718
493375
461577
426177
391772
355424
318792
279500
242134
204760
168322
131498
96354.8
60524.8
21220.4
842329
875878
653230
619978
518401
508787
473274
449297
414649
387512
351967
319566
280934
245025
206737
170281
133102
97842.8
61673.2
21938.8
805554
738949
511282
510986
469529
466950
447319
431395
406599
381260
349859
318563
282549
247032
208950
172310
134855
99335.5
62868.3
22666
92446.4
412085
374899
422796
413192
428979
418029
412997
392390
372941
343705
314829
280338
246473
209713
173486
136239
100729
64012.6
23337
57071.2
191551
264095
351062
373103
399313
398594
397885
381981
364968
338002
310777
277782
244934
209193
173900
137035
101816
65062.6
23922
-336160
-25914.2
161784
307606
344211
383245
387581
390582
375836
360018
334321
307973
275676
243552
208380
173670
137131
102134
65535.8
24297.5
406773
492787
456152
514155
444043
429581
369421
344804
304671
277338
245872
218788
190584
164462
137880
112460
86363.8
61176
35763.4
8816.73
304639
498693
466823
515583
442616
432044
372403
346384
306450
278508
246934
219358
190784
164722
138399
113061
86702.5
61124.3
35345.3
8334.85
623486
552336
477698
500674
442554
429816
375213
350761
311286
284082
251688
223544
194072
166992
139881
114375
87630.9
61440.3
34823.8
7891.7
619298
605081
523678
520683
446904
432470
382419
357563
320930
293911
261381
231994
200792
172493
143985
116836
89456.5
62473
35257.8
7838.76
662503
634139
531043
521006
453502
440394
393090
368385
329637
301123
267626
238900
208603
180359
151151
122556
93685.9
65578
37375.9
8756.9
351936
557141
506066
514012
460178
453242
413371
384132
345001
311209
276995
246652
216941
188895
159869
131229
100627
71103.1
41082.2
10310
780344
723245
600894
566046
497986
485509
434566
401458
358804
322511
287332
256201
226724
198718
169689
139325
107249
75834
44175.7
11792.6
826293
736103
627825
603153
533267
511010
465028
419717
380593
341311
305653
272232
241104
211605
177827
144912
111536
79017.2
46661.5
13125.4
714237
748536
664854
642502
561778
531188
487416
445518
402690
364024
326715
291675
258258
225254
188873
150186
115366
82309.7
49099.6
14434
846513
788479
694393
677764
587425
557332
503896
459847
418993
380738
343599
306792
270801
236032
196346
153957
118901
85157.1
51571.8
15728.7
902074
827807
733779
717699
616697
591463
540103
485901
436737
392055
354169
318060
282162
245155
201359
157549
122092
88114.8
54011.2
17064.4
798956
854613
724666
717843
621442
610987
560647
503851
453143
406485
366004
329317
289758
249116
204695
160899
124979
90856.7
56202.9
18210.7
478340
762269
698002
683490
609054
575328
538135
496353
453343
411037
366897
325484
285621
246885
199877
163369
127470
92911
57693.7
19104.9
598704
771210
667098
675833
585432
562735
508024
476510
433165
398693
355025
317594
276907
239671
202028
165964
129471
94606.2
58905.4
19879.8
815896
795916
665871
651338
564323
537874
492624
461630
426229
392190
355517
318965
279713
242654
204839
168310
131477
96195.7
60092.7
20655.1
883533
871460
651776
618942
518123
508847
472527
449010
414943
387523
352433
319833
281612
245559
206883
170335
133077
97623.8
61157.3
21407.1
746077
733214
507674
510300
469134
466867
447153
431263
407011
381276
350519
318722
283236
247606
209713
172771
134878
99166.5
62493.7
22279.7
175277
422827
372733
422756
412588
428841
417977
412894
392263
372626
343657
314688
280439
246540
209978
173926
136552
100729
63799.1
23071.2
-35697.8
194576
263627
351274
372889
399133
398508
397761
381800
364735
337939
310666
277746
244929
209199
173914
137122
101960
65078.9
23827.8
-380498
-39037.9
155679
304936
343666
383133
387368
390405
375619
359924
334182
307905
275689
243570
208414
173642
137139
102168
65527
24241.4
436290
501569
445186
520536
450408
431487
368648
343673
303584
276649
245361
218423
190461
164435
137932
112539
86368
61086.3
35598.9
8503.88
351097
504397
462922
517727
446497
434592
373199
346976
306113
278134
246212
218857
190431
164392
138079
112825
86645.1
61067.8
35069.9
7618.75
617828
563327
456776
498641
443408
431570
375649
351771
312088
284663
251901
223656
194086
167068
139913
114374
87608.1
61291.1
34297.7
6687.43
586402
595214
509070
516264
446223
434250
383485
358587
321158
293493
260805
231598
200686
172447
144021
116824
89372
62342.3
34742.6
6610.81
658533
616122
529404
520833
452634
442911
394812
369605
330179
300925
267540
238495
208245
179985
150945
122489
93494.5
65364
36869.9
7572.48
327268
527033
506640
514891
462550
455166
414928
384994
345405
311538
277339
246853
217141
188785
159637
130651
100218
70551.5
40138.4
8938.16
831940
724266
604735
566654
498245
485529
434295
401130
358837
323204
287893
257042
227125
199263
169654
139276
107110
75580.2
43470.1
10431.6
672765
735562
624688
602482
533097
509631
462423
417820
379889
341801
306317
272454
241112
211945
177996
144924
111475
78754.9
45756
11757.3
732459
747443
661377
640446
561202
530591
486415
443282
401581
363463
326572
291575
257693
225614
189040
150212
115269
81944.8
48131.6
13141.6
893536
794149
693242
676509
588664
559476
506594
461798
420107
380714
343257
306474
270994
236218
196550
153994
118855
84835.9
50872.3
14577.1
891485
833149
741439
718186
616035
592860
541193
485980
437563
393144
354099
317817
282175
244163
201067
157546
122072
87792.4
53214.7
15936.2
980176
872795
732128
718161
619691
610378
560149
502280
452210
406770
366104
328739
288962
248644
204520
160717
124960
90819.9
55611
17042.5
745860
813609
695104
684860
608409
576581
540303
499693
454862
411860
367735
325932
285773
246921
200000
163233
127465
92838.7
57137.9
17957
673529
782953
678521
680371
587179
564274
508052
476813
433329
398886
355461
318364
277223
240358
202092
165938
129471
94455.6
58304.1
18733.5
748994
779943
668431
652099
563806
537985
492498
461920
426575
392507
355792
319253
280419
243093
205055
168388
131469
95989.2
59297.8
19458.5
868634
843472
653166
618641
518641
509024
471647
448761
415392
387469
352820
319882
282137
246047
207485
170736
133102
97379.3
60333.7
20213.1
709999
710532
513735
510667
468998
466875
446761
431068
407083
381241
350870
318742
283611
247850
210303
173310
135111
98987.5
61763.1
21184.5
174475
422106
367363
420205
411733
428542
417928
412789
392133
372393
343577
314548
280430
246524
210011
174071
136845
100963
63464.1
22297.1
134685
202956
267990
350971
372295
398977
398486
397711
381686
364552
337893
310603
277754
244936
209228
173960
137201
101955
65094.6
23617
-495156
-57928.3
150393
301676
343562
382972
387186
390197
375463
359837
334114
307852
275729
243606
208425
173608
137150
102174
65492.3
24100.9
465961
512306
441622
519518
457890
434929
368373
342925
302982
276512
245284
218385
190392
164406
137985
112573
86423.9
61071.8
35399.2
8064.53
341359
506435
455351
516276
451451
439738
374557
348194
305742
277561
245340
218457
190270
164255
137962
112724
86659
61018.6
34741.5
6597.75
613433
574410
447549
498274
444965
435403
376474
353170
312628
284924
251801
223500
193843
167034
139849
114275
87506.7
61167.4
33614.5
4740.79
662011
604421
508778
518698
445787
437555
384393
359554
321387
293134
260533
231414
200670
172401
143995
116766
89222.5
62234.5
34229.2
4435.27
598339
610064
528611
523134
451313
445996
396429
371380
330776
301453
267715
238357
208019
179844
150828
122509
93345.7
65220.5
36427.5
5821.36
169569
518306
510141
517028
465199
456306
415443
385479
345688
311986
277581
247045
217254
188676
159474
130302
99946.4
70172.3
39372.6
7208.32
807145
717201
611368
568310
498586
485054
434441
401425
359144
324084
288148
257471
227069
199349
169203
138719
106654
75098.4
42615.2
8993.03
723402
732024
622072
601327
533434
508957
461016
417246
379919
342712
306863
272966
241592
211756
178057
144739
111336
78459.9
45081.1
10377.9
709341
750811
659863
638762
562171
530418
485158
442418
401418
363366
326612
291602
257662
225427
189330
150151
115099
81623.2
47561.5
11848.2
786866
798102
693194
673944
590747
560642
509246
463480
420780
380826
343170
306333
271066
236149
196977
153866
118813
84702.5
50228.6
13404.9
920961
834946
743601
717303
616097
592927
541351
486019
437971
394360
354366
317548
281636
243476
201070
157400
122070
87617.1
52592.9
14842
920458
884506
729754
717830
619329
609040
559299
501181
451905
407000
365834
327621
288507
248483
204971
160480
124941
90563.1
54950.1
16046.7
837006
843490
688865
686275
607960
578227
542674
501125
455517
412350
368482
326873
286331
247339
200006
163355
127467
92702.5
56660.4
17023.6
525140
770193
679710
681819
588537
566195
506739
477106
433491
398898
355970
318836
277900
240907
202461
166065
129502
94325.2
57820.6
17800.9
654943
773603
670255
654147
561553
538826
492952
462353
426996
392763
356048
319360
280850
243315
205317
168475
131512
95836.1
58694.7
18446.9
991411
842635
653400
619376
519921
509258
470204
448572
415767
387459
352992
319835
282365
246221
207803
170969
133280
97273.5
59692.3
19204.7
804700
700087
511212
510283
468176
466840
446310
430955
406957
381194
350981
318715
283769
247874
210559
173564
135375
98984
61113.7
20206.7
105258
427279
365748
418921
410683
428308
417843
412735
392080
372275
343547
314483
280474
246504
210056
174117
136990
101032
63274.6
21664
171298
218401
272151
350508
372237
398954
398591
397747
381711
364490
337921
310571
277774
244926
209241
173962
137233
101922
65017.6
23440.2
-473627
-65543
145600
300449
343401
382871
387102
390099
375423
359806
334114
307851
275744
243622
208431
173598
137165
102172
65469.3
23906.3
352848
389142
360885
380679
352557
389760
360938
315889
351346
325158
343290
315600
351194
324883
363706
403510
372409
392698
363880
403762
372770
327814
363081
336482
354158
327772
363227
336094
461204
497960
465912
488402
461120
498252
466299
417753
455989
425805
447925
417347
456255
425950
379844
416042
387837
405319
378488
416127
387845
339434
378586
351163
366079
338419
378538
351061
302266
342162
314894
327009
302089
341909
313932
268604
305508
276823
291884
268741
304613
276883
235559
267707
241470
259137
235594
267966
241580
202285
232785
206749
225886
202173
232931
206958
466953
526765
489235
501346
467959
527515
489486
427883
476581
438949
458012
428081
476735
439131
390235
428118
397865
418309
390230
428028
397770
353925
388359
361025
381098
353978
388243
360906
317847
352025
324913
344969
317178
351857
324916
279654
315735
287550
307753
279447
315598
287652
243341
278436
251316
270299
243537
278446
251715
208746
242496
215439
234882
209120
242936
214881
498349
559425
519198
538339
498510
559389
518464
446267
505773
466662
485730
447130
505000
465896
400837
454118
415130
434698
401023
453157
414972
363292
402720
369841
391043
363214
403072
370527
327394
361047
335056
354205
327370
361676
335773
290466
326304
300153
318242
290801
327146
300162
254433
290519
260460
281727
254926
290483
259786
217179
249885
219127
245978
216480
249410
218859
519244
549596
513179
561297
518644
549868
513392
467435
499983
467619
505329
467132
500286
468121
419518
454823
422646
454934
418510
455311
423429
371728
410632
380653
406726
373174
411423
380877
336700
368438
340376
363765
337395
368594
340743
301069
329298
301310
328521
300953
329545
301253
260832
290403
262313
291157
260310
290304
262202
219858
251056
222259
249955
219618
250936
222083
460953
498234
466577
487815
459409
499239
467496
417087
456464
426025
446174
415788
457187
426263
377673
416165
387812
403301
375863
416236
387287
338103
378460
350759
364215
337557
377771
349718
301995
341454
313621
326779
301768
340477
313076
268694
304398
276980
291710
268099
304077
277158
235532
268076
241682
258425
235050
268273
242095
202348
233089
207127
225285
202409
233558
207099
468367
527885
489642
503368
469700
529608
490358
428207
476897
439634
459455
428716
477724
441674
390233
428489
397895
418783
390173
430588
399382
353877
388280
360874
380832
353032
388869
361089
316799
351788
324780
343787
316048
351711
325022
279496
315472
287619
306887
279685
315286
287774
243719
278484
251927
270718
244425
278894
252503
209311
243125
214676
235834
209070
243289
213995
498562
559389
518118
539790
498702
559593
516946
447445
504648
465510
485871
448313
503405
463700
401478
452579
414899
436433
402992
450822
414709
363215
403170
371092
392027
363413
403432
372217
327330
362119
336180
353992
327895
362968
336547
290846
327504
300081
318208
290961
327639
299406
255126
290289
259534
282043
255221
289411
258816
216271
249211
218774
245411
215574
248623
218346
518338
550006
513512
560801
517343
551123
514326
466957
500505
468413
504184
466083
501638
469685
418193
455547
423813
453508
417736
456552
425050
373747
411776
380989
406460
374966
412712
381444
337792
368731
340916
365766
338699
369248
341403
300805
329654
301205
329337
300066
329907
300946
260089
290244
262146
290027
259451
289969
261929
219543
250885
222050
249269
219145
250689
221733
458654
499448
467799
486924
456449
500486
468633
415144
457431
426325
443686
413547
458060
426439
375436
416230
387079
401734
374616
416224
386753
337426
377543
349508
363570
337178
377186
349211
301708
340289
313007
326594
301570
340037
312839
267916
304033
277145
291588
267611
303776
276974
235008
268260
242223
257813
234960
268228
242626
202469
233707
207205
225534
202365
233940
207242
470172
530082
490663
505974
471775
531601
491645
428954
478084
442297
461257
429985
479180
443719
390147
431205
399798
419856
390243
432575
400634
374388
371411
383563
380673
374344
371315
383607
337302
334353
346579
343464
337396
334220
346510
279716
315239
287910
306550
279742
315053
288115
244618
279059
252584
270963
245069
279304
252140
209119
243136
213885
236204
209075
242588
213466
498736
559538
516506
541072
498782
559309
514925
448542
502910
463083
485970
449051
501040
461819
403329
450408
414677
437406
404040
449520
414729
384888
383285
395786
392413
385361
384340
395634
347461
344630
356839
354695
347719
344699
356540
291007
327564
299110
317815
291063
327088
298359
255008
289120
258605
282297
254202
288419
258076
215446
248443
218268
244394
214947
247962
217859
516996
551297
514572
560401
515878
552364
515606
465631
502061
470135
502698
464523
503498
471179
417683
456852
425360
452376
417715
457703
426165
375211
412943
381604
406683
375593
413602
382145
338803
369451
341538
366161
338610
370132
341808
299806
329969
300842
328930
299131
330026
300546
259267
289873
261863
289117
258838
289557
261648
219078
250628
221697
248742
218715
250376
221256
455800
500608
468863
485735
454583
501447
469434
413249
458211
426499
442566
412959
458613
426737
374394
416272
386725
401442
374057
416447
386731
337121
377152
349197
363358
337068
377146
349298
301534
340032
312753
326587
301484
340080
312469
267556
303645
276938
291580
267471
303405
276896
234966
268220
242697
257610
234958
268216
242701
202521
233981
207392
225560
202907
233987
207481
472382
531900
491952
508829
474044
532756
492648
430315
479506
444062
463175
431046
480240
444765
390319
432903
400822
420656
390505
433557
401271
352528
389973
361118
380808
352541
390861
360865
315526
351428
324527
343201
315371
351230
323785
279747
315010
288123
306348
279773
314768
288043
245110
279282
251954
271052
245077
279140
251483
209225
242411
213468
236184
209289
241970
213249
498777
559007
514298
541524
498752
558071
512737
449169
500388
461534
486007
449434
499143
461012
404278
449329
414782
437893
404809
449003
414863
363765
403840
372842
394247
363975
403990
372939
327522
363230
335879
354310
326666
363168
335093
291024
326833
298153
317588
290742
325837
297499
253943
288239
257935
281735
253335
287710
257629
214908
247823
217812
243600
214631
247500
217447
515480
552464
516020
559681
514462
553389
517106
464283
503964
471303
501322
463854
505070
471517
417763
457903
426384
451936
417883
458338
426541
375633
413797
382348
406965
375670
414224
382827
338435
370389
341868
365886
337555
370992
341963
298955
330023
300499
327900
298535
330097
300629
258739
289481
261604
288620
258586
289524
261568
218700
250303
221255
248452
218618
250279
221223
454335
501617
469598
484674
454080
502799
469931
412966
458737
426825
442607
413119
459017
426975
374028
416503
386739
401619
374026
416595
386736
337104
377146
349279
363631
337293
377112
349046
301494
340024
312397
326857
301452
339765
312254
267496
303362
276902
291815
267485
303266
276877
234939
268222
242597
257913
234812
268218
242429
203006
233948
207627
225516
202639
233816
207711
474414
532769
492788
510169
475025
532938
492963
431211
480388
444918
463991
431483
480614
445210
390545
433696
401365
420986
390610
434002
401566
352528
390958
360863
380829
352388
391174
361126
315349
351252
323763
343008
315286
351504
323650
279791
314743
288028
306268
279769
314583
287946
244991
279106
251393
271053
244846
279006
251268
209471
241873
213357
236025
209431
241821
213409
498744
557438
512429
540995
498707
556253
512034
449505
498918
460934
486051
449697
498627
460934
404909
448963
414879
438190
405107
449034
415006
364029
404022
372949
394563
364179
404171
373047
326610
363136
334873
354494
326480
363148
334456
290675
325566
297224
317344
290519
325140
296829
253243
287490
257572
281453
253113
287162
257469
214767
247499
217616
243459
214732
247483
217911
514281
553457
517297
558685
514145
554484
517488
463795
505208
471503
501049
463795
505071
471315
417897
458420
426553
451956
417989
458443
426246
375677
414361
382996
407137
375751
414465
383133
337230
371130
342032
365796
336787
371215
341829
298374
330277
300813
327208
298119
330406
301030
258559
289683
261583
288324
258497
289808
261457
218846
250370
221506
248517
219020
250396
221713
365034
362127
355802
352717
365051
362005
355761
377039
386098
380500
389372
376888
385987
380918
368001
358478
370439
360436
367696
358763
369899
374419
380654
371243
383838
371263
383695
374422
365001
352623
361877
355541
361926
355680
364937
377172
389521
386589
381081
386135
381207
377240
368047
360447
358242
370683
358749
369997
367769
327994
325121
318819
315775
328143
324993
318632
340411
349261
341978
350705
340199
349491
341140
331574
321984
332563
324276
331272
321964
331069
337149
343362
334059
346204
334122
346393
336920
327824
315681
324821
318366
324906
318479
327618
340327
350687
348831
341624
349425
340943
339593
331404
324034
321664
332053
321857
330908
330766
375311
373513
366176
364362
375626
374553
365892
389143
399867
392663
403586
389082
399943
392794
378976
369203
382270
372555
378909
369235
382431
385044
392639
383902
396348
384841
395789
386014
375446
364451
373915
366410
374660
365981
376085
389302
403671
400245
393050
400065
392924
389563
379129
372672
369505
382710
369340
382575
379359
338812
335559
330393
326566
338926
334641
330405
350744
359898
354099
363155
350839
359869
354086
341940
333253
345236
336384
342028
333178
345163
347432
354664
344518
356875
344553
356566
347611
338708
326101
335285
330191
334258
330339
338704
350705
363201
359987
353996
359900
354051
350723
341853
336258
332955
344958
333083
345072
341790
449231
478860
460759
468936
448437
478369
459958
405612
437179
414695
422855
405152
436617
414193
366247
394019
375408
382139
366011
393505
374896
326433
354906
334980
341992
326279
354399
334961
291815
316072
299376
304984
291852
316099
299307
259674
282158
266918
272027
259682
282102
266774
230667
251062
235633
242004
230185
250729
235545
200903
219105
203315
212153
200600
218931
203155
507817
542665
514124
533442
507527
542379
514031
482787
480246
493037
488440
480123
492912
482856
441774
439150
452209
448014
439106
452121
441789
401217
398088
410491
405723
397959
410459
401263
362239
358460
371982
366939
358355
371899
362335
324492
320250
333656
327491
320024
333540
324709
288280
284852
297011
291957
284828
296941
288300
254403
252259
262546
259119
252284
262621
254365
220423
218768
228694
225964
218807
228708
220403
176129
193566
177481
188748
176089
193666
177166
518465
568740
539547
553220
519247
569375
540094
494377
488049
505674
500549
488336
505726
494264
450082
447454
460439
457390
447556
460554
449890
411112
408707
420619
418224
408709
420620
411127
374475
372039
383524
381110
372030
383500
374504
338430
336007
347406
344992
336033
347420
338406
301745
299058
311104
308534
298824
311096
301735
263250
260926
272718
270141
261015
272638
263187
228028
225807
236560
234607
225841
236639
227882
179610
200497
181541
196865
179381
200037
181340
558386
600964
574355
589144
558712
601313
574535
532819
523716
545282
537814
523791
545306
532732
481128
472610
494013
485612
472683
493968
481185
428050
422167
440821
433853
422142
441209
427617
383965
381515
393736
390924
381480
393726
383984
347794
345403
356658
354316
345375
356652
347800
312052
309080
321021
318267
309074
321034
312009
275573
272523
284680
281619
272557
284710
275518
238045
236573
247903
245694
236625
247944
238160
183724
204187
185432
202215
183587
204053
185309
580160
600353
574123
610346
580243
600697
574348
545373
546513
560074
561422
546396
560030
545424
491745
492635
504584
505730
492552
504542
491769
443789
443254
455517
455253
443141
455501
443815
397882
395115
409391
407333
395028
409316
397955
355646
354174
364330
362918
354307
364598
355474
319576
318940
328712
327978
319081
328795
319510
281377
281676
291445
291562
281501
291376
281467
240309
239916
250688
250244
239860
250625
240349
187712
205580
190131
205215
187605
205482
190038
511818
525951
513126
535790
512095
526193
513673
471530
488250
470197
492115
472035
488814
470576
427816
446438
431585
450201
428643
446852
432079
388125
408354
390753
408961
388087
408704
391074
345499
366427
347838
366299
345596
366496
347899
304775
323691
305181
325161
304768
323737
305276
266875
284724
268659
285661
266845
284761
268655
228291
247155
230412
247131
228181
247113
230279
447299
477224
458540
466885
446019
476486
456999
404431
435455
413251
420885
403545
433985
412085
365640
392627
374059
381077
365287
391695
373106
326248
353734
334830
341365
326305
353045
334592
291902
315975
299257
305287
292006
315892
299232
259686
282049
266562
272193
259656
281971
266381
229808
250302
235202
241325
229598
249965
234828
200683
218687
203198
211422
200702
218474
202984
507146
541165
513747
532116
506913
541158
513815
482776
479850
492706
488124
482717
479778
492850
441632
438764
452112
447275
441729
438466
452051
400471
397220
410182
404511
400777
396810
409972
361047
357329
371104
364916
361437
356868
370616
323582
319557
332720
326902
323770
319464
332499
288228
284683
296737
291787
288238
284635
296683
254410
252172
262816
258820
254483
251905
262767
220471
218690
228702
225599
220458
218602
228672
175872
193387
177077
188846
175427
193195
176842
520222
570742
541350
556399
521292
572633
542766
496294
489229
507413
502211
495731
489671
508175
451393
448252
461616
458710
451014
448523
462059
411266
408795
420781
418501
411168
408869
420934
374357
371999
383427
381040
374387
371921
383421
337945
335477
347329
344366
338255
335089
347082
300631
298067
310312
307212
300839
297892
310057
263855
261392
272776
270516
263662
261527
272896
229046
226485
237486
235390
228817
226708
237762
179345
199587
181320
196457
179099
199282
181053
559336
601649
575449
590842
560145
602661
576374
533399
524268
545993
539020
533232
524497
546372
480532
472921
493730
485806
480745
472990
493569
429669
423426
441939
435654
429397
424006
442035
385076
381642
394906
391810
384590
381968
395400
347827
345179
356738
354130
347811
345028
356836
312051
309094
321112
318181
312084
309085
321091
276095
272777
284920
281848
275930
272907
285031
237234
236210
247532
245853
237465
235965
247321
183579
203832
185308
201609
183322
203616
185051
579958
600314
574532
611108
579816
600428
574822
544886
545805
559926
560996
545028
545572
559937
491488
492025
504319
504790
491569
491790
504208
443468
442368
455448
454380
443602
441914
455400
397777
395110
409000
406501
397723
395209
408976
357270
355472
366050
364910
356811
355986
366565
319972
319696
329344
329101
319903
319799
329533
280619
280715
290899
290607
280836
280423
290685
239920
239528
250271
249606
240040
239389
250123
187596
205359
190075
204857
187364
205186
189817
512982
526495
514751
537444
514328
527641
516073
473011
490128
471426
494673
474270
491496
472461
430060
447473
432601
452354
431544
448493
432983
388295
409227
391390
410442
388611
409644
391671
345791
366580
347989
366581
346047
366720
348092
304732
323770
305504
325359
304648
323815
305883
266803
284858
268671
285636
266742
284958
268656
228118
247054
230201
246963
227865
246930
229814
444467
474614
455349
464192
443230
473840
453834
402637
432444
411035
418667
401873
431096
410264
364979
390931
372283
380222
364814
390220
371797
326378
352502
334437
341440
326570
352217
334384
292126
315875
299236
306042
292281
315911
299267
259656
281911
266260
272305
259692
281875
266169
229563
249701
234624
241044
229575
249546
234559
201196
218310
203155
211825
201159
218310
203011
506478
540538
513814
531513
506162
541090
513890
482681
479078
492632
487348
482732
478834
492682
440394
436838
451374
444876
440839
436108
450957
398579
394907
408755
402211
399018
394461
408312
359916
355949
369461
363857
360117
355784
369204
323118
319218
332038
326667
323194
319160
331942
287977
284507
296535
291638
288061
284450
296471
253863
251344
262252
258094
253962
251196
262109
220700
218747
228679
225313
220626
218830
228753
175566
193175
176997
188927
175548
193262
176921
522273
573851
543988
558952
523425
575428
545112
498712
491251
510009
504609
498032
491840
510760
453489
449428
463692
460271
452836
449791
464377
412766
409254
422067
419263
412298
409468
422677
309508
306711
309390
300307
297719
300343
297671
264715
261960
273380
270869
264552
262070
273521
229272
227123
238370
236121
229295
227146
238423
179252
199068
181191
196430
179133
198969
181006
560833
603031
576945
592608
561463
604050
577235
533700
525098
547161
540503
533688
525279
547405
479478
473179
492865
485928
479744
473235
492595
430161
425293
442074
436994
430105
425577
442038
321070
317645
321027
311963
309020
311986
308953
276238
273457
285432
282279
276381
273547
285512
236314
235224
246592
244895
236541
234988
246340
183393
203410
185082
201188
183191
203251
184798
579688
600112
575046
611076
579630
600495
575444
544333
544866
559734
560625
544457
544649
559772
491125
490898
503824
503493
491238
490516
503681
443037
440984
455007
452847
443097
440782
454880
395545
406531
395652
398221
409103
398096
409188
357088
366137
357204
358622
367784
358391
368042
329228
319794
319613
329800
319896
319441
329785
279805
279614
290033
289515
279988
279391
289835
239458
238979
249709
248978
239564
238851
249591
187378
205072
189913
204576
187100
204848
189529
515867
528316
517306
539731
517766
530277
518658
475683
493014
473593
498164
477094
494319
474614
432865
449591
433240
454232
433704
450587
433574
388964
410056
392011
411471
389347
410398
392325
346347
366912
348261
367284
346694
367162
348489
304526
324036
306532
325669
304562
324426
307165
266705
285109
268687
285650
266702
285242
268695
227828
246791
229732
246863
227586
246613
229487
442080
471552
452192
462194
441525
470768
451339
401398
429927
409728
417275
401284
429227
409503
364744
389701
371495
379848
364844
389430
371378
326788
352117
334437
342218
327107
352174
334590
292429
315979
299319
306593
292659
316082
299412
259793
281880
266122
272621
259939
281951
266147
229637
249514
234594
241270
229685
249528
234575
201533
218367
203299
211887
201384
218510
203221
505526
540934
513605
530918
504985
542043
513288
481839
477487
492059
486331
482149
476907
491902
438664
434197
449569
443031
438990
433865
449191
397658
393558
407428
401515
397784
393449
407279
359489
355476
368702
363405
359546
355434
368609
322967
319046
331773
326568
322989
319038
331741
287699
284348
296242
291563
287748
284330
296176
253635
250933
261801
257615
253666
250894
261739
220895
218904
228876
225642
220872
218949
228884
176061
193435
177227
189220
176377
193747
177275
524528
576291
545841
560582
525637
577134
546275
501940
493762
512970
507428
501075
494487
513906
456318
451161
466723
462352
455724
451611
467433
414089
410027
424103
420320
413847
410179
424421
371242
383950
374422
374424
380751
371250
384045
334000
346044
336717
336583
343246
333951
345938
309269
300295
297492
306416
300302
297452
309245
265032
262296
273750
271018
264998
262338
273787
229141
227179
238395
236219
229174
227185
238360
179449
198956
181256
196743
179514
199066
181175
561715
604108
577033
593520
561668
604316
576447
533236
525605
547556
541401
533416
525655
547565
478646
473365
491854
485987
478810
473395
491654
430380
426243
441964
437693
430328
426397
441959
383322
396834
386524
386827
393788
383595
397185
344659
357010
347647
347685
354200
344779
357117
320722
311592
308748
317708
311730
308701
320566
275212
273245
285046
282023
275486
272999
284740
235502
234363
245623
243952
235688
234183
245415
183427
203145
184970
201050
183334
203130
184691
579376
600292
575690
609923
579006
600693
575924
543747
543893
559467
560048
543899
543627
559473
490474
489198
503220
501858
490627
488876
503077
442987
440438
454623
452085
442979
440384
454583
395997
398668
409487
406848
398574
396087
409579
356975
358818
368337
366025
358873
356758
368276
319317
318853
329570
328519
319438
318650
329464
279313
278904
289378
288832
279395
278801
289278
239157
238528
249334
248561
239211
238442
249289
187241
204695
189716
204676
187019
204554
189484
519474
531378
519672
541918
521024
533579
520761
478246
495346
475486
500755
478918
495855
476043
434183
451332
433976
455267
434415
451838
434458
389763
410816
392672
412188
390196
411087
392897
347075
367461
348856
368207
347470
367736
349337
304920
325144
307861
326389
305654
325834
308474
266782
285407
268865
286025
266887
285783
269078
227830
246653
230041
247164
227924
246884
230136
441251
469006
450826
460468
441231
468608
450634
401455
428959
409631
417485
401855
429048
410195
364906
389291
371309
380127
364924
389262
371293
327352
352416
334864
343396
327607
352924
335420
292802
316197
299508
307208
292728
316356
299584
260051
282115
266273
273443
260113
282333
266431
229676
249573
234526
241824
229585
249639
234511
201423
218719
203612
211919
201191
218869
203499
504158
542167
513165
531389
503868
543159
513673
480670
475320
490865
485037
480806
474998
491100
438136
433316
448566
442380
438195
433233
448491
397461
393254
407076
401421
397476
393257
407079
359429
355441
368467
363381
359431
355529
368459
322905
319072
331679
326648
322921
319123
331675
287612
284386
296060
291627
287628
284445
296053
253610
250961
261672
257737
253605
251013
261683
220790
218967
228798
225367
220855
218895
228737
176759
194142
177581
189625
176725
194505
177564
526533
576701
546404
561209
527105
576736
546477
504309
496556
516007
509828
503909
496969
516635
457730
452533
468834
463714
457503
452726
469098
414674
410519
425046
420877
414571
410592
425177
374519
371313
384241
380833
374481
371292
384287
336462
333821
345848
343126
336448
333781
345864
300289
297414
309209
306319
300290
297412
309202
265032
262362
273849
271077
265039
262360
273860
229025
227194
238240
236093
229071
227139
238197
179997
199201
181422
197296
179939
199498
181368
561256
603171
575389
593191
560852
602859
574224
532370
525608
546975
541410
532561
525545
546969
478290
473498
491242
486024
478345
473526
491154
430531
426695
441989
438038
430494
426760
442014
387323
384029
397673
394443
387243
384109
397757
347848
344933
357331
354421
347806
344975
357385
311178
308550
320238
317503
311246
308522
320189
274356
272386
283968
281569
274482
272294
283842
235099
233787
245023
243476
235084
233764
244997
183649
203292
184732
201434
183627
203598
184679
578567
600319
576015
609208
578207
601772
576431
543303
542795
558836
559215
543362
542542
558790
490280
488335
502894
501095
490261
488272
502896
443050
440309
454566
451895
443034
440314
454600
398902
396272
409778
407029
398864
396313
409823
358247
356207
368126
365797
358339
356111
368117
318876
317947
329038
327418
318965
317759
328921
279206
278576
289165
288423
279216
278516
289172
239265
238393
249338
248508
239215
238438
249384
187202
204852
189758
205254
187077
205045
189630
522000
534513
521545
543974
522506
535547
521624
479026
496298
476439
501321
478911
497287
477082
434171
452173
434857
455589
433600
452303
434771
390590
411462
393042
412504
390677
412008
393407
347674
367962
349742
368557
347552
368046
349846
306389
326459
309186
327090
306779
326774
309605
266900
286078
269415
286476
266881
286102
269445
228350
247141
230620
247426
228269
247159
230631
472667
468819
463221
461134
468845
463083
472867
484538
496045
486810
497917
495991
486926
484542
474449
464668
476107
465929
464549
476185
474518
482724
488284
479986
492952
479959
492817
482766
472550
461124
468699
463076
468743
463040
472587
484596
497985
496330
487286
496079
487061
484745
474475
466067
464662
476610
464549
476359
474610
430937
426274
420954
417650
426243
420937
430968
444133
454534
445915
455988
454436
445934
444159
433826
423668
435835
425836
423690
435856
433817
441765
448030
438964
452119
439069
452105
441766
430927
417513
425967
420845
426137
420904
430901
444145
456084
454498
446139
454426
446014
444201
433861
425887
423743
436008
423720
435925
433900
391613
387142
382482
379624
386961
382405
391656
404169
413733
406488
416062
413745
406496
404167
394781
385343
397154
387850
385337
397158
394777
401124
405542
397562
410321
397778
410409
400984
391524
379114
386093
381994
386588
382250
391373
404163
416091
413752
406532
413755
406512
404133
394763
387852
385223
397157
385290
397157
394712
352497
346892
343509
339223
346693
343407
352567
366193
375711
369349
378585
375693
369354
366214
356883
347700
360220
351176
347664
360231
356906
362070
366574
357846
371489
358165
371746
361799
352341
338812
345971
342810
346341
343189
352022
366133
378572
375541
369308
375639
369347
366013
356810
351163
347317
360161
347563
360222
356644
315156
309414
306371
302223
309409
306248
315421
329413
338502
333212
342159
338450
333202
329502
320157
311214
324149
314758
310805
324089
320419
324234
327185
319696
332983
319839
333289
323988
314912
302155
309284
305966
309346
306104
314705
328988
342104
337896
332597
338290
333068
328584
319734
314323
310159
323291
310446
323763
319368
279498
275178
271156
268665
275184
271253
279495
292078
301739
296106
305207
301433
295754
292169
282979
273948
286367
276751
273941
286257
282995
288264
291928
284750
296801
284795
296870
288250
279551
268735
275219
271446
275211
271363
279630
291986
304888
301017
295312
301195
295497
291926
282981
276795
274142
286070
274032
286151
283029
245719
242629
237439
235567
242622
237441
245694
256558
265086
258803
267749
265202
258879
256492
248037
239418
250168
241482
239418
250205
248007
254459
259176
252289
262788
252344
262717
254490
245758
235624
242586
237455
242648
237454
245779
256647
267853
265471
259085
265344
258983
256733
248089
241514
239474
250339
239437
250267
248152
211802
209225
203171
202234
209194
203109
211772
222172
230850
224070
232789
230856
224079
222167
213650
205139
215537
206730
205132
215536
213641
220452
225984
218767
228739
218866
228733
220464
211837
202305
209085
203109
209188
203153
211866
222214
232831
230947
224293
230891
224145
222277
213690
206925
205310
215773
205308
215627
213797
482927
477241
471648
467243
477558
471603
482942
503618
517552
514558
526793
517615
514660
503619
491730
479686
501941
489265
479677
501996
491708
494724
500900
488919
506816
488621
506117
495236
483162
467582
478234
472063
477881
471747
483555
503816
527028
518535
515108
517919
514819
504241
491833
489346
479784
502336
479698
502151
492055
440105
437699
430224
427914
437748
430261
440011
455205
467544
463739
476586
467456
463745
455330
444017
433751
450931
438802
433710
450902
444000
450338
457691
447997
461208
447760
460839
450659
440258
427976
438027
430450
437863
430336
440462
455180
476623
467393
463958
467359
463808
455297
444106
438854
433825
451214
433727
450971
444272
401807
399433
392613
390227
399427
392590
401829
414004
423827
417730
427985
423763
417633
414071
404458
395139
407643
397808
395092
407569
404515
411106
418247
408749
420688
408722
420640
411119
401790
390227
399446
392558
399431
392569
401788
413953
427921
423759
417615
423729
417565
413952
404411
397765
395030
407535
395049
407515
404402
365470
362977
356445
353952
362986
356433
365498
376806
385929
379130
388314
385892
379099
376835
367781
358809
370018
360992
358781
369991
367806
374447
381105
372023
383447
372029
383472
374416
365445
353985
362998
356415
363000
356428
365416
376775
388269
385825
379077
385854
379074
376748
367746
360951
358699
369935
358746
369960
367708
329438
327000
320315
317823
327005
320324
329421
340698
349771
342997
351982
349746
342969
340698
331677
322608
333944
324920
322618
333942
331663
338453
345015
335910
347415
336036
347431
338424
329451
317615
326574
320005
326932
320287
329382
340696
351929
349677
342874
349719
342932
340675
331685
324930
322593
333900
322634
333938
331646
291991
289652
282569
279565
289296
282343
292154
304031
313420
306427
315724
313423
306411
304057
294536
285053
297040
287633
284939
297040
294590
301407
308130
298278
310623
298542
310975
301093
291778
279449
288835
282008
289031
282143
291560
303883
315701
313164
306287
313401
306372
303658
294361
287667
284641
296967
284806
297014
294173
254219
252125
245292
243372
252181
245361
254149
265880
275423
269283
278448
275366
269296
265952
256695
247702
260200
251393
247885
260250
256611
263359
270202
261261
272684
261134
272630
263498
254343
243427
252375
245731
252267
245497
254520
265908
278450
275217
269409
275263
269325
266026
256888
251528
248531
260546
248178
260380
257170
219579
217216
210609
208867
217263
210677
219399
230786
239144
233693
242583
239366
233782
230633
222102
213331
224812
215361
213371
224861
222035
228293
234695
226237
237182
225985
236863
228561
219785
209054
217677
210922
217462
210859
219991
230982
242742
239903
234071
239635
233915
231190
222225
215170
213288
224813
213448
224913
222358
519836
511105
506776
498384
511158
506770
519799
539852
553953
546367
559386
554048
546305
539706
527001
513871
532789
519033
513974
532686
526917
532914
537981
524090
545767
523899
545437
533086
519889
498455
511344
506769
511236
506777
519959
540064
559329
554740
546045
554302
546173
540329
527123
518776
514074
532281
514067
532511
527233
468135
459512
454638
446534
459639
454767
468162
488756
501363
492373
505589
501423
492200
488769
475790
462313
479326
466458
462269
479161
475839
481042
485690
472849
493846
472780
493920
480916
468080
446826
459923
454866
459775
454856
467972
488603
505319
501248
491674
501398
491961
488294
475557
466208
461641
478678
462040
478945
475149
415722
411222
404238
400793
411197
404225
415519
435064
448440
441019
453932
448431
440867
434990
422091
409001
427965
415116
409497
427844
421766
428603
434193
422783
441777
422313
441538
429044
416271
400850
411589
405250
411270
404609
416869
435114
453613
448086
440045
448309
440530
435090
422348
415051
410306
427242
409950
427574
422512
374623
372314
365574
363265
372284
365564
374641
386579
397067
390274
402826
397450
390689
386582
376946
367809
379295
369901
367835
379415
376937
384001
390936
381504
394277
381448
393831
384165
374630
363235
372264
365619
372252
365574
374696
386908
402958
398605
391500
398069
391120
387488
377051
370114
368099
380502
367922
379875
377330
338916
336434
329997
327388
336410
329999
338916
350315
358997
352426
361131
359038
352530
350266
341578
332730
343778
335177
332810
343892
341514
347797
354275
345254
356687
345324
356662
347795
338921
327384
336363
330045
336384
330022
338925
350415
361335
359292
353040
359136
352728
350563
341694
335424
333165
344417
332961
344103
341858
302987
299788
293805
290617
299799
293838
302902
315265
323957
317625
326457
324057
317801
315140
306424
297144
308978
300177
297163
309138
306267
312139
318264
309096
321116
309088
321079
312117
303012
290729
299939
293899
299890
293867
303014
315476
326759
324479
318450
324250
318111
315486
306419
300186
297212
309472
297184
309365
306412
266437
263448
257169
254546
263491
257320
266355
278468
287814
280722
290572
287853
280754
278400
269033
259240
270737
260265
259273
270638
268922
275664
281674
272679
284829
272605
284757
275789
266577
254741
263739
257540
263582
257479
266771
278575
290570
287988
280432
287910
280661
278694
269114
260031
258980
270160
259155
270421
269056
227984
227100
217763
216985
226973
217651
228105
238860
249263
239459
249763
249136
239389
238953
228622
218684
229304
219065
218605
229242
228705
237880
245872
236429
247712
236593
247854
237682
227804
216772
226460
217310
226722
217522
227604
238720
249598
248776
239129
248969
239271
238546
228501
219001
218355
229029
218520
229146
228350
531343
532851
517741
519117
532730
517685
531407
541644
556712
538775
549487
556672
538814
541657
528330
515262
523875
513203
515240
523902
528344
545310
561379
546061
560062
546265
560060
545190
531258
518914
532313
517465
532562
517600
531124
541650
549584
556980
539135
556736
538933
541678
528313
513248
515193
524128
515210
523974
528306
479495
479877
467401
467371
479809
467380
479509
490673
502766
489866
500026
502758
489907
490649
478861
467255
477237
467701
467284
477296
478822
491703
505557
492234
504415
492415
504490
491648
479468
467268
479557
467343
479701
467362
479422
490701
500097
502818
490277
502757
490029
490762
478925
467865
467439
477720
467344
477460
479024
432189
431383
420737
419308
431229
420665
432237
444035
455510
445314
454915
455550
445401
444013
432440
421057
432304
422782
421070
432382
432411
443749
455117
442713
455475
442963
455489
443692
432113
418951
430624
420423
430984
420553
432016
444078
455061
455756
445797
455637
445537
444160
432497
423021
421317
432848
421127
432522
432627
386466
382790
375055
372031
383135
375233
386422
399379
410184
401548
410783
410247
401708
399336
388778
377832
389811
380711
377851
389912
388817
397738
406991
395040
409057
395012
409205
397707
386523
372559
383823
375774
383486
375483
386629
399504
411014
410543
402205
410372
401934
399640
388851
380772
378087
390183
377944
390032
388942
346888
345538
337830
336811
345655
337922
346766
356896
366866
359275
368441
366964
359360
356706
347931
338745
348351
340456
338828
348452
347816
355960
363263
354986
365522
354588
365016
356361
347121
337056
346252
338347
345902
338101
347435
357193
368481
367351
359848
367141
359575
357539
348133
340585
339164
348843
338973
348627
348390
310373
310111
301030
301075
310202
301022
310336
319925
329302
320852
329355
329364
320877
319890
310327
300924
309667
301304
300908
309666
310318
319678
328218
319512
329136
319285
328943
319799
310415
301040
310396
300909
310314
300982
310444
319967
329447
329588
320963
329462
320919
320019
310335
301288
300804
309656
300868
309667
310332
271258
271357
261050
260703
271192
260974
271353
281392
291149
281993
290387
291115
281975
281442
271307
261430
270880
262290
261378
270855
271358
281227
291390
281002
291093
281267
291254
281042
271101
260519
270711
260690
270963
260843
270920
281306
290357
290947
281893
291046
281945
281194
271221
262255
261191
270763
261293
270820
271114
230263
229750
220194
219798
229697
220142
230302
241049
251122
242313
251028
251073
242286
241092
230817
220985
231112
222214
220930
231084
230852
240242
250113
239656
250410
239771
250532
240151
230197
219745
229521
219964
229621
220091
230115
240986
250990
250910
242198
250999
242251
240904
230758
222187
220775
230982
220888
231046
230683
472702
468486
463113
460603
472632
468214
463107
485058
496264
487476
498611
484847
496594
487798
475004
464823
476887
466883
474785
465003
477224
482763
487845
479361
492819
479548
492728
482781
472716
460039
467359
462876
467797
463027
472705
485226
498803
496959
488448
496663
488085
485431
475218
467188
465314
477902
465167
477550
475427
430720
425674
420743
416751
430839
425284
420579
444338
454605
446289
456696
444270
454724
446453
433961
423748
436111
426106
433937
423732
436228
441460
446756
437530
451701
438058
451918
441199
430524
416311
424158
419998
424755
420333
430230
444391
456937
454917
446807
454832
446628
444415
433966
426188
423592
436476
423684
436352
433939
390558
385448
381597
376960
391055
384854
381025
403967
413724
406544
416199
404070
413668
406543
394407
385081
397140
387722
394612
384825
397088
400053
403910
395560
409237
396193
409661
399531
389993
376324
383831
379906
384262
380409
389420
403800
416224
413414
406470
413570
406517
403548
394125
387543
383973
396840
384407
396994
393757
351260
345651
342454
337883
351611
345455
342150
365394
375358
369196
378309
365787
375060
368964
355906
346885
359992
350343
356325
346509
359632
360683
364479
356198
369776
356479
370157
360372
350967
337691
345214
341695
345332
341899
350721
368340
365008
378054
374271
374636
368626
364686
358994
355554
349996
345941
346195
359282
355266
314394
309205
305840
301901
314535
309129
305731
327950
337510
332159
341055
328238
337182
331795
318838
309934
322893
313380
319071
309762
322577
323424
326835
319296
332161
319369
332314
323295
314276
301829
308987
305588
309048
305649
314183
331293
327716
340730
336697
336911
331509
327534
322158
318658
313199
309546
309635
322336
318520
279673
275193
271494
268530
279684
275132
271484
291923
300884
295190
304237
291903
300789
295125
283154
274243
286072
277065
283097
274313
286098
288200
291750
284558
296588
284608
296637
288136
279598
268321
274968
271235
275064
271402
279475
291928
304129
300675
295084
300723
295101
291902
283181
277128
274320
286129
274344
286125
283159
245705
242526
237427
235328
245769
242320
237368
256869
265579
259188
268170
256814
265646
259285
248263
239524
250428
241826
248217
239580
250529
254243
258629
251477
262417
251668
262603
254085
245590
235173
241987
237275
242157
237308
245494
256884
268236
265592
259418
265662
259364
256839
248272
241964
239689
250735
239634
250637
248281
211981
209023
203279
202274
211906
208877
203292
222510
231015
224464
233248
222401
231087
224633
214021
205475
215926
207096
213904
205461
216089
220513
225450
218609
228646
218606
228649
220557
212104
202521
208965
203360
208886
203449
212167
222627
233404
231246
224984
231164
224811
222737
214134
207179
205444
216235
205547
216191
214182
484506
478636
472478
468799
484001
479095
472959
505268
519054
515390
528496
504713
519830
515770
492718
479948
502539
489842
492348
480221
502793
496830
502695
490703
509448
490152
508749
497424
485056
469242
480123
474083
479596
473491
485660
505803
528991
521226
516554
520460
516145
506378
493147
490081
481104
503391
480608
503078
493649
441051
438208
430628
428354
440743
438406
430869
456041
467602
464197
477118
455602
467923
464503
444954
434018
451606
440250
444533
434370
452109
451807
459077
449107
463087
448808
462546
452279
441391
428522
438860
431521
438621
431143
441803
456599
477396
468973
465293
468382
464874
457279
445502
440972
435607
453269
434907
452686
446205
401883
399467
392565
390231
401812
399497
392604
414253
423884
417921
429121
414035
424168
418526
404637
395061
407768
398297
404462
395184
408295
411459
418625
409086
421557
408960
421179
411809
392877
402033
390216
399588
399536
392695
402299
414707
429875
425374
419907
424670
419257
415402
395820
404991
398919
409521
395442
408960
405588
365309
362951
356374
353561
365375
362809
356264
376748
385819
379148
388549
376732
385862
379360
367636
358643
369937
360882
367668
358574
370001
371547
383502
374321
374322
380952
371719
383436
362299
355891
365094
365182
353270
362524
356045
386073
380025
376883
376828
388873
385978
379651
358444
370316
367646
367637
360965
358489
370151
328729
326154
319697
316493
329038
325799
319425
340401
349606
342786
351744
340603
349479
342670
331271
322307
333770
324535
331480
322083
333563
334533
346687
337514
337695
344040
334774
346857
325292
318999
328288
328480
316247
325515
319199
349257
342547
340170
340244
351711
349342
342600
321946
333378
331127
331140
324627
321964
333505
291288
288735
281989
279564
291368
288711
282031
303319
312927
306205
315350
303472
312741
306133
293869
284543
296912
287605
294019
284555
296856
309655
300473
307027
297759
297808
309844
300393
291270
279633
288725
282186
288719
282104
291281
312511
303165
315294
306053
312606
306078
303053
293820
287655
284733
296823
284624
296809
293830
255070
252518
246076
243982
254758
252700
246391
266518
275288
269555
278581
266232
275412
269755
257840
248840
260723
252144
257513
249117
260921
264083
270620
261825
273201
261668
273038
264343
255370
244217
253117
246913
252923
246667
255626
266834
278719
275860
270097
275602
269931
267100
258119
252338
249587
261325
249369
261128
258357
220237
217873
210950
209199
220184
218051
210818
231568
240160
234137
243310
231391
240401
234036
222291
213145
224611
214401
222367
212909
224399
229251
235619
227059
238229
226913
238011
229294
220216
209193
218104
210641
218091
210782
220176
231583
243390
240769
233686
240603
233873
231524
222182
214230
212576
223991
212779
224186
222068
520041
511453
506727
498614
520010
511576
506647
540747
555132
545869
559492
540554
555607
545705
527255
513972
532005
517749
527282
513759
531705
533528
539356
524914
546978
524698
546642
533634
520037
498661
511809
506355
511694
506522
519995
540836
559516
556264
545312
555937
545510
540848
527132
517359
513022
531051
513437
531388
526921
467611
460094
454820
447756
467811
460270
454733
487312
500974
491345
504267
487857
500585
490967
473992
461128
478354
465016
474615
460577
477958
480285
485840
473120
493127
473057
493365
480018
467390
448050
460595
454493
460440
454622
467161
486687
503854
499527
490036
500095
490534
486018
473333
464382
459624
476874
460079
477473
472708
417770
412177
405852
402099
417366
412828
406335
434880
447815
439516
451936
435003
447516
439075
422646
410569
426972
414826
422606
410760
426744
429872
436073
424944
442094
424517
442083
430014
406938
418084
402608
413832
413382
406693
418319
434734
451319
446930
438391
447216
438706
434579
410976
422645
414760
426366
410892
426542
422614
375278
372318
365724
363257
374886
372499
365951
388465
399030
391822
403261
388044
399348
392093
378279
368385
381041
371590
377852
368728
381474
382483
395848
385516
385401
392095
382254
395721
372945
366208
375680
375555
363356
372735
366123
399747
392507
388962
388763
403348
399580
392320
369125
382070
378793
378590
371954
368974
381812
338913
336309
330068
327267
338937
336119
330082
350879
359501
353428
362555
350744
359700
353824
342116
333349
344804
336469
342047
333357
345164
344758
356914
347789
347820
354085
344900
356900
336094
330218
338879
338882
327423
336027
330117
359892
354085
350904
350917
362806
359829
354026
333321
345292
342110
342141
336560
333355
345294
303010
299964
293938
290881
303009
299975
293989
315443
324468
318623
327651
315467
324452
318669
306399
297245
309492
299932
306404
297291
309448
321068
312022
318187
309057
309073
321071
312003
303018
290916
299979
294135
299977
294055
303038
324391
315417
327675
318563
324428
318641
315389
306399
299692
297415
309184
297363
309346
306411
267040
263960
257471
255277
266972
264164
257322
278658
288085
280152
290012
278727
288166
279853
268694
258766
269877
259284
268896
258533
269592
276281
281935
273303
285284
273097
285153
276401
267001
255320
264507
256905
264347
257131
266849
278473
289710
288097
279256
288177
279549
278256
268465
259043
258048
269053
258291
269315
268221
227175
226192
217156
215996
227385
225943
216927
238162
248566
238973
249010
238361
248346
238808
228020
218242
228894
218611
228188
218052
228756
237003
245650
235465
246843
235716
247088
236769
226960
215819
225479
216551
225702
216775
226758
237968
248812
247902
238483
248123
238646
237765
227848
218518
217730
228473
217929
228613
227675
530780
532024
517307
518014
530959
531722
517130
541775
556969
539334
550437
541695
557287
539633
528326
515173
524286
513765
528304
515168
524540
544730
560833
545102
559850
545322
559826
544600
530600
517681
531115
516740
531416
516938
530421
541809
550659
557638
540249
557346
539908
541883
528330
513989
515145
525100
515149
524786
528350
479345
479385
467332
466732
479377
479179
467325
490933
502869
490553
500862
490832
502948
490929
479319
467568
478023
468801
479149
467738
478415
491408
504495
491233
503961
491528
504085
491331
479314
466443
478625
467245
478928
467299
479274
491048
501207
503139
491793
503030
491319
491193
479514
469204
468130
479332
467926
478837
479740
431759
430159
420287
417980
431901
429803
420213
444393
455903
446046
455880
444266
456077
446397
433022
421569
433225
424234
432817
421770
433652
443300
453979
441236
455180
441531
455313
443187
431662
417832
429346
420170
429548
420174
431593
444531
456175
456421
447011
456255
446656
444655
433183
424635
422149
434450
421954
434007
433340
386963
384138
376097
374240
386781
384429
376439
399909
410720
402440
412129
399769
410901
402688
389164
378258
390306
381139
389042
378450
390448
395436
397865
406462
409034
395322
408988
397976
384905
387157
374646
377071
384685
376769
387353
400054
412423
411214
403098
411059
402883
400206
389311
381280
378865
390737
378655
390580
389477
348177
346690
338633
338176
347799
347151
338920
358284
367616
360118
368889
357909
367955
360417
348978
339369
349083
341093
348678
339579
349331
356843
357703
365402
367448
356459
367037
358084
347897
348534
338489
339376
347568
339175
348840
358642
369054
368625
360980
368301
360702
358969
349267
341261
339942
349788
339774
349572
349529
310386
310410
300768
300605
310436
310349
300605
320101
329718
321007
329748
320068
329839
321036
310274
300714
309638
301134
310316
300602
309599
319993
329269
319743
329766
319811
329678
319966
310293
300340
310035
300231
310218
300425
310158
320110
329840
330016
321054
329940
321056
320095
310207
301049
300335
309481
300475
309549
310120
270530
270447
260527
259867
270727
270183
260356
280914
290823
281836
290160
281061
290681
281758
270855
261077
270704
262075
270990
260955
270629
280401
290314
279864
290245
280136
290464
280189
270332
259653
269689
260015
269928
260183
270141
280758
290074
290366
281585
290526
281680
280598
270715
262008
260698
270476
260827
270558
270573
229909
229406
219900
219391
230015
229286
219753
240709
250810
242147
250818
240812
250702
242077
230493
220713
230921
221927
230591
220572
230839
239799
249433
239111
249838
239250
249977
239677
229796
219305
229039
219524
229160
219678
229680
240603
250763
250477
241932
250591
242015
240490
230382
221877
220329
230666
220489
230762
230269
472460
466847
462628
457933
472622
466373
462277
485743
497007
488778
499884
485587
497266
489140
475747
465424
478249
468093
475606
465479
478594
482562
487005
478122
492449
478497
492491
482406
472214
457149
465388
461416
465859
461859
471914
485861
500105
497528
489835
497314
489478
485970
475845
468374
465340
479273
465458
478934
475885
429326
423502
419580
414516
429811
422872
419115
444304
454963
446982
457664
444392
454952
447143
433707
423436
436592
426369
433857
423211
436691
439904
444228
434716
450041
435354
450493
439433
428858
413933
421879
418297
422290
418676
428423
444128
457876
454686
447388
454864
447280
443900
433478
426395
422729
436831
422968
436766
433247
388580
383418
379492
375127
388961
383109
379155
402858
413188
406383
416207
403201
412915
406303
386922
393058
383620
396676
393362
383340
396555
398228
401894
393800
407644
394053
407933
397965
388272
374828
382585
378674
382776
378885
388037
402608
416202
412439
406259
412637
406268
402444
386814
392827
382963
396437
383123
396477
392658
350365
345078
341532
337333
350522
344983
341406
368110
377370
367938
364212
373970
364422
373729
358766
349360
358599
354859
345741
355035
345591
359757
363687
355558
368830
355643
368996
359635
350246
337240
344849
341250
344898
341314
350161
377253
367754
367821
364049
373404
373542
363929
349263
358428
358490
354728
345412
345483
354638
314043
308934
305534
301657
314106
308895
305482
331135
340159
331030
327304
336532
327398
336413
322034
312965
321954
318347
309480
318419
309432
323061
326622
319074
331814
319108
331870
323019
313989
301611
308840
305368
308865
305427
313939
340078
330953
330969
327245
336280
336332
327208
312911
321883
321912
318296
309308
309380
318250
279243
274886
271047
267774
279357
274795
270897
303980
291705
300630
295050
291825
300561
294991
282919
274226
286102
277076
283059
274107
286033
287891
291614
284370
296318
284409
296397
287813
279142
267692
274671
270704
274732
270788
279054
303896
291569
300369
294757
300466
294890
291452
282801
277020
273925
285838
274007
285924
282701
245350
241856
237267
234969
245415
241707
237281
256772
265503
259465
268248
256802
265424
259503
248309
239751
250825
242350
248293
239821
250909
253780
257965
250988
261886
251087
261989
253714
245299
234969
241423
237360
241551
237313
245264
256749
268238
265299
259563
265356
259535
256729
248330
242483
239997
251064
239899
250990
248353
212184
209139
203492
202322
212167
209215
203420
222887
231336
225049
233812
222835
231432
225081
214237
205568
216256
207135
214209
205494
216276
220776
225437
218869
228857
218866
228818
220832
212215
202405
209301
203506
209267
203523
212256
222936
233884
231550
225142
231499
225113
222988
214276
207285
205602
216333
205634
216301
214334
487034
480673
474739
470668
486320
481237
475456
507593
521837
516945
530666
506959
522589
517344
494863
481696
503727
490987
494221
482371
504073
499434
505203
493082
512255
492431
511413
500240
487802
471200
482468
477016
481831
476221
488618
508232
531097
523915
518067
523194
517715
508869
495557
491318
483847
504765
483105
504426
496262
442956
439135
432034
429248
442324
439462
432676
458915
469674
465737
478459
458064
470453
466180
447902
436449
453822
442844
447030
437268
454338
454229
460741
450677
465918
450206
465133
454993
443672
429599
440255
433957
439842
433368
444409
459758
478828
472052
466975
471262
466597
460525
448729
443316
438554
455203
437964
454800
449420
393043
390144
393192
402947
399673
402647
399765
416605
426170
420459
431732
416066
426865
420921
396128
400032
396319
406471
409977
406084
410337
413181
419577
409856
423711
409669
423237
413545
390177
393568
393366
403234
399991
399871
403503
417072
432184
427943
421691
427449
421326
417487
400257
396911
396579
406841
411034
410674
407203
291326
288719
282270
279726
291299
288695
282369
312448
314981
312415
303062
306060
303023
306062
293995
284901
296900
288005
293880
285092
296974
306629
309287
309319
300285
297545
297609
300303
291371
279736
288635
282498
288662
282445
291405
314929
312332
312381
303135
306025
306047
303190
294130
288048
285284
297003
285220
297000
294213
256025
253286
247127
244797
255842
253438
247316
267466
276096
270259
279180
267308
276273
270395
258726
249759
261482
252480
258562
249899
261587
264840
270923
262235
273698
262160
273624
264934
256175
244979
253690
247468
253573
247436
256300
267582
279281
276452
270462
276384
270465
267652
258848
252322
249838
261531
249894
261640
258951
220082
218105
210642
209022
220126
218105
210529
231336
240775
233498
242960
231438
240729
233310
221846
212509
223806
213691
221952
212345
223640
229242
236173
227167
238422
227161
238435
229206
220044
209142
218120
210488
218110
210579
220016
231234
242774
240559
232962
240652
233132
231131
221750
213623
212193
223356
212322
223489
221668
519795
511910
506153
498762
519916
511997
505924
540597
556400
545079
559548
540756
556550
544829
526260
512529
530701
516031
526625
511982
530324
533653
540759
525536
547625
525417
547491
533561
519642
498778
512115
505431
512064
505679
519458
540352
559404
556495
544211
556513
544534
540054
525838
515510
510860
529489
511410
529923
525377
466723
460733
454357
448739
466936
460854
454220
484764
498908
489453
502357
485355
498276
488769
471662
459215
476182
462580
472152
458856
475491
479230
485953
473330
492081
473286
492330
479006
466529
448909
461053
453988
460962
454095
466357
484235
501718
497164
487443
497693
488065
483777
471240
462165
458277
474460
458544
474921
470882
407089
403511
407179
418600
414183
418484
414440
434292
446664
438118
450057
434428
446423
437890
411022
414666
411051
422521
426219
422566
426107
430211
437216
426054
441977
425826
442002
430269
403708
407597
407337
418721
414976
414693
418867
434187
449762
446050
437574
446217
437709
434117
414684
411225
411116
422509
426006
426037
422535
303086
299977
294214
291053
303067
299967
294270
324337
327449
324265
315317
318436
315358
318258
306442
297404
308947
298832
306442
297315
308677
317559
320875
320965
311923
308821
308879
311848
303065
291069
299895
294188
299929
294279
302989
327292
324026
324165
315254
317793
318026
315108
306362
298585
296954
308176
297134
308419
306197
266397
264559
256651
254750
266642
264467
256382
277797
287917
278986
288855
278028
287710
278742
267734
257808
268812
258411
267975
257573
268595
276016
282347
273439
285292
273544
285460
275759
266127
254475
263960
255843
264232
256110
265848
277567
288623
287295
278342
287501
278528
277344
267499
258235
257126
268232
257344
268402
267275
226363
225266
216427
215231
226554
225069
216217
237375
247683
238327
248273
237572
247468
238172
227333
217625
228332
218099
227502
217426
228197
236097
244639
234556
245850
234767
246091
235885
226177
215132
224718
215923
224884
216112
226007
237184
248112
247053
237882
247257
238025
236994
227164
218025
217138
227931
217327
228060
227001
530077
530816
516539
516639
530247
530519
516339
541953
557637
540501
551741
541899
557902
540828
528361
515120
525369
514908
528346
515112
525697
544194
560459
544167
559672
544406
559653
544060
529907
516266
529904
515937
530215
516135
529737
541969
551948
558155
541353
557935
541075
541991
528362
515198
515135
526307
515102
525978
528388
479101
478263
467134
465173
479207
477838
466940
491507
503243
492271
502533
491344
503369
492785
480186
468315
479828
470609
479969
468451
480355
490984
503106
489614
503371
490088
503527
490815
478942
464812
476948
466593
477343
466739
478730
491653
502999
503656
493697
503501
493253
491777
480344
470950
468517
481217
468481
480809
480415
417665
431555
429194
420195
431557
429090
420245
444912
456505
447304
457189
444783
456587
447635
433649
422326
434806
425675
433496
422497
435170
442999
452586
440517
454685
440629
454770
442982
417678
431578
429001
420395
429029
420313
431621
445038
457439
456773
448119
456683
447860
445158
433790
425912
422804
435752
422651
435457
433932
385089
375392
385247
387725
377338
387544
377562
400548
411366
403279
413185
400373
411521
403471
389840
379071
390887
381777
389658
379276
391051
406599
395886
395767
398345
409385
409284
398463
375517
385508
385386
387884
377855
377735
388019
400712
413397
411824
403811
411676
403642
400867
390020
381959
379696
391401
379487
391223
390194
348105
338810
348181
349249
339513
349079
339591
359489
368919
361222
369668
359252
369178
361445
349936
340077
349996
341646
349751
340178
350177
366184
357133
357214
358777
368323
368222
358859
338739
348031
348150
349354
339607
339620
349401
359683
369899
369606
361831
369408
361650
359841
350095
341743
340319
350491
340257
350348
350228
309853
309816
300035
299557
310011
309565
299842
320002
330078
321047
330001
320058
330098
321018
309917
300191
309408
300731
310020
300051
309328
329094
319678
319053
329661
319250
329734
319559
309699
299331
309137
299502
309340
299663
309555
319937
330029
330075
320948
330094
320992
319867
309820
300638
299802
309188
299920
309260
309733
269803
269471
259858
259103
269963
269278
259715
280288
290208
281500
289760
280440
290055
281401
270310
260570
270409
261784
270437
260449
270327
279643
289301
279035
289505
279197
289658
279506
269665
258959
268975
259490
269113
259590
269553
280146
289663
289788
281230
289913
281320
280022
270198
261722
260250
270192
260340
270263
270107
229466
228914
219470
218922
229567
228798
219324
240255
250359
241861
250543
240374
250244
241759
230044
220256
230592
221529
230156
220090
230477
239366
248853
238624
249399
238734
249487
239281
229375
218862
228579
219146
228684
219279
229296
240140
250474
250044
241571
250137
241678
240033
229934
221462
219839
230247
220007
230377
229841
471113
464886
460896
455326
471559
464465
460426
486067
497492
490175
500952
486027
497697
490545
475773
465175
479602
469082
475851
464959
479925
481485
485743
475791
491304
476224
491445
481086
470699
454879
463670
459800
463992
460070
470405
486065
501069
497973
491242
497703
490901
486067
475649
469256
464652
480469
464769
480223
475562
427841
421642
418017
413089
428085
421559
417827
443452
454489
447494
458342
443650
454248
447592
432858
422555
436901
426570
433014
422435
436985
438434
442750
433433
448702
433590
448907
438286
427672
412971
421469
417646
421492
417708
427571
443323
458479
454011
447810
454098
447700
443247
432760
426650
422320
437172
422357
437076
432710
387723
382374
378512
374251
387858
382254
378391
402231
412303
406271
416331
402320
412215
406297
392451
382846
396424
386718
392536
382762
396428
397565
401424
393293
407105
393318
407170
397507
387620
374116
382052
378254
382117
378308
387546
402167
416386
412132
406373
412148
406333
402128
392393
386722
382662
396460
382702
396443
392356
350058
344806
341207
337093
350101
344789
341179
367721
363794
373305
377140
363846
373237
367713
358403
354549
345373
349217
354580
345357
358403
359453
363363
355398
368495
355393
368540
359436
350028
337067
344785
341152
344774
341161
350013
363762
377141
373164
367728
373192
367719
363740
354536
349266
345338
358437
345351
358418
354529
313846
308816
305310
301509
313890
308804
305259
330961
327153
336253
340056
327181
336240
330964
321843
318152
309223
312657
318203
309136
321787
322949
326569
319045
331693
319034
331714
322936
313807
301488
308786
305193
308790
305220
313776
327117
340082
336206
330898
336229
330946
327071
318097
312558
308987
321638
309057
321719
318039
278920
274629
270641
267508
278979
274594
270598
291267
300273
294650
303543
291350
300186
294569
282554
273864
285770
276914
282618
273818
285718
287663
291567
284340
296085
284328
296123
287641
278875
267481
274571
270558
274576
270570
278848
291207
303464
300064
294478
300115
294513
291164
282509
276900
273763
285661
273786
285683
282482
245223
241348
237421
234969
245242
241315
237454
256701
265252
259586
268216
256713
265218
259605
248383
240085
251128
242732
248373
240122
251182
253617
257587
250919
261675
250887
261696
253607
245207
234959
241381
237384
241323
237438
245193
256690
268214
265186
259618
265196
259615
256679
248379
242736
240009
251148
240095
251189
248365
212326
209346
203656
202592
212288
209389
203670
223071
231591
225180
234003
223044
231614
225212
214429
205759
216379
207373
214388
205763
216424
220911
225620
219035
228849
219002
228876
220903
212376
202866
209404
203805
209402
203828
212439
223097
234005
231606
225251
231618
225242
223104
214472
207528
205929
216472
205940
216454
214513
490347
483155
477850
472987
489486
483842
478636
510024
524439
518368
532290
509456
525100
518631
497482
484498
505081
492228
496902
485067
505358
502718
508048
495967
515546
495220
514662
503388
491085
473575
485206
479812
484568
479281
491707
510514
532468
526047
518997
525520
518835
510940
497995
492461
485959
505784
485554
505594
498438
445513
440689
434445
430598
445016
441048
434849
461696
472723
467312
479797
461166
473290
467606
450473
439046
455552
444346
449997
439452
455848
456807
462803
452287
468470
451980
468004
457199
445923
430842
441607
435446
441352
435180
446256
462131
480043
474151
468052
473765
467853
462480
450862
444578
440044
456292
439782
456093
451170
393746
403922
400107
390391
403734
400213
393891
418104
428354
421993
433170
417831
428693
422233
397177
407706
411310
401006
407486
397389
411524
414282
420502
410425
424878
410311
424675
414440
404079
390453
400380
394096
400304
394006
404208
418321
433384
429181
422576
428965
422424
418496
407882
401154
397668
411829
397552
411695
408021
361855
355425
364883
364853
352540
361854
355348
386952
380842
377370
377441
390449
387230
380763
358094
370805
367742
367698
361011
357964
370749
374435
380783
371297
384186
371267
384122
374455
364843
352544
361903
355287
361871
355304
364845
377487
390729
387501
380775
387388
380775
377492
367662
360930
357870
370712
357889
370733
367623
324743
318257
327421
327308
315463
324676
318189
348569
341980
339208
339022
351328
348402
341924
321320
332645
330261
330009
323964
321074
332716
336500
343226
333863
345849
333906
345877
336457
327240
315409
324574
318134
324620
318148
327209
338942
351265
348316
341876
348331
341872
338925
329906
323743
320928
332720
320957
332678
329887
291433
288613
282528
279751
291424
288598
282546
312220
303143
305970
314867
303175
312119
305917
294225
285310
297017
288097
294229
285323
296984
300290
306375
297417
309215
297428
309226
300288
291441
279760
288592
282581
288591
282562
291451
303115
314793
312019
305828
312054
305866
303097
294220
288067
285341
296930
285334
296951
294219
256420
253802
247463
245124
256403
253870
247436
267668
276488
270414
279239
267676
276503
270331
258852
249755
261368
251776
258923
249661
261196
265046
271037
262363
273833
262359
273813
265046
256398
245114
253797
247352
253866
247401
256353
267641
279188
276510
270106
276508
270208
267610
258770
251616
249485
260894
249570
261033
258688
219992
218137
210614
209180
220000
218164
210536
230951
240460
232808
242246
231039
240363
232665
221542
212257
223239
213328
221599
212137
223140
229119
236207
227198
238281
227199
238322
229091
219996
209334
218219
210570
218202
210669
219998
230880
242098
240190
232434
240271
232543
230810
221505
213405
212168
222993
212265
223060
221473
519047
512147
505190
498767
519259
512168
504965
539276
556252
543833
558796
539681
556080
543428
524409
510350
529027
513684
524892
509886
528536
533019
541410
525657
547291
525663
547367
532794
518843
498757
512191
504594
512181
504765
518651
538816
558366
555379
542525
555680
542982
538335
523959
513149
509154
527507
509484
528023
523560
466097
461130
453902
449268
466213
461197
453838
483072
496696
486942
499859
483390
496298
486546
470335
458056
474088
461307
470581
457880
473784
478516
485995
473462
491351
473427
491487
478418
466012
449355
461321
453774
461260
453796
465953
482818
499449
495724
486002
495976
486238
482621
470142
461135
457653
473360
457747
473542
469998
407831
419105
415202
404507
418998
415374
408021
434047
445918
437475
449182
434073
445818
437405
411334
422624
425998
414823
422578
411428
425990
430423
437802
426617
441971
426520
441961
430459
419188
404679
415616
408273
415510
408164
419254
434035
449075
445699
437323
445746
437354
434030
422668
414848
411577
425974
411505
425981
422703
373538
366632
376440
376683
363857
373663
366796
400392
393153
389762
389917
403907
400521
393237
369647
382821
379550
379698
372893
369756
382906
387013
394089
383933
397561
383809
397409
387143
376841
363921
373853
367000
373775
366912
376955
390048
403955
400739
393340
400634
393298
390161
379818
372925
369910
382998
369840
382963
379918
335688
329872
338579
338509
326899
335715
329618
360065
353919
350737
350737
363219
360124
353829
332814
344813
341725
341649
335616
332653
344649
347723
354256
344882
357270
344826
357201
347763
338477
326622
335696
329358
335660
329456
338470
350719
363198
360198
353646
360165
353736
350695
341553
335344
332303
344323
332473
344481
341456
302711
299860
294010
290929
302855
299823
293776
323844
314612
317553
326523
314885
323638
317276
305647
296734
307951
297954
305951
296457
307712
311461
317609
308588
320324
308639
320433
311342
302544
290829
299682
293344
299751
293546
302395
314343
326168
323226
316529
323426
316918
314091
305300
297748
295735
307084
296107
307447
305005
265318
263687
255589
253706
265575
263429
255357
276915
287082
278180
288072
277127
286853
278039
266867
256921
268084
257812
267063
256735
267954
274945
281868
272530
284153
272748
284410
274672
265085
253499
263003
254993
263196
255154
264884
276704
287906
286246
277788
286589
277914
276462
266688
257710
256439
267738
256572
267840
266527
225702
224567
215867
214741
225845
224434
215689
236645
246859
237749
247697
236816
246680
237623
226693
217076
227803
217638
226842
216892
227682
235337
243763
233886
245090
234028
245233
235189
225573
214783
224232
215487
224323
215694
225464
236499
247586
246400
237437
246522
237517
236382
226563
217636
216741
227498
216901
227576
226454
529418
529583
515755
515091
529568
529261
515622
541973
558079
541485
552841
541961
558238
541715
528481
515218
526607
516452
528411
515428
526987
543588
559747
543076
559181
543340
559218
543473
529308
514730
528659
515536
528945
515560
529260
541961
553006
558326
542102
558162
541871
541980
528594
516813
515842
527797
515642
527364
528768
478457
476647
466495
464094
478566
476410
466420
491923
503819
494015
504411
491858
503975
494228
480401
468549
481515
471397
480386
468590
481717
490368
501542
488463
502914
488639
502965
490301
478380
463953
476074
466335
476219
466368
478331
491987
504792
504137
494478
504068
494380
492048
480414
471474
468700
481925
468638
481845
480448
431720
428996
420471
417815
431669
429003
420540
445357
456841
448305
458109
445263
456895
448482
434197
422941
435970
426522
434069
423065
436130
443003
451995
440321
454551
440347
454561
443020
431766
417857
429011
420642
429010
420599
431803
445445
458240
457026
448670
456960
448595
445533
434290
426556
423246
436260
423169
436230
434351
385610
388208
377937
375652
388125
385690
377984
401151
411962
403983
413955
401016
412084
404132
390480
379879
391603
382517
390349
380035
391786
398749
406916
396225
409725
396162
409659
398814
388283
375661
385809
378039
385753
378014
388354
401269
414118
412284
404413
412190
404307
401374
390594
382703
380269
392156
380165
391998
390705
347835
349326
339557
338217
349393
347567
339470
360018
369771
362008
370631
359955
369879
362144
350381
340346
350626
341892
350326
340349
350722
358667
365949
356351
368151
356537
368210
358477
349204
337929
346955
339170
347241
339344
348962
360042
370850
369977
362296
369936
362275
360075
350412
341935
340297
350843
340335
350811
350397
309313
308948
299363
298801
309427
308771
299242
319724
330045
320926
329988
319795
330010
320893
309606
299701
309148
300465
309658
299621
309099
319199
328249
318221
329201
318443
329345
319082
309214
298665
308422
299071
308599
299143
309129
319659
329985
329963
321021
329979
320930
319638
309586
300524
299566
309257
299565
309116
309620
269418
268864
259418
258665
269472
268779
259370
279846
289687
281177
289405
279921
289614
281137
270020
260183
270157
261548
270046
260139
270111
279259
288721
278660
289163
278723
289207
279227
269389
258614
268662
259335
268713
259344
269374
279793
289396
289598
281254
289577
281182
279781
270031
261550
260126
270077
260119
270103
270077
229186
228481
219145
218566
229230
228395
219019
239871
249971
241516
250211
239943
249923
241479
229739
219823
230156
221105
229772
219700
230060
239133
248493
238342
249293
238380
249270
239138
229179
218679
228296
219025
228330
219108
229226
239848
250197
249963
241612
249914
241574
239945
229776
221274
219836
230211
219818
230110
229916
470078
463389
459594
454134
470195
463266
459450
486007
497937
491497
502210
486023
498088
491755
475521
464579
480694
469737
475525
464536
480899
480597
484621
474671
491140
474730
490964
480589
470031
454052
463495
459326
463395
459359
470026
485968
502391
497763
492142
497677
491969
485960
475535
469847
464527
481196
464517
481064
475573
427517
421448
417625
413012
427522
421480
417635
443191
453968
447914
458844
443207
453958
448007
432711
422315
437268
426898
432697
422325
437357
438104
442490
433257
448472
433208
448465
438091
427538
413065
421789
417662
421616
417655
427572
443193
458940
453989
448146
453969
448087
443207
432742
426948
422345
437461
422339
437425
432764
387477
381989
378225
374028
387500
381950
378208
402085
412131
406410
416548
402103
412141
406440
392315
382630
396476
386744
392333
382597
396486
397452
401509
393262
407102
393266
407090
397441
387465
374065
382077
378170
382027
378193
387455
402069
416580
412147
406477
412154
406461
402061
392296
386743
382532
396497
382564
396490
392277
350018
344812
341150
337188
350010
344861
341153
363677
373142
367735
377137
363712
373122
367710
354487
345305
358440
349190
354513
345251
358388
359425
363520
355590
368478
355617
368466
359417
350028
337287
345111
341138
344998
341152
350036
363647
377124
373089
367664
373104
367687
363626
354461
349103
345152
358303
345200
358341
354435
313738
308780
305176
301520
313753
308786
305158
326938
336167
330819
339911
327009
336117
330705
317930
308926
321551
312341
317983
308869
321461
322885
326749
319128
331680
319159
331676
322865
313724
301529
308910
305090
308846
305133
313704
326875
339825
336030
330546
336070
330609
326827
317884
312298
308770
321345
308822
321396
317837
278840
274571
270560
267544
278837
274589
270561
291110
300028
294459
303329
291135
300002
294446
282465
273748
285649
276908
282469
273736
285640
287589
291708
284400
296053
284460
296054
287560
278844
267547
274720
270523
274635
270549
278845
291088
303300
299955
294393
299983
294429
291060
282460
276901
273702
285595
273721
285626
282442
245174
241453
237333
234943
245185
241510
237297
256655
265186
259618
268230
256668
265197
259619
248329
239942
251107
242521
248348
239883
251072
253598
257827
250962
261715
251009
261700
253581
245163
234890
241620
237229
241550
237259
245157
256636
268230
265197
259602
265203
259612
256620
248306
242462
239799
251023
239832
251044
248291
212416
209270
203941
202790
212474
209180
203799
223007
231580
225259
233887
223100
231525
225198
214517
206122
216474
207524
214532
206024
216454
220738
225416
218768
228692
218837
228699
220697
212350
202830
209324
203789
209237
203917
212328
222941
233841
231469
225112
231486
225146
222898
214488
207750
206039
216434
206172
216432
214471
492573
485700
480230
474690
492204
486072
480530
511435
526216
519104
533033
511241
526537
519179
499038
486276
505931
492886
498787
486502
506040
504573
509800
497381
516989
497217
516732
504750
492824
474889
486518
480841
486340
480723
492987
511511
532814
526488
519221
526312
519206
511525
499192
492944
486728
506136
486647
506102
499292
446713
441810
435658
431341
446516
441969
435821
462940
474446
468207
480495
462746
474656
468321
451590
440250
456451
445034
451408
440409
456572
457894
463882
452948
469384
452866
469274
457985
446858
431432
442143
436012
442086
435937
446935
463079
480569
474892
468464
474803
468399
463170
451719
445118
440613
456736
440520
456656
451811
404389
400442
394174
390576
404310
400489
394237
418745
429355
422694
433805
418637
429488
422787
408216
397762
411933
401438
408130
397837
412014
414748
420945
410684
425339
410646
425267
414809
404446
390597
400553
394323
400524
394287
404494
418832
433894
429680
422959
429583
422867
418929
408289
401501
397975
412161
397911
412084
408367
364892
361905
355292
352495
364863
361869
355314
377597
387580
380797
391034
377516
387653
380851
367727
357904
370718
360946
367647
357990
370795
374546
380833
371246
384353
371264
384324
374575
364907
352427
361776
355340
361811
355331
364929
377700
391105
387796
380984
387736
380920
377769
367844
361057
358185
370957
358115
370887
367916
327238
324535
318135
315332
327211
324491
318139
339057
348354
341914
351340
338963
348444
341983
329964
320922
332762
323731
329909
320920
332793
336484
343051
333689
345895
333725
345879
336489
327252
315313
324428
318101
324459
318134
327243
339189
351444
348647
342091
348577
342061
339239
330010
323704
320865
332796
320910
332811
330016
291468
288596
282605
279804
291463
288597
282622
303078
311998
305807
314712
303087
311977
305787
294220
285350
296919
288016
294222
285355
296907
300275
306300
297368
309149
297400
309188
300236
291457
279799
288550
282582
288585
282616
291421
303061
314667
311868
305700
311943
305761
303006
294205
287991
285307
296833
285344
296883
294162
256224
253740
247282
244927
256274
253702
247232
267563
276512
270035
279083
267583
276512
269987
258550
249411
260804
251338
258605
249357
260742
265013
271072
262333
273825
262349
273851
264989
256187
244879
253646
247162
253671
247192
256159
267535
279050
276459
269899
276494
269941
267503
258507
251298
249287
260656
249317
260693
258474
219960
218225
210683
209392
219988
218215
210532
230716
240123
232357
241849
230760
240087
232320
221402
212326
222943
213192
221444
212238
222922
228991
236049
227066
238142
227097
238163
228954
219937
209557
218170
210696
218187
210753
219937
230689
241833
240045
232284
240061
232303
230659
221399
213443
212290
222931
212420
222921
221395
518337
512192
504449
498731
518481
512188
504328
537388
554724
542032
557111
537806
554352
541500
522938
508895
527024
512210
523213
508696
526677
532221
540944
525370
546684
525445
546598
532167
518226
498714
512169
504194
512172
504234
518187
537012
556301
553499
540961
553552
541120
536809
522754
512079
508515
526401
508561
526461
522681
465892
461378
453767
449564
465915
461425
453771
482361
495530
485825
498752
482472
495382
485698
469828
457594
473231
460892
469896
457563
473147
478256
486027
473580
491091
473547
491092
478268
465887
449618
461519
453857
461464
453792
465928
482295
498661
495275
485622
495289
485633
482292
469796
460884
457618
473121
457561
473106
469824
419355
415699
408358
404985
419308
415765
408423
434051
445675
437312
448949
434032
445673
437320
422767
411647
425977
414904
422733
411703
425992
430577
438101
426898
442130
426821
442053
430649
419405
405047
415892
408538
415824
408478
419471
434087
448959
445770
437431
445695
437349
434161
422812
414940
411822
426095
411756
426023
422883
377114
373922
367071
364088
377042
373992
367132
390362
400842
393381
404060
390265
400928
393426
380097
369976
383033
372970
380008
370043
383076
387377
394506
384223
397870
384169
397814
387428
377171
364143
374095
367227
374051
367187
377217
390437
404104
401061
393543
400994
393478
390501
380173
372999
370155
383180
370106
383124
380232
338501
335718
329302
326578
338479
335728
329287
350677
360233
353559
363117
350678
360273
353488
341321
332150
344176
334681
341375
332028
344044
347881
354468
345015
357467
345005
357429
347908
338520
326544
335705
329218
335733
329279
338518
350689
363119
360356
353458
360314
353451
350713
341299
334547
331888
343923
331959
343955
341291
302182
299630
293188
290626
302273
299591
293079
313729
323037
316230
325366
313885
322867
316020
304592
295465
306796
297035
304766
295281
306590
311132
317446
308420
320031
308490
320137
311050
302113
290576
299493
292926
299555
292994
302039
313629
325230
322673
315788
322766
315888
313539
304476
296909
295069
306372
295154
306456
304391
264673
262895
254909
253186
264760
262822
254854
276113
285997
277613
287334
276256
285829
277489
266287
256359
267629
257531
266386
256306
267550
274263
281509
272166
283682
272222
283748
274200
264606
253144
262721
254780
262764
254813
264559
276010
287228
285634
277347
285711
277402
275944
266213
257497
256230
267450
256264
267490
266165
225404
224172
215578
214646
225389
224166
215456
236332
246363
237447
247498
236344
246343
237460
226465
216894
227529
217601
226406
216822
227589
235110
243469
233743
244966
233757
244980
235099
225431
214850
224150
215683
224160
215717
225450
236334
247493
246315
237469
246329
237481
236315
226505
217914
216966
227673
217069
227641
226513
529324
528429
515548
514166
529278
528243
515559
542165
558264
542174
553906
542004
558516
542485
529121
516001
528179
517496
528964
516113
528472
543291
558662
542031
558516
542271
558332
543341
529354
514129
528087
515512
528130
515538
529400
542229
553938
558629
542650
558468
542527
542225
529215
517486
516201
528461
516189
528524
529274
478339
475973
466331
463768
478318
475921
466337
492165
504208
494540
505269
492123
504286
494634
480517
468744
481927
471493
480494
468752
481886
490285
501058
488227
502887
488236
502889
490301
478329
463772
475896
466302
475896
466323
478317
492196
505087
504349
494691
504303
494593
492171
480518
471338
468707
481645
468730
481662
480532
431859
429010
420670
417911
431832
429015
420686
445635
457071
448727
458465
445599
457081
448768
434423
423304
436262
426536
434394
423340
436216
443078
451905
440408
454640
440337
454629
443102
431898
417933
429097
420728
429034
420700
431941
445637
458457
457024
448641
457059
448736
445615
434432
426476
423337
436054
423356
436158
434419
388471
385853
378064
375690
388417
385890
378084
401550
412373
404580
414374
401472
412451
404677
390918
380352
392322
383105
390818
380422
392378
398938
407065
396417
409929
396356
409868
398983
388524
375712
385985
378129
385929
378106
388576
401599
414395
412486
404736
412483
404733
401624
390964
383130
380490
392393
380470
392386
390967
348612
346718
338930
337006
348760
346549
338750
360091
370016
362376
371188
360086
370061
362418
350177
340232
350856
341995
350267
340177
350798
358189
365782
356013
368122
356050
368118
358158
348524
336877
346392
338564
346447
338632
348478
360084
371230
370094
362361
370089
362425
360068
350117
341976
340089
350719
340135
350774
350080
309039
308203
299042
298259
309077
308050
299017
319825
329955
321220
330298
319750
329958
321354
309762
299700
309487
300945
309690
299799
309587
318813
327287
317565
328806
317640
328848
318769
309013
298176
307887
298965
307949
298991
308989
319868
330368
329952
321476
329957
321479
319878
309805
301038
299861
309723
299851
309691
309814
269375
268607
259338
258542
269374
268566
259338
279962
289689
281301
289730
279890
289771
281348
270090
260171
270101
261567
270075
260200
270053
279190
288362
278427
289169
278465
289174
279169
269372
258521
268507
259303
268531
259326
269364
279995
289793
289819
281338
289813
281373
279996
270099
261548
260189
270034
260205
270049
270098
229405
228393
219312
218831
229320
228474
219291
240121
250015
241728
250345
240067
250051
241756
230110
220104
230329
221454
230029
220107
230318
239291
248519
238455
249416
238464
249409
239280
229457
219108
228517
219575
228511
219586
229495
240151
250356
250086
241815
250072
241809
240157
230167
221726
220253
230461
220358
230358
230202
)
;

boundaryField
{
    inlet
    {
        type            zeroGradient;
    }
    outlet
    {
        type            fixedValue;
        value           uniform 0;
    }
    seabed
    {
        type            zeroGradient;
    }
    top
    {
        type            zeroGradient;
    }
    side1
    {
        type            zeroGradient;
    }
    side2
    {
        type            zeroGradient;
    }
    submarine
    {
        type            zeroGradient;
    }
}


// ************************************************************************* //
