/*--------------------------------*- C++ -*----------------------------------*\
  =========                 |
  \\      /  F ield         | OpenFOAM: The Open Source CFD Toolbox
   \\    /   O peration     | Website:  https://openfoam.org
    \\  /    A nd           | Version:  10
     \\/     M anipulation  |
\*---------------------------------------------------------------------------*/
FoamFile
{
    format      ascii;
    class       volScalarField;
    location    "8.9";
    object      p;
}
// * * * * * * * * * * * * * * * * * * * * * * * * * * * * * * * * * * * * * //

dimensions      [0 2 -2 0 0 0 0];

internalField   nonuniform List<scalar> 
12920
(
1.30408e+06
1.17691e+06
883353
861144
771714
747126
685742
649848
597156
554823
502817
454836
401459
349450
295421
241489
185020
129246
83894.7
47542.2
839176
1.054e+06
830622
832831
756800
741494
683312
650758
599359
557476
505350
456625
402245
349523
294792
240564
183857
127504
81734.9
45636
819060
996940
823797
826067
753113
744030
685520
655619
603317
562803
509687
460989
404396
350635
294490
240019
182789
125376
78801.4
43180.8
701180
875543
777727
807376
738605
741174
686352
659376
609462
569039
515933
465929
408261
353714
296617
241008
182619
123548
75921.4
40676.7
504921
803057
774069
806799
752624
754764
693301
668755
614220
573878
519121
470130
413023
357968
299916
243723
184042
123089
74078.4
39004.6
425454
787508
763199
802813
748362
757828
700624
673105
623807
579746
526763
475129
419791
363725
305061
247165
186069
123477
72841.2
37448
516528
914925
822320
844709
778470
787215
716783
686297
631173
587355
530039
479922
423060
368084
308676
249521
187503
123770
71831.8
36077.1
772504
1.0169e+06
836864
883947
797867
796452
745036
700790
651589
603869
549865
496166
440624
385548
314524
252910
189447
124347
70934.4
34673.9
1.05187e+06
1.05952e+06
963977
954501
850830
825275
771274
721240
668695
616928
561619
507202
451593
395383
330282
257732
191579
124635
70582.3
33863.1
733549
1.03854e+06
961626
997609
885517
860466
794934
736301
677944
621826
566486
511454
453947
396805
332291
258081
193408
125937
70956.2
33932.5
1.26199e+06
1.2136e+06
1.05863e+06
1.02522e+06
928756
889138
821526
755656
690130
629742
572631
514567
456161
398936
334254
258155
193943
127063
72017.9
34649.7
1.18446e+06
1.23079e+06
1.05116e+06
1.02883e+06
929750
901592
836857
768833
702338
637921
575948
516341
458942
401459
336897
258437
194481
129483
74169.7
35444.7
1.57962e+06
1.36694e+06
1.12875e+06
1.06108e+06
938711
889691
828079
764548
703451
639445
573674
511143
451537
395316
316995
257137
194884
130497
75313.6
35941
1.12785e+06
1.22819e+06
1.09328e+06
1.04644e+06
948798
900390
808880
755240
686167
627084
562015
501305
437663
376833
316459
257146
194618
129417
74169.6
35306.3
1.07747e+06
1.21372e+06
1.09341e+06
1.03429e+06
941296
892941
809105
753550
683999
628124
566164
506417
443480
381348
317475
256810
193266
127761
73199.2
35484
1.29037e+06
1.22095e+06
1.08176e+06
1.03697e+06
935077
892241
807109
754144
684229
630319
565874
508325
443965
381400
317811
256860
192916
128025
74405.8
37059.4
1.10982e+06
1.17395e+06
1.02043e+06
1.01897e+06
914771
884107
798706
750970
682175
626744
562130
503393
439779
379030
316676
256054
192945
129210
76428.3
38762.7
1.06443e+06
1.11091e+06
1.00823e+06
991258
913294
875473
797084
749317
679830
624074
558512
500570
437182
377187
315186
255395
192796
129977
77771.7
39777.5
1.05649e+06
1.04962e+06
927365
961521
890862
864887
785197
740345
671381
617818
553981
497086
435059
375585
314507
254814
192953
131224
79894.4
41412.3
932534
1.02717e+06
910278
950262
885652
859012
782105
736511
670048
616583
553136
495895
433848
375097
314235
254743
193174
132462
82291.9
44255
1.26147e+06
1.16183e+06
885825
864485
771378
748229
685562
650069
597152
554852
502866
454873
401474
349388
295330
241416
185028
128915
83242.6
46387.3
817856
1.07878e+06
830106
836615
756305
742791
683108
651217
599171
557510
505215
456748
402296
349551
294728
240590
183907
127079
80830
44072.3
983784
1.01455e+06
830815
829946
752568
745434
685193
656791
603576
563141
509540
460977
404283
350623
294475
240102
182884
125056
78010.5
41466.7
752898
889372
779994
809377
737611
742121
685547
659753
609318
568459
515402
465485
408079
353915
296859
241045
182724
123325
75164.5
38925.1
362744
785962
781681
807207
753841
756272
693473
669168
613761
573576
518908
470103
412975
357904
299852
243960
184069
122886
73260.4
37140.9
456300
783427
764447
801812
751586
757591
699883
673148
623637
579628
526414
475197
419439
363465
304862
247145
186173
123408
72057
35564
605215
899328
824289
845551
781512
784947
718677
687358
632096
587972
529950
479797
423066
368052
308556
249372
187879
123833
71269.5
34253.4
974283
1.01039e+06
849578
882543
801958
794747
744657
702549
652537
604033
550037
496197
440597
385210
314436
252728
189550
124570
70657.2
32987.1
1.10117e+06
1.05801e+06
959924
952425
852043
826753
772128
721565
668997
617015
561531
507262
451545
395349
330236
257425
191628
124865
70351.5
32370.1
878423
1.04395e+06
968983
997742
886947
860732
795215
736713
678242
622643
566905
511574
453910
396727
332223
258374
193441
126047
70603.2
32523.7
1.20615e+06
1.23937e+06
1.06068e+06
1.02694e+06
928648
888608
820831
755129
690456
630195
572861
514576
456032
398757
334018
258479
193967
127161
71649.5
33252.5
1.16919e+06
1.22142e+06
1.04429e+06
1.02958e+06
930290
900966
836686
768834
702336
638188
576127
516581
459240
401440
336912
258755
195193
129623
73689.7
34024.4
1.50423e+06
1.35976e+06
1.12313e+06
1.06099e+06
939334
889763
827195
764075
702627
638968
573823
511647
452235
395460
317270
257352
195095
130355
74705.6
34535.4
1.11175e+06
1.23153e+06
1.09036e+06
1.04531e+06
949125
900740
809147
754699
685445
626779
561579
501108
437677
377107
316658
257201
194628
129164
73578
33940.3
1.02688e+06
1.21962e+06
1.08682e+06
1.03535e+06
942788
895071
810332
754244
684432
627747
565309
505845
442948
380867
317416
256830
193367
127706
72814.7
34249
1.37729e+06
1.24643e+06
1.08916e+06
1.03845e+06
936450
892721
806839
755304
684776
630234
565947
507796
443677
381576
317748
256910
193085
128080
74056.6
35819.2
1.18e+06
1.18103e+06
1.02144e+06
1.01671e+06
915972
884131
798444
751398
682227
627175
562307
503671
439815
378894
316354
255991
193109
129180
75883.7
37441.7
1.02187e+06
1.11544e+06
1.00898e+06
991395
912862
874927
797129
749715
679846
624660
558736
500892
437345
377354
315175
255191
192697
129717
77234
38563.3
949478
1.03883e+06
925411
961904
891758
864570
785105
740728
671840
618536
554500
497598
435353
375926
314669
254994
193113
131069
79317.9
40348.9
934181
1.00283e+06
908393
950922
886441
859199
781945
736519
669896
616522
552996
495929
433993
375178
314296
254809
193259
132350
81982.2
43616.1
1.27794e+06
1.15832e+06
886021
869277
769737
749467
684582
650622
597058
555031
502993
455162
401494
349357
294990
241215
185027
128385
82092.1
44278.5
1.12308e+06
1.07992e+06
841177
843669
755718
744557
683249
651833
599054
557725
505144
456826
402348
349614
294609
240596
183970
126475
79334.2
41381.2
1.19458e+06
1.03787e+06
832721
833168
756060
747635
685486
658119
603771
563134
509146
460716
404075
350633
294521
240220
183052
124669
76857.5
38862.8
788053
908685
780357
811850
739188
741896
685846
658889
608961
567010
514551
465059
408366
354397
297368
241151
182932
123107
74203.2
36461.8
276663
767538
785538
806491
755712
756755
695825
668413
614049
573001
518853
470020
413380
358177
300195
244215
184364
122734
72352.5
34672.8
471142
786368
766547
799537
752701
756416
701852
672514
623704
579464
526377
475183
419386
363301
304773
247112
186390
123656
71289.1
33148.9
576577
897827
825893
847431
783497
781996
720213
688992
632867
588317
531003
479913
423314
368123
308678
249403
188249
124333
71022.7
31978.7
760325
1.01505e+06
847329
882029
804082
793873
744551
704746
653268
604926
550271
496398
440656
384898
314315
252631
189783
125174
70881.2
30942.2
1.07223e+06
1.05907e+06
953457
951723
853666
828421
773717
722482
669707
617175
561926
507264
451385
395150
330131
256907
191804
125517
70591.4
30535.3
905613
1.05637e+06
975008
995538
889318
859662
796329
737348
679059
623309
567308
511637
453978
396956
332615
258444
193490
126435
70573.3
30750.3
1.20297e+06
1.20317e+06
1.06293e+06
1.0307e+06
928936
887511
819804
754726
691051
629218
573482
515008
455712
398232
333950
258808
194078
127339
71263.1
31491.1
1.03673e+06
1.2001e+06
1.04631e+06
1.03226e+06
932369
900020
835124
768190
702237
638665
576898
517168
459386
401367
337543
259410
195441
129440
73040.5
32168
1.48625e+06
1.37048e+06
1.1176e+06
1.06308e+06
940276
889834
825433
762988
701132
638705
574875
512858
453287
395744
317818
257755
195744
130410
74101.1
32644.2
1.17419e+06
1.23356e+06
1.09018e+06
1.04529e+06
950362
900400
809360
754350
684872
626268
561274
501137
438529
377770
316514
257160
194563
128839
72817.1
32127.3
1.02742e+06
1.23637e+06
1.08492e+06
1.03841e+06
945217
896479
811108
755047
684681
627651
564760
505311
442492
380531
317382
256785
193520
127565
72276.2
32510.3
1.35687e+06
1.26454e+06
1.09101e+06
1.03958e+06
938593
893745
807415
756326
685211
630277
565782
507314
443231
381415
317637
256634
193328
128152
73598.3
34101
1.15201e+06
1.24321e+06
1.02138e+06
1.01983e+06
916069
884766
798895
752041
682547
627496
562523
503882
440024
379113
316377
255909
193070
128910
75013
35588
1.12423e+06
1.11668e+06
1.00748e+06
992146
914245
875897
798268
750077
679970
625082
558982
501205
437545
377608
315319
255320
192914
129538
76325.4
36782.8
1.00068e+06
1.05436e+06
913382
965025
893154
864096
785638
741588
672652
619405
554966
498046
435602
376280
314872
255228
193350
130817
78530.5
38816.1
916608
999906
903658
956419
888494
859773
781904
737018
669902
616693
553140
496245
434294
375403
314441
254967
193465
132142
81191
42270.9
1.21534e+06
1.14503e+06
895379
874507
769073
750849
683681
650874
596709
555029
502806
455349
401405
349290
294755
241177
185089
127806
80538.8
41037.4
1.02711e+06
1.09136e+06
844277
847588
758578
745505
684093
652521
599099
557364
504788
456692
402459
349817
294707
240652
184030
125832
77464
38035
1.10359e+06
1.05014e+06
835532
835940
759942
749108
687033
658011
604286
562879
508818
460418
404477
351295
295111
240540
183359
124589
75837.3
36011.6
817902
930889
787474
812384
741225
742251
686682
658367
608837
566513
514222
464959
408800
354724
297768
241700
183451
123418
73837
34160.8
309794
755761
789256
805632
757232
756186
697952
667721
614290
572665
519192
470087
413941
358482
300353
244330
184759
123262
72349.7
32643.2
438369
778111
768666
798098
752988
754456
703819
672314
624339
579244
526509
475312
419538
363246
304701
247059
186691
124101
71583.5
31447.4
490169
915858
818401
848262
784795
779071
721126
688752
633313
588311
531846
480063
423602
368323
308888
249429
188417
124892
71316.6
30558
849369
971325
848877
879818
804925
792817
745392
706495
653313
605235
550059
496508
440566
384642
314554
252558
189926
125487
71291.8
29778
1.00617e+06
1.0416e+06
950726
950834
854697
830233
775130
723324
670379
617634
562290
507321
451284
395080
330122
256932
191995
126225
70985.9
29355.2
999379
1.06562e+06
982552
993797
888818
857586
797162
738290
680306
624085
567631
511284
453943
397118
332818
258709
193619
127003
71052.3
29443.8
1.19151e+06
1.20684e+06
1.06567e+06
1.03136e+06
926111
884269
818972
754574
691774
632391
574385
514681
455468
397870
334377
258979
194200
127874
71694.5
29908.9
1.01081e+06
1.24267e+06
1.0466e+06
1.03742e+06
934800
898638
833631
767003
702027
639322
578005
517722
459334
401075
338098
259303
195153
129329
73000.6
30397.9
1.63818e+06
1.34003e+06
1.11992e+06
1.0653e+06
942485
888292
824140
762097
700712
638704
575930
514743
454634
396051
318979
258232
196061
130535
73976.2
30804.6
1.18342e+06
1.23571e+06
1.0869e+06
1.04423e+06
952903
897796
810435
753287
684823
625975
561811
501892
439586
378589
316711
257161
194460
128787
72604.1
30297.6
1.30007e+06
1.24798e+06
1.08349e+06
1.03963e+06
946960
896995
812620
755219
684952
627243
564493
504899
442186
380404
317528
256652
193845
128133
72197.3
30549
1.40659e+06
1.27965e+06
1.0931e+06
1.03956e+06
940002
894412
808826
756822
685779
630108
565734
506923
442980
381320
317763
256704
193520
128277
73163.6
31833.7
1.2195e+06
1.21263e+06
1.01713e+06
1.01868e+06
917460
885164
799741
752369
683056
627727
562826
504033
440270
379348
316576
256037
193306
128754
74045.8
33391.1
1.14294e+06
1.12925e+06
1.00625e+06
994828
915373
876020
799083
750332
680341
625482
559253
501514
437723
377860
315481
255504
193198
129310
75343.9
34655.3
1.0718e+06
1.04812e+06
908480
969264
894664
863498
786634
742300
673116
619861
555173
498304
435762
376506
315000
255414
193624
130540
77397.8
36721.6
883454
991861
893247
963356
890732
860240
782254
737429
670027
617168
553409
496721
434651
375754
314695
255274
193768
131806
79900.5
40395.5
1.10449e+06
1.13198e+06
897101
876893
771086
751556
684385
651374
596704
555071
502688
455353
401338
349245
294653
241081
184946
127035
78699.1
37518.1
1.21871e+06
1.10384e+06
853558
848805
760169
746486
685205
653016
599239
556972
504504
456680
402580
349980
294836
240715
184143
125329
76476.5
36580.3
1.15193e+06
1.05947e+06
837317
835139
762100
749184
688038
658150
604620
562817
508522
460057
404626
351767
295515
240776
183599
124413
75163.3
34994.8
901389
943251
789363
810709
743098
741050
687385
658654
608765
566779
514418
464957
409122
354814
297975
242022
183806
123636
73519.9
33662.5
240304
766339
779232
804852
758670
755190
698871
668043
615078
572670
519298
469992
413905
358581
300505
244374
185118
123667
72279.1
32640.1
427583
772294
771865
798001
754089
753277
704025
672048
624411
579239
526531
475380
419427
363247
304722
246980
186823
124510
71708.2
31800.5
520717
930812
819050
850286
786334
778640
721694
687894
633708
587669
532100
480292
423843
368260
308907
249429
188331
125210
71665.1
31074
874189
980752
845928
880512
805446
792201
746170
706998
653802
605312
550004
496679
440598
384577
314730
252587
190103
125675
71641.2
30408.5
908380
1.03508e+06
949669
950203
855029
830359
775887
723963
670682
617708
562280
506922
450836
394730
330196
256887
192101
126659
71479.9
29910.3
878712
1.06948e+06
982695
991308
886640
856218
797294
738893
681116
624496
567760
510889
453665
396990
332946
258816
193798
127433
71681.6
29912.8
1.19258e+06
1.19644e+06
1.06613e+06
1.02897e+06
921954
881262
818116
754583
692264
632632
574047
514831
455583
398188
334728
259097
194338
128268
72152.5
30207.5
992969
1.2739e+06
1.04193e+06
1.04203e+06
935111
896891
832339
765743
701757
639662
578466
517996
459041
400679
338185
259367
195077
129410
73098.8
30600.9
1.28304e+06
1.31051e+06
1.11252e+06
1.0651e+06
945353
887558
824215
761961
700451
638299
576254
515686
455609
396544
319656
258402
196235
130609
73987.5
30781.6
1.11991e+06
1.2283e+06
1.08532e+06
1.04377e+06
953256
896241
812023
752816
685776
625982
562354
502507
440040
379082
316898
257339
194611
128937
72714.7
30484.4
1.41748e+06
1.26466e+06
1.08615e+06
1.03913e+06
947750
896564
814406
754970
685582
626973
564520
504792
442128
380414
317649
256644
193979
128516
72492.8
30584.1
1.53072e+06
1.2899e+06
1.09765e+06
1.03799e+06
940035
894822
810664
756752
686703
629965
565864
506753
442956
381334
317933
256823
193709
128529
73110.2
31016.7
1.33251e+06
1.2256e+06
1.01918e+06
1.01741e+06
917361
884853
800976
752298
683954
627718
563126
504075
440429
379451
316727
256109
193532
129017
73958.9
31882.2
1.25548e+06
1.13305e+06
1.00253e+06
997871
916113
875818
799752
750371
681219
625671
559663
501560
437885
377905
315618
255560
193363
129392
74961.2
33022.7
1.01964e+06
1.03668e+06
902902
968640
896003
863701
788316
742665
673716
620134
555528
498390
435864
376543
315013
255445
193722
130306
76163.4
34712.6
776248
963052
891611
967613
895717
861177
783104
737967
670197
617557
553597
497087
434901
376069
314899
255578
194078
131361
78337.9
38125.6
581232
627349
586154
623914
581571
628115
586724
525742
571691
529357
567536
525557
572139
529446
587734
636879
591146
630169
588336
637412
591898
531629
576180
531461
574089
532131
576863
531804
734657
786230
745903
771842
734716
786809
745978
681250
732468
689580
721416
681346
732589
689581
629856
675960
634403
668849
629928
676040
634535
574265
620518
578822
616989
574337
620797
578911
520004
565273
523919
561641
520223
565392
524009
464496
510262
467761
507244
464636
510364
467641
408955
453656
410445
451557
409109
453564
410427
351985
396559
353499
395389
351936
396590
353634
750621
813679
766199
795111
750805
813413
766105
692081
750769
702702
736619
692259
750620
702792
636019
686859
641861
678137
636283
687130
642163
580199
627680
585475
622460
580547
627977
585628
525248
571137
528371
566781
525366
571212
528258
468547
514007
469953
511553
468328
513869
469824
410938
455375
412426
453907
410850
455260
412332
353472
398211
355388
396727
353315
398088
355171
771645
835767
783196
821246
771321
835515
782993
706270
766284
715445
755260
706276
766157
715593
644168
699298
651344
690342
644485
699424
651623
587100
635834
590403
630043
587259
636152
590422
529152
575510
530689
572758
529049
575502
530750
470677
516057
472722
514561
470586
516139
472837
413164
458519
415272
456086
413083
458614
415207
356011
400941
357599
398836
355750
400866
357340
785454
838906
788923
836864
785459
838722
788477
718198
772384
723286
768894
718244
772050
722878
653744
707985
660907
702348
653833
707435
660436
590751
643841
593562
638106
590884
643467
593713
530987
577689
531468
576031
531145
577893
531708
472962
516345
472252
516492
473097
516629
472876
415726
458615
416273
459153
415693
458937
416417
357668
402173
356456
401445
357457
402356
356338
734717
786993
746041
773478
734824
788450
746439
681540
732673
689593
722197
682265
733162
689841
630017
676103
634609
669470
630148
676471
634924
574390
620968
579033
617092
574738
621476
579386
520282
565484
524054
561794
520466
565773
524132
464689
510429
467611
507281
464764
510540
467558
409122
453574
410474
451442
408993
453619
410650
351967
396636
353759
395171
351853
396806
353870
750883
813133
766029
796109
751273
812622
765835
692376
750544
702859
737148
692917
750378
703165
636399
687264
642355
678795
636872
687768
643172
580714
628141
585705
623123
581141
628560
585809
525413
571238
528343
567238
525636
571249
528539
468297
513852
469747
511635
468240
513761
469609
410835
455202
412252
453963
410990
454986
411910
353422
398001
355117
396910
353592
397632
354823
771177
834943
782822
820208
770769
833552
782156
706329
766054
715614
754801
706564
765612
715620
644705
699472
651739
690879
645706
699620
652121
587391
636279
590485
631042
588024
636701
590904
529110
575549
530810
573577
529180
575928
531213
470540
516220
472891
514598
470387
516568
473018
413017
458616
415181
455806
412684
458583
415063
355674
400830
357264
398388
355333
400672
356949
785367
838436
788176
835692
784771
837354
786936
718213
771832
722657
768397
718024
770880
721932
653868
707142
660182
702269
653997
706233
659228
590996
643310
593806
638510
591497
643053
594454
531241
577998
531825
576640
531607
578633
532425
473172
516786
473137
516996
473432
517551
473923
415686
459114
416458
459364
415664
459735
416534
357404
402415
356389
401397
357185
402506
356426
734928
788799
746622
774861
735293
790019
747288
682623
733389
690037
723114
683564
734165
690991
630108
676671
635070
670254
630112
677541
635543
574894
621652
579467
617509
575287
622152
579761
520458
565849
524109
562223
520435
566099
523887
464722
510528
467541
507276
464461
510281
467459
408864
453623
410675
451322
408578
453545
410634
351819
396826
353924
395102
351684
396775
353776
751457
812333
765800
797062
752109
812260
765841
693159
750362
703301
738076
694112
750477
703798
637098
687969
643326
680005
637754
688618
644126
612111
609181
625753
623520
611729
609309
626217
553837
553340
568533
567350
554061
553375
568426
468231
514031
469617
511409
468149
513960
469616
411030
454928
411793
453970
411134
454940
411723
353694
397507
354826
397085
353725
397467
354945
770657
832837
781905
819352
770403
831482
781122
706667
765438
715608
754601
707033
764843
715529
646000
699661
652272
691584
646866
699734
652670
618617
616818
633054
631664
618404
616940
633467
560902
558648
574784
573944
560028
559458
575652
470337
516722
473004
515068
470243
517017
472850
412538
458551
415001
455464
412111
458345
414697
355300
400596
356902
397837
355190
400254
356418
784498
836573
786411
834130
783524
835349
784821
717939
770463
721699
767401
717619
769089
721224
654060
705918
658955
702086
654286
705315
658446
591733
643008
594799
639177
592577
642998
595571
531745
578940
532679
577770
532174
579770
533698
473498
517858
474111
517607
473540
518960
474701
415621
459944
416530
459371
415389
460500
416437
357189
402512
356670
401173
356838
402336
356828
735471
790278
747485
775834
736047
790915
748033
683803
734391
691301
723780
683915
734899
692031
630147
677815
635678
670633
630553
678435
635980
575385
622294
579862
617729
575464
622589
580037
520402
566158
523804
562296
520329
566229
523598
464371
510177
467356
507044
464152
509888
466920
408494
453495
410559
450969
408318
453073
410305
351775
396720
353805
394848
351926
396541
353687
752286
812088
765871
797399
752769
811959
765988
694421
750542
704015
738800
695161
750750
704475
637929
688859
644559
680988
638298
689374
644918
581694
629800
586493
624445
581885
630495
587028
525384
571844
528596
567737
525020
572303
528547
468105
513767
469613
510966
467878
513944
469696
411171
454953
411779
453732
411026
455066
411984
353805
397539
355129
397024
353790
397785
355354
770318
830785
780829
818492
770194
829783
779878
707187
764575
715483
754579
707513
763876
715337
647050
699742
652783
692174
647135
699727
653063
588918
637598
592091
632542
588869
638047
592413
529478
577002
531780
574089
529571
577287
531888
470221
517049
472767
514823
470246
517129
472505
412120
458221
414519
455542
412302
457915
414086
355405
400096
356415
398103
355633
399801
356277
783083
834638
784414
832831
781795
833298
783987
717515
768722
721088
765964
717188
768148
720724
654361
705071
658306
701821
654554
704767
658322
592869
642894
595714
639652
593349
642600
595924
532291
579933
534053
578431
532535
580447
534901
473518
519312
474896
517970
473336
519980
475437
415267
460656
416425
459117
414810
460881
416348
356882
402323
357220
400753
356623
402095
357172
736327
790927
748204
775326
736610
790333
748494
683837
735001
692180
724237
683493
735142
692435
630732
678536
636073
670675
630594
678697
636278
575410
622603
580045
617736
575217
622653
580071
520327
566227
523560
562163
520131
566190
523504
464084
509790
466849
507027
463801
509558
466699
408290
452970
410254
450727
408009
452785
410165
352012
396482
353858
394717
351965
396372
354095
752894
811815
765988
796742
753072
811302
766030
695308
750770
704585
739000
695542
750835
704774
638372
689491
645004
681342
638543
689694
645191
581913
630584
587110
624576
581965
630728
587279
524975
572376
528550
567810
524961
572523
528703
467813
513971
469690
510719
467648
514041
469631
410986
455098
412054
453522
410887
455103
412174
353896
397862
355550
396912
354073
397984
355786
770171
829318
779628
817438
770106
828555
779350
707590
763681
715284
754535
707740
763436
715273
647209
699695
653123
692443
647376
699726
653249
588868
638108
592470
632749
588900
638148
592547
529567
577343
531939
574034
529726
577425
532011
470247
517148
472489
514929
470230
517112
472449
412393
457912
414101
455631
412553
457911
414177
355769
399807
356485
398343
355959
399851
356607
781545
832821
783907
831329
781425
832825
784227
717125
768051
720562
765553
717110
768231
720440
654609
704693
658293
701702
654742
704985
658269
593416
642613
595786
639646
593490
642754
595574
532581
580432
535040
578481
532680
580688
534943
473299
520053
475501
517950
473253
520340
475278
414771
460843
416341
458897
414787
460981
415993
356726
401997
357416
400571
357105
401915
357438
597565
595320
582956
581303
597379
595424
582972
612424
626735
615296
628775
612504
627293
614158
598092
584314
600864
585941
598577
583811
600605
612325
623728
609686
626436
609485
626438
612336
597744
581423
595773
583365
595580
583115
597902
612732
628990
627434
616288
627543
614690
613326
598345
586226
584771
601671
583997
600964
599293
539522
539710
525714
525789
539755
539799
525531
555472
570091
557134
571601
555858
569605
557353
542509
528348
542791
530203
542416
528508
545068
553868
567435
553417
568822
553401
568530
554165
539506
525724
539669
525625
539780
525512
539735
555493
571813
570415
557460
569733
557393
555978
542430
530579
528285
542802
528522
544946
542377
604838
602514
589356
588131
604025
602464
590238
621939
635829
621444
637083
621025
636486
621659
606667
590604
606371
591438
605946
591106
606635
618971
631915
617731
633747
617547
633686
619205
605122
588387
603090
590021
602671
590502
604771
622196
637259
636499
622056
636692
621861
621829
606903
591704
591301
607082
591345
606879
606714
547092
544029
531055
531087
545783
544772
531983
559960
575398
561164
576483
559885
575740
561420
544121
529793
546375
531703
544389
529592
546636
561070
574135
559140
575334
559669
575853
560475
547255
531338
544317
531397
544779
532205
546107
560083
576722
575969
561658
575927
561575
560304
544247
531816
530180
546785
529711
546770
544788
731091
758813
733437
745202
730476
759172
733266
673939
710766
679221
701661
674655
711240
679120
629343
659683
631326
651990
629608
659908
631302
576348
609659
576708
603783
576385
609751
576401
523761
555565
523718
549938
523794
555595
523685
468051
501614
468103
496162
467996
501701
467967
413978
446249
413635
440611
413918
446321
413429
357409
390964
356408
385410
357277
390860
356067
785806
842649
792781
825683
786379
843096
793581
761196
760677
777440
771333
760700
777609
761146
710806
708950
726064
721266
708954
726078
710887
657609
656598
672967
668705
656638
672974
657640
602948
602361
619386
616935
602343
619326
603066
547709
547937
564258
561677
547905
564190
547838
492529
492831
508709
507206
492857
508782
492548
437359
437669
453822
451569
437704
453918
437406
380352
381492
397124
395389
381449
397228
380258
302335
334515
300192
330259
302233
334706
299940
815551
872544
830788
860549
815676
872358
830612
784254
779193
801270
794906
779237
801246
784185
725580
721375
740723
736433
721500
740793
725480
666029
663879
680459
677985
663902
680476
666008
609780
607770
623742
621995
607886
623859
609630
554182
552761
567811
566496
552788
567948
554087
498287
497326
512577
511480
497350
512610
498285
439719
439382
454266
453933
439343
454239
439706
382761
382477
397081
396779
382454
397053
382788
301592
333075
303142
332187
301546
332966
302995
847992
899617
856470
888847
847999
899261
856377
809184
804051
827506
821335
804039
827268
809285
742921
739257
759795
755590
739171
759753
742958
677298
674300
693185
690171
674402
693250
677206
617333
615483
631800
629806
615518
631858
617293
559179
558121
573822
572649
558118
573830
559167
500556
499921
515170
514558
499911
515179
500552
442664
441794
457098
456152
441767
457087
442702
385397
384705
399682
398924
384693
399666
385417
303486
335230
303669
334152
303378
335141
303627
860503
905380
864344
901347
860766
905099
864502
820271
819729
838512
836851
819729
838536
820274
753982
751616
771247
768876
751689
771272
753956
688756
686077
705402
702345
686064
705384
688795
623285
621649
640639
637965
621705
640642
623230
560992
560820
576479
575952
560829
576572
560947
501798
501700
516653
516360
501722
516707
501761
444914
444575
459311
458980
444596
459372
444875
387097
386903
402189
401449
386887
402195
387119
302332
332847
305846
336853
302277
332828
305826
793616
827509
795232
827848
793608
827247
795095
729843
762773
733132
764422
729522
762488
732995
668971
702572
672598
703163
668535
702124
672360
601131
637536
606003
639250
601009
637257
606007
538238
572722
542919
573690
538320
572666
542992
476284
509749
480501
511309
476491
509884
480521
419815
448725
420536
451822
419670
448777
420830
360204
391270
363161
395346
360193
391411
363131
729977
759203
732661
744573
729842
759631
732196
676934
711930
679923
703614
678936
712893
680869
629968
660418
631292
653041
630208
661256
631077
576596
609925
576148
604565
577090
610162
576332
523926
555620
523665
550169
524095
555630
523601
467969
501814
467761
496307
468078
501879
467551
413848
446368
413125
440614
413727
446309
412762
357265
390683
355836
385019
357020
390481
355451
788012
844005
795117
827775
790763
844701
796867
761538
761128
778714
772699
761427
761347
779411
710581
708990
726420
721692
710565
709027
726609
657480
656927
673053
669117
657490
657010
673139
602636
602512
619226
617013
602574
602652
619402
547406
547766
563756
561555
547408
547829
563748
492577
492968
509086
507284
492579
493003
509201
437191
437734
454156
451529
437241
437700
454203
380487
381217
397697
395296
380557
381130
397766
302237
334812
299730
330208
302001
334919
299386
815835
872309
830121
860581
816258
872104
829305
784171
779310
801198
795499
784167
779409
801307
725957
721885
740999
736835
725860
722005
741091
666557
664146
680821
678376
666344
664295
681046
610695
608589
624389
622798
610434
608777
624633
554347
553019
568351
567026
554360
553100
568446
497862
497247
512462
511599
497959
497180
512329
439685
439355
454145
453924
439698
439400
454168
382595
382479
396888
396778
382614
382568
396848
301764
332816
302999
332438
301741
332743
303053
847596
898777
855794
888660
846554
898624
854285
807887
803472
826403
820731
808223
803263
826200
742497
738797
759275
755005
742603
738715
759108
677932
674878
693557
690583
677762
675068
693675
617726
615950
632216
630451
617586
616392
632393
559477
558121
573977
573006
559361
558110
574085
500629
499854
515308
514555
500608
499817
515374
442458
441625
456972
455967
442521
441552
456918
385103
384513
399510
398655
385209
384400
399420
303460
335037
303691
333919
303280
335027
303606
860629
905163
864617
900701
859765
905176
864351
819805
819424
838620
836458
820021
819152
838473
753685
751620
771253
768726
753830
751515
771140
688409
686023
705190
702319
688512
686008
705096
623666
621993
640696
638278
623560
622118
640732
561455
560979
577027
576259
561302
561094
577210
502125
501925
516959
516694
502009
502023
517085
445122
444644
459734
459293
445073
444659
459895
387072
386827
402211
401432
387082
386801
402222
302344
333026
306053
337103
302201
333262
306032
793394
826480
794789
826790
792733
825942
794256
729008
762059
732869
763558
728493
761384
732660
667744
701441
671844
701910
666550
700615
670822
601000
636974
606109
638717
601271
636608
606358
538580
572604
543192
574249
538950
572765
543596
476804
510109
480699
512167
477187
510515
481221
419614
448960
421215
452728
419626
449375
421645
360327
391543
363366
395590
360129
391710
363360
730087
759710
732434
745069
730129
760310
732859
681026
713511
681812
705664
682047
713943
682492
630455
661891
631020
653302
630751
662471
630793
577565
610491
576531
605209
578087
611056
576716
524305
555782
523418
550292
524509
555973
523243
468298
501976
467502
496463
468581
502100
467314
413705
446146
412377
440675
413756
446043
412061
357117
390397
355427
384764
357078
390384
355258
794069
844682
798608
829266
796658
845139
800091
762417
761791
780894
774168
762137
762025
781538
711225
709817
727290
722719
710996
710119
727525
657637
657365
673639
669908
657572
657488
673875
603247
603242
619993
617280
603086
603488
620145
547691
548231
564248
562048
547595
548397
564506
492348
493003
509442
507246
492429
493018
509462
436586
437422
454120
451361
436793
437340
453995
380022
380892
397710
395138
380119
380869
397631
302012
335023
299215
330097
301927
335103
298985
816811
871255
828698
859060
817138
870190
828414
784710
779960
801557
796652
784468
780211
801740
726550
722489
741468
737597
726356
722718
741651
667675
664955
681815
679345
667378
665215
682094
511956
511616
511911
497600
497045
497633
497009
439878
439555
454260
453982
439828
439572
454292
382845
382765
396995
396996
382795
382817
397040
301858
332897
303432
332704
301643
333127
303453
845306
896746
852544
887164
844197
896080
851002
806388
802586
824833
819727
806740
802394
824644
742182
738566
758680
754670
742244
738549
758566
678659
675733
694052
691233
678466
675999
694186
515682
515418
515889
500883
499755
500796
499662
442061
441248
456696
455610
442194
441112
456589
384524
383976
399034
398074
384693
383829
398869
303479
334951
303761
334097
303365
334792
303538
858449
904192
863320
899904
857245
903767
862330
818268
817954
837264
834859
818719
817538
836942
752688
751031
770463
767958
752998
750821
770141
687917
685946
704772
702197
688056
685920
704639
622657
638843
622884
624321
640922
624110
641047
561673
577213
561933
562361
577916
562088
578251
517335
502699
502368
517529
502550
502481
517709
445235
444669
460245
459395
445227
444648
460320
387033
386703
402271
401320
387064
386644
402270
302239
333925
306696
337936
301647
334211
306518
791102
824396
793179
825044
789487
823743
791991
728102
760965
732571
762545
727757
760542
732436
665677
699572
670203
700835
665079
699073
669670
601590
636399
606627
638822
601797
636358
606936
539390
572951
543945
575382
539745
573119
544309
477700
511155
481918
513866
478355
511728
482966
419719
449910
422123
453914
419830
450655
422625
360405
391806
363944
395937
360171
391920
363933
730166
760556
733326
745888
729955
760924
733773
682481
714305
682932
706850
682319
714610
683340
630986
662851
630924
653479
631024
662982
631251
578351
611402
576707
605275
578298
611316
576724
524722
556418
522883
549983
524793
556554
522880
468984
502392
467058
496554
469081
502344
466982
413901
446131
411693
440490
413967
446153
411435
357393
390524
355383
384456
357426
390595
355106
798591
844984
801174
831022
799110
845071
801831
763311
762699
782653
775450
763032
762918
782992
712167
711197
728340
723446
711909
711346
728470
657847
657939
674599
670485
657856
658033
674857
603502
604199
620653
617703
603515
604295
620821
547696
548768
564975
562321
547808
548906
565137
491839
493064
509441
507286
492033
493150
509491
435835
437197
453598
451207
436060
437218
453577
379612
380824
397471
395038
379749
380868
397533
302283
335238
298988
330067
302327
335582
298581
817424
868832
828036
857423
817975
868344
828016
785212
780757
801949
797380
785097
780911
802086
727433
723519
742271
738485
727255
723715
742434
668808
666047
682991
680578
668544
666272
683277
609865
626400
612238
612208
624234
610012
626418
553425
569007
554422
554599
567683
553421
569118
511891
497601
496821
511175
497559
496737
511948
439955
439629
454297
453903
439953
439588
454289
383138
382935
397230
397099
383064
382915
397313
301739
333392
303747
332962
301537
333727
303602
842970
892774
849313
883501
842423
892230
848697
805167
801864
823383
818840
805368
801690
823198
742023
738596
758260
754565
742048
738628
758185
679271
676549
694581
691933
679131
676733
694692
618732
633982
619283
619286
633119
619228
634050
559168
575241
560501
560572
574164
558711
575281
515764
500677
499736
514678
500732
499763
515769
441495
440848
456200
455476
441547
440870
456175
384174
383719
398408
397944
384138
383789
398395
303723
334665
303738
334716
303609
334650
303546
855901
902475
861233
898624
855200
902215
860658
816170
816250
835452
833483
816702
815818
835177
751153
750029
768793
766632
751515
749777
768379
687360
685838
704202
701964
687498
685794
704085
623520
625007
641383
639441
624900
623697
641479
562536
563366
579243
578177
563169
562682
579467
503269
502728
518346
517835
503124
502797
518556
445050
444458
460479
459266
445129
444337
460488
386732
386373
402175
400964
386838
386281
402101
301579
334730
307041
338210
301256
334884
306490
788287
822483
791397
824385
788143
822782
791053
727592
760392
732121
762018
727693
760512
731808
664878
698943
669198
700547
664828
699248
668724
602046
636561
606784
638468
602401
636801
606616
539979
573301
544491
576356
540236
573801
544276
479147
512039
483633
515638
479646
512726
484150
420032
451351
423343
455167
420049
451948
423732
360748
392177
364831
396247
360553
392259
364771
729961
760725
733980
745751
730189
760275
734253
681704
714713
683587
706945
681276
714574
683830
630959
662856
631651
653998
630901
662660
631793
577941
610963
577063
605364
577723
610814
577395
524642
556322
523172
550150
524369
556017
523352
468879
501945
467210
496921
468595
501593
467495
413843
445891
411684
440794
413510
445541
411889
357593
390316
355475
384851
357447
389935
355596
798724
844431
802468
829617
798135
844347
802206
764770
763404
783159
776013
764469
763416
783235
712790
711588
728697
724090
712697
711486
728758
658414
658349
675003
670712
658267
658375
674951
603556
604073
620643
617716
603576
603891
620493
547595
548797
564798
562269
547550
548694
564574
491649
492909
509129
506913
491605
492741
508903
435602
437085
453078
450756
435564
436917
452815
379539
380835
397238
394681
379500
380678
396990
302328
335388
298841
330568
302028
335197
298904
818571
866998
828203
855896
818892
866775
828241
785616
781319
802196
797350
785535
781417
802380
727938
724175
742818
738955
727855
724264
742881
669398
666714
683837
681212
669296
666811
683937
612243
610270
626471
624513
612230
610302
626481
554978
553406
569292
567778
554911
553436
569340
497492
496472
511981
510830
497538
496405
511975
439887
439326
454241
453610
439898
439287
454205
383178
382843
397357
396955
383187
382821
397344
301730
333810
303888
333052
301751
334042
303927
842403
890408
848593
880856
842301
889876
848513
804627
801375
822336
818052
804694
801326
822428
741933
738718
758020
754575
741958
738731
757967
679627
677099
694915
692332
679559
677174
694964
619749
618089
634414
632687
619650
618082
634526
560486
559117
575317
574035
560507
559168
575322
500642
499854
515663
514861
500611
499907
515663
441696
441049
456201
455628
441625
441132
456235
384393
384019
398578
398259
384354
384084
398645
303837
334652
303813
335002
303893
334769
303906
855008
901192
860407
896556
855221
901630
860620
814677
814477
833783
832176
814743
814314
833726
750482
749129
767540
765613
750505
749050
767444
687332
685755
703745
701713
687266
685790
703656
625266
624060
641465
639642
625233
624089
641396
563816
562940
579869
578474
563727
562987
579836
503486
502864
518981
517987
503439
502870
518982
444673
444051
460260
458980
444703
444036
460133
386334
386060
401742
400625
386355
386067
401547
301283
334926
306701
338147
301401
335359
306328
788628
823231
791307
824223
789801
823489
791560
727898
760454
731477
761961
727995
760434
731333
664710
699592
668443
700584
664768
700090
668568
602728
636795
606320
638203
602975
636760
606283
540519
574244
544073
576256
540738
574508
543963
480178
513160
483858
515600
480589
513580
483650
420042
452637
423749
455499
420520
453117
423561
361152
392512
365197
396387
361385
392965
365099
751940
746497
737050
734680
746503
736998
751869
767155
780357
771749
786333
780597
771796
766988
755627
741777
759726
745917
741786
759760
755511
761262
771474
760959
778401
760786
777874
761372
752079
734696
746602
736898
746527
736933
752251
767309
786495
781372
771862
780888
771825
767462
755762
745940
741822
759904
741798
759819
755895
699175
693542
683829
681248
693513
683740
699242
714957
729125
718076
732488
729129
718079
715006
701589
687291
703970
689580
687230
703972
701616
710689
721349
708936
726260
708964
726145
710613
699082
681314
693509
683451
693536
683601
699014
714910
732528
729218
718151
729159
718103
714867
701536
689581
687036
704024
687139
703991
701469
646190
642554
630331
629857
642569
630284
646172
660416
674442
662037
675971
674413
662040
660451
647049
632985
648465
634421
632933
648469
647042
657562
668785
656817
673003
656745
672984
657517
646223
629888
642636
630235
642615
630249
646270
660380
675998
674364
662083
674384
662055
660355
647081
634474
632893
648539
632899
648493
647134
591322
588050
575123
574240
588118
575068
591428
605275
619640
606422
620512
619602
606417
605272
591660
577421
592717
578778
577375
592680
591726
602758
616954
602406
619177
602344
619240
602615
591235
574280
588098
574670
588080
574865
591139
605254
620630
619618
606643
619565
606481
605230
591565
578788
577272
592832
577333
592686
591480
536095
533658
519812
520071
533698
519795
536235
550017
564277
551389
565253
564221
551380
550026
536315
522234
537762
523946
522239
537793
536393
547552
561688
547797
563856
547839
564019
547447
535968
520147
533700
519783
533704
519790
535912
549984
565276
564085
551532
564130
551460
549959
536318
523976
522229
537906
522233
537857
536344
480814
478400
464694
464534
478408
464750
480664
494754
508925
496186
510274
508923
496193
494780
480933
466692
482122
467762
466754
482136
480952
492536
507223
492935
508973
492890
508874
492559
480993
464584
478382
464924
478394
464845
481158
494781
510307
508974
496258
508930
496220
494839
481020
467690
466735
482109
466776
482144
481136
425320
422780
408425
408988
422784
408477
425294
438520
453085
439000
453590
453175
438972
438508
424501
409808
424792
410437
409812
424807
424448
437313
451557
437754
454088
437734
454010
437278
425408
409054
422830
408647
422798
408581
425519
438542
453565
453297
438971
453245
438955
438564
424556
410425
409908
424848
409828
424823
424617
368656
366388
351474
351958
366403
351415
368547
381768
396458
382170
396559
396477
382173
381735
368061
352888
367897
353493
352894
367891
368021
380482
395392
381304
397565
381374
397391
380547
368774
351983
366406
351250
366417
351368
368854
381850
396568
396590
382278
396520
382212
381955
368165
353609
353054
368042
353042
367930
368263
770367
765333
755410
750691
765373
755455
770334
791320
807873
796705
813571
807794
796716
791274
776335
760851
781703
766210
760899
781695
776307
784206
794950
779274
801251
779237
801185
784202
770372
750749
765460
755557
765411
755498
770408
791292
813466
807726
796523
807723
796626
791285
776344
766166
760950
781566
760931
781640
776352
710395
706731
695138
692111
706789
695193
710291
730164
745734
734817
750765
745780
734806
730128
714570
698850
718796
702714
698911
718790
714523
725686
736540
721772
740925
721648
740857
725778
710533
692170
707046
695443
706902
695295
710666
730196
750690
745813
734683
745799
734744
730218
714625
702741
699084
718750
698992
718768
714684
651858
650069
637816
636080
650089
637860
651833
668553
683504
671373
686930
683549
671442
668533
654012
639724
656425
641916
639753
656463
653962
666092
678052
664032
680643
663952
680535
666196
651936
636173
650210
638050
650133
637939
652067
668621
687015
683797
671744
683642
671561
668753
654112
642015
639958
656771
639842
656581
654249
595717
594048
581610
580197
594057
581783
595521
611773
625768
613633
627735
625771
613637
611743
597777
583703
599625
585503
583758
599640
597726
609981
622245
608382
624186
608156
624016
610201
595956
580365
594481
582199
594259
581997
596196
611807
627838
625862
613806
625790
613693
611849
597880
585560
583959
599793
583847
599699
597996
540378
539015
526521
525276
539082
526574
540309
555629
569618
556891
571152
569673
556888
555580
541688
527634
542617
528350
527681
542612
541627
554263
566648
552942
568234
552872
568098
554325
540436
525317
539205
526597
539139
526603
540466
555703
571182
569840
556832
569752
556871
555793
541785
528303
527819
542569
527742
542596
541913
483620
482996
468999
468444
483026
468916
483746
498846
513446
499367
513948
513432
499324
498953
484099
469391
484638
469933
469363
484615
484165
498185
511521
497318
512562
497350
512603
498063
483516
468375
482863
468802
482943
468852
483430
498752
513904
513342
499219
513382
499273
498668
484030
469893
469280
484529
469324
484577
483968
425490
425135
411332
410918
425141
411303
425503
440248
454730
440961
455336
454684
440947
440248
425994
411821
426669
412416
411789
426658
426008
439719
453916
439341
454149
439339
454185
439712
425480
410884
425127
411197
425135
411256
425451
440234
455305
454616
440873
454650
440917
440206
425977
412388
411674
426601
411741
426636
425931
368423
368206
354115
353382
368169
354042
368470
383332
397598
383973
398191
397568
383953
383361
369188
354709
369744
355323
354645
369707
369221
382720
396752
382425
396948
382436
397010
382659
368368
353386
368153
353953
368139
354050
368319
383295
398153
397443
383858
397514
383923
383229
369142
355294
354508
369569
354628
369650
369084
792884
787872
776360
771620
787847
776304
792971
814626
832086
817091
835716
831884
817128
814709
797560
780300
800377
783168
780288
800364
797605
808994
821256
803750
826952
803935
827083
808660
792693
771521
787534
775915
787745
776141
792393
814387
835655
831452
816835
831693
817050
813988
797336
783110
779975
800118
780174
800293
797042
726181
722786
709512
706252
722713
709526
726231
746167
763279
749072
766272
763276
749079
746171
729265
712453
732162
715512
712514
732225
729252
742820
755445
738889
759448
739029
759624
742714
726129
706247
722560
709586
722612
709554
726091
746130
766233
763085
749035
763210
749071
746064
729277
715559
712641
732276
712585
732266
729275
661806
658986
646524
644218
659103
646635
661692
680249
696200
683192
699330
696263
683209
680186
664523
648974
667234
651412
649059
667279
664440
677440
690250
674700
693445
674542
693342
677597
661978
644321
659467
646968
659263
646788
662162
680346
699377
696436
683311
696347
683255
680460
664650
651512
649356
667455
649196
667356
664802
602893
601354
588413
587120
601382
588419
602876
619033
633818
620443
635908
633910
620505
618970
604300
589532
605416
590396
589536
605444
604277
617398
629910
615749
632073
615606
631951
617483
602940
587171
601606
588499
601459
588448
603017
619127
636026
634210
620699
634045
620594
619252
604355
590395
589603
605577
589556
605497
604446
544542
543681
529863
529115
543665
529852
544534
559973
574786
560540
575494
574772
560527
559992
545186
530377
545614
530683
530348
545608
545215
559212
572689
558107
573902
558109
573854
559270
544588
529076
543629
529954
543646
529877
544690
559962
575486
574789
560553
574770
560530
559955
545168
530706
530296
545661
530322
545625
545152
485999
485284
471504
470662
485273
471503
485998
501119
515680
501469
516062
515684
501489
501103
486637
472222
487093
472747
472232
487111
486621
500568
514554
499878
515246
499896
515203
500587
486005
470631
485232
471507
485256
471507
486010
501145
516086
515720
501582
515699
501529
501177
486665
472790
472291
487199
472254
487148
486695
428265
427454
413950
413148
427437
413932
428287
443511
457915
444158
458549
457934
444168
443551
429046
414654
429783
415243
414632
429754
429082
442622
456127
441685
457020
441732
457059
442574
428242
413127
427386
413869
427418
413908
428215
443462
458600
457894
444125
457922
444151
443412
429013
415225
414572
429693
414606
429723
428985
371049
370602
356646
355939
370554
356576
371104
386030
400358
386578
400921
400338
386554
386056
371774
357071
372198
357528
357001
372139
371831
385359
398892
384599
399581
384664
399634
385292
370977
355877
370413
356388
370494
356511
370888
385992
400898
400260
386474
400306
386522
385932
371703
357455
356806
371985
356926
372067
371619
804327
802583
787287
785480
802597
787266
804339
821502
839930
822635
838808
839865
822542
821532
806605
788308
805520
788905
788228
805402
806664
820247
836877
819613
838722
819713
838661
820163
804299
785493
802553
787202
802601
787250
804234
821455
838816
839836
822099
839860
822374
821336
806530
788747
787904
804891
788100
805202
806392
737689
734913
720625
718235
735011
720606
737659
754734
773402
755790
772346
773377
755780
754769
739850
721765
738737
723207
721692
738644
739836
753979
768908
751687
771307
751714
771307
753928
737701
718253
735056
720483
735055
720562
737676
754695
772246
773221
755622
773325
755737
754601
739841
723076
721413
738318
721576
738515
739781
673246
670155
656225
653764
670158
656191
673289
690386
708137
693366
707874
708086
693269
690474
676255
657922
676448
660814
657829
676333
676298
688689
702353
686036
705273
686050
705341
688606
673181
653797
670178
656101
670165
656149
673110
690240
707678
707861
692887
707994
693098
690063
676139
660639
657533
675891
657687
676126
676008
607561
606139
591159
590761
606211
591254
607485
624385
643622
627574
643756
643595
627536
624385
609685
591397
608944
593593
591463
608946
609624
623382
638032
621885
640665
621789
640650
623467
607681
590802
606430
591525
606312
591383
607821
624392
643616
643486
627432
643538
627476
624412
609775
593639
591697
608987
591567
608956
609887
546264
545989
531052
531014
546037
531092
546209
560738
578121
563274
577734
578212
563328
560613
547352
530030
546390
531521
530118
546467
547239
561064
575973
560898
576860
560851
576705
561172
546340
531070
546189
531218
546105
531144
546449
560888
577797
578515
563539
578351
563419
561041
547491
531596
530354
546729
530225
546577
547649
487392
487340
472920
472981
487375
472960
487345
500883
517683
501880
516410
517739
501913
500828
488235
471883
486547
472387
471942
486631
488160
501837
516418
501843
516856
501777
516773
501913
487471
473031
487516
473101
487437
473022
487585
500977
516497
517974
502141
517835
501998
501104
488332
472619
472131
486971
472029
486777
488456
430970
430393
416075
415716
430374
416073
430941
443919
460056
444869
458658
460163
444932
443869
431932
415507
430108
416309
415554
430134
431828
444979
459049
444627
459593
444611
459472
445026
431002
415704
430351
416077
430359
416074
431044
444023
458770
460496
445212
460318
445046
444156
432064
416353
415657
430260
415607
430181
432184
372739
372617
357516
357611
372577
357453
372782
386744
403620
387848
402197
403617
387867
386752
373301
355936
371195
356410
355884
371131
373380
387093
401452
386851
402205
386874
402200
387088
372712
357553
372482
357338
372532
357417
372696
386738
402263
403539
387899
403579
387878
386731
373259
356399
355796
370997
355867
371048
373248
752658
746668
736871
734733
752439
746780
736870
767757
781716
771871
787459
767580
782283
771963
756266
741868
759993
746161
756062
741945
760161
761636
773087
761604
780466
761458
779782
761838
752884
734764
746968
736954
746843
736888
753120
767939
787813
783333
772368
782700
772077
768199
756490
746287
742170
760565
742046
760343
756746
699036
693672
683330
681671
698991
693785
683259
714857
729310
718213
732794
714844
729429
718290
701413
686952
704075
689631
701421
686904
704152
710664
721979
709481
727067
709254
726834
710794
699179
681956
694547
683354
694137
683264
699429
714922
732965
729798
718568
729595
718411
715052
701473
689710
686986
704447
686912
704267
701612
646392
642667
630230
630105
646329
642680
630231
660369
674374
662132
676192
660353
674418
662215
647288
632915
648604
634693
647206
632958
648692
657491
669292
657230
673437
657124
673270
657521
646459
630151
642645
630243
642667
630233
646520
660409
676313
674633
662471
674504
662328
660477
647375
634795
633083
648961
633017
648810
647472
591047
588130
574540
574485
591047
588189
574475
605350
619735
606808
621137
605264
619895
606970
591678
577262
593009
579155
591547
577293
593197
602772
617016
602986
619822
602794
619618
602931
591140
574597
588317
574543
588251
574476
591335
607267
605462
621305
620256
620077
607126
605583
593531
591847
579276
577437
577348
593379
592031
535979
533663
519778
520359
535922
533693
519774
549970
564120
551585
565577
549953
564195
551641
536460
522241
537967
524097
536398
522255
538036
547439
561651
548087
563996
547931
563827
547506
536062
520415
533792
519749
533728
519765
536167
551741
550008
565678
564435
564303
551698
550046
538136
536527
524126
522256
522262
538097
536589
481360
478378
464934
464735
481285
478395
464874
494929
509031
496293
510485
494893
509090
496308
481254
466694
482090
467590
481210
466669
482079
492551
507284
493017
509387
493013
509304
492499
481385
464761
478425
464586
478408
464751
481374
494938
510524
509184
496278
509142
496297
494916
481275
467573
466630
482064
466649
482071
481273
425645
422830
408671
409117
425598
422811
408642
438596
453333
439017
453590
438584
453364
439065
424792
409996
424891
410556
424712
410049
424969
437115
451486
437537
454193
437623
454219
436985
425643
409068
422666
408390
422743
408542
425583
438600
453606
453396
439120
453385
439099
438605
424836
410613
410113
425080
410090
425035
424851
368899
366374
351228
351921
368898
366336
351127
382113
396685
382365
396712
382038
396759
382433
368401
353132
368133
353789
368341
353052
368213
380372
395225
380942
397763
381027
397783
380242
368858
351935
366220
350994
366278
351101
368795
382174
396769
396831
382528
396811
382487
382172
368436
353876
352937
368317
353045
368270
368439
770523
765532
755626
750992
770450
765653
755713
791190
807554
796341
813033
791223
807548
796176
776343
760959
781470
765955
776340
760972
781385
784180
795723
779739
801496
779543
801319
784261
770616
751120
765996
755926
765805
755810
770747
791148
812715
807419
795814
807389
795983
791144
776355
765888
761021
781245
760989
781303
776392
710936
707201
695630
692520
710803
707360
695823
730283
745825
734631
750473
730246
745841
734589
714824
699224
718750
702944
714749
699364
718765
726069
736980
722301
741321
722141
741197
726200
711079
692707
707734
696229
707535
696030
711239
730331
750415
745907
734557
745866
734563
730396
714914
703045
699670
718847
699509
718796
715023
652449
650321
638205
636529
652231
650471
638424
669231
683993
671951
687414
668979
684195
672168
654674
640130
657019
642621
654444
640352
657301
666805
678557
664707
681549
664479
681292
667087
638997
652708
636687
650892
650656
638690
652992
669486
687582
684614
672650
684397
672400
669753
640918
654942
642960
657914
640630
657601
655232
596686
594687
582391
580871
596443
594884
582571
612043
625993
613922
628426
611915
626174
614231
598252
584080
599930
585781
598117
584196
600148
609069
625287
611308
610979
622956
608938
624940
595208
582867
597153
596922
581017
595060
582732
626638
614451
612430
612257
629345
626459
615129
584373
600342
598556
598411
585834
584300
600433
540373
539277
526534
525465
540457
539355
526381
555958
569932
556791
571243
555886
570022
556666
542220
527934
542582
528280
542076
528039
542411
553269
568559
554218
554295
567140
553185
568518
539569
526013
540055
540244
525535
539449
526206
570163
556589
555970
555964
571228
570104
556355
528163
542770
542378
542324
527425
528071
541635
483302
482799
468765
468268
483359
482746
468742
498525
513323
499161
513805
498594
513306
499094
483860
469237
484475
469680
483912
469200
484419
512062
497771
511626
497082
497128
512191
497690
483253
468250
482684
468723
482711
468731
483210
513195
498463
513683
498985
513265
499033
498410
483817
469632
469152
484334
469171
484371
483787
425370
425129
411132
410861
425407
425156
411083
440103
454578
440816
455134
440171
454541
440746
425781
411591
426522
412149
425865
411497
426412
439699
453943
439521
454229
439471
454201
439763
425364
410934
425300
411141
425235
411079
425427
440029
455059
454509
440548
454515
440664
439985
425701
412033
411346
426200
411409
426310
425646
368262
368233
353973
353467
368265
368342
353922
383062
397357
383771
397891
383153
397262
383656
368917
354458
369457
354989
369001
354330
369336
382648
396851
382708
396937
382645
396866
382731
368314
353574
368504
354077
368428
354021
368400
382981
397765
397109
383394
397171
383529
382927
368836
354928
354227
369068
354286
369197
368802
791841
787353
775696
771035
792111
787194
775482
813097
830840
816436
834591
813517
830473
815995
796374
779743
799850
782623
796707
779502
799545
807492
820293
802809
825383
803029
825560
807132
791561
770895
786880
775072
787027
775270
791304
812646
833911
829506
815024
829792
815509
812217
796035
782398
779018
798879
779257
799213
795714
726026
722535
709627
706394
726055
722524
709676
745882
762935
748971
765926
745977
762776
748886
729234
712686
732266
715623
729257
712728
732238
742400
754894
738600
758808
738649
758950
742316
726009
706472
722546
709802
722527
709736
726003
745782
765776
762451
748669
762612
748784
745684
729211
715624
712818
732150
712774
732199
729189
662573
659702
647172
644996
662361
659965
647408
680729
696531
683380
699524
680592
696630
683454
665143
649534
667565
651858
664968
649733
667678
678103
690723
675487
693921
675270
693796
678279
647993
662792
645387
660530
660243
647684
663020
680870
699574
696828
683601
696730
683528
681013
650210
665331
651984
667915
649957
667794
665535
603266
601839
588576
587577
603123
602221
588685
619657
634411
620819
636411
619423
634656
620954
604787
589686
605681
590585
604586
589815
605811
617431
632876
618195
617947
631487
617563
632651
602940
589025
603685
603451
587795
602755
588830
635295
621265
620378
619966
636549
634949
621103
590244
606150
605421
605058
590721
589996
605966
545039
543649
530097
529058
544849
543508
530290
559936
574833
560596
575631
559948
574906
560666
545021
530254
545716
530894
545112
530183
545802
558529
574419
559739
559599
573200
557975
574226
543605
530622
545408
545239
528065
542639
530453
575159
560934
559901
559920
575754
575012
560771
530016
546118
544685
544879
531021
530109
545932
486018
485204
471487
470489
486015
485173
471455
501257
515743
501648
516317
501215
515767
501720
486755
472326
487256
472958
486726
472328
487316
515520
500660
514458
499793
499791
515437
500717
486025
470438
485131
471370
485148
471415
486038
515839
501300
516431
501883
515797
501799
501345
486780
473009
472277
487429
472310
487375
486799
428100
427325
413816
412925
428174
427226
413742
443316
457861
444098
458612
443366
457823
444073
428908
414531
429668
415150
428960
414476
429645
442385
455891
441366
456783
441466
456856
442299
428010
412814
427007
413537
427118
413649
427915
443264
458602
457727
444014
457780
444047
443202
428851
415112
414326
429594
414408
429622
428783
370664
370308
356311
355541
370780
370193
356181
385776
400202
386422
400786
385861
400131
386361
371426
356724
371897
357150
371524
356600
371813
384983
398530
384124
399182
384271
399310
384842
370530
355463
369931
355962
370062
356101
370392
385681
400734
399949
386219
400047
386297
385570
371319
357079
356379
371630
356521
371723
371210
803962
802437
787111
785216
804122
802258
786955
820840
839567
821724
838231
821114
839436
821286
805940
787648
804535
787821
806193
787331
804125
819505
835982
818394
837815
818787
838092
819149
803742
785014
801739
786434
802017
786728
803462
820390
837692
838609
820166
838919
820748
819936
805596
787402
786539
803208
786956
803679
805218
737505
735028
720373
718164
737608
734972
720239
754265
773076
755479
771550
754458
772893
755248
739536
721214
738094
722405
739678
720986
737838
753497
768578
751217
770738
751380
770966
753267
737373
718100
734797
719919
734894
720086
737212
754021
771252
772349
754739
772648
755021
753723
739369
722168
720504
737325
720748
737589
739177
672964
670197
656053
653905
673040
670217
656009
689658
707708
692631
706844
689869
707546
692370
675715
657379
675601
659907
675869
657217
675309
688298
702296
685970
704888
685991
704995
688182
672883
653946
670258
655915
670237
655961
672796
689440
706522
707207
691777
707380
692069
689209
675542
659524
656856
674583
657044
674951
675349
608153
606566
591682
591134
607977
606724
591855
624491
643453
627391
643188
624443
643435
627389
610168
591841
609037
593945
610017
592000
609127
622449
623789
638384
640840
622268
640778
623934
607126
608351
591299
592255
606908
592045
608579
624565
643104
643464
627552
643434
627421
624676
610344
594159
592402
609539
592183
609275
610562
546754
546292
531314
531348
546587
546417
531446
561354
578696
563651
578154
561195
578899
563809
548029
530503
546877
532003
547824
530692
547058
561428
561632
576429
577642
561240
577412
561839
546731
546946
531475
531724
546570
531585
547170
561524
578349
579399
564213
579128
563989
561727
548275
532187
531115
547452
530901
547222
548536
487894
487609
473192
473253
487728
487715
473296
501389
518153
502305
517010
501237
518364
502526
488747
472222
487180
473422
488593
472319
487431
502256
516835
502250
517369
502133
517222
502400
488078
473338
487933
473520
487825
473407
488258
501553
517255
518831
503033
518589
502758
501728
488915
473678
472536
487956
472422
487681
489115
431141
430352
416084
415683
431092
430358
416091
444439
460688
445377
459310
444301
460887
445553
432402
415702
430320
416502
432297
415739
430393
445168
459332
444676
460159
444671
460042
445204
431187
415684
430363
416086
430364
416094
431226
444562
459517
461276
445881
461080
445721
444665
432497
416522
415771
430525
415763
430457
432583
372678
372434
357318
357310
372681
372395
357264
386727
403521
387912
402464
386729
403525
387935
373301
355818
370999
356353
373260
355777
371020
387073
401419
386740
402267
386775
402243
387069
372686
357279
372318
357225
372354
357273
372708
386737
402495
403591
387996
403549
387968
386754
373372
356443
355813
371227
355836
371122
373495
753466
747126
737051
735058
753260
747255
737177
768807
783772
772775
789313
768480
784447
773125
757187
742307
760815
746861
756996
742447
761105
762688
774421
762492
782406
762260
781869
762857
753698
735187
747750
737391
747497
737308
754012
769095
789600
785430
773639
784841
773393
769368
757405
747080
742780
761603
742611
761362
757628
700198
695043
683571
682917
699811
695454
683832
715450
730029
718768
733659
715227
730265
719027
702173
687143
704679
690309
701839
687416
704974
711477
722965
710869
728113
710598
727784
711689
700615
683243
696300
684310
695903
684078
701081
715684
733917
730769
719538
730516
719287
715922
702501
690672
687980
705638
687696
705325
702842
646585
642557
630255
630095
646566
642517
630257
660692
674807
662644
676925
660572
675029
662849
635231
647698
633153
649142
647581
633228
649340
657719
670089
657756
674328
657612
674098
657804
646636
630089
642475
630290
642488
630274
646725
660841
677247
675533
663316
675283
663089
660987
635392
647823
633381
649751
633303
649545
647955
591841
588421
574674
575048
591574
588537
574871
607403
621828
607538
605843
620429
605708
620593
593661
579545
593798
592392
577536
592210
577641
603374
617390
603942
620436
603717
620282
603470
592062
575173
588749
575112
588641
575019
592258
621996
607814
607676
605985
620904
620754
606103
579644
594097
593946
592580
577853
577761
592734
536403
533799
519725
520457
536288
533777
519695
551754
565925
551756
550089
564569
550073
564700
538139
524054
538118
536667
522237
536640
522201
547772
562136
548652
564847
548517
564703
547818
536497
520445
533690
519618
533729
519663
536560
566016
551781
551766
550104
564923
564823
550112
523975
538063
538092
536677
522058
522138
536675
481283
478402
464403
464647
481342
478334
464224
510477
494764
509206
496248
494857
509202
496194
481182
466597
482053
467521
481245
466520
482023
492257
507247
493024
509443
493010
509457
492157
481211
464552
478142
463885
478240
464056
481136
510381
494638
509113
495946
509164
496083
494503
481072
467487
466197
481880
466380
481956
480933
425282
422544
408215
408764
425459
422453
408028
438531
453387
439130
453616
438602
453337
439131
424734
410074
425105
410699
424825
409944
425113
436403
451335
437229
453708
437268
453851
436235
425126
408662
422270
407721
422362
407867
425002
438404
453580
453096
439114
453228
439117
438229
424613
410685
409617
425077
409780
425089
424457
368662
366150
350975
351738
368722
366089
350845
381962
396804
382569
396821
382094
396721
382562
368265
352911
368342
353863
368387
352804
368333
379930
395122
380815
397492
380840
397552
379839
368599
351734
366016
350725
366049
350809
368568
381841
396814
396492
382480
396607
382524
381735
368166
353859
352672
368282
352768
368305
368097
771134
766209
756067
751699
770914
766448
756253
791211
807309
795647
812329
791157
807403
795541
776535
761069
781206
765786
776449
761144
781199
784876
796801
780599
801948
780417
801793
784995
771322
751916
766865
756643
766666
756466
771480
791278
812217
807390
795565
807333
795527
791334
776641
765795
761370
781278
761257
781219
776735
711632
707954
696446
693433
711422
708215
696687
730591
745969
734572
750372
730481
746054
734609
715305
699848
718918
703453
715152
700044
719008
726811
737849
723274
742094
723017
741890
727046
711881
693756
708847
697278
708546
696958
712195
730736
750407
746328
734760
746169
734670
730935
715492
703617
700498
719252
700259
719119
715732
639316
637334
639638
653595
651146
653291
651406
670324
684846
672925
688184
670034
685091
673215
641194
643677
641546
655886
658316
655548
658784
667964
679656
665785
682694
665488
682382
668246
637554
640057
639883
653875
651896
651655
654127
670598
688399
685594
673676
685340
673463
670862
643900
642010
641810
656176
659168
659057
656426
483162
482665
468707
468217
483179
482648
468700
513155
514577
513216
498382
498928
498376
498867
483776
469145
484310
469640
483773
469146
484285
511543
511864
511884
497568
496895
496966
497538
483144
468200
482556
468662
482618
468691
483112
514630
513095
513207
498371
498856
498822
498332
483764
469637
469129
484246
469146
484259
483729
425558
425349
411207
411060
425503
425379
411252
440075
454530
440446
454912
440007
454558
440370
425713
411350
426094
411703
425650
411413
426012
439912
453967
439598
454299
439571
454309
439921
425595
411078
425425
411325
425388
411273
425620
440122
454936
454580
440390
454578
440369
440141
425769
411687
411500
426032
411469
425999
425792
368521
368568
354192
353693
368460
368623
354205
383024
397123
383277
397416
382956
397188
383193
368905
354330
368954
354779
368838
354367
368903
382887
397025
382916
397140
382865
397072
382962
368584
353749
368710
354360
368669
354299
368672
383065
397413
397286
383269
397236
383211
383133
368935
354888
354527
369019
354474
368934
369008
790847
786744
774886
770562
791058
786634
774716
811376
828868
814517
832474
811774
828599
814037
795123
778785
798539
781649
795404
778564
798217
806022
819403
802054
823957
802209
824153
805694
790655
770479
786455
774401
786538
774556
790491
810977
831821
827834
813084
828057
813545
810627
794860
781390
778143
797599
778351
797901
794622
726014
722579
709872
706781
726005
722625
709947
745493
762295
748543
765254
745588
762143
748405
729146
712858
732094
715590
729168
712894
732029
742130
754630
738562
758364
738548
758462
742085
726029
706902
722760
710103
722685
710022
726051
745398
765059
761835
748090
761992
748255
745299
729122
715564
712952
731867
712925
731955
729094
648336
646762
648779
663543
660919
663270
661452
681300
696922
683672
699694
681159
697011
683738
650502
652429
650809
665970
668041
665755
668163
678827
691411
676372
694445
676211
694317
678975
646975
649026
648999
663738
661694
661696
663868
681422
699719
697167
683840
697092
683793
681523
652562
651042
650982
666127
668338
668262
666226
486063
485109
471317
470293
486054
485076
471247
515888
516867
515957
501443
501966
501394
502040
486812
472231
487475
472971
486811
472164
487508
515472
515846
515942
500898
499685
499602
500836
486038
470273
485005
471090
485036
471163
485976
516965
516131
516038
501469
502128
502094
501470
486791
472919
471955
487524
472071
487525
486745
427675
426882
413405
412383
427808
426745
413252
443030
457662
443971
458504
443126
457577
443909
428602
414229
429552
414923
428704
414113
429492
441896
455513
440859
456317
440972
456461
441701
427485
412233
426453
412890
426597
413077
427260
442906
458436
457328
443709
457467
443824
442749
428469
414824
413819
429279
413975
429404
428294
370092
369795
355919
355174
370241
369680
355780
385304
399833
386132
400503
385448
399698
386021
370956
356324
371522
356729
371087
356147
371404
384363
397932
383652
398518
383715
398693
384207
369950
355199
369570
355720
369590
355813
369860
385149
400389
399361
385757
399542
385901
384970
370806
356699
355864
371134
356133
371269
370658
802760
801430
786081
784202
803130
801115
785675
818995
837967
819561
836227
819435
837681
819009
804397
786071
802648
785901
804812
785569
802135
817761
834337
816693
836073
817101
836374
817255
802358
783882
800436
784725
800783
785220
801942
818508
835566
836819
817963
837094
818460
818051
803961
785325
784400
801086
785014
801613
803529
736803
734683
719743
717843
737025
734552
719559
752980
771997
754433
769977
753381
771616
754047
738683
720261
737048
721510
738958
720024
736796
752327
767700
750298
769286
750584
769758
751905
736526
717739
734211
719180
734400
719358
736265
752499
769491
770688
753409
771182
753703
752056
738413
721339
719608
736369
719817
736558
738157
654132
672598
670283
655877
672704
670309
655850
688717
707021
691415
705693
688958
706820
691149
674907
656681
674237
658767
675117
656502
674009
687781
702150
685863
704345
685892
704489
687639
654205
672493
670356
655781
670332
655819
672399
688481
705469
706459
690700
706631
690881
688218
674717
658565
656178
673530
656333
673754
674551
607375
592005
607646
609150
592488
608843
592758
625047
643485
627666
643005
624861
643500
627803
611200
592687
609824
595121
610856
593009
610129
639013
623323
623099
624580
641301
641185
624773
592298
608204
607919
609479
593360
593046
609756
625195
642988
643592
628046
643527
627905
625297
611508
595361
593514
610575
593320
610353
611755
546913
531889
547096
547626
531869
547405
532017
562170
579732
564447
579303
561936
580087
564715
549101
531303
547717
532993
548814
531479
548036
577509
562349
562161
562642
578945
578593
562905
532040
547427
547267
547832
532301
532154
548039
562414
579551
580773
565236
580459
564992
562708
549413
533305
531868
548707
531668
548345
549752
488595
488036
473636
473532
488430
488129
473744
502090
519089
503320
518199
501908
519362
503637
489588
472651
488221
474311
489342
472763
488494
517480
502843
502657
518116
502578
517905
502984
488751
473546
488271
473871
488208
473826
488897
502278
518551
519952
504319
519652
503967
502472
489844
474503
472955
489037
472864
488760
490097
431269
430352
416063
415563
431255
430327
416022
444795
461478
446031
460144
444746
461662
446162
432730
415757
430588
416506
432661
415716
430645
445223
459391
444545
460440
444607
460385
445188
431268
415489
430219
415874
430285
415961
431243
444808
460333
461955
446382
461823
446285
444780
432788
416479
415533
430745
415645
430704
432829
372749
372274
357279
357060
372731
372227
357203
386742
403654
388051
402466
386760
403735
388057
373835
355960
371474
356656
373663
355911
371608
386989
401257
386469
402223
386568
402255
386913
372764
357095
372105
357144
372170
357278
372764
386696
402423
403927
387993
403838
388072
386591
374008
356874
355908
371791
356035
371787
374173
754390
748027
737576
735604
754233
748237
737804
769767
785807
773842
790667
769591
786205
774028
758074
742947
761836
747674
757852
743073
762087
763709
775635
763293
783257
763144
783091
764111
754538
735847
748624
738351
748473
738074
754635
769997
790744
786271
774515
786236
774260
770288
758234
747851
743516
762419
743295
762270
758397
701824
696614
684492
683888
701530
696763
684704
716341
731019
719764
734595
716149
731269
719967
703557
688247
705937
691580
703188
688499
706207
712387
723668
711544
728629
711490
728563
712577
701925
683956
696804
685101
696862
684961
701933
716556
734777
731525
720318
731417
720153
716729
703769
691832
688902
706637
688720
706468
703891
647059
642419
630250
630240
646860
642520
630258
661238
675781
663520
678062
661122
676018
663694
648236
633454
649929
635794
648093
633511
650085
657968
670560
658249
675025
658145
674965
658109
647123
630397
642836
630543
642667
630419
647212
661328
678294
676356
663970
676238
663833
661480
648383
635875
633689
650312
633579
650225
648479
592653
588850
575135
575477
592454
588912
575049
607942
606258
621052
622427
606195
621194
608055
594228
592962
577911
579950
592858
577932
594344
603597
617750
604214
620752
604324
620830
603589
592702
575487
588968
574971
588952
575016
592581
606288
622545
621304
608225
621290
608143
606327
593066
580013
577891
594470
577906
594439
593048
536674
533606
519530
520382
536604
533483
519345
551793
550059
565001
566192
550095
565058
551804
538044
536642
521956
523733
536656
521840
538029
547579
562315
548865
565035
548903
565181
547552
536677
520367
533466
519191
533459
519230
536550
549997
566215
565057
551806
565104
551805
550020
536647
523632
521697
537968
521718
538002
536606
481096
478004
463695
464321
481080
477806
463439
494177
509043
495804
510084
494353
508973
495659
480603
465995
481771
467200
480775
465769
481636
491686
507194
493028
509314
493097
509453
491601
481043
464236
477544
463162
477673
463262
480879
494000
509986
508855
495430
508931
495519
493914
480477
467022
465407
481384
465544
481499
480342
424875
422134
407569
408440
424908
421956
407360
437845
452916
439048
453360
438041
452735
438923
424178
409461
425016
410472
424301
409315
424917
435653
451098
437164
453309
437204
453484
435566
424799
408371
421686
407196
421799
407221
424663
437643
453204
452441
438631
452587
438748
437511
424088
410375
409084
424683
409168
424800
423969
368659
365980
350755
351759
368585
365926
350631
381551
396393
382439
396659
381643
396322
382397
368033
352692
368267
353697
368052
352563
368263
379494
394968
380901
397437
380930
397533
379469
368723
351947
365734
350532
365828
350579
368660
381461
396603
396225
382328
396289
382360
381416
368053
353745
352490
368264
352582
368270
368026
771780
767050
756793
752456
771622
767236
756943
791408
807279
795530
812111
791359
807339
795515
776883
761456
781302
765894
776804
761538
781322
785326
797372
781180
802147
781036
802087
785440
771965
752620
767543
757225
767416
757104
772056
791473
811988
807046
795526
807158
795527
791469
776974
765932
761722
781415
761628
781356
777043
712669
709120
697541
694700
712444
709357
697815
731240
746457
734877
750601
731100
746568
734969
716121
700768
719421
704192
715940
700991
719557
727596
738680
724053
742732
723900
742589
727750
712861
694949
709781
698250
709578
698047
713049
731368
750669
746793
735134
746679
735054
731497
716281
704342
701354
719781
701182
719674
716439
640212
654553
652101
638074
654364
652274
640337
671400
685877
673908
689061
671153
686123
674115
642243
656900
659294
644766
656688
642396
659455
669010
680803
666590
683706
666450
683513
669171
654705
638198
652531
640533
652412
640443
654830
671608
689232
686508
674426
686333
674288
671770
657068
644832
642651
659681
642521
659581
657201
595928
583474
597919
597942
581790
596047
583545
627819
615697
613524
613653
630893
628032
616585
585016
601315
599451
599540
586787
585143
601765
612205
624354
610211
626459
610128
626440
612211
597967
581852
596196
583646
596137
583599
597983
613716
630489
628235
616083
628094
616149
613850
599610
586928
585337
601640
585248
601631
599692
539560
525846
540062
540295
525239
539474
526014
570661
557085
556235
556372
572015
570774
556924
528100
543125
542446
542499
527708
528076
542056
554732
567716
553392
569245
553413
569198
554822
540459
525119
539340
526229
539405
526151
540561
556462
572195
570864
557555
570839
557326
556459
542472
528463
527865
543060
528024
542817
542339
483108
482501
468649
468050
483102
482449
468640
513155
498377
498933
513814
498339
513237
498995
483733
469129
484255
469632
483721
469147
484283
497611
511068
496557
511980
496645
511982
497576
483124
467939
482301
468646
482367
468651
483103
498409
513920
513203
499075
513253
499046
498421
483744
469663
469188
484327
469171
484313
483745
425721
425468
411401
411143
425676
425456
411472
440185
454591
440408
454977
440170
454617
440437
425883
411565
426067
411842
425839
411633
426100
439924
453805
439381
454273
439465
454268
439919
425716
411077
425297
411494
425375
411490
425703
440177
455000
454674
440546
454644
440463
440224
425900
411903
411742
426208
411678
426127
425933
368833
368716
354527
353731
368769
368712
354524
383332
397368
383354
397620
383234
397454
383438
369217
354708
369112
355131
369108
354721
369204
383171
397059
382862
397360
382889
397348
383182
368866
353854
368705
354651
368710
354671
368887
383424
397697
397603
383602
397523
383523
383502
369305
355340
354905
369367
354917
369287
369373
790152
786336
774233
770258
790329
786253
774098
809971
827299
812609
830475
810275
827147
812223
794094
777926
797284
780469
794378
777666
796920
804974
818538
801472
822722
801562
822832
804825
790020
770220
786141
773909
786190
773998
789911
809658
829980
826511
811557
826691
811857
809425
793862
780156
777271
796300
777459
796592
793660
726109
722856
710195
707316
726082
722937
710269
745102
761654
747890
764332
745187
761503
747719
729032
712979
731753
715443
729058
712997
731655
742004
754570
738693
758075
738662
758129
741982
726133
707422
723069
710382
723007
710330
726149
745021
764100
761230
747362
761367
747547
744934
729002
715395
713011
731442
713008
731553
728962
649085
664142
661764
647125
664004
661902
649126
681696
697241
683881
699743
681621
697296
683911
651101
666379
668407
652887
666309
651157
668462
679386
692064
677002
694852
676883
694779
679482
664250
647089
662080
649247
662003
649176
664335
681760
699739
697370
683964
697339
683938
681818
666443
652980
651273
668563
651215
668513
666501
603983
589948
604687
604727
588926
604138
589989
636363
622281
621529
621424
637776
636342
622508
591278
607312
606549
606487
592239
591287
607507
619373
632533
618111
634274
618302
634120
619520
604807
588891
603687
590120
603848
590057
604894
621377
637926
636356
622807
636343
622679
621351
606446
592338
591334
607760
591305
607652
606419
543957
531145
546015
546058
528558
543136
531104
576046
561735
560581
560828
577119
576131
561826
530635
546782
545365
545780
531794
530897
546816
560566
574128
559070
575316
558936
575309
560540
545941
529518
544353
530792
544108
530965
545796
561027
577212
576271
561984
576207
561907
561179
546057
531835
531239
546980
531096
546886
546233
485796
484983
471016
470214
485870
484974
470962
516222
501433
502149
517075
501450
516283
502154
486607
471816
487509
472657
486670
471744
487467
500639
514818
499809
515672
499794
515747
500593
485738
470223
484975
470886
484977
470923
485683
501408
517104
516374
502138
516338
502153
501365
486545
472570
471640
487375
471700
487427
486472
427001
426418
412742
412166
427074
426438
412661
442386
457151
443551
458099
442549
457020
443395
427871
413615
429100
414335
428062
413416
428906
441490
455479
440965
456189
440886
456174
441556
427018
412216
426586
412755
426490
412672
427101
442307
457992
456943
443151
456965
443254
442312
427779
414172
413333
428659
413304
428747
427791
369926
369634
355908
355407
369861
369711
355850
384745
399209
385613
399958
384843
399084
385479
370520
355900
371008
356224
370550
355801
370887
384231
398016
383939
398501
383865
398433
384284
369972
355638
369866
356041
369781
356076
370031
384742
399840
399043
385355
399018
385376
384771
370544
356318
355923
370933
355969
370908
370576
800904
800031
784151
782601
801488
799531
783609
817122
836193
817281
834388
817554
835952
816592
802477
783741
800467
784178
803021
783217
800065
815581
833046
814848
834316
815267
834558
815117
800361
782187
798673
782730
799074
783123
799949
816600
833547
835239
815605
835445
815990
816131
802101
784060
782794
799746
782867
799801
801901
735774
734048
719009
717416
736015
733888
718819
751208
770253
753143
768485
751608
769903
752941
737656
719365
736128
720990
737908
719127
735939
750809
766294
749277
767714
749528
767996
750619
735567
717287
733553
718505
733719
718635
735366
750946
768270
769423
752599
769599
752739
750804
737387
720783
718805
735684
718928
735715
737151
672280
670371
655741
654423
672319
670388
655720
687681
706319
690497
704965
687912
706217
690374
674421
656000
673273
658288
674454
655908
673281
687253
701893
685741
703859
685752
703977
687235
672246
654491
670393
655770
670400
655723
672198
687586
704790
705915
690135
706058
690204
687573
674381
658263
656003
673408
655928
673301
674323
608460
610199
593624
593091
609988
608686
593830
625279
643704
628110
642806
625328
643752
628116
612178
593623
610688
595907
611955
593698
610728
625096
639556
623988
641538
623868
641547
625188
610397
593242
608978
594096
608859
593991
610467
625253
642625
643577
627734
643674
627891
625240
612356
595917
593792
610714
593690
610680
612317
547586
548444
532474
532405
548264
547701
532609
563135
581025
565387
580168
562944
581277
565576
550302
532090
548976
534413
550050
532251
549231
563523
578310
562881
579825
562795
579648
563638
548600
532482
547864
532758
547787
532708
548759
563263
580326
581772
565853
581578
565735
563318
550548
534694
532393
549536
532358
549386
550775
489161
488319
473892
473473
489033
488348
473899
502850
520267
504709
519601
502692
520515
505036
490571
473027
489318
475105
490342
473095
489546
503356
517912
502854
518923
502836
518741
503389
489238
473413
488338
473751
488350
473848
489296
502956
519816
520980
505608
520746
505315
502976
490744
475269
473012
489765
473084
489695
490917
431112
430124
415762
415102
431192
429987
415598
444631
462053
446481
460815
444717
462113
446583
432822
415379
430791
416409
432847
415191
430792
444943
459195
444093
460355
444217
460431
444804
431016
414948
429753
415232
429858
415426
430924
444476
460875
462127
446659
462118
446628
444264
432726
416396
414664
430673
414951
430753
432606
372689
372043
357282
356675
372768
371975
357023
386186
403953
387941
402282
386430
403929
387794
374249
356065
371836
357120
374295
355760
371747
386618
400852
386096
401898
386180
402008
386447
372575
356774
371945
356903
371940
357138
372503
385923
402223
403643
387754
403818
387808
385602
374085
357327
355363
371739
355722
371785
373906
754831
748866
738616
736442
754739
749046
738845
770789
786104
774749
791043
770564
786128
774945
758656
743757
762547
748342
758542
743950
762643
764974
775921
763316
782366
763474
782908
764977
754918
736657
749228
739086
749265
739032
755005
770939
790789
785570
775096
785876
775076
771007
758732
748438
744178
762727
744091
762698
758795
701743
696781
685171
683725
701850
696819
685200
717007
731610
720453
735070
716883
731672
720560
703933
689043
706738
692291
703930
689168
706800
712869
724203
711051
728901
711299
728813
712901
701632
683612
696738
685254
696808
685243
701607
717117
735112
731768
720701
731719
720647
717169
703942
692377
689342
706903
689280
706852
703959
647278
643045
630696
630770
647269
643236
630853
661732
676431
664093
678608
661608
676469
664204
648564
633784
650391
636152
648534
633882
650450
658540
670743
658066
674811
658287
674859
658585
647218
630750
643487
630995
643452
630975
647197
661823
678661
676425
664350
676462
664294
661866
648563
636221
634036
650546
633975
650499
648570
592091
588944
574951
575358
592342
588933
574983
606379
621257
608280
622598
606365
621187
608309
592808
577889
594467
580051
592938
577904
594437
603567
617738
603504
620295
603679
620328
603552
591889
575298
588982
575121
588970
575072
591838
606405
622609
621121
608375
621120
608334
606434
592720
580055
577949
594433
577930
594414
592700
536170
533547
519236
520289
536365
533634
519317
550094
564970
551814
566213
550050
564888
551832
536495
521707
537936
523547
536552
521734
537914
547651
562237
548307
564330
548506
564385
547655
536003
520233
533773
519406
533756
519397
535942
550114
566191
564789
551857
564813
551846
550115
536438
523529
521753
537875
521758
537888
536413
480372
477468
463164
464003
480645
477481
463215
493866
508757
495354
509705
493879
508672
495292
480096
465354
481278
466790
480206
465334
481185
491709
506984
492482
508578
492571
508680
491721
480100
463905
477592
463284
477561
463280
479957
493859
509625
508587
495189
508606
495236
493842
480018
466739
465310
481056
465326
481111
479992
424260
421662
407218
408217
424478
421690
407269
437434
452299
438564
452885
437459
452188
438512
423732
409056
424587
410213
423838
409047
424511
435667
450713
436593
452439
436724
452560
435681
424033
408112
421772
407339
421773
407335
423920
437417
452821
452087
438444
452110
438469
437401
423667
410183
409037
424430
409049
424457
423649
368258
365667
350760
351773
368505
365663
350676
381410
396130
382303
396429
381412
396029
382273
367850
352639
368237
353755
367949
352543
368197
379601
394678
380415
396534
380496
396708
379606
367961
351826
365810
351111
365756
350914
367822
381418
396390
395941
382251
395954
382260
381412
367787
353936
352990
368133
352786
368164
367765
772140
767649
757313
752987
772117
767717
757376
791462
806791
795503
811925
791477
806810
795483
777066
761767
781393
766008
777067
761812
781360
785661
797105
781521
801790
781480
802196
785627
772129
753045
767730
757458
767738
757420
772090
791450
811667
806320
795436
806579
795462
791466
777047
766019
761888
781279
761847
781313
777047
713248
709912
698387
695406
713166
709985
698484
731647
746844
735202
750807
731571
746901
735252
716611
701491
719870
704665
716535
701585
719932
728004
738990
724383
742938
724338
742921
728044
713311
695483
710085
698624
710043
698565
713353
731707
750832
746952
735314
746939
735293
731736
716669
704722
701713
720009
701656
719971
716709
654992
652628
640607
638429
654939
652687
640647
671999
686645
674535
689577
671901
686745
674616
657381
642757
659763
645090
657311
642828
659825
669455
681281
666947
684073
666883
684008
669517
655046
638491
652785
640746
652732
640697
655099
672055
689638
686872
674722
686812
674665
672114
657430
645135
642947
659900
642889
659852
657485
598028
596233
583697
581931
598012
596243
583725
614117
628369
616142
630649
613996
628470
616199
599856
585407
601695
587189
599782
585464
601746
612246
624534
610360
626530
610321
626496
612281
598029
581940
596269
583772
596241
583739
598060
614182
630689
628571
616288
628516
616241
614244
599909
587245
585554
601833
585510
601785
599956
540688
539311
526295
524967
540641
539311
526335
556501
570902
557667
572447
556483
570936
557762
542192
527769
543137
528610
542252
527695
543212
555027
567792
553483
569397
553465
569373
555057
540749
524961
539330
526454
539316
526406
540799
556514
572499
570993
557855
570965
557827
556522
542167
528668
527718
543288
527694
543270
542160
482990
482218
468598
467755
483052
482142
468544
498413
513161
499126
514002
498428
513122
499179
483736
469197
484349
469695
483754
469188
484371
497417
510764
496256
511974
496332
511967
497353
482914
467699
482006
468407
482069
468477
482834
498362
514010
513112
499129
513101
499166
498310
483673
469685
469059
484281
469131
484350
483586
425657
425235
411484
410943
425681
425175
411462
440311
454694
440617
455124
440267
454707
440676
426026
411795
426283
412105
425977
411832
426348
439873
453555
439246
454115
439258
454159
439862
425632
410906
425099
411414
425122
411435
425618
440325
455139
454627
440740
454675
440725
440326
426045
412154
411834
426443
411839
426418
426052
368895
368681
354795
353750
368899
368652
354651
383597
397665
383675
397917
383562
397705
383725
369439
355045
369433
355461
369414
354936
369479
383178
396928
382808
397314
382813
397327
383172
368895
353919
368615
354872
368631
354764
368896
383610
397967
397709
383798
397712
383779
383613
369447
355645
355265
369546
355108
369527
369453
789702
786087
773824
770151
789807
786046
773747
809102
826062
811294
829287
809222
825956
811153
793319
777092
796021
779464
793465
776969
795818
804593
817708
801286
821763
801286
822117
804552
789584
770131
785937
773630
785987
773676
789513
809019
828887
825231
811065
825526
811094
808994
793166
779372
776810
795620
776854
795663
793101
726161
723122
710426
707654
726157
723158
710458
744780
761094
747246
763531
744843
760999
747146
728858
713012
731348
715254
728908
713000
731260
741888
754556
738736
757875
738727
757897
741880
726143
707693
723191
710531
723164
710490
726155
744722
763448
760878
747104
760903
747104
744712
728829
715259
713028
731225
713004
731223
728833
664465
662142
649332
647280
664403
662199
649400
681905
697400
683973
699685
681863
697414
683998
666584
651338
668583
653167
666552
651374
668599
679674
692388
677275
695064
677220
695011
679729
664504
647324
662271
649498
662225
649445
664554
681946
699697
697471
684081
697433
684040
681993
666629
653213
651463
668668
651417
668633
666678
605022
603633
590173
588882
604972
603609
590211
621356
636382
622864
638115
621355
636380
622869
606404
591366
607799
592509
606419
591380
607801
619786
632716
618125
634615
618090
634561
619824
605047
588890
603599
590256
603596
590236
605072
621354
638118
636417
622916
636385
622871
621371
606388
592524
591402
607803
591386
607788
606399
545627
544414
530703
529638
545685
544481
530658
561353
576322
562053
577384
561285
576357
562114
546390
531328
547057
531972
546329
531369
547098
560463
574031
559214
575328
559203
575324
560451
545604
529700
544519
530676
544513
530672
545585
561395
577406
576390
562192
576378
562164
561414
546442
532010
531435
547152
531410
547128
546455
485719
484999
470896
470265
485694
485026
470918
501376
516398
502128
517144
501372
516401
502127
486479
471648
487357
472484
486470
471664
487345
500645
514898
499898
515692
499928
515692
500613
485729
470277
484978
470900
485037
470936
485686
501371
517143
516398
502096
516405
502126
501336
486479
472474
471645
487300
471667
487330
486454
427272
426681
412845
412468
427191
426763
412924
442389
456968
443169
457919
442347
456999
443200
427901
413400
428687
414130
427846
413464
428715
441758
455660
441214
456254
441196
456269
441787
427345
412528
426873
413011
426840
412985
427381
442435
457917
457012
443238
457014
443217
442469
427960
414160
413541
428745
413512
428732
427994
370121
369920
356261
355626
370097
369955
356127
384873
399104
385373
399825
384828
399158
385390
370607
356049
370941
356319
370596
355842
370932
384442
398318
384179
398714
384151
398690
384466
370153
355796
370029
356453
370006
356306
370166
384922
399842
399219
385436
399198
385421
384943
370630
356468
356144
370920
355994
370919
370641
799593
798335
782650
781433
799707
798144
782687
815701
834674
815446
832974
815790
834691
815585
801783
782893
799855
783881
801824
783073
800028
814799
831635
814257
833161
814244
833371
814915
799563
781417
798021
782820
798053
782775
799606
815939
832862
834239
816088
834326
815895
816086
801739
784078
783246
800496
783231
800296
801826
735035
733417
718454
717103
735174
733314
718450
750767
769313
752365
768061
750742
769225
752204
736889
718727
735676
720497
736976
718752
735827
750505
765559
749046
767382
749038
767381
750528
734945
717103
733254
718480
733258
718468
734927
750821
768106
769209
752104
769173
752087
750820
736839
720403
718814
735986
718815
735879
736865
672140
670385
655844
654659
672160
670393
655935
687778
705790
689896
704785
687641
705716
689746
674325
656168
673509
658276
674316
656365
673701
687398
701694
685861
703571
685830
703586
687436
672129
654710
670430
656048
670410
656013
672134
687919
704843
705685
689620
705662
689590
687936
674332
658258
656518
673994
656493
673855
674385
610299
609012
594177
593450
610400
608983
594238
625403
643507
627444
642700
625289
643449
627251
612140
593906
610746
595705
612226
594088
610883
625296
639631
624112
641320
624106
641335
625294
610211
593474
608962
594281
608961
594289
610170
625515
642689
643412
627037
643397
627042
625505
612039
595580
594270
610992
594244
610920
612017
548844
547923
532864
532625
548813
547946
532982
563522
581761
565843
580535
563395
581677
565786
550821
532550
549669
535059
550848
532741
549889
563903
578471
563048
579759
563026
579779
563923
548877
532663
547970
533175
547957
533096
548908
563696
580584
581503
565628
581547
565650
563820
550746
535005
533048
550175
532942
550067
550720
489188
488308
473709
473282
489277
488260
473717
503215
521035
505693
520161
503078
520985
505659
490925
473021
489817
475467
490969
473129
489923
503529
517960
502857
518995
502870
518971
503575
489081
473269
488161
473798
488210
473750
489061
503362
520258
520812
505495
520865
505540
503436
490832
475363
473430
490178
473323
490071
490808
430604
429689
415122
414760
430767
429643
415112
444117
462063
446718
460838
444121
461869
446686
432173
414427
430604
416258
432462
414353
430649
444686
458932
444033
459946
444031
459986
444724
430454
414777
429594
415155
429605
415128
430413
444248
460905
461657
446449
461698
446557
444353
431954
416144
414507
430861
414431
430783
431903
372282
371942
357077
356584
372417
371909
356930
385360
403465
387803
401865
385372
403177
387669
373623
355438
371718
357176
373846
355244
371668
386374
400590
386118
401399
386106
401418
386397
372222
356876
371876
357434
371889
357228
372197
385456
401861
402861
387349
402930
387487
385513
373404
357336
355844
371793
355565
371747
373323
)
;

boundaryField
{
    inlet
    {
        type            zeroGradient;
    }
    outlet
    {
        type            fixedValue;
        value           uniform 0;
    }
    seabed
    {
        type            zeroGradient;
    }
    top
    {
        type            zeroGradient;
    }
    side1
    {
        type            zeroGradient;
    }
    side2
    {
        type            zeroGradient;
    }
    submarine
    {
        type            zeroGradient;
    }
}


// ************************************************************************* //
