/*--------------------------------*- C++ -*----------------------------------*\
  =========                 |
  \\      /  F ield         | OpenFOAM: The Open Source CFD Toolbox
   \\    /   O peration     | Website:  https://openfoam.org
    \\  /    A nd           | Version:  10
     \\/     M anipulation  |
\*---------------------------------------------------------------------------*/
FoamFile
{
    format      ascii;
    class       volScalarField;
    location    "1.5";
    object      p;
}
// * * * * * * * * * * * * * * * * * * * * * * * * * * * * * * * * * * * * * //

dimensions      [0 2 -2 0 0 0 0];

internalField   nonuniform List<scalar> 
12920
(
58688.5
202295
207123
362898
359743
400358
386658
389586
361229
342993
308815
280975
246243
215693
180689
147051
110741
74988.3
37490.2
3588.79
46363.4
269605
268757
400350
380789
413191
396205
395257
365908
345603
310817
281564
246475
216020
180997
147097
110655
74552.5
37289.6
3342.06
383488
361841
291015
421129
394118
425201
403474
401844
371641
350233
314599
284228
248968
217191
181560
147278
110777
74686.3
37436.9
3227.21
548724
524686
427936
505270
445359
461984
418673
409804
376358
352106
317103
286085
250594
218083
182650
148006
112018
74737.9
37506.5
3328.69
530160
535929
490130
532281
470207
476406
432674
413898
377544
352406
318388
289158
255459
221282
185206
150064
113289
76552.3
38863.9
4491.88
829949
697422
620928
621127
531901
508830
451583
419662
377499
347726
317502
290840
257951
226021
191151
155132
117514
79618.4
41146.5
5212.83
1.11097e+06
870039
711688
688613
580902
534870
460466
423747
376865
349933
317314
293081
259297
228246
192869
156572
118529
80835.3
41559.9
5447.55
1.09691e+06
1.01162e+06
774976
706070
596366
536485
475626
430053
384343
352994
323931
298045
268218
234826
191913
156348
118626
80359.6
40915.9
5077.22
1.00783e+06
985999
751355
689805
592867
550346
490053
443567
400994
363914
328694
298644
268905
236377
199652
154968
118048
80260.1
40492.2
5156.15
793631
876416
740711
668155
576516
554849
506959
459700
416225
377170
340357
304345
271663
236911
197672
153816
117473
79904
40604.3
5445.48
1.18317e+06
861712
716365
663389
587614
557140
516268
470117
428313
388198
346862
309955
274973
237715
197046
152368
117042
80092.4
40956.6
6286.53
1.02083e+06
805138
651294
628438
552681
543892
504340
459348
418730
379777
341730
304700
269748
234396
193459
151053
116647
80529.5
42332.1
7835.46
901982
752158
645018
609681
543662
508463
473775
438197
401674
366245
329276
291837
258718
225657
185139
150934
115873
80903.7
44612.9
10458.1
407978
611644
518173
544697
484801
469555
434383
411354
379897
350828
317579
286484
251014
218931
184416
151153
115605
81393.5
45735.3
12641.1
434455
538486
500260
523342
466489
452561
421422
396927
369045
342102
311956
282197
249429
216896
183014
149856
115018
81112.8
46462.9
13797.8
563206
496078
457035
469339
425292
418693
392914
377894
353074
333081
305353
278380
246233
215112
181593
148778
113970
80818.9
46561.9
14542.7
627579
455667
346187
396739
374021
384316
374352
367058
345669
325693
299791
273820
243579
213552
180754
148388
113915
80392.1
46338.6
14576.2
180095
319651
293342
341278
341727
363366
355658
354764
336842
321263
296209
272024
243086
213702
180620
148198
113573
80322.2
46102.6
14348.9
54300
236978
174790
278816
310650
345166
340573
344632
328921
315385
292253
269606
240765
211913
180177
148791
114700
81125.5
46244.7
13970.7
-172104
120746
161835
263315
301918
335573
332882
338538
324169
311498
288846
267123
238967
211363
180249
149519
115931
82078.9
46228.7
12915
116323
220326
212002
360993
356449
398229
385820
389427
361249
342838
308719
280931
246250
215706
180775
147053
110730
74955.6
37580.7
3674.81
87549.6
281588
268079
400899
378198
413333
395169
395978
366384
346077
311211
281626
246901
216102
181107
147174
110677
74500.3
37325.8
3171.98
241606
360991
287977
422611
392918
426551
403324
403136
372222
350848
315107
284509
249132
217249
181720
147311
110714
74634.9
37510.1
3037.31
527892
523181
424607
503403
443050
462840
418139
410947
376229
352573
317636
286610
251308
218242
182702
147877
111678
74670.3
37688.1
3829.13
568619
530109
484159
531199
468988
477205
433105
415545
378128
352907
318413
289093
254926
221556
185712
150565
113738
76789.6
38989.2
4695.08
848712
683548
618887
619655
527902
509744
450766
420812
378389
348515
317537
290596
257628
225912
190927
154861
117250
79492
41226.2
5234.75
1.17599e+06
861148
710214
687385
577723
534378
459735
425279
377229
351651
317299
292617
259252
228070
192720
156464
118467
80787.7
41624.8
5481.14
1.22038e+06
970882
773002
704188
595075
536312
475441
430321
385496
353614
324174
297858
268000
234835
191870
156382
118654
80384.4
41091.8
5231.4
824330
915697
745839
683946
590560
550635
489652
443995
400966
364001
329077
298796
268692
236516
199856
155161
118133
80311.7
40706.6
5359.78
716298
859490
737812
666702
576024
553376
506257
459265
415999
376659
339648
303687
270078
235674
197495
153789
117697
80107.9
40887.8
5643.67
981109
830282
717782
663545
588423
557205
515740
469443
426979
386265
346259
310231
275018
237858
196391
152044
117179
80495.5
41312.4
6515.06
898657
762576
643934
626947
549447
545645
504627
459485
418742
379625
341696
305203
269744
234362
193458
150216
116557
80729
42452.2
7934.61
679017
725839
640595
604719
543350
508611
473798
438997
401956
366279
329323
292137
258877
225822
184923
151114
115761
80796.2
44524.2
10209
504956
600904
521587
543250
484926
469574
434400
411556
380246
350945
316726
285659
249970
218265
184386
151393
115770
81594.3
45817.4
12594.5
388772
540557
499087
521482
466349
452593
421857
397482
369600
342251
311923
282125
249400
216745
183066
149900
115151
81216.1
46271.6
13614.8
481885
490000
461296
470038
425616
419005
393340
378990
354234
333532
305970
278918
246418
215385
181780
148931
114140
80694.9
46275.6
14161.9
544442
432552
349282
398244
374072
384905
373095
365993
345993
326473
301035
274500
244433
213749
180728
148299
113767
80150.3
46041.4
14315.8
213418
322108
293184
341924
342256
362609
355542
354611
337034
320892
296208
272280
243214
213709
180715
148163
113544
80131.5
45868.8
14072.8
-69267
235108
181059
279274
310828
344325
341067
344512
328670
315107
292246
269261
240627
212121
180318
148864
114758
81104
46041.3
13589.7
-139291
122151
156313
263809
301399
335699
333081
338658
323810
311368
288858
267173
238992
211295
180321
149499
115863
81972.2
46146.6
12969.8
236084
241405
211742
357870
353359
395313
384093
389171
361301
342502
308630
280748
246488
215890
181009
147194
110887
74947.4
37602.9
3751.49
223962
299023
270762
401745
375145
413267
393882
396693
366483
346147
311636
282067
247573
216538
181551
147465
110860
74626.4
37446.2
3127.61
197139
377561
285574
423090
389974
428723
402299
404326
372277
351382
315741
285341
249601
217679
182136
147642
110859
74698.2
37550.7
3496.49
403512
517416
420393
499861
441430
464066
417779
412420
376059
352997
317765
287212
251832
218709
183330
148438
111911
74894.4
37819
4535.08
572311
520551
478807
529457
466657
480484
432835
418129
378729
353405
318281
288787
254266
221634
186131
151083
113927
77033.6
39164.4
4970.1
677107
636710
610877
615958
523366
510990
449920
422512
379450
349941
317525
290170
256920
225440
190477
154337
116938
79333.5
41301.9
5320.89
1.06541e+06
848515
706241
685049
573489
534630
458709
427059
378543
352704
317284
292118
258715
227633
192379
156352
118328
80776
41786
5626.7
1.08263e+06
928818
764558
701674
591430
536543
475491
431040
387101
354880
324489
297606
267448
234901
191578
156291
118658
80498.1
41516.5
5849.08
752698
881102
744549
679657
589033
551170
488156
444458
400657
364251
329074
299082
268710
236899
200129
155415
118190
80398
41271.7
6278.55
736716
829470
736848
664810
576901
551981
505117
458621
415544
376450
339400
303168
268437
235082
197564
153573
117399
80166.2
41491.6
6606.38
795561
795246
717507
663178
588749
557562
513472
467048
424370
383429
345600
309997
275262
237642
195642
151588
116851
80290.7
41830.9
7309.32
668645
713469
636417
623931
546429
547836
505815
459796
418826
379274
341489
305402
269775
234327
193062
149465
116002
80427.9
42639.8
8367.88
680494
708737
635525
600990
542199
508567
474179
440879
402283
366637
329611
292017
258961
225941
185581
152047
116325
80969.6
44283.7
9788.17
343796
586986
525505
541808
484678
469525
434019
411865
380116
351095
315747
284242
250044
218129
184368
151356
115930
81618.2
45763.1
12232.4
491697
540626
500839
523608
466361
452791
421926
397799
370141
342399
311585
281959
248747
216095
182767
149890
115312
81330.2
46017.4
12974.9
465842
491582
463449
471990
426398
419408
394381
379875
355561
334299
306809
279984
246752
216071
181964
149088
114291
80670.1
45911
13226.6
595613
443330
347710
397801
374181
385581
373203
366135
347309
327396
302560
275638
245662
214488
181289
148510
113737
80029.9
45621.7
13535.6
310490
318916
292998
342450
342705
362315
355644
354406
337098
320760
296416
272297
242972
213399
180711
148298
113674
80058
45499.4
13323
-129209
212833
177493
279457
311008
343200
341056
343946
328466
314847
292038
268931
240606
212195
180381
148761
114621
80895.5
45655.1
12928.4
-108076
114812
163316
262150
301098
335104
333083
338189
323393
311160
288763
267066
238956
211236
180211
149281
115653
81810.6
46057.4
12956.4
175288
237743
217030
354632
350814
393557
383321
389138
361208
342447
308782
280790
246786
216119
181339
147499
111121
74958
37684.2
3521.66
166857
301080
272310
402700
373269
413614
392517
396839
365963
345969
311388
282397
247979
217007
182050
147908
111046
74635.4
37476.4
3767.59
177899
395593
282978
423234
386869
430984
400927
404882
371268
351462
315773
285768
249876
218316
182930
148264
111025
74774.3
37639.6
4531.4
551054
524181
419323
497778
440271
463541
417212
413653
375430
353229
317640
287474
251862
219170
183973
149024
112231
75159.6
37883.1
5138.4
668129
531212
478532
527561
464740
483242
432498
420959
378952
353704
318054
288770
253749
221605
186414
151436
114094
77211.1
39309.5
5291.22
438444
622427
605280
612589
520499
511492
449260
424611
380269
351697
317511
289990
256240
224906
190041
154068
116692
79235.6
41233.2
5505.76
1.05569e+06
845004
707106
681641
568995
535340
457460
428366
379322
353177
317145
291250
258163
227463
192014
156112
118128
80796.3
41920.2
6025.77
1.02972e+06
918999
759271
699305
587107
537294
475766
430419
388165
355478
324692
297516
266733
234449
191229
155884
118412
80589.2
41932.4
6931.62
758860
856245
741494
676630
589247
551810
487408
444534
400380
364596
329197
299522
268991
237303
200169
155303
118067
80437.8
41946.2
7923.12
833305
817947
732892
661757
576297
550807
504420
458180
415187
376238
339564
303364
267785
234982
197582
153281
117155
80194.6
42167.2
8276.97
731032
767172
714420
661886
589001
557725
512138
464960
422290
383360
345607
310617
274961
236092
195373
150912
115789
80017.7
42374.7
8838.6
479292
657811
626855
620401
543752
548935
506573
459868
418406
378448
341011
305238
269702
234009
191975
148957
114922
80033.7
42974.3
9439.28
510341
693782
628575
597910
540315
507547
475300
441935
402947
367147
329952
292730
258779
225767
185861
152544
116614
80731.4
44066.3
10001.2
398308
569198
527500
540050
483648
469301
432702
411758
379617
351046
315909
283841
250520
218529
184399
151384
116267
81873.3
45474.8
11306.2
488500
533604
500776
523979
464767
453088
421308
397370
370095
342459
311247
282025
248866
215934
182584
149886
115639
81496
45430.6
11500.6
520500
491243
466657
474511
426650
420210
395057
380174
356270
334944
307402
280730
246992
216258
182085
149474
114539
80813.8
45666.4
11950.3
593375
433762
344634
397553
373767
386147
373639
366598
347896
327952
303450
276298
246333
215023
181740
148719
113871
80197.8
45270.6
12301.3
28769.4
281541
292025
342224
343402
362280
356068
353977
337154
320534
296528
272162
242816
213285
180757
148343
113768
80113.5
45192.8
12453.8
-125951
213374
178045
280878
311593
342314
341390
343521
328364
314577
291803
268773
240540
212128
180415
148705
114535
80770.9
45370.7
12405.2
-180613
100916
163555
261494
300179
333791
332553
337636
323094
310964
288635
266833
238902
211210
180143
149125
115471
81704.5
45947.8
12904.2
238860
252500
218112
351983
348153
395145
382869
389549
360980
342733
309116
281417
247181
216337
182130
148448
111509
74993
37391
2256.3
110664
339795
271409
403745
370430
415392
391252
396440
365305
345896
311003
282666
248092
217297
182261
148205
111199
74593
37467.6
4668.02
194343
376784
283042
423789
385338
432618
399896
405233
370549
351298
315458
286014
249929
218597
182957
148490
111175
74860.2
37672.1
5651.78
595175
520395
423418
497196
439472
463389
416529
415197
374625
353268
317245
287561
251700
219647
184339
149312
112433
75357.1
37786.4
5720.19
804029
533916
484353
526945
462926
484950
431837
422650
378791
354684
317720
289243
253353
221496
186588
151568
114202
77269.2
39303.6
5648.71
418707
608560
599460
608602
517867
511310
448571
425831
380796
352642
317415
289785
255790
225010
189733
153965
116508
79180.9
41102.1
5781.76
991703
823724
709060
678406
565537
535458
456637
428768
379479
353399
316924
290855
257299
227662
191636
155857
118031
80719.6
41988.1
6628.32
981778
906706
752963
696564
583324
538153
475983
430236
388554
355806
324787
296528
266142
234020
190939
155367
118017
80579.2
41999.2
8305.32
680607
842190
737881
676913
589065
552394
488352
444579
400019
364642
329725
299915
268968
237187
199868
155020
117834
80270.6
42202.8
10538.6
843800
814520
731219
660326
575591
550843
504057
457720
414670
375725
340193
303680
267799
235281
197407
152952
116988
80127
42596.9
10897.7
716547
759751
712158
661007
589363
557171
511588
464083
421471
382340
345686
310593
273659
234968
194624
149643
115179
80239.2
43019.4
10990.9
332952
642541
628654
620473
542696
548466
506797
459723
417925
377661
340202
305137
269644
232773
191022
147901
114101
80062.4
43469.3
10988.2
613396
695500
628161
597526
539089
506227
476102
442211
403321
367123
330050
293489
259536
225505
185775
152683
116845
80545.1
43995.8
10332.3
305500
555259
519865
537940
481910
468509
431324
411666
378841
350803
316190
283950
251024
218789
184444
151534
116651
82197.2
45108.5
10354.7
470077
527700
499253
523993
463950
453666
420223
396755
369489
342581
311732
282698
249071
215760
182473
149840
115890
81610
45014.3
10628.2
630752
504098
469818
478713
427087
421655
394556
380210
356012
335500
307570
281119
247409
216850
182443
150202
114825
81026.9
45528.9
11257.4
461136
431721
343694
398008
373599
386987
373081
366741
347707
328318
303755
276539
246498
215374
181976
148885
114054
80342.8
45037
11592.1
-49434.4
274830
290607
341801
344261
362410
356048
353488
337179
320208
296614
271888
242834
213272
180789
148355
113883
80123
44958.5
11951.3
-294.803
239996
181657
283535
312477
342032
341781
343363
328351
314548
291750
268732
240472
211912
180310
148664
114503
80735.2
45184.7
12208.5
-205012
90583.3
169096
262964
300173
332879
332404
337317
323002
310882
288617
266759
238918
211190
180074
149032
115389
81648.1
45845.1
12829.4
348758
382157
354212
376313
348531
381520
354199
312497
344897
319246
339435
312484
345161
319424
354793
381172
352594
382813
354749
380460
352012
319371
343258
316192
345711
319854
342894
316094
455723
501466
467347
489939
455682
500881
467123
412766
455925
423020
443840
412877
455746
423059
373686
412455
383248
401011
373443
412493
383309
339338
374025
347746
363987
339952
374007
347107
305660
338985
310644
328975
306002
338159
310616
277465
301893
276379
298737
277449
301609
276106
244693
267985
242898
268724
244701
267700
242772
212714
234431
210318
236470
212894
234471
210476
470819
517605
482188
506624
470510
516492
481272
426713
471262
439207
459425
426616
470296
438021
386547
428541
396712
416096
386193
427483
396043
349162
386239
354302
376728
348775
385653
354840
313676
344468
318213
339823
313165
345080
318109
279453
310508
284668
303923
278670
310267
284810
246173
275661
247430
270574
244911
275521
247541
210192
238312
211408
236009
210161
238413
211092
481054
508809
473281
516012
480651
509166
473329
438343
462491
431255
469732
437734
462507
431253
398192
421181
391523
427425
396837
421126
391472
357825
381859
353331
386848
356556
381772
353286
317879
343826
315295
346515
318033
343855
315588
283958
306051
279836
310165
284206
306274
279838
246885
271042
244125
274889
246930
271033
244156
210684
235267
209039
237835
210574
235278
208764
469863
488182
458905
504549
469975
488392
459180
428767
448794
420999
459428
428843
449171
421315
389396
410570
383348
418730
389363
410820
383352
351340
373694
346388
379653
351250
373648
346444
313461
336289
309008
341708
313758
336184
309668
278478
299305
274490
304969
278457
299732
274454
243179
265581
240495
269737
243169
265570
240538
207931
231763
206662
234375
207761
231815
206804
455614
500527
467017
488689
455582
500195
466724
412949
455666
423061
444386
413193
455459
422962
373407
412482
383300
400726
373397
412356
383170
340088
373990
346895
364137
340170
373885
346549
306127
337881
310542
329104
306371
337340
310164
277463
301508
275983
299024
277549
301282
276059
244741
267541
242785
268662
244969
267450
243041
213010
234566
210585
236753
213365
234910
210884
470337
515696
480633
505587
469761
513172
477920
426514
469663
437273
458770
426116
466994
434725
386106
426783
395483
415641
385860
424305
393677
348776
385104
354751
376489
348785
383831
354500
312998
345121
318065
339417
312573
345061
317714
278319
310017
284947
303210
277215
309228
284883
244462
275589
247574
268812
243493
275804
247516
210191
238425
210810
235122
210332
237971
209824
480354
509324
473370
514276
478664
510188
473533
437335
462531
431260
467845
435533
462637
431272
396295
421116
391449
425111
394423
421040
391202
356019
381744
353267
384695
354909
381459
352790
318170
343847
315734
345590
318125
343426
316035
284422
306508
279885
310045
284784
307119
280064
246950
271052
244170
275273
247025
271120
244224
210476
235287
208641
237805
209585
235336
208436
470046
488144
459292
505552
470316
488761
459780
428897
449381
421487
459717
429123
450352
422366
389358
410861
383318
418828
389284
411322
383480
351231
373575
346475
379441
351020
373641
346795
313956
336119
309846
341569
314569
336472
309885
278469
299831
274428
305447
278565
299935
274352
243167
265561
240552
269765
243175
265507
240579
207688
231837
206837
234331
207532
231869
206853
455558
500103
466655
487633
455441
500443
466469
413277
455406
422927
444494
413343
455273
422860
373391
412313
383151
400479
373390
412219
383144
340144
373853
346472
364540
340156
373751
346377
306459
337248
310051
329130
306798
337199
310081
277604
301187
276096
299359
277929
300914
276110
245099
267561
243086
268898
245578
267553
243252
213559
234986
211039
237194
214044
235245
211262
469574
512488
477178
504648
469115
511547
475690
426015
466240
433990
458265
425774
464721
432365
385804
423594
393298
415280
385677
421967
392043
369237
367302
378704
376401
369380
367270
378503
332827
330459
341866
339394
332740
330463
341910
276930
309219
284935
303324
276483
309642
284593
243425
275801
247248
267860
243147
275467
245768
210432
237497
209754
234960
210478
236222
209439
477844
510247
473574
512378
476197
510190
473432
434776
462663
431218
465332
433057
462455
430676
393906
420945
390952
422699
392689
420324
390269
373904
373132
384205
380971
374381
370458
383819
335194
336621
345187
345462
335693
336625
344635
284701
307143
280106
310515
284291
307032
280140
247014
271142
244245
275064
246168
271228
244186
209310
235350
208319
236427
208813
235094
207391
470407
488672
459920
506650
470544
489818
460448
429182
450674
422714
459886
428980
451428
423704
389182
411462
383491
418518
388624
412113
383511
350880
373714
346743
378696
350373
373840
346528
314608
336421
309815
341183
314439
336174
309762
278588
299860
274337
305267
278595
300027
274242
243188
265498
240602
269748
243178
265355
240593
207509
231880
206905
234211
206852
231746
206653
455420
500478
466411
488000
455514
500923
466173
413276
455231
422844
444621
413068
455006
422758
373422
412195
383098
400089
373648
412064
382806
340153
373690
346452
364652
340274
373330
346849
306972
337275
310103
329546
307517
337604
310212
278113
300915
276002
299824
278652
300976
275946
245848
267466
243381
269034
246062
267549
243772
214320
235370
211394
237298
214146
235731
211501
468999
511283
475329
504298
468674
511142
474571
425692
464354
431928
457849
425371
463581
430987
385610
421522
391681
414804
385260
420546
391105
348527
382492
354733
375837
348895
381832
354398
312555
345645
318299
340087
312944
345537
319174
276415
309990
284412
303576
276236
310573
283568
243108
275232
245230
267656
243237
273494
244037
210547
235884
209397
235203
210444
235071
208895
475835
509940
473329
511860
475100
509691
473163
432641
462353
430524
464222
431858
462190
430183
392478
420147
390025
421538
392040
419718
389435
354699
380215
351837
382538
354804
379577
351300
318846
342755
316039
345795
319313
342254
315867
284115
307023
280133
310590
283667
307032
280179
245716
271208
244073
274094
244333
271097
243184
208769
234674
207314
235134
208109
233739
206646
470532
490058
460511
506793
470440
491194
460995
428880
451557
423879
459758
428573
451865
424055
388412
412173
383449
418064
387806
412309
383354
350177
373849
346323
377814
349530
373763
346237
314352
336041
309778
340381
314115
335876
309571
278577
300157
274315
305208
278664
300080
274584
243144
265356
240658
269641
242404
265570
240612
206674
231707
206648
232904
205899
231560
206000
455613
500922
466036
489451
456036
501254
465631
413006
454911
422700
444475
413003
454694
422482
373781
411980
382691
400271
374021
411645
382398
340297
373239
346897
364669
340230
373071
346702
307765
337582
310312
330105
307935
337389
310563
278656
301095
276079
299824
278524
301637
276479
246112
267612
243898
268791
246042
267891
243890
214135
235822
211607
236972
213850
235761
211274
468541
510889
474388
504060
468274
510745
474049
425237
463412
430787
457447
425010
463123
430660
385110
420362
390942
414375
384734
420259
390560
348976
381708
354267
375479
348929
381296
353934
313029
345420
319185
340111
313156
345057
319074
276385
310660
283102
303927
277032
310634
282414
243288
272924
243859
268307
243333
272508
243670
210488
234979
208842
235267
210194
234854
208232
474934
509422
473108
511432
474610
509465
473099
431720
462131
430110
463820
431667
462097
429910
391843
419598
389286
421444
391454
419371
389007
354677
379421
351134
381953
354310
379101
350858
319232
342102
315790
345341
319044
341848
315704
283465
307010
280221
310563
283025
306990
280281
244108
271058
242979
273178
243904
271022
242814
208048
233591
206689
234743
207488
233458
206034
470413
491488
461131
506997
470422
492089
461260
428529
451874
423885
459716
428316
451705
423311
387683
412260
383341
417667
387489
412074
383200
349364
373756
346420
377453
349191
373626
346466
314020
335937
309541
339974
313886
336112
309573
278713
300124
274722
305074
278791
300468
275060
242274
265759
240540
269670
242116
265913
240344
205960
231542
206054
232685
205417
231451
205621
360155
358115
351018
348716
360229
358074
351034
372714
381735
372784
380607
372414
381392
372784
363088
353028
363421
353743
362661
353498
362262
369153
376357
367135
378372
367220
378387
369111
360079
348627
357815
350824
357978
350983
359970
372664
380259
381117
372227
381201
372806
372035
363033
353820
352924
363094
353467
362393
362419
323864
321511
314898
312451
323779
321464
314945
334609
343705
335746
344706
334371
344181
336376
324910
315982
327217
319866
324946
315859
327079
332874
339389
330527
341784
330476
341869
332936
323946
312449
321519
315134
321461
315018
324065
334618
344802
343716
336327
344147
336255
334596
324972
320095
316356
327873
315950
327217
325341
363740
363897
354665
354484
364393
363134
354020
372191
382456
371575
380922
372683
381989
371313
362906
353861
361996
352411
363259
353610
361737
373716
380671
372812
383335
370639
383606
373652
363642
354633
363690
354373
363159
353916
363836
371939
380678
381604
370826
381723
371092
371863
362644
352201
353304
361286
353411
361516
362522
325531
327832
317630
320632
326180
329692
317359
335432
344698
334103
343107
335490
344460
334048
326759
317767
325071
316213
326609
317957
325139
335232
345550
336920
345110
336622
344577
335822
325646
321079
328659
317997
329423
317410
326486
335490
343014
344312
333970
344374
334020
335442
326873
316159
317834
325059
317963
325127
326744
449853
475565
456586
475567
449576
475229
456101
408422
432204
412925
430165
408651
432350
413548
367299
388604
371612
384804
367479
388606
371834
339872
353611
341246
353210
340028
353801
341319
309787
320404
309915
324005
309646
320319
309922
286141
294043
284033
298131
286519
293923
284138
251352
265076
250692
268147
251345
264870
250678
218878
232401
218370
234792
218949
232389
218420
512025
545325
516678
550549
512064
545377
516043
482990
478871
492773
490003
478861
492663
482929
438102
433697
447492
443632
433720
447502
438091
396227
391961
404928
401011
391943
404932
396221
360053
355991
367284
363962
356158
367329
360166
323666
320950
331928
328689
320843
332079
323546
292344
292012
297859
298623
292092
297885
292260
260046
260868
267149
268858
260759
267082
260078
228296
228412
235053
236408
228487
235069
228202
182443
197630
182583
199717
182435
197627
182575
522892
558552
532062
554324
522266
558028
530936
498439
493400
510693
506860
493371
510533
498553
452674
448529
464159
459655
448495
464017
452817
409798
405972
420355
416202
405946
420301
409853
370124
367842
379964
376934
367632
379819
370269
333070
332310
341851
340224
332040
341731
333197
298486
295664
308041
304189
295581
307518
299130
265616
263556
274556
271450
263318
274407
265694
229469
227477
238487
236719
227361
238469
229648
180939
197732
180202
197574
181003
197318
180098
529188
553423
526377
557374
529168
553918
526802
501551
503429
513612
516216
503426
513554
501540
456792
459187
467743
470046
459120
467722
456813
415847
418250
425990
428088
417912
425932
415934
376340
378158
386206
387849
377924
386116
376418
338219
335935
347967
346913
336227
347923
338303
300541
301831
308878
309959
301915
308901
300508
264507
265673
273698
274875
265551
273680
264551
227918
228469
237006
237745
228507
237017
227878
179495
196166
178738
196752
179382
195890
178456
516985
536475
507322
544597
517287
536826
507473
488531
491716
500388
504312
491728
500420
488497
446023
448943
456002
459354
448958
456022
445991
406550
408862
416035
418734
408868
416056
406541
368366
370319
377635
379729
370274
377599
368402
330436
332175
339675
341720
332226
339658
330442
294528
295930
303163
304720
295934
303217
294502
259691
260866
268333
269741
260856
268330
259692
224841
225535
233469
234393
225514
233462
224866
178892
193249
176880
193385
178280
193591
176673
456315
463511
448112
473915
456469
463719
448929
422503
431307
414444
438408
422582
431478
414521
385272
396345
380156
401782
385343
396476
380415
350090
363118
346079
366239
350229
363266
346249
312270
327650
310564
329266
312279
327754
310268
276937
291348
274492
291895
276909
290923
274396
244021
256907
242539
258799
244083
257337
242716
211086
224986
209998
225723
211201
225179
209980
449501
474388
455845
475710
449646
473942
456257
408870
432468
414108
430506
409295
432169
414602
367703
388514
371990
386376
368022
388173
372141
340391
354185
341679
354188
340898
354669
342332
310001
320559
310038
324344
310240
320925
310277
286483
293966
284178
297668
286329
294065
284182
251313
264662
250678
267751
251222
264439
250740
219035
232412
218746
234914
219112
232430
219041
512256
544986
515506
551148
512689
545284
515874
482808
478467
492396
489520
482872
478064
492375
438400
433967
447594
444156
438308
434098
447629
396348
391831
405009
400906
396343
391774
405003
359945
356475
367296
364026
359966
356580
367292
324138
320958
332092
329134
324127
321124
332013
292733
292325
298381
298878
292663
292364
298522
260260
260638
267178
268667
260182
260622
267266
228733
228724
235248
236574
228606
228802
235330
182528
197754
182676
199976
182482
197981
182712
521296
556405
529218
552885
519737
555566
527630
496957
492936
509333
506168
497385
492733
508908
451525
448141
463117
459097
451854
447977
462759
409074
405759
419694
415879
409291
405646
419440
369742
367427
379390
376592
369846
367389
379214
332519
330974
341524
339527
332511
330737
341641
297037
294986
306499
303461
297264
294842
306239
264472
261733
273403
269646
264984
261218
272901
227742
226799
237589
235361
228206
226756
237005
180950
196939
179971
197470
180821
196787
179777
528959
554494
527492
557625
528413
555506
528271
501477
502863
513490
515440
501541
502448
513439
456490
458465
467568
469042
456620
458047
467455
415009
416600
425483
426441
415285
416028
425239
375415
376220
385520
385614
375760
375463
385214
336696
336543
346856
345998
337166
336451
346308
301205
302401
309259
310270
301011
302406
309399
264551
265497
273860
275143
264514
265558
273958
227990
228606
237100
237866
227983
228591
237125
179115
195729
178059
195908
178737
195532
177569
517817
537579
507712
547175
518679
539008
508501
489083
491950
500749
504924
488874
492109
501052
446433
449134
456266
459554
446295
449215
456394
406689
408921
416170
418770
406638
408945
416235
368199
370173
377478
379593
368236
370142
377452
330442
332343
339530
341671
330395
332374
339500
294722
296115
303687
305393
294699
296194
303709
259699
260872
268308
269746
259698
260876
268305
224782
225450
233441
234350
224798
225435
233432
178028
193704
176448
193280
177939
193604
176168
457036
463791
450134
474302
457365
465061
450832
422959
432051
414777
439909
423792
432901
415438
385421
396511
380660
402128
385524
396962
381137
350508
363495
346361
366433
350994
364089
346960
312527
327754
309842
329527
312616
328018
309900
276871
290297
274238
292057
276983
289943
274314
244167
257869
242877
258955
244247
258321
243124
211340
225680
210037
225921
211394
226130
210241
450175
473388
456938
475701
451203
473439
457806
409852
431759
414662
430907
410389
431537
414653
368669
387726
372480
387678
369331
387330
373011
341170
355173
343033
355245
341394
355638
343706
310419
321302
310617
324603
310468
321564
310951
286028
294186
284303
297563
285500
294329
284644
251162
264228
250897
266997
251151
263937
251107
219397
232417
219463
234688
219580
232318
219857
513042
544961
516650
551680
513485
545811
517447
482081
476602
491975
488030
482299
476196
491875
438802
434461
447727
444471
438703
434491
447728
396247
391516
404839
400613
396258
391423
404800
360004
357005
367242
364359
359945
357141
367240
324104
321419
331702
329065
324112
321496
331592
292813
292397
298678
299137
292797
292442
298641
260635
260676
267500
268774
260500
260734
267561
229409
229133
235612
236999
229214
229285
235716
182557
198112
182951
200152
182403
198100
183107
518226
555345
526724
551773
517589
555938
526417
495293
491810
507099
504979
495642
491542
506791
450438
447554
461799
458484
450665
447430
461537
408166
405359
418691
415453
408356
405276
418466
305701
303162
305750
296705
294410
296698
294258
262113
259940
271531
268158
262613
259749
271074
227016
226853
235773
235041
227116
226862
235588
180861
196734
179803
197609
180741
196777
179561
527315
555854
528531
557942
526689
556516
528644
500091
500280
512512
512982
500634
499657
512114
455023
456069
466595
466334
455571
455363
466062
413180
414006
424019
423734
413687
413402
423451
309680
310176
309655
301373
302219
301460
302239
264731
265763
274063
275216
264700
265813
274049
227350
227877
237104
237247
227749
227420
236982
178600
195019
177404
195509
178292
194620
177275
519849
539944
509333
548843
521298
541037
510375
489917
492601
501969
506214
489718
492739
502363
447056
449500
456837
459859
446914
449569
456977
406820
408938
416476
418771
406832
408850
416527
369766
379080
369583
367804
377315
367949
377191
332469
341396
332513
330747
339556
330718
339507
305350
294647
296304
303531
294682
296311
303457
259684
260899
268307
269781
259695
260903
268291
224709
225422
233393
234310
224739
225399
233368
177837
193445
176188
192433
177487
193184
176031
457639
464681
451211
475117
458479
465526
452088
424844
433822
416218
441566
425686
434437
416931
385766
397366
381373
402681
385978
398182
381906
351458
364784
347577
366976
351864
365527
348427
312728
328200
310060
329783
312940
328720
310467
276955
289873
274458
292296
276907
290274
274643
244333
258578
243301
258847
244390
258891
243553
211629
226481
210580
225864
211603
226803
210692
452448
473524
458691
475812
452878
473712
459708
410640
431119
414943
430070
410699
430855
415443
370094
387151
373640
388350
370815
386889
374409
341568
355959
344335
355523
341726
356167
344708
310513
321654
311417
324640
310968
321798
311873
284491
294511
285015
296937
283696
294599
285055
251239
263683
251379
266468
251166
263371
251779
219489
232235
220234
234125
219300
232124
220096
513695
546189
518119
552396
514046
546984
518782
481369
475082
491213
487508
481463
474947
491180
439089
434393
447653
444564
439041
434370
447610
396154
391124
404702
400292
396201
391043
404607
360584
357472
367197
364639
360425
357535
367117
324131
321726
331298
329268
324048
321789
331227
293264
292790
298728
299633
293083
292949
298813
261530
261187
267706
269023
261287
261347
267732
230366
229993
235991
237309
230157
229965
236071
182681
198014
183527
200004
182673
197878
183775
517561
555890
526459
551066
518028
556124
526660
494275
490934
505973
504468
494452
490833
506020
449684
447147
460897
458083
449859
447076
460730
407408
405020
417883
415077
407617
404907
417677
367017
378334
369096
369015
376124
366880
378255
330671
341820
333070
333282
339741
330900
341950
306257
297413
294212
303407
297173
294280
306610
260425
259470
269989
267692
260802
259324
269638
226667
226931
235061
235047
226722
226968
234967
180877
196719
179532
197514
180700
196522
179266
526463
556430
528309
557731
526388
556558
527938
498808
498494
511191
512130
498998
498256
511186
453567
453929
464878
464648
453824
453606
464623
411898
412049
422289
421961
412148
411753
422060
373733
383035
373460
373268
382821
373307
382769
336546
345323
336123
336261
345916
336967
345378
309839
300937
301982
310638
301009
301797
309841
264558
265546
273964
274794
264712
265138
273866
226164
226635
235857
235733
226430
226358
235532
178282
194322
177285
194988
177734
193942
176624
522382
541014
510683
549365
523060
542151
511253
490313
492762
502995
506707
490245
492741
503167
447165
449484
457227
459842
447169
449445
457259
406480
408372
416444
418279
406578
408257
416380
368911
367008
376697
378219
367231
368686
376477
332186
330226
339033
340806
330395
332015
338815
294666
296327
303412
305239
294617
296355
303411
259560
260864
268138
269656
259605
260826
268087
224069
224805
233194
233542
224388
224298
232977
177543
192705
176283
191535
176603
192207
175375
459437
465695
452891
475872
460154
466246
453507
426246
434828
417292
442164
426494
435344
417750
386211
398499
382304
403099
386543
399027
382781
352114
365666
348806
367178
352225
365691
348994
313150
329198
310938
330031
313349
329740
311543
277298
291226
275121
293126
277803
292582
276316
244509
259293
243853
259083
244639
260003
244223
211890
227059
211009
225603
211689
227109
210435
453072
474073
460372
475822
452248
474538
460396
411058
430992
415806
431021
411519
431623
416006
371282
387009
375168
388292
371125
387247
375866
341655
356471
344916
356210
341710
356477
345055
311339
321889
312262
324437
311379
321988
312799
283236
294690
285108
296342
282934
294707
284900
251237
262991
252082
265915
251204
263055
252178
219199
231974
220145
233844
218986
231849
219972
514040
547143
519078
553046
514630
547651
519564
481357
474897
490902
488601
481307
475170
490940
438981
434339
447421
444544
439046
434296
447370
396044
390922
404162
400032
396064
390982
404003
360688
357390
366751
364635
360773
357267
366670
324647
322186
330876
329854
324557
322381
330866
293944
293419
298954
299914
293854
293305
299046
261902
261251
267794
268837
261940
261212
267723
230483
229749
235676
237083
230633
229667
235544
182638
197596
184222
199711
182404
197331
184158
518187
555757
526424
551568
518396
556143
526229
493712
490410
505678
503956
493826
490260
505610
448988
446723
460306
457585
449159
446580
460174
406647
404479
417031
414565
406804
404389
416872
368746
366655
377961
375623
368783
366624
377905
333773
331402
342320
340228
333739
331391
342363
297537
294431
307222
303789
297595
294560
307141
260160
259468
269155
267916
260068
259549
269246
226634
227108
234999
235341
226616
227131
235011
180803
196253
179286
197255
180690
195914
179022
526075
556253
527466
557733
526036
556762
527382
498170
497621
510658
511454
498303
497413
510502
453069
453025
464218
463977
453179
452932
464112
411409
411369
421669
421446
411506
411295
421620
372517
373007
382069
382211
372684
372870
381925
335983
336603
345040
345561
336056
336509
344981
301031
301812
309881
310603
301023
301778
309908
263236
263482
273307
273370
263434
263295
273096
225413
225769
234777
234852
225536
225658
234664
177436
193442
176222
194193
176910
192916
175678
522894
541713
511436
548313
522581
541863
512656
490512
492629
503105
506819
490435
492584
503048
447088
449248
457277
459704
447121
449250
457282
406118
407806
416162
417804
406193
407704
416103
366550
368137
376028
377556
366583
368023
375955
329588
331504
338217
340060
329713
331362
338112
294644
296445
303121
305076
294665
296423
303071
259480
260677
268179
269635
259469
260610
268216
223455
223775
232289
232697
223520
223690
232228
176416
191970
175045
190413
176089
191740
174474
460849
466198
453744
476405
461086
466306
453733
426468
435585
418003
441748
425964
435896
418490
386713
399199
382774
403421
386722
399285
382659
352253
365667
348899
366980
351881
365536
349126
313566
330165
312030
330072
313715
330379
312490
278498
293605
277690
293897
279090
294099
278161
244712
260742
244620
259640
244686
261106
244670
211840
227103
210194
225418
211704
227051
209882
470307
466421
460146
455722
466379
460153
470278
486086
499643
490319
501317
499638
490267
486166
474890
463435
479114
467289
463382
479051
474956
482979
489925
478793
492631
478840
492596
482971
470291
455699
466245
460202
466292
460173
470257
486026
501055
499289
490071
499459
490178
485970
474822
467215
463300
478876
463339
478977
474738
426301
422658
417115
412780
422692
417137
426292
441059
452041
444677
455879
452019
444657
441056
430165
419634
433690
423026
419660
433682
430152
438146
443728
433852
447548
433770
447515
438219
426325
412821
422857
417256
422773
417190
426363
441077
455811
452023
444603
452011
444629
441114
430190
423043
419773
433664
419711
433676
430226
385522
381762
377690
373589
381728
377684
385523
399132
408928
402407
412472
408974
402432
399091
389361
380133
392629
383266
380176
392632
389316
396266
401030
391886
404987
391920
404953
396310
385549
373504
381580
377784
381656
377722
385562
399202
412490
409089
402482
409031
402465
399266
389433
383296
380303
392658
380244
392652
389490
350350
347292
342885
339534
347456
342941
350545
362289
371043
365098
374003
370991
365070
362202
353938
345650
356173
347596
345383
356100
354045
360015
363983
356370
367300
356293
367326
360000
350205
339749
347764
342841
347662
342897
350113
362335
374011
370992
365040
370991
365063
362321
353800
347366
344902
355922
345115
355992
353653
312930
313203
306947
305701
313073
307022
312802
326310
335781
329639
338757
335760
329508
326174
316841
308305
319774
310682
308322
319804
316673
323953
328819
320797
332170
320807
332193
324072
313238
305857
312953
307331
312995
307162
313654
326440
338479
335611
329131
335681
329336
326489
316887
310691
308205
319864
308317
319876
316876
283296
285112
276693
277433
285086
276665
283298
291598
299701
293378
301868
299685
293316
291568
283090
275015
284774
276334
275047
284736
283037
292446
298674
292274
298210
292215
298030
292558
283356
277453
285143
276761
285117
276691
283465
291781
301763
299783
293156
299721
293201
292024
283221
276243
275380
284588
275176
284694
283460
251004
252819
244171
244670
252782
244170
251026
258409
266418
259825
267887
266449
259706
258372
250189
242659
251509
242853
242672
251396
250172
260060
268787
260657
267101
260703
267064
260108
251031
244684
252739
244276
252761
244211
251085
258532
267805
266658
259377
266511
259560
258743
250328
242813
242910
251101
242775
251253
250527
219510
220630
212526
212726
220717
212595
219462
226924
234537
226201
234437
234557
226254
226895
218843
211042
218344
210346
211114
218364
218819
228391
236443
228638
235171
228565
235111
228490
219592
212808
220871
212828
220798
212703
219689
227004
234445
234740
226511
234635
226360
227114
218981
210400
211290
218523
211205
218428
219061
487082
482318
475401
470751
482250
475256
487216
503081
516937
505168
517407
516611
505080
503389
491816
480423
493927
482024
480206
493802
492106
498164
506644
493149
509941
493252
510193
497834
486835
470648
482055
474685
482167
475009
486513
502403
516955
515210
504333
515932
504790
501550
491218
481725
478941
493068
479692
493520
490413
441675
437572
430901
426697
437544
430825
441777
457562
469219
460350
471070
469032
460128
457747
446223
435440
450026
439002
435184
449793
446419
452454
459557
448293
463464
448416
463774
452172
441506
426677
437408
430440
437497
430665
441263
457156
470757
467895
459255
468581
459766
456576
445902
438614
434394
448728
434823
449339
445437
399644
396242
389766
386381
396062
389610
399728
413716
424666
417735
428358
424450
417627
413870
403242
392735
407309
396644
392815
407190
403222
409681
416165
405847
419965
405910
420174
409506
399518
386280
395879
389312
395967
389477
399346
413478
428019
423742
416870
424132
417352
413161
403097
396439
392555
406475
392758
406920
402819
360549
358380
351015
349042
358247
350868
360697
372615
382545
375621
386204
382662
375614
372535
362700
352722
364954
354641
352759
365158
362608
370036
376814
367469
379553
367533
379697
369944
360512
348875
358220
350889
358210
350810
360496
372687
386041
382536
375212
382718
375508
372586
362794
354854
353010
364899
352936
365090
362781
325028
323596
317054
313492
323387
316786
325212
334194
343243
335173
344592
343202
335171
334290
325841
318101
326458
318219
317961
326385
325911
332858
340033
331284
341502
331667
341581
332644
324728
313325
322675
315977
323064
316428
324378
334113
344909
343404
335539
343231
335288
334104
325666
318173
317311
326386
317687
326360
325466
290652
287525
282955
279234
287310
282666
291015
300969
310119
302361
310504
309906
302391
301443
292817
284520
293571
284613
284408
293583
293039
298055
304120
295142
306783
295333
307119
297586
289967
278966
286846
281613
287110
282147
289517
300428
310433
308932
301996
309500
302350
300014
292169
284626
283762
293549
284231
293684
291704
256612
255189
247516
245890
254924
247500
256658
266204
275518
266169
275520
275447
266138
266225
256994
247721
256780
247461
247725
256819
256992
265491
271073
262338
273847
262900
274169
265295
256546
245447
253889
247276
254477
247451
256405
266189
275474
275359
266122
275384
266116
266198
256998
247505
247758
256870
247751
256838
257006
220206
218411
210562
210269
218444
210445
220374
229489
238613
229141
238336
238639
229191
229489
220563
211405
220293
211353
211443
220304
220654
229145
236389
226981
238094
227200
238367
228693
219923
210179
218381
210179
218426
210308
219564
229465
238383
238626
229246
238656
229239
229350
220462
211232
211053
220276
211282
220310
220275
490385
492537
478748
480975
492477
478713
490410
498517
511633
496205
508821
511612
496252
498475
487509
476047
484864
473276
476023
484878
487520
501558
516088
503162
513573
503327
513522
501572
490359
480849
492173
478629
492360
478678
490336
498576
508920
511866
496472
511632
496334
498657
487533
473298
476022
484974
476021
484917
487559
446359
448779
436044
438234
448703
436006
446387
454347
465240
451740
462485
465213
451743
454370
443978
433682
441451
431249
433661
441449
443995
456758
469926
458775
467638
458991
467692
456702
446315
438037
448287
435833
448546
435938
446242
454346
462493
465186
451784
465196
451760
454341
443967
431252
433610
441468
433642
441458
443948
405899
408208
396008
397796
407856
395918
405990
413479
423593
411182
421160
423555
411171
413518
403547
393679
401290
391506
393632
401272
403588
415700
427793
417092
425675
417524
425826
415511
405743
397334
406969
395567
407433
395769
405539
413445
421143
423482
411151
423525
411160
413387
403515
391493
393529
401235
393599
401254
403449
366738
368229
357247
357554
367957
357185
366822
374231
383948
372305
381821
383906
372262
374278
364770
355320
362791
353290
355291
362742
364826
376205
387375
376888
385766
377462
385968
376011
366614
357120
366903
356849
367534
357088
366408
374188
381797
383793
372204
383866
372232
374116
364746
353289
355248
362701
355295
362724
364680
327828
326449
317348
317899
326486
317342
327675
336339
345975
334208
343815
345961
334280
336300
326704
316645
324583
315297
316794
324735
326621
338004
346754
336592
347386
336524
347771
337632
327799
317934
327059
317694
326770
317489
327650
336375
343836
345940
334410
345977
334357
336379
326812
315428
317095
325012
316940
324881
326909
291861
293164
282669
283969
293201
282680
291837
298962
307598
297276
306115
307664
297322
298938
290267
281239
288609
279833
281240
288599
290252
300670
310044
302227
309137
302077
309006
300815
291958
284037
293680
282842
293372
282733
292095
299049
306183
307772
297489
307717
297401
299161
290332
279826
281332
288677
281276
288638
290411
255386
256295
246146
246889
256280
246115
255517
263248
272363
262056
271025
272349
262047
263260
254289
245132
253153
244132
245133
253148
254316
264465
274844
265487
273761
265488
273703
264488
255330
246910
256294
246095
256271
246093
255328
263247
271025
272409
262060
272366
262048
263273
254271
244143
245127
253147
245127
253141
254276
218960
219416
209679
210665
219522
209840
218900
227035
236166
226378
235268
236172
226362
227044
218202
209482
217617
208944
209386
217584
218207
227945
237801
228598
237067
228573
237046
227959
219002
210611
219605
209917
219589
209892
219029
227033
235274
236192
226338
236184
226348
227041
218188
208830
209204
217524
209255
217547
218170
477325
480916
466555
469877
480916
466576
477319
483632
494521
479221
488080
494487
479245
483589
472386
463170
468497
458931
463202
468568
472344
488601
504356
491855
500662
491765
500469
488738
477393
469917
481014
466716
480955
466633
477502
483691
488085
494722
479531
494516
479263
483828
472440
459001
463361
468834
463259
468621
472534
435885
438770
426229
428777
438783
426248
435850
443374
452156
439606
448848
452186
439653
443310
432800
424082
430190
421052
424129
430258
432748
446085
459383
449064
456159
449004
456077
446183
435961
428808
438871
426355
438825
426292
436058
443488
448969
452349
439995
452243
439780
443655
432944
421151
424343
430638
424219
430432
433083
396619
399014
387329
389381
398998
387321
396620
404467
413107
401693
410634
413138
401727
404434
394017
385646
392124
383350
385653
392146
394015
406568
418733
408897
416123
408879
416088
406598
396612
389371
398971
387292
398981
387306
396613
404512
410701
413245
401853
413190
401762
404570
393993
383327
385652
392163
385646
392123
393977
358645
360747
349500
351294
360702
349448
358692
366795
375247
364619
373689
375221
364620
366799
356588
348191
355404
346387
348165
355403
356635
368318
379685
370200
377511
370233
377550
368276
358591
351267
360631
349333
360664
349387
358542
366761
373643
375105
364610
375158
364575
366756
356521
346372
348122
355393
348130
355359
356466
320763
322410
312150
313517
322639
312192
320730
329056
337629
327346
336268
337570
327370
329053
318822
311138
317880
309243
311240
317881
318913
330414
341712
332314
339576
332278
339619
330398
320803
313613
322899
312405
322783
312275
320844
329078
336181
337400
327529
337480
327402
329132
318851
309455
311524
318214
311330
318031
318987
285654
287259
277149
278460
287256
277160
285618
293215
301059
291173
299408
301103
291190
293196
283881
276118
282606
274482
276114
282600
283875
294592
304773
296033
303557
295976
303346
294648
285675
278460
287273
277162
287270
277174
285674
293261
299574
301413
291226
301243
291206
293303
283891
274471
276116
282584
276122
282593
283889
250997
252128
242298
243175
252126
242290
250996
258701
266671
257153
265579
266659
257154
258704
249629
241644
248943
240503
241648
248956
249616
259695
269735
260866
268311
260858
268323
259694
250995
243175
252118
242289
252121
242291
250989
258708
265580
266641
257168
266654
257168
258705
249635
240524
241661
248989
241655
248973
249639
216054
216634
207329
207893
216624
207360
216058
224268
232213
223233
231773
232217
223232
224280
215152
207275
215299
206709
207327
215302
215143
224824
234383
225465
233450
225489
233456
224812
216040
207791
216578
207339
216599
207326
216021
224261
231791
232219
223269
232216
223249
224258
215158
206746
207439
215346
207383
215317
215154
470163
466150
460239
455598
470212
466063
460276
485809
498976
489900
500380
485872
498890
489755
474566
463264
478743
466912
474642
463243
478603
482687
489019
477153
492227
477566
492229
482540
470079
455577
465818
460355
465923
460315
469966
485753
500173
498863
489471
498792
489574
485726
474499
466811
463225
478320
463232
478454
474447
426470
422960
417322
413017
426414
423096
417382
441210
452044
444576
455590
441162
452068
444547
430298
419830
433644
423045
430263
419874
433615
438490
444296
434351
447698
434241
447662
438588
426533
413106
423490
417482
423300
417438
426592
441249
455520
452088
444479
452083
444516
441274
430325
423009
419899
433537
419900
433580
430333
385518
381516
377832
373393
385550
381455
377859
399319
409135
402478
412452
399308
409158
402451
389525
380342
392644
383266
389522
380358
392605
396321
400801
391617
404903
391692
404966
396286
385472
373394
381369
377899
381391
377881
385420
399300
412406
409123
402364
409151
402407
399274
389500
383212
380351
392490
380357
392545
389464
350071
347827
342819
340154
350080
347905
342782
362305
371000
365025
373959
362312
371004
365001
353390
344726
355877
346745
353501
344587
355831
359932
364071
356853
367262
356714
367280
359928
350084
340188
348074
342747
347988
342756
350109
364947
362300
373921
371003
371005
364974
362289
355701
353305
346633
344399
344485
355773
353224
313917
312967
307484
306225
313836
313076
307639
326436
335535
328914
337653
326486
335427
328689
316878
308122
319757
310445
316879
308080
319562
324134
329130
321338
331807
321238
331917
324114
313937
306284
313353
307687
313209
307692
313932
328394
326347
337471
335207
335309
328514
326251
319267
316878
310314
308066
308062
319371
316845
283740
285182
276859
277478
283605
285215
276962
292342
299850
293136
301430
292216
299878
293123
283895
275607
284593
275978
283701
275820
284624
292777
298953
292382
298677
292368
298623
292793
283853
277505
285309
277147
285252
277059
283940
292390
301362
299863
293034
299880
293099
292386
284034
276013
276160
284598
276008
284622
284123
251209
252731
244354
244804
251149
252746
244430
259134
266892
259204
267418
258961
267118
259100
250846
243047
250969
242906
250705
243181
250911
260341
268652
260621
267433
260612
267356
260417
251255
244876
252886
244673
252810
244524
251301
259270
267369
267413
259285
267295
259152
259386
250964
242995
243403
251072
243303
250991
251061
219900
220969
212949
213120
219792
221095
213047
227394
234861
226668
234701
227251
234990
226799
219273
211409
218625
210672
219157
211523
218745
228883
236654
228987
235507
228898
235415
229042
220014
213272
221396
213331
221253
213198
220123
227542
234812
235251
227045
235119
226928
227684
219390
210812
211758
218985
211672
218869
219501
485737
481892
474314
470151
486128
481709
473930
499816
514160
503614
514883
500595
513474
502700
488730
478073
492403
479800
489515
477235
491518
496484
505762
492141
507724
492441
508174
496064
485338
469955
481267
473182
481491
473546
484965
499103
513867
512262
500875
512712
501698
498513
488035
478834
475875
489653
476504
490532
487437
440677
437278
430172
426381
440978
437119
429898
455161
467095
458597
468860
455888
466286
457804
444284
433944
447996
436443
444880
433449
447166
451207
458929
447679
462091
447818
462413
450919
440386
426238
436819
429400
436958
429638
440125
454489
467920
464942
456009
465569
456905
453892
443704
435576
432449
445390
432937
446268
443165
398920
395784
389124
386006
399138
395676
388938
412469
423323
416207
425973
412825
422897
415431
402186
392300
405862
394824
402503
392042
405132
408800
415751
405445
418927
405539
419185
408559
388617
398712
385924
395483
395569
388771
398521
412069
425128
422001
413877
422447
414632
411647
391526
401850
394181
403687
391776
404382
401507
360411
358222
350949
348802
360458
358199
350980
372345
382306
374810
384476
372454
382094
374429
362649
353025
364649
354630
362723
353014
364387
367326
378888
369527
369635
376534
367355
379044
358136
351011
360298
360355
348804
358166
350999
381791
374384
372244
372248
383914
381910
374109
352969
364110
362541
362577
354514
352990
364136
323872
322337
315524
312830
324074
322033
315150
334324
343533
335665
345101
334238
343598
335710
325249
316940
326522
318037
325302
316625
326595
330485
341822
332682
332600
339454
330576
341751
321597
314880
323744
323775
312682
321777
314964
343662
335663
334360
334356
345056
343633
335704
316197
326214
325113
325231
318020
316410
326567
288825
286578
280969
277920
289131
286367
280636
299133
308408
301558
309654
299551
308053
301285
290905
283346
293276
284891
291310
283113
293100
305789
296871
303295
294558
294699
306000
296757
288574
277543
285963
280057
286178
280325
288353
307678
298844
309436
301007
307816
301119
298720
290637
284862
282879
292879
282958
292948
290525
255630
253267
246823
244005
256140
252752
246204
266240
275366
266168
275687
266226
275285
266242
256996
247726
256912
247598
257016
247603
256958
263849
269246
260270
272034
260717
272442
263194
254956
243652
251888
244999
252278
245580
254276
266215
275761
275158
266382
275250
266336
266105
256891
247599
246748
257020
247286
257000
256624
218942
218353
210039
210230
219251
218435
210011
228615
238515
229226
238405
229083
238261
229107
219466
210695
220160
210422
219889
210316
219866
227371
235170
226836
236061
226795
236520
227208
218807
210311
218606
210061
218531
210055
218773
228148
238289
237233
228328
237763
228772
227673
219042
210076
209921
219072
210077
219475
218806
490208
491878
478562
479938
490291
491461
478454
498791
511934
496609
509650
498713
512157
496792
487611
476030
485044
473420
487587
476029
485133
501312
514886
501096
512968
501854
513202
501049
490046
479379
490146
477991
490888
478273
489781
498819
509862
512388
497136
512241
496962
498812
487604
473476
475941
485312
476006
485223
487552
445970
447934
435686
436831
446133
447474
435483
454323
465183
451815
462562
454338
465173
451849
443891
433575
441483
431274
443927
433518
441503
456288
468511
456842
466995
457506
467273
455990
445734
436227
446220
434841
446901
435209
445402
454281
462599
465074
451908
465143
451881
454195
443825
431283
433278
441527
433426
441522
443709
404999
406451
395325
395686
405295
405859
395027
413213
423426
411141
421107
413315
423342
411122
403249
393446
401214
391411
403364
393322
401182
414664
425813
414691
424521
415382
424925
414228
394183
404635
395045
404523
405204
394651
404182
413068
421087
423032
411009
423218
411085
412856
392847
403081
391340
401023
393136
401126
402827
365664
366156
356437
355579
366106
365421
355879
373856
383698
372175
381700
374021
383550
372125
364392
355148
362670
353202
364578
354940
362605
374474
384442
374587
374963
384944
374738
384840
364456
355017
364705
365110
355203
364834
355400
382949
371843
373131
373576
381617
383314
372027
354160
362248
363641
364088
353055
354592
362476
327145
327169
317870
318360
327407
327177
317938
336148
345841
334432
343788
336319
345637
334404
326823
317174
325079
315826
326928
317291
325090
336259
345527
336027
336344
345769
336360
345882
326816
317790
326604
326905
318477
327139
317901
344950
334192
335621
335837
343652
345284
334317
317540
325062
326568
326626
315926
317404
325072
292450
294022
282979
284631
292299
294085
283124
299488
307899
297614
306766
299311
308147
297753
290662
281421
288745
279938
290533
281510
288817
309623
301355
310229
302268
302346
309528
301449
292538
284774
294051
283316
294079
283257
292569
308719
299645
306983
297962
308449
297876
299766
290772
280003
281646
288953
281596
288892
290826
255382
256290
246117
246981
255342
256312
246150
263335
272461
262076
271079
263307
272510
262098
254324
245137
253159
244179
254297
245158
253180
264598
275231
265702
274067
265628
274035
264652
255429
247009
256417
246223
256363
246191
255494
263349
271106
272599
262129
272562
262120
263388
254338
244199
245205
253204
245181
253198
254368
219092
219600
209876
210374
219059
219532
209856
227082
236211
226334
235297
227058
236232
226340
218164
209132
217518
208566
218162
209107
217506
227981
237857
228271
237139
228512
237140
227926
219075
210034
218881
209473
219281
209759
218841
227106
235313
236275
226376
236259
226356
227110
218179
208526
209041
217464
209088
217481
218174
477782
481086
466819
470130
477628
481178
466944
484036
494622
479464
488485
483884
494910
479718
472717
463483
468926
459484
472610
463642
469115
489286
505142
492453
501698
492266
501283
489520
477937
470221
481372
467223
481273
467078
478102
484147
488471
495335
479820
495007
479708
484297
472820
459586
464020
469349
463820
469184
472941
436299
438928
426448
428968
436171
438994
426564
444095
452469
440199
449671
443859
452629
440510
433438
424499
430841
421728
433249
424685
431138
446586
459633
449407
456689
449307
456537
446752
436438
429046
439146
426834
439068
426694
436586
444355
449979
452993
441274
452802
440856
444645
433651
421995
425134
431945
424893
431484
433897
396645
398968
387281
389353
396624
398964
387279
404712
413303
401887
411016
404627
413387
402007
393962
385664
392117
383370
393956
385694
392167
406743
418803
408969
416400
408965
416314
406798
396667
389334
398911
387265
398950
387277
396686
404812
411106
413600
402241
413482
402074
404937
393980
383383
385802
392300
385739
392164
394021
358443
360599
349279
351198
358492
360554
349227
366784
375045
364593
373593
366754
375004
364674
356354
348125
355349
346615
356402
348154
355414
369977
368150
379539
377383
370086
377423
368078
360362
358387
351134
349117
360481
349173
358321
366830
373547
374960
364862
374970
364718
366890
356322
346682
348221
355547
348195
355411
356352
321133
322984
312550
314149
320932
323087
312749
329349
337326
327598
336308
329220
337311
327777
319625
311766
318404
309929
319316
311919
318678
332444
330560
341627
339561
332405
339499
330669
323409
321479
314325
313012
323263
312991
321743
329460
336390
337468
327909
337421
327832
329508
319871
309900
311791
318802
311897
318766
319952
285689
287296
277164
278495
285683
287326
277170
293320
301512
291211
299938
293324
301546
291203
283878
276111
282563
274408
283887
276101
282543
294723
305459
296288
303605
296251
303669
294708
285694
278533
287384
277180
287357
277178
285691
293306
299954
301458
291214
301523
291245
293274
283867
274382
276070
282582
276089
282530
283850
250961
252112
242291
243164
250977
252107
242289
258707
266630
257171
265547
258707
266617
257170
249614
241668
249001
240564
249631
241672
249007
259700
269755
260891
268311
260883
268307
259700
250940
243169
252073
242282
252095
242288
250918
258708
265534
266589
257162
266606
257176
258701
249593
240580
241671
249008
241674
249017
249569
215975
216559
207308
207623
216000
216539
207272
224252
232217
223291
231854
224256
232211
223310
215125
207470
215382
206855
215146
207476
215400
224769
234339
225426
233409
225430
233421
224751
215938
207596
216469
207164
216507
207240
215896
224248
231873
232186
223336
232200
223335
224239
215097
206879
207424
215393
207471
215413
215057
469696
465702
460394
455528
469827
465643
460416
485559
498840
489360
500214
485641
498950
489293
474357
463219
478199
466596
474397
463214
478098
481856
487680
475426
491461
475751
491593
481667
469568
455480
465651
460416
465611
460425
469443
485444
500234
499156
489184
498982
489228
485352
474326
466529
463183
477940
463204
478009
474278
426717
423650
417537
413330
426655
423757
417611
441287
452083
444436
455359
441284
452074
444396
430289
419886
433491
422900
430314
419879
433449
438887
444502
434432
447688
434501
447716
438966
426765
413355
423835
417757
423827
417691
426801
441296
455314
452037
444321
452062
444357
441302
430275
422879
419932
433377
419894
433411
430274
385307
381355
377914
373379
385368
381319
377923
399248
409095
402326
412276
399255
409076
402294
383151
389422
380349
392448
389436
380348
392418
396248
400540
391221
404756
391315
404780
396235
385225
373378
381187
377858
381259
377912
385111
399255
412245
409076
402257
409071
402271
399274
383157
389409
380321
392386
380342
392402
389375
350196
348168
342751
340136
350145
348254
342760
364918
373823
364877
362215
370996
362263
370977
355612
346409
355511
353085
344330
353148
344285
360104
364463
357382
367235
357270
367243
360252
350253
340140
348409
342782
348332
342770
350298
373791
364719
364817
362148
370898
370936
362096
346371
355322
355400
353047
344294
344270
353054
313778
313505
307654
306559
313881
313673
307625
328317
337194
328265
326057
335120
326152
335056
319176
310005
319100
316745
308061
316801
308034
324057
329066
321639
331383
321557
331483
324029
313683
306658
314004
307647
313864
307614
313634
337175
328233
328238
325975
334983
335014
325889
310028
319038
319059
316676
307911
307976
316588
284043
285396
277224
277691
284005
285505
277308
301077
292337
299819
292926
292360
299758
292786
284190
276244
284546
276127
284183
276265
284459
292861
299231
292631
298678
292530
298651
292948
284071
277821
285817
277614
285668
277443
284131
300972
292291
299595
292491
299680
292631
292224
284133
276146
276293
284283
276277
284370
284071
251504
253011
244862
245205
251388
253133
245078
259555
267488
259388
267641
259483
267541
259399
251200
243501
251084
243125
251134
243643
251080
260834
268864
260951
267659
260836
267606
261061
251623
245396
253412
245592
253280
245317
251709
259626
267636
267577
259328
267565
259364
259733
251294
243168
244032
251083
243834
251075
251429
220365
221602
213547
213647
220247
221764
213702
227985
235386
227145
235047
227835
235504
227230
219737
211922
219096
211094
219619
211988
219198
229657
237135
229728
235896
229545
235807
229910
220480
213914
222052
214140
221979
213954
220566
228150
235131
235759
227452
235629
227335
228303
219853
211236
212216
219362
212149
219286
219943
484280
481036
472843
469402
484607
480824
472535
497532
511720
500202
512125
497972
511462
499694
486450
475334
488951
476587
486908
474867
488402
494964
504666
491102
506240
491290
506367
494699
483985
469248
480458
472012
480628
472257
483728
497124
511706
510979
498884
511101
499248
496779
486042
476105
474094
487547
474455
487941
485687
439690
436697
429183
425930
439896
436598
428970
452943
464410
455252
465634
453378
463963
454638
442271
432001
444639
433383
442687
431600
444027
450232
458361
447230
461089
447326
461302
450041
439494
425853
436435
428553
436514
428774
439303
452569
465142
463232
453675
463577
454127
452232
441903
432854
430881
443034
431234
443507
441562
388461
385750
388287
398154
395406
398338
395331
410857
421577
413227
422995
411246
421180
412653
391245
392740
390837
400760
403101
401169
402539
407986
415366
405112
418071
405194
418245
407809
385711
388028
388139
397980
395206
395264
397817
410480
422461
420435
411661
420804
412133
410078
392253
390342
390555
400347
401673
402060
400056
288121
285722
279839
276693
288187
285469
279659
307585
309243
307574
298916
300966
298752
301010
290796
282849
292895
284925
290584
282899
292943
303219
306062
305913
296828
294141
294142
297017
288198
276549
285195
279281
285257
279463
288194
309391
307996
307690
299221
301347
301085
299556
291027
284770
283115
293310
283055
293147
291334
253213
251631
244495
243329
253739
251524
244158
265318
275007
266396
275740
265805
274777
266367
255468
246163
256980
246781
256103
245607
256821
261612
267978
259620
270318
259702
270662
261187
252768
243228
251293
243679
251421
243926
252397
264704
275630
274010
265935
274455
266246
264044
254878
246279
244660
255847
245084
256422
254341
218691
218662
210135
210430
218749
218698
210093
227201
236703
227857
237043
227388
236252
227539
218547
209889
218827
209649
218665
209783
218654
226910
234997
226899
235217
226878
235400
226805
218623
210528
218739
210044
218719
210143
218552
227035
236570
235676
227084
235949
227313
226828
218413
209635
209593
218304
209763
218492
218261
488807
489326
477579
477156
489375
488676
477016
498491
512305
497223
510384
498698
512267
497258
487186
475807
485365
473583
487419
475579
485383
499602
512537
498816
511436
499178
511622
499271
488312
476624
487785
476159
488180
476523
487955
498136
510237
511825
497040
511984
497182
497826
486827
473532
474977
485212
475240
485329
486545
444388
445452
434368
434112
444956
444752
433789
453798
464939
451916
462654
454042
464713
451877
443242
433048
441501
431090
443521
432728
441418
454523
465776
454321
465185
454792
465562
454139
443888
433546
443692
432916
444178
433310
443495
453455
462582
464126
451614
464386
451767
453188
442875
430855
432110
441077
432374
441257
442596
393736
393165
393254
403155
403879
403645
403252
412153
422763
410863
420777
412556
422413
410612
392426
390709
392055
402079
400842
402464
400564
412749
423179
412423
422603
412867
422987
412406
392704
392645
392855
402749
402446
402757
402459
411827
420519
421773
410182
422038
410390
411562
390481
391554
391770
401770
400097
400330
401515
292462
294019
283311
284584
292542
293950
283260
308897
307104
308926
299797
297999
299818
298011
290802
281680
289007
280127
290829
281705
289037
310333
309812
309693
301246
302231
302286
301117
292348
284444
293426
283143
293699
283216
292242
307059
308790
308861
299741
298032
298018
299697
290776
280139
281672
289077
281710
289060
290762
255511
256447
246234
246912
255548
256451
246210
263461
272623
262158
271177
263428
272631
262186
254443
245230
253225
244256
254407
245222
253250
264756
275148
265765
273991
265833
274018
264758
255510
246606
256200
245909
256392
246130
255460
263485
271209
272671
262201
272642
262202
263480
254457
244250
245072
253254
245170
253263
254367
217965
218493
208922
209094
218350
218251
208656
226985
236276
226384
235352
227102
236172
226364
217636
208867
217445
208092
218080
208373
217366
226907
236852
226884
236241
227129
236622
226649
217742
209014
217888
208417
218068
208600
217578
226415
235329
235669
225786
236027
226278
225948
217081
207742
207839
216553
208097
216974
216845
478427
481457
467365
470486
478261
481529
467506
484597
495422
479708
489049
484416
495776
479905
473249
464228
469457
460151
473073
464441
469770
490059
506405
492798
502902
492800
502582
490175
478578
470538
481598
467740
481573
467630
478717
484778
489236
496325
480271
495996
479974
484933
473491
460273
464721
470165
464631
469948
473638
436846
439211
426968
429199
436729
439244
427081
445252
453181
441650
451021
444954
453376
442053
434403
425406
432330
423098
434157
425701
432749
447152
459892
449521
457179
449585
457097
447176
436916
429145
439104
427132
439217
427148
436912
445500
451238
453747
442700
453580
442386
445665
434593
423393
426140
433379
425963
433067
434702
388995
396643
398825
387223
396684
398669
387121
405193
413727
402332
411738
405065
413881
402508
394240
385861
392433
383557
394090
385865
392553
406718
418633
408523
416490
408670
416526
406649
388816
396566
398375
386852
398525
387007
396463
405271
411925
414143
402679
414051
402570
405217
394264
383514
385784
392579
385829
392553
394231
360172
350730
359967
358100
349035
358226
348902
366806
374981
364932
373798
366913
374995
365051
356322
348121
355569
346751
356369
347997
355642
378876
369143
369395
367631
376911
377059
367463
350553
359553
359768
357939
348559
348739
357741
366722
373810
374889
365094
374964
365035
366639
356224
346685
347612
355543
347842
355629
356045
323542
314550
323577
321763
312940
321831
312847
329412
337426
327881
336404
329484
337379
327805
319781
311679
318743
309786
319902
311585
318698
341316
332336
332450
330678
339236
339397
330552
314479
323334
323453
321619
312660
312745
321468
329297
336296
337087
327539
337251
327660
329168
319646
309765
311453
318557
311509
318628
319511
285674
287403
277174
278602
285685
287412
277156
293173
301376
291145
299824
293234
301278
291087
283801
276045
282605
274303
283826
276019
282565
305307
294615
296313
303372
296314
303383
294591
285658
278603
287409
277101
287413
277133
285629
293125
299906
301296
291233
301234
291112
293163
283782
274315
275971
282579
276000
282572
283747
250881
252066
242279
243196
250901
252061
242271
258673
266560
257162
265449
258690
266519
257119
249511
241672
249021
240587
249542
241673
248993
259667
269775
260892
268201
260904
268258
259637
250860
243196
252033
242250
252054
242264
250835
258653
265442
266383
257059
266460
257127
258625
249476
240625
241697
248963
241680
249016
249438
215792
216433
207117
207388
215851
216372
206989
224211
232163
223358
231846
224231
232127
223329
214916
207422
215382
206815
215000
207349
215301
224669
234281
225190
233286
225345
233335
224581
215723
207270
215873
206547
216251
206880
215561
224185
231849
232009
223293
232075
223356
224132
214804
206854
207252
215065
207380
215221
214666
469118
465757
460404
455421
469284
465899
460388
485152
499115
489084
500715
485248
499189
488996
474066
463142
477866
466347
474189
463081
477775
481300
487607
474794
490962
474802
491021
481269
468997
455453
466199
460402
466043
460389
468966
485020
500778
498937
488863
499030
488913
484891
473963
466276
462933
477561
463007
477671
473899
426802
423803
417801
413211
426819
423762
417819
441299
451998
444288
455173
441303
451952
444249
430279
419972
433344
422825
430278
419998
433303
439098
444613
434422
447482
434417
447551
439078
426756
413114
423679
417787
423705
417818
426683
441289
455096
451851
444131
451900
444195
441279
430271
422800
419974
433183
419997
433248
430254
384797
381175
377756
373471
384961
381194
377716
399250
409077
402242
412167
399276
409056
402201
389188
380271
392337
383014
389304
380195
392245
396119
400185
390905
404327
390956
404474
396091
384626
373526
381229
377828
381199
377735
384470
399191
412127
408921
402015
408998
402117
399097
389051
382910
380045
391988
380121
392114
388911
350237
348459
342802
340180
350306
348502
342816
364589
362178
370882
373586
362108
370876
364468
355331
353183
344359
346591
353111
344434
355406
360699
364665
357506
366872
357559
367002
360778
350078
340207
348468
342793
348497
342814
349849
362248
373450
370712
364459
370808
364442
362284
353231
346741
344478
355564
344482
355498
353228
313703
314242
307779
307133
313631
314494
307989
328262
325757
334949
337397
325806
334888
328323
319018
316382
307885
310105
316481
307899
319004
324267
329389
321956
330984
321868
331130
324415
313861
307340
314782
308482
314684
308237
314013
325754
337522
334639
328408
334778
328384
325789
316304
310136
308105
319068
307970
319022
316292
284282
285988
277819
278287
284212
286096
278034
292231
299555
292384
300907
292199
299572
292337
284018
276325
284177
275875
284013
276411
284107
293474
299768
293336
298933
293191
298901
293684
284311
278531
286240
278469
286216
278267
284349
292322
300918
299770
292530
299652
292386
292459
284090
275862
276628
284162
276532
284103
284200
251927
253602
245885
246006
251821
253694
246150
260033
267636
259318
267427
259885
267729
259379
251703
244199
251152
243516
251576
244379
251264
261742
269076
261425
267793
261517
267771
261878
251981
246124
253730
246573
253791
246400
251934
260174
267461
267877
259582
267805
259492
260298
251837
243648
244671
251470
244537
251363
251952
220694
222160
214391
214326
220651
222119
214531
228596
235895
227573
235479
228463
236031
227683
220102
212378
219443
211406
220029
212417
219524
230531
237350
229838
235933
229913
236070
230589
220697
214276
222032
214755
222098
214708
220584
228712
235609
236234
227884
236164
227789
228798
220169
211507
212567
219664
212532
219603
220189
483326
480312
471797
468901
483503
480203
471616
496204
510703
498553
511312
496450
510701
498320
485124
473780
487201
475023
485372
473519
486927
494101
504269
490565
505884
490699
505849
493961
483176
468800
479981
471330
480098
471467
483036
495973
511150
510389
497959
510463
498124
495765
484929
474773
473122
486531
473306
486712
484756
438924
436358
428337
425603
439109
436278
428146
451634
462924
453282
464036
451920
462659
452945
440925
430534
442616
431551
441233
430205
442255
449511
457973
446862
460450
446982
460588
449330
438728
425498
436067
427752
436182
427956
438540
451379
463780
462254
452443
462438
452667
451164
440654
431238
429660
441725
429917
441958
440425
387895
397450
395124
385513
397639
395007
387743
409409
420069
411226
421136
409722
419720
410838
390052
399449
401251
391396
399747
389798
400931
407198
414947
404607
417241
404765
417460
406994
397250
385395
394697
387400
394858
387569
397045
409129
420817
419173
410299
419426
410541
408860
399170
391243
389431
400494
389586
400680
398904
357642
350723
359886
359785
348628
357586
350741
380759
373925
371666
371431
381873
380524
373001
352897
363926
362256
362184
354660
352923
363732
368910
375983
366682
378042
366737
378151
368821
359782
348765
357657
350901
357610
350828
359798
371320
381911
380316
372738
380397
372953
371164
362065
354560
352852
363485
352900
363665
361936
321625
315297
324266
324576
312656
321835
315651
343783
336510
334761
335005
345676
343934
336742
316863
326834
325690
326108
319040
317449
327708
333475
339927
331306
342230
331130
342099
333634
324824
312793
322266
316247
322090
316017
325026
335222
345642
344139
336564
344051
336663
335389
326465
319121
318262
327774
317928
327733
326726
288232
285156
279137
276264
288199
285106
278978
308416
300408
301636
310258
299999
308973
301726
291811
282993
293256
284211
291680
282648
293147
297621
303481
294359
307186
294316
306971
297672
288181
276180
285122
278529
285081
278740
288124
300667
310436
309690
301900
309405
301806
300775
291772
283938
281565
292985
282123
293074
291509
251795
251182
243450
243132
252075
251138
243274
262849
273466
265412
274872
263451
272806
264654
253174
244269
255273
244743
253774
243914
254677
260138
267614
259365
269108
259292
269298
260033
251617
243195
251248
243167
251168
243182
251563
262177
274241
271560
263194
272123
263831
261681
252696
244330
243459
253502
243629
254035
252410
218486
218773
210089
210460
218506
218808
209982
226454
235405
226820
235550
226629
235158
226559
217988
209581
218108
209168
218112
209414
217914
226649
235121
227050
234972
227004
234951
226620
218496
210512
218878
209915
218848
210018
218509
226333
235255
234912
226194
234990
226355
226251
217917
209120
209207
217676
209410
217775
217866
487440
487444
475867
475534
487664
487173
475628
497447
511563
496908
509965
497592
511555
496831
486171
474766
485113
473254
486326
474602
485055
498633
511935
497846
510922
498044
510990
498476
487267
475292
486778
475291
486961
475438
487126
497300
509749
511326
496653
511354
496728
497160
486052
473199
474379
484934
474478
484987
485944
442913
443282
432592
432300
443173
442944
432342
452817
463918
451495
462281
452978
463757
451406
442216
431873
440935
430388
442389
431690
440823
453377
464401
453165
464298
453353
464429
453256
442726
432039
442493
432038
442680
432182
442622
452706
462232
463552
451266
463642
451338
452628
442076
430253
431428
440647
431545
440733
441998
392453
402000
402166
392321
402186
401935
392265
411134
421541
409971
419975
411332
421343
409812
391365
401104
399912
389807
401292
391187
399697
411734
421730
411474
421766
411581
421892
411618
401842
392205
401704
391879
401802
392077
401687
410972
419852
421053
409459
421174
409629
410832
400931
389612
390821
399309
391010
399498
400762
363954
354514
363870
363821
354902
363987
354511
381484
370578
371808
371723
379985
381345
370341
353235
361065
362445
362359
351663
353152
360842
373093
382710
373178
382297
373314
382543
372888
363717
354926
363974
354253
364054
354416
363546
371612
379772
381043
369886
381199
370109
371474
362246
351478
352889
360370
353033
360600
362100
327536
318345
326989
327227
319475
328120
318506
344256
333860
335385
335305
342596
344177
333721
317675
324972
326590
326474
315995
317585
324887
336199
345918
336686
345123
336817
345285
336096
327283
319373
327958
318565
328014
318563
327281
335115
342423
343907
333413
344046
333567
334959
326350
315941
317432
324590
317509
324735
326236
292032
293181
283036
283958
292133
293010
282959
308735
299662
298059
307029
299675
308710
298084
290671
281629
289061
280123
290722
281603
289051
300943
310596
301808
309865
301762
309852
300997
292003
283822
292883
282845
292923
282895
292009
299677
307035
308690
298174
308696
298117
299732
290686
280140
281599
289173
281588
289096
290722
254964
255789
245563
245178
255303
255268
245183
263392
272659
262181
271162
263446
272591
262134
254137
244873
253241
243837
254299
244549
253138
264201
274503
263887
273525
264517
273716
263783
254518
244705
254179
244306
254691
244701
254098
263276
271126
272420
261932
272504
262066
262996
253826
243485
243785
252606
244177
252895
253468
217200
217688
208401
208489
217416
217473
208107
225490
235301
225223
234271
225709
234979
224981
216484
207815
216219
207005
216679
207450
216001
225902
235392
225892
234962
226096
235228
225680
216980
208401
217102
207732
217275
208026
216797
225279
233980
234413
224594
234681
224788
225068
216292
206945
207085
215660
207388
215825
216113
478883
481592
467818
470513
478808
481582
467881
485038
496437
480340
490536
484987
496682
480560
473826
464796
470295
460679
473738
464892
470494
490354
506671
492673
503238
492703
503172
490414
478944
470485
481515
467953
481557
467926
479016
485078
490786
497049
480917
496815
480689
485125
473899
460814
465038
470790
464976
470630
473954
436858
439036
427047
428796
436885
438979
426984
445656
453851
442882
451706
445688
453925
443020
434725
426190
433443
424040
434722
426125
433456
447161
459806
449314
457287
449390
457280
447152
436824
428690
438802
426870
438907
426924
436787
445628
451767
454006
442994
453975
443018
445636
434715
424053
425918
433335
426020
433355
434700
396188
398220
386698
388193
396325
398012
386480
405157
414165
402628
412274
405190
414151
402636
394112
385725
392520
383425
394157
385629
392495
406412
418184
407943
416241
408102
416283
406300
396048
387988
397684
386153
397834
386291
395925
405106
412294
414077
402563
414118
402582
405056
394017
383384
385460
392365
385525
392424
393900
359333
357281
348349
349961
357518
359100
348122
366329
374801
365108
373837
366504
374643
365106
355605
347391
355409
346191
355824
347186
355314
366811
378005
368283
376126
368469
376276
366666
357062
349736
358646
347723
358861
347906
356880
366189
373803
374372
365052
374495
365081
366128
355435
346164
347005
355275
347049
355277
355321
323213
321182
312615
314256
321325
323078
312581
328931
336905
327412
335940
329050
336718
327291
319234
311411
318488
309747
319377
311374
318392
330050
340587
331664
338396
331836
338602
329874
321029
314195
322800
312421
322940
312520
320868
328794
335893
336364
327135
336532
327201
328662
319080
309701
311244
318187
311313
318321
318915
285647
287379
277062
278571
285616
287373
277053
293387
301369
291450
300194
293321
301364
291442
283786
275968
282759
274354
283755
276036
282782
294709
305252
296442
303257
296395
303343
294687
285709
278605
287525
277202
287433
277117
285772
293373
300198
301146
291527
301282
291538
293332
283830
274551
276239
282918
276137
282919
283843
250781
252008
242239
242985
250811
251952
242192
258590
266299
257089
265326
258603
266245
257057
249375
241730
248983
240635
249401
241770
248921
259527
269637
260736
268129
260784
268087
259494
250728
242706
251602
241766
251813
242020
250621
258614
265474
266324
257296
266253
257209
258697
249362
240698
241651
248957
241775
248982
249338
214912
215481
206333
206307
215245
215208
205976
223976
231927
223344
231622
224068
231829
223208
214176
207232
214973
206324
214453
206878
214803
223767
233148
223876
232416
224055
232688
223600
214662
206219
214804
205687
214969
205944
214487
223918
231638
231515
223032
231677
223186
223798
213895
206362
206405
214578
206782
214719
213643
469141
466372
460421
455716
469007
466527
460422
484612
498719
488788
500986
484760
498651
488701
473755
462860
477462
465870
473836
462771
477344
481332
489078
476028
491613
475835
491130
481337
469259
455912
466888
460117
466772
460292
469272
484507
500972
499033
488635
498633
488657
484468
473685
465724
462564
477233
462652
477238
473656
426466
423593
417731
412995
426583
423507
417638
441233
451802
444065
454805
441266
451733
443999
430194
419931
433124
422641
430233
419868
433070
438820
444473
434189
447258
434194
447299
438682
426365
412980
423310
417357
423373
417487
426294
441143
454719
451499
443877
451614
443933
441014
430115
422571
419687
432951
419788
433012
430014
384245
381342
377936
373887
384273
381517
377994
398825
408825
401915
411887
398973
408696
401803
388636
379956
391868
382555
388770
379873
391718
395976
400199
391119
403914
391066
403921
395857
384273
374016
381845
377961
381734
378005
384426
398715
411774
408473
401572
408580
401686
398614
388534
382463
379840
391494
379843
391589
388469
349551
348429
342822
340286
349659
348382
342857
362225
370577
364474
373143
362278
370438
364449
352957
344422
355586
346869
353127
344317
355560
360595
364645
357161
366710
357190
366627
360482
349511
340279
348395
342807
348401
342855
349663
362162
373087
370393
364389
370397
364408
362111
352831
346781
344248
355406
344261
355481
352797
314329
314994
308806
307832
314169
315045
308986
325896
334548
328400
337495
325848
334484
328415
316496
308309
319130
310410
316358
308567
319201
324712
330017
322554
331201
322570
330934
324715
314445
307960
314959
309113
315137
309095
314676
325918
337412
334518
328471
334438
328439
325939
316668
310470
308991
319314
308839
319256
316834
284380
286264
278602
278512
284380
286188
278658
292677
299889
292715
301275
292580
300016
292897
284326
276717
284271
276185
284260
276793
284383
293935
299915
293273
299158
293273
299081
293812
284328
278510
285986
278402
286128
278559
284247
292774
301472
300344
293232
300149
293073
292851
284441
276334
276844
284664
276825
284499
284511
251592
253645
246647
246098
251716
253628
246549
260444
267947
259673
267655
260405
268023
259761
252058
244737
251570
243962
252034
244709
251657
261783
268855
261329
267651
261275
267678
261679
251642
246066
253532
246212
253606
246399
251669
260423
267739
268072
259861
268050
259814
260377
252088
243952
244599
251699
244659
251682
252075
220158
221988
214890
214053
220332
221798
214778
228837
236205
227951
235839
228852
236139
227952
220112
212722
219701
211612
220157
212706
219705
230321
237000
229665
235677
229665
235548
230152
220067
213954
221546
214348
221688
214590
220149
228692
235815
236121
227848
236153
227940
228583
220034
211475
212289
219629
212493
219705
219991
482703
479867
471197
468406
482875
479790
471069
495348
510062
497772
510740
495541
509924
497595
484389
472951
486341
474214
484569
472797
486156
493587
503760
490170
505839
490125
505461
493515
482600
468305
479721
470907
479725
470960
482598
495191
510518
509808
497360
509655
497437
495145
484268
474082
472646
485998
472683
486021
484257
438205
435930
427560
425130
438357
435791
427400
450800
462089
452257
463256
450975
461939
452096
440077
429460
441532
430646
440228
429285
441368
448895
457487
446418
460069
446477
460087
448894
438115
425058
435666
427257
435701
427301
438107
450694
463141
461823
451993
461840
451997
450711
440035
430634
429227
441351
429224
441331
440041
396754
394564
387278
384955
396871
394445
387192
408436
418952
410120
420225
408617
418765
410011
398578
389307
400348
390822
398685
389216
400253
406528
414471
404148
416807
404285
416788
406438
396665
384831
394213
386995
394328
387107
396542
408360
420230
418635
409977
418662
409979
408382
398544
390718
388976
400141
389121
400202
398497
359809
357691
350927
348994
359811
357704
350933
370891
380226
372543
381589
371016
380113
372386
361756
352816
363322
354124
361838
352765
363176
368704
375543
366568
377751
366580
377833
368652
359804
348952
357664
350892
357681
350913
359778
370772
381465
379805
372093
379970
372265
370633
361698
353990
352650
362969
352702
363072
361642
325211
322329
316356
313085
325159
322312
316336
335462
344144
336470
345281
335473
344067
336365
326975
318429
327771
319180
326899
318464
327729
333736
340188
331250
342282
331321
342337
333651
325186
313119
322228
316159
322255
316239
325113
335340
345125
343922
336146
343976
336213
335268
326936
319141
318330
327521
318405
327612
326851
288102
285235
278472
276596
288095
285425
278531
300505
309797
301923
310691
300725
309761
301848
290815
281184
292812
282700
291139
280943
292605
297519
303869
294791
307006
294697
307044
297518
288122
276815
285807
278706
285641
278596
288157
300287
310670
309583
301640
309674
301729
300165
290649
282467
280804
292326
280818
292408
290623
251666
251315
243156
243337
251609
251379
243163
261422
271262
262866
272651
261454
271142
262710
252279
243389
253230
243746
252297
243333
253142
260243
268102
259832
269460
259656
269336
260374
251744
243340
251514
243255
251450
243200
251818
261423
272536
271105
262586
271095
262641
261450
252309
243698
243353
253060
243319
253096
252325
218527
218904
209942
210421
218528
218902
209849
226096
234873
226082
234903
226174
234855
225999
217770
209155
217590
208632
217826
209019
217490
226606
235330
227012
234997
227103
235004
226551
218482
210338
218756
209554
218864
209724
218382
226056
234868
234865
225966
234863
225972
226043
217683
208441
208671
217334
208866
217403
217595
486890
486587
475179
474787
486995
486402
475064
496922
511179
496609
509313
497017
511154
496556
485729
474288
484895
473034
485829
474176
484844
498029
511243
497252
510649
497272
510332
497972
486780
474646
486266
474901
486276
474961
486737
496834
509206
511302
496608
511048
496587
496820
485682
473045
474102
484968
474125
484888
485693
442464
442369
431966
431658
442531
442277
431899
452416
463467
451209
462070
452523
463360
451169
441820
431322
440589
430023
441909
431251
440536
453020
463853
452804
464009
452826
464031
453012
442448
431633
442234
431901
442221
431878
442454
452367
462074
463325
451135
463319
451143
452381
441794
429953
431227
440473
431228
440496
441803
401380
401580
391680
391681
401529
401438
391525
410594
420958
409307
419495
410706
420887
409180
400468
390641
399141
389184
400601
390529
399034
411347
421446
411208
421601
411258
421605
411301
401272
391568
401215
391323
401326
391420
401188
410499
419422
420801
409020
420840
409092
410416
400387
389103
390393
398922
390466
398977
400333
363216
363832
354106
354541
363367
363663
353997
371233
380897
369712
379307
371342
380791
369598
361844
352756
360200
350981
361956
352645
360086
372375
382106
372612
381684
372762
381819
372235
363091
354376
363400
353837
363535
353896
362981
371132
379204
380589
369482
380701
369530
371037
361771
350890
352543
360027
352570
360034
361724
327272
327902
318545
319185
327272
327857
318551
334781
343799
333283
341967
334866
343701
333174
326118
317373
324472
315746
326159
317355
324402
335888
345403
336311
344825
336385
344883
335809
327234
319136
327641
318518
327751
318549
327137
334710
341882
343587
333055
343622
333095
334666
326075
315721
317335
324318
317349
324348
326013
292019
292829
282791
283243
292022
292748
282702
299782
308686
298204
306993
299765
308690
298212
290786
281615
289227
280235
290754
281593
289261
301018
310591
301682
309913
301727
309922
301000
291997
283068
292634
282613
292660
282616
292011
299785
306992
308699
298233
308700
298219
299786
290811
280241
281591
289341
281566
289290
290858
253627
253856
244066
243992
253795
253677
243956
262557
272323
261751
271023
262706
272224
261629
253072
243559
252408
242888
253209
243462
252309
263169
273223
263144
272989
263206
272991
263104
253534
243938
253504
243861
253575
243907
253457
262487
271003
272173
261589
272162
261598
262444
253007
242866
243376
252212
243429
252257
252947
216579
216985
207705
207820
216685
216874
207460
224800
234236
224468
233515
224920
234137
224369
215868
207060
215550
206403
215986
206769
215447
225339
234786
225582
234556
225602
234601
225302
216515
207668
216735
207110
216796
207311
216467
224724
233485
234048
224273
234085
224313
224687
215774
206244
206493
215320
206639
215366
215725
479107
481501
467959
470399
479009
481495
467987
485355
497233
481139
491814
485217
497489
481466
474129
465056
470943
461291
474027
465116
471122
490588
506685
492554
503220
492562
502990
490668
479191
470408
481570
468045
481537
468011
479280
485500
492022
498138
481628
497793
481627
485581
474234
461325
465162
471165
465129
471177
474309
436721
438742
426806
428453
436732
438722
426780
445635
454003
442880
451944
445638
454050
442924
434646
425869
433233
423834
434678
425833
433251
447107
459704
449204
457304
449207
457292
447131
436699
428358
438649
426717
438669
426751
436711
445522
451769
454114
442576
454062
442689
445485
434625
423472
425638
432898
425732
432960
434617
395753
397575
386060
387619
395826
397513
385986
404940
414030
402496
412255
405000
413984
402473
393735
385434
392313
383330
393807
385418
392261
406055
417723
407582
416028
407637
416066
406019
395700
387564
397384
385909
397459
385938
395652
404865
412191
413920
402232
413947
402399
404792
393706
383288
385297
392132
385386
392202
393678
356702
358480
347605
349251
356757
358375
347564
366217
374262
365044
373732
366161
374190
365023
355261
347055
355331
346531
355254
347180
355401
366564
377493
367941
375940
367959
375933
366587
356715
349204
358381
347604
358358
347577
356755
366222
373672
374200
364847
374173
364944
366168
355332
346526
347316
355471
347288
355432
355420
320586
322662
312291
313952
320714
322548
312175
328585
336247
327168
336003
328589
336230
327209
318660
311199
318109
309508
318755
311197
318026
329522
339991
331241
338146
331275
338101
329499
320530
313897
322468
312090
322484
312101
320551
328640
336091
336442
327290
336311
327304
328734
318666
309557
311199
317997
311210
318033
318756
285794
287570
277235
278738
285793
287590
277241
293452
300922
291698
300273
293324
300884
291908
283901
276321
283047
274803
283857
276392
283149
294679
305062
296459
303175
296428
303091
294712
285833
278753
287663
277274
287615
277247
285897
293595
300422
301136
292062
300981
292098
293677
283984
275058
276529
283394
276479
283360
284066
250388
251441
241631
242204
250461
251368
241560
258911
266388
257496
265846
258804
266445
257521
249254
241591
248966
240419
249307
241576
248918
259500
269635
260582
268292
260585
268251
259526
250362
242162
251300
241493
251336
241523
250343
258957
265911
266561
257480
266501
257529
258971
249237
240385
241498
248884
241564
248920
249203
214314
214704
205768
205704
214417
214585
205511
223726
231363
222982
231504
223753
231288
222912
213475
206452
214492
205848
213546
206288
214455
223428
232680
223626
232219
223649
232234
223393
214257
205598
214473
205135
214500
205396
214254
223726
231470
231296
222914
231295
222886
223644
213517
205768
206183
214493
206288
214470
213605
)
;

boundaryField
{
    inlet
    {
        type            zeroGradient;
    }
    outlet
    {
        type            fixedValue;
        value           uniform 0;
    }
    seabed
    {
        type            zeroGradient;
    }
    top
    {
        type            zeroGradient;
    }
    side1
    {
        type            zeroGradient;
    }
    side2
    {
        type            zeroGradient;
    }
    submarine
    {
        type            zeroGradient;
    }
}


// ************************************************************************* //
