/*--------------------------------*- C++ -*----------------------------------*\
  =========                 |
  \\      /  F ield         | OpenFOAM: The Open Source CFD Toolbox
   \\    /   O peration     | Website:  https://openfoam.org
    \\  /    A nd           | Version:  10
     \\/     M anipulation  |
\*---------------------------------------------------------------------------*/
FoamFile
{
    format      ascii;
    class       volScalarField;
    location    "1.1";
    object      p;
}
// * * * * * * * * * * * * * * * * * * * * * * * * * * * * * * * * * * * * * //

dimensions      [0 2 -2 0 0 0 0];

internalField   nonuniform List<scalar> 
12920
(
1.65373e+06
1.60869e+06
1.38174e+06
1.28747e+06
1.12702e+06
1.05455e+06
936971
872138
778470
711735
631366
564796
491536
423891
354129
287315
219249
156046
91481.2
29061.5
1.68477e+06
1.5871e+06
1.35705e+06
1.27465e+06
1.11823e+06
1.04673e+06
932606
869176
775449
709871
629752
563675
490533
423021
353283
286849
218294
154558
91368.4
29809.7
1.81302e+06
1.5486e+06
1.30135e+06
1.23533e+06
1.08757e+06
1.0228e+06
917489
857163
766769
703602
626008
561839
490150
423134
353015
286782
217835
153207
90253.9
30943.2
1.37665e+06
1.37939e+06
1.23061e+06
1.18694e+06
1.06578e+06
1.004e+06
908268
845979
762416
697971
623381
559662
489181
422258
352917
286531
216778
152155
88282.8
29753.8
1.19144e+06
1.26414e+06
1.15221e+06
1.11903e+06
1.02147e+06
969042
885468
826963
750096
688446
617216
555266
485062
419887
351790
285629
216010
151701
87589.1
29392
822279
1.10257e+06
1.06256e+06
1.05534e+06
984992
944077
873268
811396
742612
681374
613560
548709
481032
415384
348767
283558
215856
151517
88062.1
29019.9
941904
1.11882e+06
1.05574e+06
1.02757e+06
965096
923858
855220
800787
731307
672697
605347
542011
474241
410073
344739
281919
215207
151580
88119.7
29282.2
979400
1.07037e+06
999287
1.01247e+06
945777
907657
865884
807095
742773
681219
617569
551284
486171
422652
343166
279742
214293
151245
88118.5
29544.8
1.24657e+06
1.15469e+06
1.0326e+06
1.0127e+06
939589
913489
862320
805418
741741
681202
618840
554457
490178
427440
357913
279149
212611
150698
87990
29893
1.15183e+06
1.09709e+06
982157
991423
923137
896441
851088
794028
735139
674250
612818
550565
487061
425963
356437
278856
211406
150014
87175.6
29576.4
1.15632e+06
1.06211e+06
972441
984328
906951
882986
839051
784395
727466
669045
608891
547512
484382
424656
356216
277422
210084
149054
86545.5
29664.8
1.16273e+06
1.0957e+06
971294
991059
911310
878255
832146
776720
721544
664939
606103
544999
482568
424521
354564
274832
207978
147433
85713.8
29623
1.14558e+06
1.02297e+06
928836
947623
882490
852932
811664
764087
708586
651319
593454
534415
472947
413134
335089
273027
206804
145782
85641.4
29758.1
984079
1.00212e+06
951865
946739
885942
852935
794610
748970
687939
635569
572184
514702
451141
392260
328460
270764
206871
146432
87067.2
30498.1
863899
940807
899327
914780
860424
841624
787413
744397
685505
633774
570583
512954
449113
389246
326381
268335
205544
146256
87388
31158.9
497758
869556
893156
943337
898964
860963
800752
753707
688055
637687
570788
513959
448431
389578
326407
267335
203592
144518
86652.9
32451.6
765462
994870
944069
967419
899643
865030
799986
753965
687408
637310
569506
513595
448319
389329
325574
266325
202536
144236
87074.2
31598.6
1.08586e+06
1.18016e+06
1.08036e+06
1.03557e+06
954373
898806
823412
768406
694571
640407
571406
514784
448045
389224
324411
265789
202043
144985
86330.1
30458.2
1.70384e+06
1.44196e+06
1.17736e+06
1.08615e+06
958585
902919
819920
768832
694959
642394
573095
517934
449633
391197
324334
266133
200268
143794
84931.5
29964.7
1.86197e+06
1.54175e+06
1.25429e+06
1.13097e+06
993495
920030
829414
774677
697853
645522
574880
520848
451247
392801
324145
265879
199370
143152
84426.4
29892.8
1.65139e+06
1.61064e+06
1.37808e+06
1.2865e+06
1.12691e+06
1.05436e+06
937111
872135
778422
711655
631244
564719
491385
423735
353911
287149
219347
155909
91375.3
29250.1
1.67117e+06
1.5765e+06
1.36187e+06
1.27243e+06
1.11789e+06
1.04606e+06
932847
869029
775639
709727
629838
563482
490459
422805
352977
286461
218097
154436
91034.2
30326.5
1.86423e+06
1.55628e+06
1.2958e+06
1.23473e+06
1.08623e+06
1.02206e+06
917763
857125
767221
703750
626234
561688
490121
423179
353130
286793
217540
153239
90282.2
30868.1
1.31187e+06
1.34933e+06
1.22736e+06
1.18467e+06
1.0642e+06
1.00324e+06
907886
845826
762479
698223
623580
560161
488741
421861
352912
286562
216841
152167
88264.1
29695.5
1.07551e+06
1.26075e+06
1.14812e+06
1.11847e+06
1.02056e+06
969210
885662
826313
749862
688426
617149
555240
484934
419824
351820
285625
216002
151690
87530.6
29441.6
828576
1.11933e+06
1.05859e+06
1.05597e+06
984889
944081
873413
811264
743012
680919
613273
548814
480739
415171
348610
283497
215835
151508
88068.4
29053.1
959108
1.13076e+06
1.05288e+06
1.02781e+06
965490
923774
854799
801127
731356
672644
605312
541925
474241
410003
344701
281818
215195
151565
88130.2
29319.7
994443
1.07979e+06
998879
1.01329e+06
946839
907542
866975
807109
743013
681286
617769
551603
485983
422774
343140
279669
214255
151191
88121
29574.3
1.20249e+06
1.129e+06
1.03433e+06
1.01472e+06
939097
913479
862460
805027
741842
681044
618806
554484
490335
427549
357814
279031
212567
150684
87962.2
29907.6
1.16324e+06
1.10187e+06
985013
994421
923421
896009
850759
793865
734523
673848
612823
550726
487248
425442
356419
278673
211328
149984
87074.8
29644.7
1.18674e+06
1.04112e+06
968387
985872
906057
883645
838874
784503
727520
668684
609019
547661
484633
424477
356224
277270
209952
149002
86521.2
29761.2
1.07866e+06
1.06499e+06
971754
994442
910293
878304
831913
776978
721561
664717
606230
544413
482763
424688
354323
274870
207888
147368
85713.4
29712.2
1.1766e+06
1.02666e+06
927206
953515
880465
852596
811466
763725
708463
652077
592914
533877
473272
413208
334899
272712
206721
145779
85736.5
29830.8
1.13089e+06
1.02979e+06
950935
946818
886899
852625
794539
748819
688110
635590
572449
514692
451257
392239
328760
270472
206727
146419
87115.5
30512.7
1.03207e+06
954503
906290
913614
860707
841652
786073
744335
685333
633829
570604
512878
449044
389443
326759
268360
205247
145950
87630.9
31189.1
634878
878027
897189
944083
896222
862412
799063
754717
687175
637839
569907
514059
447911
389628
326357
267339
203522
144497
86538.7
32276.8
798257
994026
953017
968090
899460
865605
799126
754353
687102
637592
568908
513755
447510
389293
325345
266281
202400
144339
86996.1
31508.6
1.10695e+06
1.17186e+06
1.07406e+06
1.03388e+06
955461
901321
822312
769152
693210
641477
570989
515335
447702
389371
324076
265938
201684
144815
86177.3
30426.5
1.63429e+06
1.43348e+06
1.17359e+06
1.08617e+06
957438
904741
818831
769901
694170
643507
572775
518058
449344
390945
323904
265900
199968
143661
84915
29970.9
1.78441e+06
1.51502e+06
1.24892e+06
1.13096e+06
990630
920131
828699
775298
697485
646389
574638
520626
451134
392836
324045
265789
199358
143176
84455.2
29891.6
1.65162e+06
1.61942e+06
1.37708e+06
1.28593e+06
1.12745e+06
1.05406e+06
937453
872176
778453
711724
631309
564716
491262
423635
353788
287033
219289
155790
91117.2
29761.4
1.63576e+06
1.55925e+06
1.36004e+06
1.27045e+06
1.11828e+06
1.04521e+06
933532
868415
775793
709624
629880
563409
490562
423006
353085
286419
217929
154304
90932.4
30745.1
1.75222e+06
1.5404e+06
1.29756e+06
1.23321e+06
1.08701e+06
1.02149e+06
918514
856710
767633
703844
626406
561736
490019
423214
353146
286719
217132
153379
90287
30679.7
1.28328e+06
1.35205e+06
1.22883e+06
1.18452e+06
1.06318e+06
1.00275e+06
907808
845461
762849
698983
623961
560596
488350
421740
353230
286471
216799
152221
88221.9
29616.8
1.11809e+06
1.24642e+06
1.14499e+06
1.11754e+06
1.02009e+06
969630
885605
826183
749832
688519
617059
555059
484667
419803
351907
285620
215974
151682
87498.2
29470.4
907361
1.14417e+06
1.0579e+06
1.05624e+06
985228
944386
873535
811063
743245
680565
613023
548636
480406
414834
348413
283447
215834
151510
88075.5
29077.6
988765
1.14061e+06
1.0491e+06
1.02934e+06
965911
923332
855087
801131
731269
672519
605263
541776
474271
409931
344684
281732
215206
151578
88148
29343.3
1.03172e+06
1.08436e+06
995680
1.01281e+06
947687
907310
867184
807252
742480
681216
617660
551762
486336
423000
343075
279470
214229
151218
88132
29589.8
1.30368e+06
1.15526e+06
1.03623e+06
1.01838e+06
938619
913318
861854
804653
741950
681173
618761
554765
490295
427775
357703
278707
212448
150623
87941
29938.5
1.15698e+06
1.06921e+06
982210
996076
923697
895572
851506
793607
733502
673892
613467
551119
487624
425399
355907
278244
210995
149688
87031.6
29659.9
1.12253e+06
1.06247e+06
964594
986659
905929
884617
838825
784244
727323
666675
609480
547301
485555
424300
355736
276954
209575
148710
86483
29768.2
1.25277e+06
1.07766e+06
981256
999168
908709
878327
831678
777237
721577
664437
605979
544515
483341
424460
354066
274632
207738
147266
85706.8
29732.4
1.12588e+06
1.03965e+06
926018
957692
878602
851744
810346
763038
708152
652312
593142
533821
473489
413030
334322
272479
206631
145792
85722.4
29804.2
1.16659e+06
1.03359e+06
948949
949378
887547
852971
794095
748963
687954
635428
572800
514767
451356
392122
329197
270441
206109
146352
87080.6
30469.6
1.03295e+06
965104
907479
914133
862216
841741
783919
744293
684538
633956
570883
513360
449414
390359
327018
268599
204847
145756
87348.7
30977.5
614208
889945
899805
945001
894237
863472
798087
754694
686579
637966
569560
514524
447526
389562
325724
267252
203301
144603
86643.4
31825.3
891134
1.03908e+06
953704
968383
899024
866777
798715
754161
687246
637653
569404
514389
446769
389066
324682
266208
202021
144414
86698.6
31134.8
1.22303e+06
1.17193e+06
1.08192e+06
1.03665e+06
958432
904194
821003
768908
693816
642097
571257
516014
447357
389372
323357
265783
201103
144569
85964
30319.4
1.59106e+06
1.40072e+06
1.17163e+06
1.08781e+06
957922
904810
819348
769412
694351
643994
572940
518193
449217
390812
323803
265570
199582
143479
84861.1
29953.1
1.5696e+06
1.47139e+06
1.24697e+06
1.13189e+06
987333
920511
827922
775867
697013
646722
574638
520426
451342
392909
324008
265663
199273
143157
84455.6
29889.2
1.74244e+06
1.64284e+06
1.37832e+06
1.28563e+06
1.12748e+06
1.05357e+06
938016
871922
778460
711621
631401
564696
491243
423638
353448
286923
219253
155668
91050.8
29908.9
1.69853e+06
1.56861e+06
1.35991e+06
1.27031e+06
1.11832e+06
1.04519e+06
934118
868011
775718
709808
629709
563322
490375
422857
352945
286237
217876
154105
90819.5
30921.5
1.6791e+06
1.54768e+06
1.2933e+06
1.23231e+06
1.08703e+06
1.02241e+06
919298
856685
767588
704096
626327
561555
489650
422991
353137
286581
217131
153445
90236
30485.4
1.18977e+06
1.34557e+06
1.22621e+06
1.18136e+06
1.06166e+06
1.00333e+06
907917
845143
763052
699553
623941
560189
488154
421672
353499
286331
216751
152279
88219.6
29519.7
888924
1.24787e+06
1.1373e+06
1.11667e+06
1.01991e+06
969968
885522
826371
750165
688757
616964
555110
484641
419806
351885
285620
215960
151680
87486.1
29454.9
929675
1.1673e+06
1.05631e+06
1.05766e+06
985805
944409
873346
811179
743199
680389
612838
548178
480231
414577
348294
283444
215806
151528
88072.2
29068.8
1.00306e+06
1.14824e+06
1.04944e+06
1.03081e+06
966322
922711
855474
801317
731235
672369
605096
541887
474337
409957
344690
281706
215189
151648
88160.2
29305.9
1.01188e+06
1.08437e+06
997645
1.01358e+06
948738
907490
866470
808019
742206
680920
617799
552316
486814
423111
342912
279341
214135
151155
88134.2
29502.4
1.47643e+06
1.16158e+06
1.0389e+06
1.01975e+06
938368
912628
861395
804275
742770
681613
619031
554999
490444
427943
357806
278417
212341
150542
87806.5
29651.8
984526
1.05858e+06
975213
997226
924055
896089
850013
792979
733432
674606
614144
551070
487753
425716
355762
277551
210706
149350
86973.1
29259.9
1.06216e+06
1.04371e+06
964215
984866
906312
885109
838565
783961
726389
668964
610087
547190
485946
424348
355325
276301
209185
148328
86366.1
29265.7
1.2067e+06
1.09241e+06
977544
1.00478e+06
907161
877212
831508
777347
721276
663979
605456
544949
484188
424130
353728
274210
207562
147160
85614.7
29324.8
1.09614e+06
1.00991e+06
927476
956653
878254
850479
809170
761812
707745
652305
593370
534459
473477
412896
333772
272114
206420
145850
85596
29596.6
1.17285e+06
1.03763e+06
949158
954009
887986
854173
793200
749317
687556
635466
573040
515159
451470
392435
329033
270345
205609
146151
86897.3
30351.6
1.02127e+06
979036
910127
915649
864355
840679
783662
744936
683963
634105
570990
513837
449255
390369
326852
268706
204157
145428
87040.4
30743.2
627998
903049
907544
944057
894431
863721
798683
753746
686810
637566
569877
514771
447556
389413
325006
267304
202727
144637
86680
31099.6
1.08537e+06
1.06155e+06
962873
968339
899852
867275
798372
754070
687662
637527
570038
514764
447007
389186
324064
266132
201312
144296
86443.2
30729.6
1.27152e+06
1.17007e+06
1.0854e+06
1.04029e+06
958942
904898
820899
767989
694132
642112
571693
516384
447452
389462
323065
265490
200462
144222
85781.1
30228.8
1.36277e+06
1.3661e+06
1.16935e+06
1.08935e+06
959501
904409
819784
769699
693939
644646
572790
518151
449195
390737
323727
265306
199280
143353
84822.3
29936.7
1.57154e+06
1.44241e+06
1.25186e+06
1.1324e+06
984928
921096
827662
776078
697048
646730
574815
520469
451485
392918
323930
265527
199149
143115
84440.5
29884.9
1.76579e+06
1.64408e+06
1.38143e+06
1.28787e+06
1.12874e+06
1.05301e+06
938635
871584
778528
711479
631540
564663
491213
423574
353265
286857
219262
155610
91081.2
29778.7
1.65399e+06
1.56903e+06
1.35409e+06
1.27053e+06
1.11806e+06
1.0459e+06
934280
868114
775426
710404
629767
563626
490108
422777
352653
286143
217948
154109
90745.8
30907.9
1.67297e+06
1.54529e+06
1.2951e+06
1.23219e+06
1.08677e+06
1.0234e+06
918264
856968
767576
704743
626264
561813
489311
422846
352967
286330
217040
153503
90242.5
30447.7
1.38386e+06
1.36236e+06
1.22746e+06
1.18144e+06
1.06112e+06
1.0044e+06
907805
845404
762958
700301
623831
559632
488101
421730
353516
286264
216698
152346
88252.1
29435.5
925320
1.24604e+06
1.13434e+06
1.11723e+06
1.01997e+06
970186
885349
826626
749999
688967
617038
555454
484683
419779
351773
285600
215964
151685
87482
29405.8
1.09274e+06
1.17806e+06
1.05727e+06
1.05872e+06
985639
944575
872835
811863
743022
680537
612712
547919
480130
414374
348239
283447
215793
151554
88066.3
29051.8
1.03117e+06
1.15709e+06
1.04534e+06
1.03192e+06
966487
922739
855298
801883
731329
672421
605153
541990
474362
410060
344682
281742
215184
151718
88173.7
29269.2
1.03068e+06
1.07408e+06
998882
1.01414e+06
948643
907877
865714
808479
742583
680941
617835
552904
487143
423225
342858
279297
214111
150973
88144.9
29444.8
1.49903e+06
1.17152e+06
1.0394e+06
1.02123e+06
938411
912943
862053
804286
743189
681881
619733
555608
490892
427877
357906
278272
212434
150501
87717.1
29213.9
918377
1.04272e+06
974784
998343
924565
895743
849248
793041
734195
674886
614009
550996
487723
425630
355902
277333
210681
149184
86967.3
28752.7
1.08958e+06
1.04287e+06
964250
984503
905958
885701
838583
783883
726190
668763
609793
547539
486082
424364
355266
276012
209057
148038
86294.8
28685.1
1.34253e+06
1.09376e+06
976536
1.00679e+06
906481
876923
830675
777248
721024
663846
605187
545183
484801
423707
353726
274072
207511
147072
85713.2
28710.7
1.02895e+06
1.00496e+06
928200
956631
877204
850078
809312
761857
707372
652169
593684
534553
473201
412756
333619
272016
206010
146016
85505.5
29303.7
1.18558e+06
1.0455e+06
942393
957877
889097
855474
792973
749400
687389
635707
573049
515535
451533
392601
328629
269988
205313
146046
86788.9
30331.3
1.09691e+06
993462
906167
916837
864784
840663
785206
744546
684289
634075
570710
514018
449276
390638
326729
268478
203582
145119
86774.7
30633.6
524237
921429
904548
944639
896028
863683
799215
753585
687580
637085
570197
514797
447668
389573
324831
267400
202087
144346
86577.7
30707.2
1.13596e+06
1.07816e+06
962954
968404
899998
868004
798980
753907
687971
637296
570410
514985
447211
389290
323935
266178
200832
144011
86248.2
30519.9
1.3233e+06
1.17489e+06
1.09019e+06
1.04354e+06
958179
904286
820418
767748
694115
642239
571947
516501
447585
389510
323119
265261
200040
143948
85667.2
30215.4
1.36824e+06
1.34977e+06
1.16814e+06
1.08995e+06
959494
903978
819523
770099
693451
644999
572969
518266
449301
390745
323735
265163
199097
143281
84808.5
29948.8
1.44899e+06
1.42131e+06
1.24976e+06
1.13151e+06
984582
921220
827340
776001
697040
646988
574801
520938
451263
392701
323884
265453
199050
143081
84425.4
29886.2
628298
667295
625257
674418
628939
667830
625965
566857
610470
565619
614117
566903
611162
565481
624281
665304
621967
667103
624556
665101
621427
564704
606870
560509
609732
564404
606440
560487
819141
854900
810615
862430
819270
854915
810505
758089
796672
751921
805089
758114
796404
751650
695655
736879
690722
741778
695832
736622
690651
635045
675685
629364
681130
635025
675653
629246
570709
614335
566804
618809
570765
614169
567006
506606
551690
503443
554416
506604
551596
503555
443114
487910
441198
490273
443219
488003
441011
381549
426334
379214
427533
381518
426077
379431
807940
841875
800357
850431
808038
842049
800350
749897
786495
743504
793948
749469
786575
743366
689369
729041
685092
734747
689111
728929
684699
627843
670358
625226
673967
627921
669994
624835
565931
609707
563493
612722
566048
609685
563727
502813
548172
500629
550596
502982
548061
500897
440673
485028
439524
487234
440375
485305
439585
379119
424819
379166
425531
379342
424743
379141
798058
833788
791750
839063
798068
833844
791828
741639
778532
736885
784487
741590
778626
736903
683664
722902
679985
727437
683464
722934
679875
624303
665971
622122
668813
623984
665750
621960
562706
607279
560320
608872
562953
607106
560310
499788
545163
497898
547443
499991
545105
497977
439353
482920
439115
484538
439341
483025
439175
378776
424558
377854
424545
378820
424630
377882
789758
823831
784834
832173
789934
823878
784771
735410
772262
731583
776869
735357
772197
731562
678726
717557
674594
721533
678672
717493
674677
621404
660481
617025
664790
621142
660807
617050
559614
602593
557998
606271
559530
602223
557559
497324
542634
496986
544451
497377
542381
497087
438950
481206
437568
482696
439081
481514
437498
377346
422516
377553
424757
377322
422448
377644
819328
855136
810420
862162
819214
854962
810269
758138
796239
751463
804793
758197
796190
750703
695932
736456
690568
741842
696311
735612
690479
634967
675636
629259
681084
634894
675661
629497
570803
614213
567128
618726
570988
614635
567571
506595
551662
503585
554713
506547
552025
503764
443245
488006
440974
490322
443307
488242
440865
381508
426025
379398
427704
381455
425968
379086
808114
841870
800329
851694
807862
841852
800102
749278
786601
743616
793712
748632
786503
743600
688931
729056
684478
733748
688544
728963
684052
627991
669757
624728
673761
628197
669443
624943
566217
609696
563823
613218
566797
609992
563791
503007
548325
501039
551078
503150
548257
501240
440347
485452
439587
487541
440274
485841
439580
379280
424693
379074
425362
378828
424635
378851
798045
833520
791883
838905
797825
833356
792008
741661
778677
736944
784360
741735
778813
736908
683330
722965
679807
727558
682952
722936
679562
623952
665637
621922
668740
624191
665375
621961
563047
607056
560359
609283
562784
606971
560478
500113
545098
498106
547350
500514
545177
498633
439337
483081
439199
485368
439314
483382
439288
378770
424552
377847
424351
378616
424254
377703
790019
823666
784707
831779
790261
823252
784511
735436
772128
731544
777207
735542
771883
731495
678626
717436
674709
721625
678468
717246
674803
621080
660830
617149
664506
620995
660885
617552
559489
602242
557425
606083
559550
602606
557423
497501
542246
497068
544444
498050
542376
496888
439132
481584
437559
483099
439313
481512
437732
377276
422418
377564
424498
377161
422407
377217
819165
854625
810228
861429
818835
853558
809802
758303
796113
750441
804407
758781
795765
750200
696482
735397
690651
742560
696899
735764
691327
634887
675832
629619
681482
634981
676445
630105
571068
614799
567720
618902
571262
615045
567795
506571
552076
503848
554925
506628
552082
503951
443388
488295
440926
490360
443561
488387
441249
381456
426028
378950
427897
381414
426287
378802
807733
841697
799944
850437
807176
841598
799651
748410
786405
743308
793115
747950
786068
742466
688719
728701
683861
733269
689377
727954
684352
657480
658721
672376
674051
657369
658820
672531
597351
598353
612405
613678
597213
598529
612610
503219
548213
501317
551076
503312
548069
501508
440404
485956
439646
487750
440817
486151
439824
378649
424649
378773
425685
378515
424724
378492
797645
833222
792035
838709
797432
833342
792170
741612
778815
736845
784015
740922
778988
736674
682856
722816
679520
726546
682978
722578
679343
653046
652652
667456
665040
652794
649297
667560
592962
594313
608641
609286
592919
594453
608677
500670
545240
498804
547191
501066
545346
499300
439338
483679
439316
485862
439482
484375
439396
378568
424191
377612
424335
378257
423980
377331
790286
822769
784417
831731
790380
821776
784068
735495
771779
731451
777331
735306
771325
731107
678417
717152
674812
721366
678157
716866
674717
620954
660877
617615
664147
620409
660766
617610
559593
602707
557477
605571
559830
602683
557883
498235
542505
496913
544865
498788
542883
497114
439363
481485
437642
483952
439413
481934
437381
377095
422357
377094
424190
376808
422206
376753
818678
853203
809651
862106
818510
853069
809386
758953
795611
750367
804292
759324
795612
750959
697002
736047
691544
743125
697107
736684
691745
635135
676654
630174
681840
635615
676794
630352
571343
615108
567788
619554
571537
615099
567758
506683
552072
503967
555444
506865
552027
504010
443594
488378
441309
490723
443548
488366
441398
381452
426303
378867
427895
381538
426221
379050
807056
841427
799535
849457
806797
841263
799266
748043
785954
742315
792929
748492
785793
742138
689587
727874
684440
734139
689890
727782
684508
629166
669967
626215
674896
629302
670171
626548
566867
611463
563690
614074
566760
611360
563852
503328
548117
501547
551022
503340
548372
501750
440891
486201
439862
487710
440923
486408
439912
378591
424721
378454
425637
378736
424662
378313
797345
833242
792154
838593
797104
833024
791985
740783
779001
736640
783808
740487
778927
736388
683004
722520
679265
726170
683017
722284
679014
625012
664975
621262
668836
625182
664922
620749
562484
606293
560485
609927
562817
606037
560543
501058
545401
499513
547486
501313
545615
500049
439532
484661
439457
486104
439623
485331
439194
378227
424007
377286
424368
378057
423868
377155
790383
821428
784021
831052
790201
821049
783892
735241
771217
730945
777310
735011
771143
730515
678024
716762
674653
721062
677859
716432
674372
620268
660716
617617
663869
619758
660353
617507
559879
602706
558057
605204
559981
602730
558425
498975
542962
497213
545138
499473
543174
497231
439400
481988
437323
484771
438901
482074
436951
376745
422184
376671
423827
376648
421882
376290
818549
853072
809435
862118
818799
853509
809523
759295
795709
751013
804508
759099
795713
751003
697077
736710
691749
743151
696926
736560
691581
635753
676797
630363
681842
635690
676607
630358
571673
615074
567769
619684
571712
615061
567808
507041
552048
504061
555675
507187
552123
504175
443566
488466
441435
491114
443582
488614
441443
381651
426211
379204
427898
381787
426200
379362
806828
841190
799351
849330
806778
841326
799469
748578
785830
742167
793012
748597
785987
742349
689925
727922
684531
734167
689755
728021
684532
629297
670213
626460
674749
629239
670197
626076
566732
611210
563839
613866
566770
610810
563787
503341
548397
501772
551062
503390
548351
501689
440935
486405
439917
487807
440935
486299
439915
378885
424664
378457
425594
379012
424644
378531
797199
832814
791978
838669
797377
832462
791719
740451
778871
736322
784005
740614
778664
736181
683051
722256
678968
726390
683021
722124
678974
625053
664917
620646
668790
624688
664881
620553
562843
606012
560589
609483
562823
605859
560690
501335
545703
500088
547559
501266
545787
500141
439636
485262
439136
485967
439630
485154
439030
378181
423813
377248
424357
378225
423750
377282
790146
821086
784028
830442
789785
821287
784173
734926
771332
730553
776953
734684
771573
730783
677818
716472
674460
720802
677739
716496
674635
619676
660436
617504
663852
619511
660542
617454
559985
602744
558434
605070
560051
602602
558250
499574
543162
497188
545277
499611
543097
497383
438853
482111
436923
484778
438669
482145
436826
376697
421774
376237
423544
376670
421637
376180
642483
643627
627116
628441
642384
643695
627267
656781
670869
654225
666819
656511
671187
653960
641476
626125
640185
625388
641432
626233
640114
657647
674228
659079
672855
658945
672687
657769
642668
628693
643938
627895
643804
627578
642852
656956
666778
671418
654682
671343
654258
656897
641699
625864
627006
640913
626578
640534
641961
581945
582967
565941
566929
581845
582951
565898
596088
611236
595463
610536
596017
611343
595919
580269
564815
580487
566819
580300
564925
581705
597603
613905
598575
613213
598631
612947
597754
581931
566939
582945
565817
582929
565830
581881
596341
611233
612215
595945
611709
596543
596709
580360
566962
564761
580687
564919
581556
580570
638374
638650
623370
624062
638076
637585
623680
651974
666474
650878
665243
651923
666448
650864
637587
622770
636725
621838
637536
622751
636754
653294
664883
652726
667549
649700
667554
653055
638607
624439
638885
623464
637904
623667
638436
651986
665162
666265
650740
666368
650834
651846
637634
621630
622408
636409
622642
636698
637354
577154
579488
561775
566468
577140
581335
561746
591989
607715
591245
606758
592072
607588
591155
576545
561080
576045
560531
576610
561013
576005
592952
609758
594499
608367
595009
608613
592785
577148
566616
579351
561639
581643
561733
577093
591895
606591
607314
590965
607476
591062
591757
576469
560513
560919
575872
560955
575944
576382
839921
861977
833296
866485
839621
862204
833302
775073
803128
769221
807089
775160
802710
769258
711648
736700
706723
742909
711704
736771
706483
650226
677969
646179
681211
650239
677770
646204
584757
614222
580608
617693
584780
614206
580643
519568
548684
515684
551446
519557
548674
515665
454752
483977
451555
485972
454803
484127
451547
391859
420914
389458
422679
391881
420977
389471
881362
905590
874022
913472
881416
906088
874071
844376
847916
860663
862277
848042
860712
844315
787360
790323
802743
805412
790245
802701
787400
724268
725880
740343
741707
725901
740304
724260
663369
666033
679136
681194
666043
679133
663363
601106
603056
617293
618810
603015
617253
601114
537098
538564
553727
554409
538511
553723
537120
473329
474545
489867
490183
474498
489783
473349
411060
412074
427086
427533
412043
427231
411143
326401
356613
325274
357860
326370
356633
325282
866580
890815
859587
896993
867095
891294
859909
832834
836438
847307
850551
836512
847068
832840
776524
779270
791312
794036
779121
791305
776555
718070
719887
733053
735068
719860
732985
718157
657810
658936
673097
674168
658925
673045
657891
596374
597431
611508
612774
597401
611503
596389
533800
534541
549631
550468
534571
549620
533722
470500
471026
486386
487112
471143
486459
470362
410193
410420
425483
425808
410330
425414
410344
325207
356523
324844
356484
325290
356544
325122
855397
881607
851889
883300
855268
881975
851742
822905
825177
837939
839062
825165
838003
822925
768164
770010
782431
784436
770013
782446
768186
711432
712921
725891
727435
712895
725898
711425
653152
654284
668038
669006
654212
667931
653235
593053
593341
608209
608889
593432
608212
593086
530982
531698
546787
547424
531605
546635
531109
468737
468887
483714
484403
469051
483764
468647
409352
409466
424612
424630
409423
424591
409402
324389
355338
324268
356208
324529
355275
324230
850415
878007
844031
878613
850140
878461
844613
814837
816910
830086
832147
816942
830005
814856
761308
762907
774883
776763
762905
774951
761250
705765
707160
719994
721501
707129
719945
705793
649547
650688
663653
664908
650623
663626
649654
589424
590182
604737
606173
590218
604749
589400
528283
528881
544306
544735
528728
544208
528350
467567
467454
482214
482605
467590
482295
467476
409075
409031
424572
424622
409119
424628
409094
322411
353725
322255
354380
322367
353697
322189
789168
808497
785254
811734
789059
808616
785166
737930
760801
734561
763946
737821
760814
734668
679472
706151
677755
708553
679455
706205
677907
622945
650161
621030
651741
622945
649952
621071
563783
591081
561037
593134
563239
591114
561182
503363
531373
501861
534130
503464
531326
501824
442475
470751
440867
473085
442421
470505
440564
382989
410037
381388
413219
382969
410006
381241
839142
862348
832224
867267
839131
862583
831825
775161
802575
769393
807166
775209
802537
769510
711654
736946
706552
742864
711574
737069
706575
650299
677594
646029
681354
650384
677400
645650
584826
614142
580728
617710
584890
614057
580774
519586
548732
515704
551672
519580
548835
515756
454832
484214
451581
486115
454888
484229
451735
391903
420961
389504
422895
391909
420993
389543
881113
906227
873988
913975
880644
907170
873409
845461
848856
860787
862481
845183
849088
860806
786495
789529
802256
804933
786732
789338
802088
724399
726287
740375
741851
724367
726387
740321
663522
665831
679252
681051
663481
665775
679327
601048
602992
617106
618757
601020
602980
617156
537174
538512
553845
554560
537119
538529
553954
473212
474504
489774
490368
473181
474505
489847
410974
411953
427317
427563
411022
411936
427358
326286
356504
325230
357744
326143
356192
325074
866690
890861
859560
896140
866844
891382
859735
833492
837304
847347
851328
833310
837274
847636
776617
778745
791356
793839
776573
778718
791355
717315
719288
732441
734283
717560
718990
732264
657163
658683
672403
673719
657350
658561
672187
596631
597574
611645
612958
596493
597756
611792
534140
534771
549943
550890
534048
534865
550097
470726
471273
486688
487247
470713
471259
486692
409750
410078
425128
425387
409855
409991
425068
325175
356483
325009
356192
324973
356275
324721
855030
881689
851372
884925
854749
882269
850671
822717
825083
837753
838925
822762
825088
837647
768168
770074
782475
784478
768183
770065
782463
711299
712945
725836
727677
711349
712805
725821
652684
653951
667649
668351
652771
653783
667525
593083
593637
608324
609097
592976
593725
608433
530979
531715
546884
547620
530944
531733
546854
469127
469463
484075
484952
468999
469609
484205
408976
409219
424397
424422
409056
409177
424274
324518
355220
324203
355994
324277
355085
324065
849963
878094
844723
878564
849801
877990
844705
814699
816916
829648
831937
814725
816925
829631
761606
763073
775150
777077
761524
763163
775224
705783
707130
720017
721615
705763
707139
720056
649231
650321
663492
664648
649276
650233
663463
589495
590438
605021
606181
589438
590474
605044
528058
528515
543706
544412
528035
528584
543718
467666
467727
482447
482854
467636
467760
482518
408760
408887
424638
424610
408867
408767
424589
322232
353611
322102
354207
322099
353463
321939
788796
808482
784865
811409
788506
808527
784667
737633
760601
734763
763476
737431
760123
734758
679487
706189
677960
708323
679506
706149
678018
622924
649795
621250
652241
622990
650082
621482
562812
591161
561161
593007
562575
591091
561049
503564
531290
501741
533755
503624
531435
501791
442390
470458
440548
473451
442381
470736
440619
382867
409876
381154
413131
382662
409775
381075
839157
862359
831893
867031
839223
862043
832248
775439
802465
769652
807636
775708
802533
770056
711540
737186
706633
742177
711509
737486
706710
650364
677383
645615
681034
650272
677379
645713
584970
614035
580863
617701
585066
614143
581033
519638
548996
515837
551967
519712
549190
516007
454970
484225
451878
486575
455048
484258
452066
391926
421107
389637
423054
391921
421207
389731
880112
907497
872705
913119
879639
908031
872382
845030
849151
860079
861682
845317
848977
859833
785895
788929
801742
804597
785997
788943
801631
724982
726930
740347
742067
724725
727158
740400
664001
665899
679693
681233
663831
665976
679849
601350
603158
617370
618809
601275
603213
617439
537439
538719
554097
554833
537380
538769
554135
473396
474518
489754
490275
473315
474494
489759
411092
411993
427475
427802
411004
412067
427468
326040
355989
324904
357710
325932
355934
324711
866811
890966
859689
896115
866665
891362
859636
832749
836381
847839
851300
833075
836064
847820
776024
778517
791086
793479
776250
778350
790955
716551
718176
731838
733237
716586
718186
731614
550193
551120
550167
534230
535015
534211
535039
471171
471613
486985
487707
471020
471728
487092
409472
409712
425071
425459
409485
409665
425156
324833
355967
324488
355706
324649
355609
324268
854396
882335
850050
885122
854646
883109
850382
822030
824634
837445
838855
822247
824435
837447
767917
769864
782242
784131
768005
769727
782227
710883
712305
725594
727061
711071
712075
725462
546495
547362
546432
530903
531610
530912
531658
470007
470078
485037
485698
469830
470203
485310
408672
409064
424025
424289
408749
409031
423994
323992
354937
323778
355533
323742
354784
323555
849185
877179
843934
878310
848741
876452
842231
814553
817012
828995
831903
814596
817010
828895
761609
763214
775328
777263
761663
763192
775317
705702
707060
720047
721527
705758
706996
720013
650094
664369
650070
649159
663350
649180
663280
590291
605866
590200
589497
604958
589524
604869
544641
528558
528890
543898
528391
529046
544016
468044
468067
482911
483531
467908
468253
483093
408339
408430
424529
424426
408400
408341
424486
322062
353286
321788
353902
322045
353120
321661
788175
807559
784433
809963
788122
807517
784394
737215
759003
734422
762450
736850
758307
733749
679536
705902
677857
707965
679547
705763
677884
623116
650284
621476
652352
623210
650466
621442
562657
591014
561131
593259
562728
591250
561637
503651
531826
501983
533978
503555
532345
502082
442347
471006
440745
473467
442133
471158
440616
382387
409674
380879
412968
382103
409685
380682
839492
861425
832421
866208
839364
861376
832229
776041
802571
770410
808251
776354
802666
770716
711477
737709
706797
742434
711520
737820
706917
650129
677464
645990
680903
649986
677549
646129
585177
614504
581300
617828
585328
614754
581528
519860
549383
516225
552642
520032
549608
516407
455097
484376
452203
486986
455107
484537
452281
391926
421219
389862
423165
391933
421191
389961
879622
907790
872383
912904
879997
908214
872703
843611
848205
859071
861625
843863
848024
859016
785832
788918
801292
804258
785714
789033
801210
725966
727807
741118
742954
725792
727917
741286
664558
666358
680336
681688
664445
666454
680367
601644
603385
617586
619164
601563
603418
617628
537804
538928
554202
555126
537687
538995
554235
473706
474606
489809
490520
473619
474688
489920
411481
412207
427464
427954
411434
412186
427470
325894
355966
324639
357938
325878
356178
324591
866275
891407
859394
896028
866179
891775
859356
831350
835028
847035
849783
831600
834769
846870
775397
777832
790444
792904
775481
777815
790361
716900
718804
731450
733676
716718
719112
731547
659207
672989
657856
657972
674784
659317
673105
598582
613459
597724
597683
614163
598536
613452
550122
534257
535063
551061
534234
535071
550142
471493
471896
487244
487737
471485
471907
487257
409545
409763
425295
425703
409540
409832
425288
324516
355495
324166
355891
324372
355590
323936
854947
883044
850816
885637
855187
883283
850973
821864
823894
837313
838554
821830
823908
837337
767859
769523
782229
783895
767897
769451
782182
710301
711697
725034
726269
710362
711650
724899
654572
667476
652914
652927
668586
654444
667440
594284
608358
592777
592780
610052
594214
608367
546406
531175
531756
547253
531049
531804
546481
470491
470498
485786
486035
470426
470571
485782
408577
408923
424063
424354
408596
408890
424095
323669
354517
323499
355234
323273
354409
323231
847757
875746
840747
877154
846898
875437
839827
814126
816767
828149
831418
814237
816671
827994
761464
763173
775267
777393
761455
763168
775296
705403
706661
719793
721212
705496
706590
719697
649516
648423
662871
663860
648703
649331
662702
590092
589508
604610
605361
589494
590050
604513
529103
529483
544367
545025
528999
529584
544438
468803
469027
483567
484404
468642
469234
483733
408023
408057
424221
424147
408119
407996
424128
322083
352955
321388
353726
321905
352849
321140
788147
806850
784150
809280
788116
806901
784002
736180
758256
732815
761510
735540
758649
732012
679540
705379
677929
707516
679594
705199
678037
623306
650303
621345
652119
623136
650175
621265
563009
591643
562065
593556
563440
592151
561879
503473
532196
502033
534563
503422
531993
502066
441970
471094
440481
473300
442010
471103
440365
381942
409754
380626
412821
381790
409814
380512
839393
861014
831848
865053
839241
860830
831570
776598
802795
770939
808741
776742
802851
771007
711605
738076
707166
742621
711606
738175
707306
649898
677673
646172
681016
649908
677730
646194
585488
614876
581660
617895
585547
614780
581711
520130
549875
516565
553030
520265
550058
516701
455116
484751
452320
487200
455106
484933
452370
391969
421223
389982
423255
391984
421227
390042
880412
908183
873232
913395
881049
908055
873735
843570
847969
859130
862144
843474
848078
859478
786259
789253
801215
804362
786145
789324
801221
726012
727930
741445
743279
726020
727904
741384
664898
666680
680399
681933
664851
666724
680402
602065
603756
617922
619764
601959
603755
618007
538444
539419
554651
555665
538324
539481
554704
474371
475010
490407
490992
474245
475099
490505
411735
412379
427540
427876
411657
412433
427561
326048
356216
324828
357933
326138
356397
325032
866098
891720
859264
895964
866181
891855
859126
831232
834573
846642
849231
831203
834612
846743
775634
777995
790468
793111
775566
778054
790541
717248
719481
731908
734217
717241
719481
731928
658157
659488
673172
674849
658107
659532
673185
597317
598330
613164
613944
597402
598279
613053
534275
535060
550134
551002
534284
535066
550112
471515
471958
487231
487762
471504
472005
487210
409671
409991
425243
425641
409664
410034
425248
324476
355602
323995
355990
324526
355695
324017
855320
882760
850718
885745
855418
882401
850327
821983
824152
837372
838682
821983
824220
837450
767686
769284
782143
783886
767679
769314
782113
710274
711683
724716
726302
710186
711759
724773
652846
654522
667397
668806
652943
654406
667341
592757
594031
608268
609649
592766
593966
608208
531469
532033
546805
547574
531422
532078
546858
470316
470555
485798
486038
470382
470524
485739
408638
408932
424117
424361
408627
408942
424108
323221
354453
323246
355301
323250
354494
323301
846809
875142
839579
876980
846843
875219
839785
813822
816285
827435
830519
813865
816201
827478
761273
762989
775200
777152
761363
762930
775102
705161
706341
719402
720937
705205
706297
719295
647949
648984
662579
663859
647964
648947
662579
589466
589964
604361
605159
589480
589970
604351
529321
529756
544580
545213
529297
529797
544613
468937
469444
484182
484793
469011
469375
484181
407623
407820
423451
423631
407688
407795
423315
321991
352694
321340
353687
322032
352639
321404
788033
806924
784020
809374
788149
806471
783706
735489
759002
732203
762232
736166
759166
732854
679695
705053
677834
707481
679775
704970
677604
623103
650251
621443
652105
623106
650286
621451
563343
591936
561800
593669
563338
591845
561582
503388
532031
502102
534376
503308
532100
502185
442013
470977
440308
473137
442054
470881
440330
381770
409979
380357
412717
381766
410000
380351
831103
834023
815947
819047
834185
815930
831055
842308
857982
838318
854776
857917
838567
842178
828457
813282
825734
810606
813239
825804
828389
844583
862328
848608
860764
848311
860699
844877
831309
819116
834850
816031
834512
815932
831614
842495
854715
858011
839169
857955
838857
842721
828653
810583
813145
826158
813166
826030
828936
772484
774119
755777
758067
774086
755749
772490
784711
799538
781951
796666
799521
781867
784737
770065
754038
767716
751872
754005
767638
770156
787180
805259
789793
802390
790036
802561
786946
772337
758041
773924
755666
773988
755715
772130
784522
796591
799322
781497
799468
781679
784315
769869
751788
753798
767187
753933
767441
769615
709106
710774
693850
695698
710798
693860
709073
722773
738510
721274
736843
738464
721251
722781
707552
692262
706148
690717
692278
706103
707547
724297
741758
726142
740348
726011
740329
724323
709192
695756
710950
693934
710862
693896
709288
722784
736766
738367
721013
738434
721145
722786
707568
690709
692338
706043
692321
706071
707587
648157
650641
632510
635052
650658
632496
648173
661584
677160
660163
675673
677167
660154
661586
646120
630946
644846
629326
630858
644848
646139
663415
681169
665957
679183
666025
679152
663449
648081
635026
650722
632366
650676
632448
647959
661610
675667
677223
660116
677188
660142
661666
646141
629269
630776
644921
630792
644886
646189
585426
586704
568956
570723
586687
568978
585472
599804
615637
598551
614253
615594
598504
599838
583952
567949
582886
566859
567984
582908
583944
601088
618807
602965
617133
603003
617178
601052
585363
570770
586654
569037
586707
569003
585342
599784
614194
615473
598505
615536
598493
599778
583952
566902
568164
583132
568032
582984
584011
521605
522278
505125
506608
522263
505050
521682
536314
552542
535337
551593
552526
535279
536359
520400
504263
519664
503478
504228
519642
520457
537095
554422
538479
553781
538500
553703
537088
521639
506624
522268
505046
522277
505032
521619
536328
551586
552497
535310
552484
535287
536301
520424
503497
504298
519690
504258
519614
520438
458184
458671
441977
443172
458680
441972
458184
472676
488683
471890
487933
488646
471919
472731
457372
441671
456784
441149
441647
456731
457425
473240
490224
474468
489739
474486
489739
473182
458163
443208
458747
442045
458743
442039
458172
472579
487964
488678
471933
488643
471930
472568
457312
441069
441610
456657
441628
456687
457293
396162
396741
380570
381552
396787
380645
396042
410839
426599
410549
426236
426540
410505
410852
395786
379611
395521
379321
379686
395480
395826
411070
427537
411962
427292
411995
427285
411053
396185
381525
396792
380642
396792
380642
396184
410845
426151
426507
410431
426544
410481
410820
395764
379418
379722
395425
379723
395464
395733
820023
823059
805310
807992
823179
805385
819873
830195
843548
827422
841885
843524
827474
830172
817279
802676
814729
800366
802651
814763
817264
832950
850253
837005
847334
836710
847184
833111
820176
808056
823690
805587
823419
805457
820499
830179
841958
843702
827454
843591
827437
830255
817344
800350
802719
814773
802672
814756
817431
762325
764882
747542
749798
764810
747459
762388
774215
788784
771973
786525
788742
771986
774225
759989
745311
757955
743433
745258
757872
760039
776497
794051
778830
791366
778948
791313
776507
762240
749659
764523
747066
764672
747301
762184
774248
786538
788816
772083
788725
772017
774376
759973
743370
745132
757977
745191
757899
760075
703229
704738
688091
689380
704724
688084
703297
716161
730873
714343
728979
730832
714305
716230
701562
686503
699882
685002
686438
699845
701582
717963
734961
719519
732635
719759
732847
717793
703156
689281
704477
687764
704628
687993
703009
716079
728928
730622
714269
730771
714306
715924
701435
684896
686125
699686
686335
699794
701278
642549
643550
626816
627843
643544
626770
642611
656726
671658
655546
670309
671581
655465
656919
641774
626051
640878
625068
625933
640699
641833
657742
674070
658802
672649
658884
672875
657563
642502
627895
643543
626749
643550
626743
642396
656532
670179
671239
655146
671448
655307
656299
641561
624949
625771
640265
625906
640447
641367
580960
581791
565084
565969
581820
565112
580900
595230
610572
594181
609663
610538
594189
595195
580164
564350
579038
563557
564374
579064
580095
596402
612715
597478
611555
597395
611527
596389
580972
565974
581976
565277
581886
565105
581072
595270
609670
610578
594274
610550
594233
595315
580188
563588
564534
579211
564406
579167
580258
518263
518907
502149
502891
518972
502241
518196
532856
548859
532166
548127
548792
532117
532875
517374
501412
516604
500656
501489
516596
517353
533876
550468
534682
549830
534594
549697
533968
518338
502943
519047
502453
519004
502382
518411
532874
548082
548891
532221
548808
532114
532982
517423
500791
501709
516739
501609
516663
517516
455384
455966
440161
440623
455924
440121
455356
469956
485715
469281
485077
485779
469473
469783
454916
439790
454549
439535
439785
454592
454880
470565
487183
471267
486684
471219
486585
470657
455364
440521
455907
440007
455896
440067
455359
470091
485204
486030
469808
485893
469663
470192
454974
439570
439809
454745
439801
454673
455007
395062
395258
379307
379213
395191
379398
395142
409878
425086
409635
424792
425039
409614
409932
394907
379171
394686
379228
379279
394602
395059
410058
425653
410152
425197
410242
425312
409959
394994
379364
395107
379416
395159
379475
394910
409812
424771
424953
409502
424994
409554
409757
394805
379240
379177
394486
379275
394549
394735
810213
812401
795990
798086
812424
796007
810202
820883
835442
818573
833819
835428
818559
820937
808026
793845
805728
791773
793846
805774
807997
822855
839010
825110
838071
825106
838019
822832
810184
798065
812402
795963
812396
795962
810185
820844
833798
835462
818564
835402
818549
820849
808029
791785
793850
805828
793837
805797
808039
754293
755999
740036
741586
755957
740017
754327
766426
780506
764654
778555
780511
764621
766468
752732
738504
751071
736868
738495
751045
752735
768162
784460
770048
782465
770025
782443
768173
754288
741556
755984
739994
755964
739999
754305
766402
778579
780540
764666
780518
764623
766415
752721
736866
738477
751089
738484
751053
752726
697080
698451
682504
683597
698385
682432
697109
710018
724465
708578
722911
724466
708564
710019
695725
681231
694429
679976
681208
694421
695729
711423
727428
712835
725840
712864
725863
711405
697053
683491
698291
682288
698323
682362
696997
709989
722912
724452
708541
724463
708547
709969
695684
679935
681130
694353
681171
694393
695648
638321
639551
623166
624166
639466
623141
638394
652330
667039
651616
665936
666940
651521
652421
637706
622605
637203
622077
622578
637133
637753
652924
668926
654022
667683
654132
667803
652838
638228
624094
639231
623185
639368
623171
638142
652213
665859
666777
651243
666852
651422
652108
637544
622010
622548
636884
622554
636972
637477
577688
578148
561826
562771
578188
561907
577681
592356
607678
591656
607233
607649
591654
592393
577002
561120
576013
560315
561126
576049
576986
592972
608922
593534
608252
593476
608215
592914
577676
562834
578295
562139
578218
562017
577658
592298
607165
607605
591610
607618
591631
592242
576980
560300
561179
576145
561157
576085
576932
515266
515982
499018
499792
515944
499014
515375
530203
545795
529833
545114
545771
529550
530464
514579
498363
514258
497882
498345
513987
514787
530889
547362
531678
546806
531581
546641
530938
515168
499872
515982
499161
515942
499066
515236
530019
545072
545844
529271
545776
529313
530031
514376
497906
498511
513761
498378
513764
514412
454115
454328
439238
439356
454351
439224
454110
468346
483208
467828
482949
483263
467948
468271
453923
439153
453728
439139
439150
453749
453909
468842
484456
469335
483979
469214
483876
468917
454127
439352
454439
439174
454386
439204
454160
468407
482995
483417
468051
483357
468043
468429
453929
439155
439135
453752
439133
453756
453936
394179
394431
378570
378895
394368
378693
394238
409305
424582
409170
424634
424610
409201
409328
394095
378129
394073
377807
378217
394024
394148
409270
424595
409287
424497
409350
424532
409134
394165
378885
394294
378636
394349
378687
394091
409234
424663
424537
409068
424584
409156
409130
394028
377887
378263
393823
378304
393932
393969
801852
803842
788082
789835
803924
788106
801837
812838
826698
810477
823745
826593
810465
812861
800231
786485
798592
784827
786495
798592
800233
814821
832099
816957
829919
816949
829889
814811
801869
789876
804014
788185
803964
788143
801888
812821
823767
826629
810414
826560
810432
812816
800218
784791
786526
798521
786509
798553
800196
747855
749518
733942
735327
749497
733908
747833
760094
773643
758448
772265
773661
758454
760078
746745
732741
745770
731584
732736
745780
746729
761352
776802
762972
775073
762912
775005
761426
747877
735317
749558
733943
749507
733900
747938
760114
772225
773665
758423
773667
758427
760144
746755
731565
732751
745754
732739
745767
746759
691689
693154
677446
678734
693146
677434
691717
704500
718854
703040
717552
718846
703035
704533
690434
675964
689223
674622
675966
689230
690433
705751
721502
707124
719980
707111
719941
705752
691664
678709
693091
677411
693113
677423
691651
704478
717522
718821
702999
718835
703013
704471
690400
674637
675978
689219
675960
689214
690385
635239
636607
619884
621349
636484
619941
635249
648015
662210
646050
660669
662203
646084
647993
633220
618285
631999
616992
618358
632055
633159
649431
664858
650427
663529
650537
663579
649344
635170
621232
636213
620024
636339
620007
635074
647975
660742
662198
646258
662192
646162
647950
633311
616974
618464
632147
618391
632030
633382
574410
575188
559318
559617
575174
559099
574494
588430
603707
587549
602434
603617
587372
588491
573903
558372
573158
558037
558418
573020
574164
589402
606243
590359
604920
590272
604813
589402
574319
559560
575151
558836
575149
558878
574293
588344
602253
603640
587100
603609
587161
588319
573611
557855
558074
572626
558238
572806
573447
512901
513620
497159
497302
513448
497110
513018
527516
543891
527352
542568
543751
527286
527579
512666
496746
512045
497031
496669
512060
512725
528171
544512
528451
543754
528530
543943
528078
512864
497327
513193
497225
513246
497157
512801
527554
542478
543301
527114
543524
527191
527516
512600
497083
496853
512091
496775
512094
512544
453374
453599
438915
438995
453610
438973
453376
467313
482117
466493
481207
482192
466549
467223
453011
438472
452125
437528
438509
452158
453028
467652
482653
467711
482414
467693
482363
467650
453349
439040
453546
439059
453588
439018
453298
467414
481378
482291
466659
482239
466619
467422
452986
437492
438565
452272
438533
452212
452969
394014
394346
377569
377390
394265
377600
393962
408498
424298
407427
422484
424290
407402
408542
393462
377471
392299
377594
377624
392331
393412
409040
424777
409000
424698
409087
424720
408967
393967
377363
393994
377610
394151
377620
393884
408460
422461
424219
407333
424274
407359
408395
393446
377650
377742
392286
377721
392310
393403
831878
835282
815938
819233
831867
835333
815874
843071
857934
839329
855281
842959
857880
839241
828887
813078
826162
810364
828952
813015
826082
845532
862318
849225
860416
849205
860614
845493
831801
819215
835238
815909
835291
815890
831652
842931
855142
857447
838977
857684
839118
842781
828799
810318
813003
825802
812973
825957
828636
771798
773862
755644
758182
771947
773869
755586
783930
799170
781278
796180
784138
798995
781063
769149
753693
766973
751241
769365
753536
766711
786327
804881
789047
801847
789172
801972
786154
771636
758213
773630
755334
773796
755472
771396
783772
796225
798847
780889
798908
780979
783590
768921
750981
753030
766261
753310
766484
768666
709502
711036
693984
696060
709401
711125
694063
722693
738313
720864
736190
722745
738134
720655
707620
692362
705918
690490
707603
692404
705771
724435
741857
726689
740295
726535
740297
724553
709626
696196
711305
694266
711219
694159
709806
722636
735895
737771
720174
737973
720378
722636
707673
690429
692608
705584
692467
705681
707715
647974
650611
632367
634924
647933
650473
632489
661851
677277
660106
675634
661756
677343
660070
646322
630781
644977
629309
646241
630801
644974
663596
681040
665789
679542
665753
679416
663684
648092
634899
650369
632752
650378
632643
648171
660225
661970
675601
677583
677421
660109
662131
645109
646429
629397
631032
630879
644998
646531
585468
586655
569077
570837
585355
586692
569145
599889
615492
598628
614314
599810
615559
598785
584243
568227
583292
567303
584096
568329
583460
601099
618720
603090
617310
603019
617227
601197
585629
570890
586899
569346
586779
569233
585782
599170
599957
614496
615770
615686
598989
600066
583771
584377
567416
568561
568434
583629
584492
521670
522300
505066
506565
521627
522310
505069
536430
552563
535398
551828
536342
552708
535549
520578
504326
519763
503600
520488
504373
519883
537254
554670
538625
554050
538576
553997
537320
521737
506563
522433
505093
522374
505069
521771
536537
551937
552846
535743
552779
535655
536613
520686
503670
504486
520058
504452
519986
520726
458221
458786
442091
443248
458205
458801
442101
472559
488700
471912
488038
472601
488706
471863
457291
441593
456642
440941
457287
441578
456614
473217
490376
474527
489808
474560
489939
473262
458235
443291
458867
442071
458850
442079
458236
472604
488143
488809
471932
488751
471874
472670
457253
440906
441574
456659
441546
456579
457261
396138
396776
380633
381491
396180
396744
380583
410763
426510
410387
425992
410802
426502
410321
395716
379700
395396
379316
395734
379648
395346
410989
427629
411941
427432
411945
427400
410982
396076
381481
396699
380349
396721
380462
396021
410733
425966
426540
410152
426521
410252
410682
395723
379214
379436
395251
379570
395299
395640
820800
823672
805792
808108
820695
823544
805580
830342
843536
827409
841990
830291
843770
827378
817422
802788
814723
800279
817441
802819
814674
833455
851504
836750
847987
837094
847751
833336
820746
808039
823166
805129
823356
805376
820519
830314
841768
843970
827166
843729
827294
830255
817389
800219
802645
814493
802823
814598
817293
762092
764235
746898
749007
762112
764110
746899
774678
789022
772179
786592
774654
789186
772253
760315
745140
758197
743775
760283
745169
758378
776611
793810
778635
791192
778718
791269
776413
762022
748809
763962
746711
764069
746850
761833
774697
786568
789064
772240
789162
772283
774541
760122
743799
744891
758267
745034
758407
759905
702475
704269
687499
688745
702753
704005
687182
715639
730562
714201
729195
715785
730551
714081
700905
685884
699596
684268
701114
685666
699495
717061
734025
718425
731995
718702
732149
716812
686865
702215
688579
703593
703771
686954
701998
715450
729128
730318
713727
730458
713915
715256
685358
700687
684106
699087
685418
699315
700480
642279
643533
626784
628050
642315
643468
626845
655847
670930
655006
669394
656011
670612
654817
641064
625746
640130
624726
641210
625738
639995
658624
672228
657268
657191
673671
658546
672133
643566
626974
642334
642305
628127
643519
626915
670719
655138
656166
655946
669344
670563
654841
625928
640235
641245
641141
624850
625791
640075
581335
582137
565436
566495
581196
582393
565607
595448
610625
594346
609785
595363
610719
594395
580313
564618
579292
563914
580286
564754
579342
598138
612154
597017
596825
613055
597945
611965
582888
565939
581691
581511
566691
582691
565772
611036
594551
595860
595670
609920
610864
594478
564814
579098
580373
580351
563783
564824
579171
518534
519098
502451
503018
518467
519180
502439
533304
549033
532344
548387
533211
549127
532448
517772
501818
516844
501150
517636
501797
516978
550261
534197
551003
534979
534904
550245
534212
518581
503084
519289
502487
519242
502443
518620
549187
533364
548334
532649
549180
532497
533425
517810
501201
501851
517108
501827
517062
517856
455425
455905
439977
440354
455376
455908
439948
470308
486124
469913
485597
470258
486124
470027
455085
439798
454837
439578
455054
439779
454905
470716
487376
471428
486853
471268
486745
470855
455475
440328
455980
440033
455888
439985
455536
470404
485705
486260
470226
486179
470121
470454
455147
439574
439849
454992
439794
454938
455240
394738
395038
379362
379146
394826
394949
379261
409563
424899
409437
424650
409654
424867
409388
394571
379118
394415
379005
394658
379063
394373
409657
425355
409789
425029
409897
425036
409562
394614
379010
394748
378955
394850
379130
394491
409505
424628
424874
409344
424855
409362
409450
394497
378968
378827
394333
378985
394353
394407
810133
812355
795936
798017
810157
812318
795917
820800
835158
818550
833496
820820
835114
818569
808007
793860
805869
791937
808029
793868
805983
822563
838766
824778
837618
824973
837276
822386
810034
797958
812069
795737
812214
795855
809905
820704
833178
835123
818450
834830
818522
820547
807960
791988
793716
806092
793818
806035
807950
754320
756023
739997
741738
754317
756050
739976
766452
780567
764710
778718
766435
780585
764737
752741
738467
751128
736970
752735
738457
751156
768143
784436
769968
782340
770033
782429
768097
754284
741764
755984
739837
756050
739921
754218
766453
778787
780466
764764
780562
764759
766409
752733
736974
738387
751143
738436
751162
752687
696934
698290
682239
683209
696960
698301
682218
709861
724436
708531
722990
709921
724398
708523
695547
681064
694310
679728
695601
680983
694262
711252
727703
712596
725691
712790
725773
711172
681969
696914
683057
697916
698137
682089
696792
709786
722993
724275
708433
724347
708503
709706
680833
695464
679640
694148
680881
694205
695374
637970
639142
623199
623915
638046
639005
623201
651954
666681
651149
665550
651999
666610
651072
637423
622576
636811
621904
637438
622592
636755
654168
667418
652695
652638
668365
653950
667426
639124
623281
637975
637951
624068
639063
623230
666541
650923
651922
651933
665465
666564
650998
622672
636708
637447
637426
621926
622622
636720
577662
578362
562217
563121
577656
578388
562204
592219
607648
591558
607034
592222
607725
591506
576792
561188
576171
560422
576879
561181
576192
593746
608629
592988
593067
609274
593748
608523
578103
561981
577405
577579
562941
578230
562113
607792
591348
592140
592216
607004
607797
591438
561128
576087
576682
576745
560477
561131
576149
515330
516015
499342
500276
515292
516109
499492
530088
545858
529296
545103
530056
545904
529345
514559
498668
513857
498295
514497
498806
513932
546636
530993
547492
531635
531676
546794
530959
515399
500393
516197
499760
516166
499646
515460
545900
530122
545121
529471
545903
529391
530160
514639
498459
499110
514155
498962
514032
514718
454318
454508
439171
439327
454221
454590
439155
468588
483489
468076
483157
468482
483562
468128
454102
439165
453790
439210
453994
439148
453884
469320
485148
469930
484745
469757
484511
469576
454439
439328
454762
439123
454673
439151
454579
468787
483236
484051
468476
483668
468265
469084
454248
439238
439106
454201
439115
454031
454414
393956
394232
378578
378725
394009
394185
378531
408896
424461
408965
424442
409031
424380
408861
393823
378195
393719
377821
393901
378139
393643
408903
424391
409083
424113
409135
424193
408821
393916
378679
394153
378426
394163
378482
393879
408765
424345
424037
408602
424274
408729
408626
393750
377790
378002
393467
378078
393577
393669
801921
804069
788230
790130
801893
804153
788286
812701
826428
810231
823695
812735
826427
810132
800090
786535
798422
784661
800138
786546
798342
814637
831661
816943
829287
816885
829348
814628
801933
790203
804348
788404
804233
788339
802003
812608
823409
826047
809714
826162
809921
812532
800018
784600
786530
798126
786546
798234
799956
748081
749644
734013
735509
748018
749719
734074
760205
773656
758392
772062
760177
773644
758370
746752
732768
745711
731535
746758
732786
745666
761666
777155
763234
775323
763220
775290
761689
748133
735547
749762
734132
749763
734120
748146
760221
771985
773594
758264
773625
758334
760208
746738
731518
732793
745522
732798
745602
746706
691629
693076
677395
678577
691631
693068
677371
704471
718806
702973
717387
704471
718787
702961
690371
675990
689209
674745
690378
675996
689200
705788
721640
707117
720071
707145
720077
705777
691622
678522
693034
677311
693056
677342
691611
704465
717313
718724
702920
718760
702935
704457
690322
674772
675996
689153
676003
689173
690302
634948
636104
619998
621033
634994
636031
619976
647971
662200
646305
660858
647950
662207
646373
633618
618518
632265
617313
633540
618551
632403
650118
649201
664577
663397
650164
663432
649188
635993
634920
621022
619943
635987
619960
634924
647996
660870
662219
646495
662210
646433
648022
633663
617432
618637
632548
618594
632476
633690
574299
575167
558807
559475
574277
575228
558823
588391
603667
587050
602358
588332
603733
587083
573318
558037
572504
557401
573343
558043
572487
590379
589535
606144
605015
590447
605046
589543
575293
574341
559501
558910
575285
558848
574383
588497
602405
603945
587248
603868
587118
588582
573328
557350
558147
572531
558077
572455
573369
512870
513250
497276
497705
512805
513344
497331
527511
543158
527008
542207
527504
543120
526971
512492
496892
512070
496994
512513
496931
512012
528127
544418
528772
543816
528678
543750
528252
512969
497870
513597
497621
513459
497438
513103
527559
542229
543215
527170
543150
527026
527667
512522
496886
497087
512087
496999
512010
512595
453300
453540
439124
439175
453274
453600
439188
467387
482324
466658
481598
467395
482382
466697
452977
438574
452369
437647
452959
438610
452466
467720
482964
467924
482763
467827
482630
467801
453373
439237
453857
439351
453703
439270
453482
467421
481559
482559
466743
482463
466708
467483
453038
437734
438790
452606
438695
452541
453133
393693
393817
377562
377255
393787
393668
377511
408224
424193
407303
422398
408315
424170
407274
393275
377714
392267
377470
393339
377672
392222
408643
424545
408525
424552
408647
424566
408508
393590
377230
393438
377361
393545
377435
393481
408113
422419
424151
407218
424157
407257
408011
393210
377350
377518
392130
377606
392178
393138
831400
835137
815869
819106
831521
835036
815761
842386
857041
838784
854317
842607
856638
838515
828374
813005
825659
810152
828511
812933
825505
844622
861480
848448
859319
848710
859520
844210
831182
818939
834570
815399
834742
815588
830921
842036
853924
855907
837813
856214
838162
841631
828206
809982
812623
825096
812802
825300
828011
770886
773544
755301
758462
771117
773448
755371
783272
798784
780789
796007
783427
798671
780659
768189
752756
766035
750245
768426
752651
765807
785792
804412
788978
801421
788885
801515
785732
770809
758592
773572
755709
773473
755458
770799
783121
795869
798443
780264
798559
780461
782984
767998
750070
753149
765457
752818
765595
767920
710268
711471
694527
696619
710011
711635
694830
723162
737724
720049
735301
722734
737846
720348
690865
708165
692820
705696
707919
693027
705964
725310
742309
727645
740914
727395
740654
725576
710500
696782
712021
695197
711853
695060
710706
723513
735539
738483
720999
738193
720709
723776
691095
708415
693452
706543
693240
706256
708621
648450
650407
632829
634887
648284
650438
632856
660386
676019
660543
662511
677785
662329
677981
645218
629810
645334
646762
631207
646648
631328
664177
681394
666229
680218
666133
680035
664319
648606
634940
650640
632881
650546
632862
648730
676226
660869
660701
662659
678391
678200
662762
629982
645578
645476
646857
631507
631429
646965
586014
587015
569448
571119
585915
587106
569519
599286
614952
599313
600216
615814
600153
615862
583798
567795
583850
584716
568662
584609
568715
601416
618864
603306
617546
603276
617496
601486
586057
571221
587242
569608
587201
569570
586075
615023
599350
599299
600322
615994
615911
600398
567807
583918
583917
584772
568760
568743
584782
521802
522501
505135
506583
521775
522544
505211
552094
536724
552911
535810
536684
552943
535848
520837
504538
520113
503900
520789
504596
520137
537499
554913
538870
554169
538831
554160
537578
521830
506605
522649
505237
522612
505194
521827
552087
536769
552960
535880
552958
535872
536796
520867
503939
504667
520150
504635
520157
520884
458200
458928
442142
443450
458219
458957
442204
472828
488836
472071
488356
472751
488882
472182
457363
441647
456805
441047
457313
441729
456930
473464
490305
474532
489762
474499
489742
473546
458163
443526
459031
442314
459000
442263
458145
472879
488388
488945
472308
488916
472260
472888
457413
441158
441874
457081
441807
457042
457451
395949
396716
380282
381436
395984
396747
380235
410694
426596
410106
426131
410664
426666
410077
395530
379356
395183
378841
395579
379299
395131
411222
427859
412203
427453
412159
427454
411345
395919
381444
396913
380234
396825
380231
395890
410787
426221
426746
410163
426720
410105
410868
395512
378813
379340
395126
379315
395117
395522
819926
822931
804925
807553
820218
822701
804733
829830
843901
826978
841744
830057
843969
826760
816995
802462
814346
799850
817135
802287
814220
832339
850845
835374
847363
835723
847598
831935
819657
807350
822258
804439
822481
804572
819354
829510
841642
843777
826169
843869
826459
829206
816812
799749
802019
813940
802137
814104
816600
761381
763787
746531
748142
761631
763586
746266
774018
788876
772093
786284
774331
788710
771863
759462
744662
758019
742940
759705
744410
757739
775765
793311
777895
790578
778088
790742
775601
761206
747980
763175
745995
763297
746137
761048
773743
786182
788307
771503
788517
771670
773509
759239
742679
744123
757285
744293
757493
759038
687003
688932
687187
702030
703555
701885
703721
714968
730151
713508
728386
715039
729967
713390
685472
684049
685624
700293
698904
700366
698848
716471
733149
718543
731409
718336
731478
716566
689154
687575
687381
702146
704250
703959
702295
714865
728156
729699
713256
729826
713299
714909
684173
685938
685797
700389
698934
698851
700509
518658
519318
502559
503276
518641
519330
502622
549188
548237
549186
533476
532561
533476
532573
517897
501879
517120
501393
517886
501920
517162
551098
550115
550144
534222
535046
535043
534217
518659
503303
519312
502694
519327
502671
518645
548248
549053
549135
533454
532556
532581
533415
517913
501476
502033
517256
501978
517219
517909
455918
456170
440132
440561
455742
456342
440260
470542
486330
470315
486046
470482
486401
470389
455412
439934
455073
439701
455331
440039
455143
471301
487747
471868
487215
471827
487160
471395
456051
440696
456538
440464
456467
440378
456134
470638
486098
486545
470546
486471
470465
470759
455516
439776
440213
455288
440158
455218
455601
394303
394655
378787
378537
394365
394591
378607
409448
424940
409346
424683
409443
425052
409342
394243
378679
394303
378622
394325
378499
394288
409491
425590
409686
425287
409652
425238
409517
394270
378530
394571
378534
394563
378578
394255
409469
424713
425126
409320
425134
409347
409461
394227
378596
378372
394244
378443
394307
394199
809746
811914
795600
797577
809814
811782
795551
820712
835093
818530
833408
820642
835220
818532
807998
793676
806149
792105
807977
793777
806207
821831
838735
823953
837408
824127
837391
821800
809554
797496
811440
795420
811652
795516
809375
820496
833269
835070
818296
835067
818404
820351
807966
792147
793915
806210
793892
806258
807877
753997
755887
739733
741367
754111
755746
739617
766304
780317
764737
778887
766331
780477
764724
752491
738278
751096
736773
752598
738155
751043
767915
784064
769578
782259
769645
782233
767916
753957
741116
755486
739439
755594
739522
753912
766330
778953
780740
764776
780618
764758
766364
752457
736720
738039
751020
738088
751034
752431
681837
682892
681815
696388
697684
696595
697532
709507
724162
708321
722729
709611
724043
708219
680772
679493
680714
695255
694097
695308
694032
710654
726785
711768
725160
711889
725304
710483
682909
681707
681767
696204
697370
697417
696094
709408
722636
723880
708021
723953
708119
709292
679435
680477
680601
695147
693815
693927
695016
515516
516246
499911
500828
515476
516360
500110
545853
545281
545795
530182
529586
530174
529693
514871
499240
514296
498948
514799
499399
514439
547404
546352
546398
530909
531762
531736
530943
515627
500950
516539
500497
516495
500319
515774
545309
545753
545766
530209
529884
529784
530275
514965
499109
499821
514723
499601
514574
515110
454805
454840
439133
439369
454692
454925
439162
469666
484349
468744
483890
469415
484606
469023
454717
439118
454391
439241
454558
439152
454559
470156
485780
470400
485662
470302
485505
470295
454913
439427
455086
439297
455008
439225
455020
469850
484119
485055
469455
484836
469261
469995
454856
439310
439320
454897
439234
454724
454992
393776
394129
378395
378482
393835
394072
378318
408408
423899
408487
424119
408504
423886
408356
393496
377932
393348
377504
393586
377850
393232
408634
424309
408947
424024
408999
423993
408600
393701
378446
393927
378174
394005
378274
393619
408352
424034
423908
408123
423888
408240
408315
393413
377438
377696
393090
377794
393163
393329
802049
804436
788412
790304
802022
804507
788406
812305
825650
809429
822477
812405
825417
809197
799826
786491
798039
784286
799882
786445
797951
814465
831670
816882
828483
816947
828604
814359
802053
790356
804520
788356
804520
788384
802056
812203
822005
824733
808844
824944
809017
812100
799773
784200
786304
797847
786382
797911
799748
748050
749723
734108
735442
748109
749680
734065
760072
773547
758165
771632
760161
773461
758011
746574
732765
745426
731379
746650
732712
745308
761553
777301
763181
775257
763165
775295
761493
747981
735378
749601
733903
749638
733995
747901
759964
771494
773286
757623
773371
757844
759834
746460
731276
732517
744971
732627
745172
746320
678348
691526
692961
677279
691564
692859
677226
704400
718680
702884
717066
704438
718628
702851
690256
675974
689117
674813
690281
675936
689089
705640
721455
706747
719870
706851
719937
705572
678262
691473
692675
677063
692763
677157
691398
704351
716972
718489
702728
718566
702805
704292
690218
674789
675792
689047
675879
689073
690162
635996
620818
635964
634852
619896
634911
619799
648009
662218
646531
660859
648029
662195
646551
633646
618650
632567
617645
633686
618627
632548
664277
649849
650009
649072
663043
663183
648921
620597
635539
635850
634712
619554
619681
634545
647949
660833
662042
646456
662142
646535
647852
633546
617657
618514
632384
618571
632505
633410
575253
559664
575245
574457
558997
574416
559101
588674
603956
587366
602740
588622
603930
587458
573507
558252
572601
557611
573427
558372
572714
605738
590136
590164
589485
604682
604769
589482
559769
575236
575249
574506
559344
559220
574569
588719
602724
603739
587587
603849
587530
588768
573634
557742
558616
572924
558493
572808
573765
513413
513761
497799
498424
513250
513946
497984
527976
543322
527326
542677
527819
543459
527505
512821
497187
512184
496935
512698
497306
512289
544767
528729
529362
544272
529215
544146
528879
513571
498605
514280
498322
514120
498162
513702
528135
542777
543756
527719
543606
527585
528274
512951
496977
497663
512496
497486
512390
513081
453828
454042
439423
439363
453638
454237
439482
467651
482668
466810
481539
467559
482793
466967
453401
438834
452640
437554
453266
438805
452617
468240
483731
468758
483400
468473
483244
468468
454047
439361
454628
439412
454435
439512
454257
467784
481687
483005
467137
482931
467107
468027
453528
437487
438660
452480
438754
452605
453641
393331
393349
377308
376999
393391
393283
377229
407856
424129
407173
422310
407922
424124
407102
392989
377432
392054
376971
393067
377304
391950
408231
424369
408137
424236
408240
424375
408177
393328
376920
393251
377074
393253
377166
393220
407794
422257
423957
406924
424049
406995
407720
392910
376869
377010
391725
377168
391817
392824
830306
834355
815211
818586
830599
834214
815049
840976
855646
837447
853060
841257
855555
837155
827484
812457
824835
809528
827747
812290
824591
843440
861767
847962
859013
847916
858896
843390
830085
818493
834230
814945
834154
814958
829957
840797
852991
855503
836956
855461
836981
840733
827313
809415
812169
824377
812189
824438
827261
771143
773727
755920
759157
770985
773945
756116
782999
798306
780217
795563
782920
798235
780248
768263
753355
765535
750588
768079
753544
765692
785896
804248
789211
801219
789079
801182
786017
771286
759242
774201
756408
774068
756306
771387
783063
795566
798237
780366
798206
780282
783139
768414
750808
753810
766026
753708
765844
768553
710981
712194
695270
697068
710889
712315
695308
724100
738713
721275
736335
723971
738890
721498
708940
693663
706763
691730
708801
693792
706931
726034
743008
727982
741440
727953
741408
726011
710926
697093
712416
695365
712371
695352
710890
724194
736523
739109
721757
739027
721671
724158
709037
691745
693725
707052
693728
707100
708978
648937
650808
632934
635265
648837
650929
633016
660957
662957
678500
676746
662838
678501
660987
645654
647203
631567
630273
647111
631612
645712
664674
681776
666638
680392
666554
680382
664769
649046
635460
651247
633282
651101
633142
649133
663024
676764
678547
661083
678544
661070
663042
647277
630328
631684
645778
631648
645749
647325
586103
587347
569673
571371
586088
587385
569780
599391
600471
616065
615133
600443
616112
599381
583892
584797
568789
567781
584792
568821
583858
601728
619399
603677
617817
603562
617710
601828
586129
571482
587603
570038
587518
569901
586174
600498
615125
616181
599338
616150
599365
600528
584808
567770
568917
583787
568870
583822
584820
521885
522712
505317
506721
521844
522799
505426
536901
552989
535898
552056
536847
553008
535917
520937
504730
520149
503977
520925
504752
520142
537950
555317
539275
554508
539139
554343
538131
521962
506787
523071
505711
522942
505554
522077
536955
552039
553138
535938
553066
535931
537019
520961
503997
504910
520149
504812
520147
521020
458199
459083
442362
443584
458143
459127
442412
472973
488902
472333
488359
472925
488914
472365
457515
441934
457056
441347
457474
441978
457051
473836
490613
474880
490247
474791
490065
474039
458303
443578
459241
442547
459191
442470
458416
473065
488344
489123
472461
488986
472402
473230
457595
441373
442068
457140
442025
457076
457712
395909
397027
380293
381458
395900
397072
380333
410961
426754
410248
426289
410931
426742
410300
395611
379440
395154
378906
395574
379497
395188
411511
427944
412271
427511
412200
427482
411570
395980
381539
397065
380525
397099
380432
396024
410986
426244
426712
410389
426721
410343
411008
395644
379018
379637
395230
379622
395236
395663
818900
821990
804358
806944
819097
821799
804281
828754
843512
825931
841372
828936
843353
825814
816214
801894
813767
799437
816391
801791
813622
831181
849558
834559
846727
834603
846737
831170
818737
806867
821589
804160
821642
804230
818659
828687
841259
843070
825965
843166
825851
828745
816045
799354
801633
813474
801716
813482
815997
760846
763112
745983
748194
760899
763140
746040
773165
788134
771352
785854
773305
788009
771227
758768
744063
757071
742235
758856
744016
756892
775394
792888
777908
790379
777840
790332
775504
761022
748363
763485
746252
763329
746151
761126
773138
785794
787969
771107
787948
771148
773152
758732
742154
744102
756823
744013
756824
758787
687766
702692
704508
689750
702487
704711
687876
715061
729619
713212
727799
714972
729628
713201
686043
700754
698971
684496
700633
686127
699039
717078
733929
719481
731824
719326
731681
717209
702829
689877
705020
688021
704931
687969
702946
715181
727766
729759
713285
729684
713230
715236
700867
684528
686190
699096
686190
699073
700883
644101
628175
643054
643219
629214
644249
628391
671483
655917
656835
656807
670076
671523
655808
627302
641262
642122
642239
626404
627482
641300
658019
674869
659427
673196
659352
673173
658077
643398
629281
644432
628432
644329
628441
643408
656842
669991
671582
655757
671554
655626
656884
642374
626583
627556
641505
627643
641369
642520
582898
565817
581894
581841
566831
582833
565813
612531
595635
596810
596699
611538
612682
595515
564802
579328
580731
580778
563781
564850
579430
597608
614138
598397
613295
598469
613403
597497
581787
566797
582701
565788
582769
565808
581726
596648
611521
612427
595391
612560
595490
596526
580775
563887
564842
579607
564867
579620
580723
518647
519317
502731
503331
518650
519310
502749
549101
533455
532583
548242
533432
549166
532651
517953
502117
517275
501621
517947
502166
517311
534275
551049
535075
550149
535079
550154
534284
518654
503341
519297
502776
519310
502770
518652
533481
548318
549244
532734
549220
532695
533501
517970
501703
502235
517371
502210
517349
517981
456222
456565
440509
440907
456193
456564
440541
471013
486634
470634
486310
470909
486736
470712
455758
440207
455362
439873
455700
440204
455424
471508
487729
471936
487244
471926
487263
471494
456200
440915
456516
440551
456548
440550
456136
471073
486386
486776
470805
486772
470782
471102
455797
439898
440218
455488
440216
455487
455782
394283
394601
378578
378620
394269
394632
378574
409387
425066
409297
424709
409435
425015
409217
394174
378392
394193
378363
394183
378359
394086
409581
425660
409945
425245
409893
425257
409618
394341
378736
394690
378656
394700
378674
394337
409380
424697
424937
409188
424972
409185
409399
394201
378364
378370
394001
378422
394049
394172
809188
811261
795338
797259
809238
811162
795281
820340
834905
818202
833219
820327
834890
818209
807630
793758
806071
792031
807687
793636
805996
821902
838509
824071
837393
823980
837306
821954
809211
797139
811260
795274
811166
795217
809274
820332
833067
834786
818164
834783
818195
820330
807650
791957
793651
805915
793573
805981
807672
753800
755396
739342
740642
753861
755289
739251
766353
780692
764776
779104
766367
780642
764834
752389
737985
750996
736579
752408
737927
751022
767801
783851
769337
782074
769391
782134
767725
753731
740535
755142
739056
755210
739153
753664
766296
778978
780475
764648
780550
764765
766190
752347
736496
737756
750894
737846
750976
752289
681654
696021
697374
682996
696047
697396
681625
709059
723787
707927
722457
709175
723698
707861
680424
694882
693732
679156
694913
680359
693662
710275
726207
711601
724752
711620
724788
710215
695998
682999
697479
681679
697400
681633
696018
708986
722372
723508
707664
723609
707772
708913
694812
679078
680261
693569
680303
693616
694763
639734
623423
638337
638402
625133
639902
623456
666190
650492
651680
651641
664851
666125
650367
622307
636225
637278
637248
621075
622195
636063
652978
668608
654538
667434
654363
667434
652951
638443
625246
640217
623454
640065
623447
638507
651695
664853
666168
650270
666138
650309
651661
637189
620890
621966
635833
622074
635932
637150
578108
561702
577205
577273
562630
578204
561783
607207
590893
591693
591610
606172
607092
590825
560915
575832
576364
576343
560500
560938
575796
592794
610101
594089
608324
594170
608417
592769
577304
562814
578417
561928
578394
561818
577375
591594
606085
607038
590715
607053
590742
591588
576365
560510
561013
575790
560978
575753
576410
516067
516583
500653
501161
515923
516596
500798
545777
530516
529993
545465
530385
545828
530102
515506
500048
514879
499720
515298
500264
515031
531280
547405
531976
546731
531891
546590
531364
516193
501255
516772
500939
516696
500909
516275
530644
545534
545987
530288
545884
530208
530754
515713
499915
500554
515312
500446
515184
515854
455188
455172
439375
439553
455122
455244
439418
470275
485254
469646
484918
470134
485419
469867
455165
439400
455014
439442
455105
439437
455067
470539
486091
470577
485889
470589
485864
470454
455202
439596
455262
439436
455269
439436
455144
470373
485158
485598
469986
485537
470021
470310
455169
439332
439311
454940
439383
455098
455049
393500
393882
378141
378105
393563
393809
377962
408259
423934
408115
424027
408302
423945
408070
393252
377680
393045
377183
393277
377524
392987
408583
424370
408900
424127
408890
424122
408598
393502
378132
393795
377929
393821
377990
393505
408287
423950
423948
408062
423959
408070
408310
393271
377205
377472
392978
377558
393007
393261
801946
804497
788355
790339
801999
804454
788335
811902
824394
808702
821370
811988
824327
808529
799634
786221
797847
783935
799711
786166
797768
814015
831175
816384
827602
816518
827658
813951
801894
790245
804303
788288
804383
788308
801830
811772
821091
823929
808424
824014
808433
811825
799566
783956
786238
797805
786149
797830
799523
747811
749587
733795
735162
747795
749576
733751
759671
773220
757450
771152
759683
773320
757285
746050
732389
744785
730722
746192
732234
744513
761473
777351
763035
775258
763116
775310
761413
747852
735100
749504
733631
749587
733699
747792
759729
771200
773311
757143
773431
757293
759743
746059
730645
732093
744270
732157
744447
746030
691186
692582
676955
677859
691297
692477
676825
704125
718396
702658
716610
704219
718298
702531
690004
675680
689056
674519
690087
675557
689002
705317
721124
706360
719483
706483
719590
705219
691134
677851
692494
676760
692447
676729
691115
704039
716552
718111
702355
718210
702466
703972
689928
674479
675416
688966
675457
689029
689838
635361
634122
619453
620091
634383
635142
619330
647562
661890
646381
660553
647727
661680
646180
633021
618469
632309
617552
633222
618432
632125
648117
663851
649069
662628
649189
662575
648026
633801
619877
634775
618975
634906
619073
633664
647341
660464
661419
645891
661427
646086
647123
632883
617575
618252
632050
618369
632151
632795
575232
574631
559432
559929
574601
575228
559496
588886
603763
587721
602710
588833
603780
587856
573964
558724
573069
558207
573872
558785
573186
589511
605258
589961
604385
589980
604428
589493
574660
559966
575250
559565
575225
559544
574680
588919
602739
603798
588097
603792
587996
588931
574040
558335
558880
573405
558826
573287
574131
513906
514425
498485
499142
513811
514547
498647
528505
543888
527805
543032
528396
543990
527853
513269
497831
512552
497245
513188
497945
512698
529193
545092
529723
544538
529666
544495
529253
514005
499304
514792
499024
514668
498823
514125
528590
543118
544119
527948
544062
527923
528665
513348
497251
498135
512860
498049
512799
513452
454188
454789
439320
439290
454298
454874
439074
468187
483051
467009
481995
468134
483147
466950
453555
438666
452428
437224
453705
438505
452364
469005
484608
469553
484111
469443
483917
469134
454148
439164
454688
438758
454747
438858
454192
468236
482024
483454
466987
483314
466970
468258
453431
437115
438145
452392
438336
452346
453455
392954
393222
377020
376675
393091
393111
376949
407569
423916
406849
422092
407665
423815
406734
392504
376916
391664
376540
392659
376828
391569
407923
423997
407861
423643
407931
423885
407781
392831
376706
392940
376876
393051
376944
392691
407478
422009
423270
406459
423564
406600
407378
392369
376440
376693
391409
376816
391516
392189
829989
834348
814998
818654
829898
834426
815075
840816
855441
836976
853294
840744
855637
836996
827264
812218
824310
809482
827225
812273
824300
843687
862207
848063
859731
848101
859685
843742
830139
818713
834454
815284
834396
815135
830309
840805
853439
855797
837144
855757
837088
840861
827365
809518
812427
824407
812352
824331
827452
771440
774303
756436
759295
771436
774416
756403
783349
798291
780490
795741
783262
798318
780563
768694
753793
766160
751068
768652
753810
766225
786276
804387
789266
801389
789284
801265
786267
771465
759170
774356
756265
774327
756344
771459
783392
795769
798423
780563
798366
780604
783363
768728
751057
753696
766188
753767
766220
768682
710754
712429
695364
697062
710825
712467
695363
723997
739057
721687
736687
724102
739006
721636
708904
693704
707046
691729
708951
693674
707007
725952
743225
727688
741291
727764
741314
725879
710697
696965
712362
695283
712439
695350
710665
723926
736630
738859
721486
738966
721580
723807
708843
691690
693547
706848
693613
706941
708795
649234
651388
633397
635800
649187
651424
633480
662996
678541
661117
676767
663021
678521
661136
647381
631750
645820
630370
647363
631802
645869
664902
681880
666671
680294
666660
680377
664829
649271
635738
651283
633525
651320
633524
649272
662952
676706
678384
661047
678454
661123
662877
647364
630384
631790
645854
631816
645900
647311
586336
587766
570151
571700
586257
587810
570234
600628
616239
599325
615070
600583
616276
599335
584878
568974
583772
567790
584859
569016
583782
602122
619724
603725
618094
603745
618061
602139
586377
571717
587868
570306
587866
570286
586400
600645
615081
616266
599330
616277
599345
600654
584880
567795
569066
583793
569040
583786
584889
522279
523229
505866
507142
522190
523323
505988
537166
553204
535968
552087
537117
553249
536019
521157
505034
520189
504135
521107
505117
520230
538483
555688
539485
554723
539494
554706
538482
522317
507189
523418
506100
523395
506072
522330
537180
552098
553273
536040
553261
536024
537205
521178
504168
505189
520254
505154
520229
521191
458570
459327
442629
443563
458510
459372
442676
473477
489265
472566
488554
473393
489348
472646
457859
442107
457216
441461
457820
442115
457265
474435
491074
475134
490576
475140
490544
474460
458602
443593
459438
442679
459421
442697
458622
473511
488594
489421
472699
489394
472689
473549
457877
441460
442102
457302
442104
457288
457890
396193
397067
380750
381628
396126
397062
380833
411080
426709
410432
426211
411043
426705
410470
395730
379795
395235
379240
395692
379799
395257
411771
427900
412408
427566
412468
427566
411759
396251
381705
397086
381057
397115
380953
396221
411082
426207
426691
410450
426703
410479
411062
395750
379299
379947
395265
379876
395275
395728
818630
821572
804208
806862
818632
821594
804239
828853
842900
826059
841265
828802
842896
826113
816070
801708
813493
799394
816019
801737
813527
831272
849269
834713
846935
834667
846863
831324
818636
806866
821675
804128
821632
804219
818696
828912
841284
842870
826176
842871
826125
828942
816114
799433
801725
813623
801752
813558
816175
761242
763568
746313
748629
761207
763623
746322
773231
788013
771073
785859
773172
788046
771114
758986
744183
756841
742279
758876
744226
756936
775627
793128
778023
790479
778073
790530
775582
761249
748628
763616
746315
763623
746342
761252
773290
785911
788128
771257
788085
771204
773295
759030
742340
744233
757077
744253
757023
759039
702840
705009
687996
689905
702915
704946
687930
715220
729830
713328
728001
715224
729863
713368
700816
686126
699123
684557
700838
686116
699135
717232
734194
719367
731932
719433
731946
717207
702782
689834
704759
687834
704873
687896
702745
715229
728027
729878
713377
729889
713393
715205
700806
684570
686054
699103
686106
699133
700777
643444
644482
628402
629283
643442
644510
628350
656927
671621
655803
670222
656910
671616
655759
642401
627485
641454
626344
642442
627386
641370
658172
674820
659487
673088
659549
673170
658133
643427
629274
644490
628240
644525
628308
643369
656909
670228
671559
655646
671605
655721
656853
642334
626209
627184
641133
627294
641236
642250
581616
582642
565765
566737
581668
582618
565738
596318
612264
595293
611041
596414
612118
595212
580609
564816
579588
563831
580664
564791
579557
597258
613904
598224
612899
598253
612974
597214
581591
566758
582611
565757
582621
565728
581585
596249
610920
611900
595098
612008
595152
596192
580576
563817
564793
579505
564781
579529
580568
518627
519283
502781
503363
518646
519284
502764
533517
549248
532768
548406
533514
549241
532791
517972
502245
517385
501756
517985
502234
517382
534258
551038
535122
550136
535094
550098
534285
518589
503368
519314
502765
519288
502741
518607
533494
548394
549242
532720
549232
532772
533467
517919
501711
502180
517288
502190
517322
517892
456136
456551
440549
440947
456132
456588
440561
471109
486770
470807
486371
471109
486741
470795
455749
440215
455477
439917
455753
440219
455454
471530
487788
472076
487218
472046
487197
471556
456138
440948
456621
440533
456609
440548
456149
471113
486319
486709
470765
486706
470773
471132
455751
439918
440200
455455
440214
455452
455759
394395
394707
378820
378864
394362
394736
378784
409439
424944
409202
424659
409434
424936
409205
394176
378491
393997
378420
394177
378467
393976
409687
425634
410009
425216
410042
425242
409675
394401
378935
394716
378926
394741
378851
394389
409451
424650
424907
409209
424922
409213
409445
394192
378468
378595
393970
378522
393981
394185
809323
811323
795351
797267
809306
811383
795395
820267
834652
818094
832700
820304
834610
817995
807640
793680
805820
791913
807659
793672
805729
821924
838729
824262
837345
824250
837443
821894
809325
797319
811477
795469
811424
795420
809360
820193
832583
834436
817765
834566
817877
820104
807608
791813
793636
805574
793640
805642
807605
753617
755102
738965
740524
753608
755147
738970
766162
780489
764613
778804
766194
780467
764575
752225
737661
750849
736267
752264
737629
750783
767700
783926
769425
782190
769371
782118
767738
753660
740582
755315
739063
755256
739048
753712
766134
778723
780490
764456
780452
764512
766133
752202
736219
737624
750709
737625
750730
752225
696143
697581
681692
683036
696112
697604
681634
708853
723441
707610
722189
708837
723430
707591
694776
680285
693534
679014
694742
680288
693508
710321
726352
711809
724848
711825
724824
710337
696155
683043
697586
681618
697606
681622
696170
708913
722152
723480
707559
723475
707594
708911
694781
679007
680279
693482
680291
693503
694778
638347
640113
623358
624920
638389
639991
623300
651501
666178
650232
664902
651591
666117
650206
636931
621827
635721
620616
637001
621780
635636
652797
668816
654251
667345
654324
667339
652776
638289
624788
639750
623191
639838
623240
638248
651438
664891
666066
650144
666072
650180
651403
636877
620584
621753
635616
621758
635604
636839
577442
578441
561985
562865
577415
578441
562032
591626
606998
590709
605973
591602
606957
590747
576522
561129
575857
560633
576476
561214
575879
592731
609553
593859
608121
593911
608156
592673
577438
562862
578371
562035
578424
562048
577397
591615
605925
606861
590710
606907
590748
591560
576538
560663
561275
575877
561257
575884
576523
516312
516806
500945
501290
516305
516778
500928
530875
546123
530324
545721
530819
546192
530382
515869
500548
515379
500125
515865
500541
515426
531485
547576
532062
546893
532072
546878
531515
516303
501262
516769
500927
516762
500909
516331
530907
545738
546281
530466
546235
530411
530957
515861
500118
500536
515477
500518
515432
515902
455024
455239
439434
439635
455080
455211
439419
470091
485536
469851
485196
470184
485480
469798
454874
439274
454802
439083
454939
439240
454731
470288
485987
470474
485717
470496
485715
470271
454996
439634
455178
439399
455189
439409
454988
470068
485154
485448
469733
485446
469764
470024
454860
439061
439210
454623
439224
454679
454837
393501
393795
378056
378127
393508
393781
378003
408347
423929
408069
423778
408337
423908
408065
393231
377571
392945
377192
393245
377506
392921
408642
424358
408937
424103
408947
424104
408631
393489
378169
393760
378083
393775
378035
393465
408354
423761
423900
408062
423900
408069
408344
393220
377226
377581
392896
377534
392910
393203
801675
804159
788246
790052
801742
804031
788185
811863
823800
808461
821121
811881
823877
808432
799400
786265
797834
783997
799442
786247
797712
813814
830469
816066
827557
816112
827525
813830
801624
789911
803878
788023
803923
788128
801577
811904
821430
824032
808498
823952
808657
811964
799349
784267
786238
797892
786248
797961
799238
747570
749448
733598
734847
747707
749358
733503
759701
773231
757360
771268
759783
773075
757328
745702
732083
744372
730532
745880
732097
744311
761164
777043
762710
774885
762833
774983
761051
747432
734767
749199
733357
749270
733423
747357
759643
771492
772995
757535
773000
757503
759598
745664
730726
732107
744636
732102
744539
745683
691061
692499
676812
677807
691095
692415
676795
704042
717960
702386
716409
703987
717861
702313
689643
675484
689101
674431
689718
675621
689060
705141
720852
706208
719215
706266
719256
705116
691054
677785
692316
676736
692361
676775
691022
704094
716526
717852
702554
717846
702533
704115
689765
674660
675666
689143
675682
689163
689797
633572
634690
618913
619624
633610
634633
618854
647118
661417
645841
660457
647029
661518
645855
632753
618159
632059
617443
632762
618074
632030
647938
663856
648922
662593
648935
662579
647925
633532
619580
634578
618745
634590
618807
633492
647144
660529
661620
646012
661590
645951
647140
632716
617436
618022
631951
618059
631991
632653
574695
575293
559578
560005
574701
575305
559578
588918
603818
588172
602688
588961
603803
588126
574148
558926
573505
558383
574184
558940
573515
589411
605117
589926
604269
589960
604315
589378
574678
560024
575298
559585
575302
559576
574671
588900
602660
603661
587910
603743
588064
588835
574087
558313
558836
573330
558933
573477
574007
514300
514899
499163
499610
514239
514949
499179
528771
544153
527864
543144
528732
544156
527796
513501
498161
512702
497203
513522
498154
512575
529328
545226
529875
544641
529827
544618
529335
514313
499602
515011
499064
514964
499134
514309
528752
543110
544078
527769
544111
527770
528651
513442
497306
498080
512613
498105
512576
513378
453944
454533
438638
438797
454050
454457
438506
468124
483474
466973
482121
468185
483411
466992
453085
437957
452215
436892
453266
437775
452078
468862
484765
469299
484103
469322
484137
468792
453865
438752
454340
438354
454389
438457
453798
468073
482130
483290
467021
483333
467004
468058
452940
436877
437601
452049
437676
452050
452858
392499
392845
376881
376623
392586
392778
376785
407247
423028
406356
421703
407320
422880
406277
391942
376624
391328
376137
392054
376486
391253
407583
423586
407754
423202
407782
423256
407540
392446
376630
392725
376819
392743
376773
392408
407186
421655
422708
406210
422787
406211
407131
391862
376111
376489
391190
376453
391214
391793
)
;

boundaryField
{
    inlet
    {
        type            zeroGradient;
    }
    outlet
    {
        type            fixedValue;
        value           uniform 0;
    }
    seabed
    {
        type            zeroGradient;
    }
    top
    {
        type            zeroGradient;
    }
    side1
    {
        type            zeroGradient;
    }
    side2
    {
        type            zeroGradient;
    }
    submarine
    {
        type            zeroGradient;
    }
}


// ************************************************************************* //
