/*--------------------------------*- C++ -*----------------------------------*\
  =========                 |
  \\      /  F ield         | OpenFOAM: The Open Source CFD Toolbox
   \\    /   O peration     | Website:  https://openfoam.org
    \\  /    A nd           | Version:  10
     \\/     M anipulation  |
\*---------------------------------------------------------------------------*/
FoamFile
{
    format      ascii;
    class       volScalarField;
    location    "3.9";
    object      p;
}
// * * * * * * * * * * * * * * * * * * * * * * * * * * * * * * * * * * * * * //

dimensions      [0 2 -2 0 0 0 0];

internalField   nonuniform List<scalar> 
12920
(
1.75705e+06
1.63666e+06
1.37614e+06
1.27421e+06
1.08705e+06
985432
858689
768392
672701
595708
519599
454034
391439
334934
281156
231399
183292
138235
96049.6
48140.5
1.83487e+06
1.62536e+06
1.39405e+06
1.28308e+06
1.07224e+06
978477
845642
758321
663361
588217
513441
448948
387046
331208
278090
228915
181374
136750
95116.7
47592.5
1.68963e+06
1.57372e+06
1.33815e+06
1.22553e+06
1.05287e+06
953181
827004
740315
647486
574140
501375
439093
379002
324746
272768
224510
177772
133980
93340.7
46859.4
2.01463e+06
1.71703e+06
1.32631e+06
1.20804e+06
994494
909268
781455
706239
619290
551795
483606
424193
366773
314673
264623
218090
172956
130374
91019.5
45900
1.53695e+06
1.43381e+06
1.18723e+06
1.08425e+06
929080
855591
741383
671790
590494
526620
461970
406438
352090
302287
254527
210217
166857
125895
88171.5
44642.4
1.24533e+06
1.24772e+06
1.05681e+06
980797
844075
789736
688162
627398
554882
496152
436934
384397
333870
287124
242306
200488
159480
120724
85185.4
43463.6
555108
888782
887752
854064
757555
720415
635343
582548
517341
464454
409883
361933
314319
270685
228481
189573
151269
115091
81673.9
42256.2
520896
868368
779735
764519
680049
651930
609069
555730
499738
447810
398144
352094
307797
265831
212718
177039
142079
108747
78067.4
40955.6
488186
805478
687506
675506
604476
607049
568419
518001
467649
420353
375456
333406
293085
253714
206924
163477
132409
102454
74461.9
39698.7
747164
751797
624664
602436
535824
542026
508859
463928
421010
380043
341448
305004
268923
233422
191716
151490
123492
96293.6
70941.4
38446.3
755255
727027
553673
531306
466545
474036
447218
409123
373558
339093
306179
275156
244265
213228
176069
139724
114904
90361.2
67468.9
37160.9
755965
665202
475505
456464
396261
406375
384713
353979
325171
298274
271293
245329
219316
193276
161238
128655
106750
84650.7
64106.6
35938.7
434818
531237
374533
362059
317498
309670
306211
288019
268995
250506
230847
210968
190309
169285
138646
119288
99142.9
79305.9
60910.4
34798.3
448828
355861
265881
254926
232259
235052
223734
220362
209147
200900
187499
175141
159558
144135
126813
110019
92047.9
74368.4
57731.6
33578.4
-92368.4
130826
98466.6
136625
141027
161557
163609
170605
168892
167358
160100
152420
141323
129399
115439
101157
85119.1
69447.4
54900
32619
-273630
-83517.8
-50487.6
18159.8
52876.2
89711.7
105335
124625
130100
136741
134573
132041
124457
116185
104692
92922.8
79085
65420.3
52591.4
31951.6
-410146
-221633
-174738
-78105.2
-24788.8
29192.1
57271.7
85841.4
98543.9
110924
113637
115018
110327
104713
95754.5
86075.8
74125.1
62012.4
50613.7
31247.1
-778331
-392635
-272813
-150560
-87453.3
-19817.2
16645.9
53152.5
71460.1
89013.8
95606.3
100494
98747.1
95733.1
88730.2
80783.5
70242.1
59427.3
49060.1
30705.7
-798343
-474459
-332616
-205868
-124844
-50977.4
-7144.2
33046.9
55228.2
75419.9
84182.3
91218
91333.9
89763.6
83901.8
77011.3
67401.8
57553.7
47858
30318.7
-520600
-466417
-352811
-226142
-143464
-67151.2
-21665.6
21293.8
45768.1
67891.1
78117.6
86598.2
87492.3
86698.7
81431.4
75197.7
66070.9
56678.7
47300.9
30529.9
1.74728e+06
1.63187e+06
1.37256e+06
1.27386e+06
1.087e+06
985475
858461
768362
672539
595713
519608
454109
391421
334897
281111
231359
183257
138156
95953.3
47996.6
1.80843e+06
1.63489e+06
1.39112e+06
1.28175e+06
1.07209e+06
978537
845456
758232
663009
588089
513348
448949
387011
331183
278053
228890
181351
136668
95013.4
47468.8
1.65201e+06
1.56763e+06
1.34127e+06
1.22592e+06
1.05337e+06
953125
826794
740373
647418
574158
501262
439065
378981
324670
272666
224413
177746
133883
93196.4
46590.9
1.98142e+06
1.70944e+06
1.32083e+06
1.20828e+06
994908
909644
781060
706242
619053
551614
483046
424042
366686
314601
264544
218003
172917
130253
90869.8
45600.7
1.53549e+06
1.44091e+06
1.18709e+06
1.08186e+06
929867
856119
741309
672011
590399
526886
461960
406001
351636
302136
254421
210149
166767
125776
88035.3
44412.9
1.26919e+06
1.25477e+06
1.05671e+06
978549
845136
790324
687816
627639
554792
496191
436886
384425
333524
287008
242242
200394
159420
120644
85011.3
43222.1
674860
904883
888217
853230
758457
721275
635239
582772
517239
464470
409809
361903
314385
270542
228357
189458
151217
114974
81531.1
42045.5
733638
859518
784886
761890
680712
652438
608971
555842
499612
447774
398117
352104
307709
265661
212315
176806
141890
108649
77964.3
40787.6
667409
747147
705987
675228
605499
607631
568986
518130
467686
420340
375563
333535
293132
253570
206546
163393
132464
102366
74351.6
39549.7
644320
733871
621332
601357
535980
542366
509346
463932
420927
379931
341491
304928
268854
233267
191286
151314
123491
96199.9
70778.1
38248.8
741529
701968
551003
530809
466371
474207
447684
409166
373482
338910
306031
275054
244154
213242
175661
139687
114910
90290.5
67343.7
36977.8
676716
669039
473929
456373
396238
406771
385183
353738
325089
298107
271161
245268
219108
193215
160731
128682
106754
84583.7
64011
35822.3
429481
525721
378548
362104
317975
309907
306276
287774
268776
250235
230724
211082
190463
169243
138614
119277
99130.8
79237.5
60828.9
34698.2
362165
338600
263644
254454
232357
235236
223575
220234
209132
200718
187400
175020
159557
144158
126776
109970
92034.9
74313.6
57670.7
33546.2
114586
140614
100239
136481
141110
161776
163535
170622
168885
167267
160107
152404
141381
129387
115376
101155
85158.1
69404.1
54862.3
32573.6
-319968
-88788.8
-51193.2
17936
52777
89846.8
105322
124617
130208
136742
134608
132087
124490
116202
104707
92897.5
79100.2
65369.6
52535.2
31846.2
-519708
-240107
-174183
-78830.4
-25186.9
29252.6
57264.6
85793.4
98671
111007
113695
115062
110345
104722
95752.1
86042.8
74135.3
61952.9
50542.6
31060.5
-719245
-370960
-275871
-150876
-87958.5
-19619.9
16496.6
53036.3
71519.5
89085
95615
100549
98804.5
95761.7
88731.3
80780.9
70251.6
59321
48928.2
30578.2
-767897
-471182
-332376
-204761
-125100
-51346.8
-7683.71
32801.9
55163
75419.7
84191.9
91244.2
91316.3
89753
83887.7
77012.9
67371.7
57479.2
47777.1
30215.1
-748262
-490637
-357443
-226877
-144489
-67943.3
-21962
20967.7
45690.8
67799.7
78126.1
86570.5
87479.7
86693.3
81419.9
75194.7
66060.4
56660
47276.2
30511.2
1.69216e+06
1.61386e+06
1.37808e+06
1.27389e+06
1.08773e+06
985734
858377
768426
672411
595751
519606
454160
391334
334826
281030
231312
183196
138029
95763.3
47716.3
1.80417e+06
1.64381e+06
1.38997e+06
1.27961e+06
1.07249e+06
978543
845142
758216
662677
588057
513316
449052
387047
331218
278035
228880
181323
136434
94667.4
46860.7
1.61835e+06
1.56867e+06
1.3423e+06
1.22673e+06
1.0538e+06
953365
826759
740562
647305
574258
501185
439058
378980
324662
272586
224369
177703
133702
92802.8
45945.3
2.03651e+06
1.75024e+06
1.32727e+06
1.20884e+06
996244
910106
781070
706480
618775
551581
482833
423884
366532
314561
264444
217911
172792
130025
90446.6
44829.9
1.67968e+06
1.45237e+06
1.18749e+06
1.08157e+06
932491
856853
741409
672385
590239
526996
461788
406003
351384
301919
254243
209969
166639
125578
87690.6
43831.2
1.14447e+06
1.26822e+06
1.05645e+06
977917
847886
790775
687612
628093
554595
496309
436782
384339
333476
286753
241935
200242
159335
120434
84651.2
42637.7
766701
940457
890661
854869
760031
722660
635054
583049
517002
464446
409653
361812
314327
270594
228005
189086
151013
114770
81216.4
41397.8
797485
851216
788602
760696
681708
653544
609143
555750
499395
447684
397991
351971
307507
265545
212285
176672
141820
108520
77677.8
40241.9
582313
700905
693946
673036
605226
608814
569670
518339
467711
420401
375628
333537
292942
253235
205942
163316
132469
102215
74069.7
39050.4
566260
723412
625498
599116
536271
542940
509953
463956
420826
379779
341446
304682
268740
233120
190877
151157
123463
95983.7
70444.2
37748.3
713243
702685
552531
531369
466288
474606
448442
409222
373253
337237
305354
275021
244139
213126
175255
139571
114905
90119.3
67071.3
36511.7
703977
643470
477507
456504
396607
407226
386030
353643
324995
297758
270955
245245
219147
193056
160189
128642
106798
84483.6
63777.3
35450.5
561208
530398
384170
362480
318562
310410
306512
287668
268494
249890
230552
211128
190595
169175
138325
119268
99162.1
79161.6
60630.4
34406.3
433320
340740
264013
254951
232894
235635
223637
220128
209005
200593
187280
174790
159565
144036
126706
109964
92042.6
74206.7
57531.2
33292.4
56714.9
149536
97709.5
136092
141308
162052
163642
170756
168807
167229
160079
152385
141293
129379
115354
101191
85287.1
69365.2
54726.2
32317.5
-371426
-88592.6
-50511.2
18644.6
52665.7
89823.4
105302
124681
130243
136752
134622
132123
124619
116260
104819
92983.5
79152.4
65299
52344.5
31430.7
-569006
-248005
-172382
-78081.8
-25077.9
29220.1
57223.6
85840.5
98773.9
111069
113727
115063
110417
104804
95780.4
86051.6
74144.8
61860.5
50310.7
30652.4
-701289
-373178
-276185
-151421
-87676
-19627.9
16355
53006.3
71577.1
89143
95674
100676
98899.9
95827.6
88741.5
80793.8
70238.6
59236.4
48710.7
30248.9
-648612
-456035
-331521
-204198
-124794
-51555.9
-7932.55
32696.7
55134.9
75457.3
84265.9
91313.8
91329
89765.4
83886.7
77032.5
67367.8
57425.3
47702.9
30017.5
-819302
-506318
-359233
-227701
-144754
-67996.3
-22191.6
20878.9
45614.7
67776.4
78116.6
86547.6
87464.7
86685.5
81407.3
75182.5
66041.6
56619.9
47244.9
30471.5
1.76752e+06
1.60467e+06
1.38299e+06
1.27499e+06
1.08863e+06
986021
858134
768452
672148
595730
519552
454196
391285
334762
280943
231219
183119
137870
95562.4
47421.2
1.81172e+06
1.62962e+06
1.39377e+06
1.27604e+06
1.07233e+06
978871
844842
758105
662229
588038
513209
449124
387040
331247
277966
228826
181254
136273
94260.5
45900.1
1.66519e+06
1.58486e+06
1.3436e+06
1.2275e+06
1.05417e+06
953368
827002
740750
646836
574301
500976
439002
378871
324565
272410
224206
177573
133491
92229.3
44343.9
2.11122e+06
1.74058e+06
1.3218e+06
1.20655e+06
997510
910928
781407
706782
618672
551665
482476
423709
366178
314277
264147
217687
172627
129802
89823.6
43251.7
1.65366e+06
1.46486e+06
1.1861e+06
1.08119e+06
934678
857456
742148
672999
590243
527268
461562
405930
351195
301717
253923
209670
166429
125332
87143.4
42327.2
1.27961e+06
1.2854e+06
1.05393e+06
977463
851092
790225
688593
628676
554577
496596
436588
384294
333323
286611
241485
199812
159091
120224
84126.3
41215.7
897867
987512
893098
855575
762977
723820
635216
583480
516976
464583
409445
361730
314253
270782
227934
188886
150886
114569
80668.8
40067.7
667110
843158
790417
759468
683819
654629
608975
555653
499266
447596
397823
351747
307306
265383
212303
176587
141753
108371
77209.5
38964.2
569319
738695
702706
672818
607242
610121
569755
518526
467783
420540
375595
333419
292739
253085
205689
163265
132463
102076
73574.9
37842
478853
706051
625864
597169
537203
543707
510087
464018
420844
379807
341263
304461
268634
233006
190770
151061
123403
95832.3
69946.6
36640.1
731015
704196
554582
530984
466121
474977
448705
409264
373111
337488
305226
274941
244129
212973
175004
139529
114865
89963.2
66571.3
35465.2
616604
623563
472509
456319
396004
407324
386321
353741
324949
297582
270912
245258
219321
192905
159939
128684
106837
84372.4
63365
34387.6
677464
529060
390005
363844
318994
310857
306834
287572
268315
249666
230376
210860
190402
168937
138214
119296
99202
79062.7
60264.4
33368.8
320869
317711
259456
254029
233200
235903
223482
219953
208869
200468
187173
174639
159375
143889
126656
109965
92073.3
74114.1
57238
32472.2
-85468.3
105800
96340.3
134423
141380
162186
163663
170841
168772
167228
160067
152372
141264
129363
115354
101166
85405.1
69343.1
54430.1
31457.8
-294978
-85416.3
-51872.7
19179.6
52656.3
89879.9
105349
124740
130289
136781
134651
132170
124621
116265
104928
93080.4
79224.2
65208.1
52008.7
30585.5
-422742
-237831
-168497
-77453.2
-25169.6
29141.9
57169
85873.1
98857.6
111131
113762
115084
110511
104918
95888.2
86113.5
74151.7
61730.2
49902.3
29908.7
-744556
-362076
-278523
-151238
-87944.6
-19616.5
16271.7
53007
71650.1
89212.5
95752.1
100756
99001.6
95911.8
88773
80818.7
70226.7
59155.9
48414
29636.7
-708956
-442176
-331005
-203891
-125000
-51778.7
-8123.78
32630.4
55172.7
75536
84358
91443.1
91406.4
89829.6
83902
77056.3
67408.6
57395
47631.8
29841.4
-869189
-518872
-359565
-227160
-145450
-68430.5
-22329.1
20780.8
45608.8
67808.4
78159.3
86580.7
87476.1
86705.8
81412.3
75180.8
66042.7
56615
47225.8
30416.8
1.61945e+06
1.58629e+06
1.38536e+06
1.27574e+06
1.08898e+06
986359
857943
768484
671991
595768
519503
454224
391239
334723
280838
231128
183032
137760
95446.1
47134.7
1.87367e+06
1.66733e+06
1.40179e+06
1.27572e+06
1.07304e+06
979061
844898
758175
661340
588046
513048
449171
386972
331218
277856
228725
181134
136118
94060.9
44787.1
1.66026e+06
1.59236e+06
1.34515e+06
1.22739e+06
1.05523e+06
952795
827328
740966
646187
574389
500486
438976
378506
324356
271909
223886
177418
133324
91718.8
42667.5
2.23684e+06
1.76157e+06
1.3233e+06
1.20731e+06
1.00007e+06
911054
783920
706797
618723
551851
481783
423556
365843
314031
263818
217452
172475
129623
89320.7
41593.5
1.61733e+06
1.47167e+06
1.18358e+06
1.08183e+06
936414
856656
745180
673471
590408
527637
461210
405836
350925
301595
253725
209416
166263
125188
86678.4
40775.2
1.35577e+06
1.29831e+06
1.05641e+06
977337
851919
790522
691646
628817
554875
497067
436260
384262
333140
286514
241262
199559
158973
120066
83678.3
39771.6
1.11176e+06
1.01468e+06
894831
855789
765953
722781
637325
583509
517145
464783
409031
361618
314128
270784
227836
188689
150796
114433
80253.1
38730.1
656721
845221
790562
758548
685508
654900
608822
556030
499362
447673
397717
351518
307167
265232
212329
176498
141711
108259
76792.9
37707.4
531178
718612
698483
671130
610767
611165
569713
518675
467960
420671
375570
333329
292658
253061
205726
163217
132473
101983
73201.5
36669.6
561950
704644
621707
595251
538690
544463
509967
464129
420945
379873
341148
304423
268651
232949
190861
150979
123369
95737.3
69602.9
35532.1
735130
704485
558242
530778
465657
475331
448568
409351
373108
338470
305711
274762
244152
212847
174945
139459
114844
89854.9
66219.7
34431.3
561122
613954
478665
456718
395037
407340
386158
353871
324969
297549
271053
245308
219439
192829
160098
128687
106868
84279
63002.4
33405.5
743442
521782
393380
364697
319132
311215
307096
287534
268429
249579
230403
210753
190314
168882
138186
119314
99239.4
79000.5
59973.1
32406.9
275853
316183
259310
254121
233565
236217
223401
220021
208835
200507
187159
174644
159303
143861
126648
109979
92099.8
74048.4
57003.4
31522.7
-105925
103421
94258.6
133587
141397
162338
163652
170939
168763
167263
160074
152405
141267
129374
115377
101172
85433.6
69310.6
54238.4
30595.3
-340498
-91754.7
-54069.8
19605.6
52702.9
89975.8
105343
124813
130323
136836
134681
132214
124633
116292
104929
93111.3
79318.7
65182.3
51723.6
29844.4
-240944
-218666
-167586
-76446.6
-25058.4
29114.1
57146.9
85933.4
98921.7
111195
113796
115132
110577
104996
95937.5
86171.7
74195.2
61656.7
49631.8
29158.2
-596426
-356191
-277952
-151498
-87903.5
-19676.6
16283.3
53044.2
71709.5
89267.1
95777.9
100805
99029.4
95955.8
88804.9
80837.6
70243.3
59089.3
48196.1
28968.7
-703202
-446036
-331490
-203895
-125371
-51889.1
-8181.19
32640.1
55234.7
75592.2
84459.5
91537.1
91478.7
89894.4
83948.9
77095.9
67446.9
57369.6
47657
29757.3
-757110
-507729
-361110
-228068
-145731
-68571.8
-22377.8
20787.2
45647.2
67859.5
78207.8
86621.7
87510.7
86737.5
81434.1
75203.6
66067.7
56631
47227.8
30316
350836
347020
323480
379770
350761
346756
323240
313806
315077
290991
341320
313606
314890
290982
313425
307874
286468
337089
313191
307734
286379
284118
279470
259291
305128
284175
279414
259215
531874
524880
488707
568789
531911
525245
488721
481103
477388
443763
518045
481104
477367
443719
433040
432768
400647
467655
433037
432720
400584
387495
390259
359944
420327
387486
390160
359958
344789
350091
321781
375514
344842
350186
321775
303920
312331
284169
333482
303945
312300
284204
264263
275088
247787
293149
264240
275005
247638
224579
238613
211399
253633
224358
238453
211173
474849
463416
432584
509258
474871
463745
432597
431548
423006
394704
463928
431507
422993
394698
390055
385519
358321
420953
389996
385496
358226
350852
349417
323531
379967
350858
349327
323445
314129
315132
290921
341493
314105
315056
290837
277811
282808
258553
304967
277664
282601
258445
242211
250531
225979
268871
242086
250389
226112
206485
217999
193991
233327
206211
218140
193618
418330
401205
375659
447707
418368
401643
375650
382251
367712
344837
409150
382241
367645
344701
347596
337333
315625
373514
347544
337242
315561
314334
308377
286961
339010
314167
308290
286859
282963
279973
259470
306120
282772
279863
259354
252008
252774
232364
275125
251926
252676
232237
220803
225373
205072
244177
220929
225270
205004
189435
198237
177421
213264
189165
198100
177000
361561
335735
318077
385101
361477
335711
317952
332259
311087
295100
353814
332135
310925
294897
305103
288686
273873
325111
305035
288501
273762
278027
267759
251913
298175
277908
267566
251774
251695
245575
229515
271200
251734
245436
229462
226079
223394
207790
245285
225914
223302
207639
199793
201217
185275
219136
199839
201162
185169
173238
178565
161247
193253
172831
178524
160847
532033
525355
488749
569620
532236
525996
488857
481155
477385
443706
518267
481169
477461
443683
433064
432702
400561
467694
433108
432667
400513
387511
390129
359955
420368
387532
390066
359946
344894
350199
321753
375614
344932
350183
321625
303949
312266
284250
333557
303911
312133
284231
264216
275039
247543
293014
264056
274991
247416
224283
238365
211045
253326
223776
238212
210565
474887
463766
432598
509947
474928
464532
432612
431489
422985
394677
463946
431427
422962
394550
389963
385463
358141
420846
389849
385285
357625
350852
349231
323410
379823
350840
348040
323519
314068
315018
290771
341461
313883
315134
291272
277699
282541
258390
304750
277708
282576
258292
242046
250322
226132
268787
241998
250295
226189
206157
218164
193542
233148
205778
218137
193194
418383
401697
375647
448451
418449
402468
375646
382226
367615
344662
409211
382132
367560
344573
347461
337206
315515
373324
346945
337107
315290
314077
308232
286811
337645
313556
307982
286576
282657
279807
259331
305537
283584
279562
259296
251878
252662
232183
275049
251780
252616
232102
220927
225255
204958
244120
220927
225243
205001
189151
198048
176957
213158
188857
198064
176537
361418
335424
317807
385979
361298
336086
317757
332098
310842
294772
353636
332029
310771
294650
304977
288392
273654
325021
304735
288188
273395
277860
267416
251705
297848
277681
267106
251527
251734
245373
229473
271009
251752
245173
229527
225843
223309
207595
245250
225742
223290
207463
199819
201172
185127
219156
199741
201104
184808
172677
178513
160786
193080
172192
178248
160136
532338
525994
488894
569924
532540
526302
489001
481199
477491
443685
518470
481226
477573
443728
433143
432665
400503
467756
433255
432707
400549
387554
390052
359939
420500
387565
390086
359898
344932
350166
321571
375613
344898
350073
321405
303877
312079
284198
333460
303793
311922
284100
264009
274954
247386
292794
263962
274844
247301
223702
238173
210522
253119
223433
238067
210248
474944
464549
432618
510202
474993
464931
432634
431414
422958
394498
464001
431420
422957
394393
389802
385208
357341
420826
389799
385076
357079
359934
369966
369370
379736
359991
369941
369242
323876
332197
332734
341418
323897
332149
332724
277680
282505
258290
304504
277586
282369
258256
241987
250299
226186
268650
241940
250279
226104
205758
218097
193192
233034
205530
217972
192947
418467
402494
375651
448839
418510
402943
375691
382090
367566
344552
409253
381997
367624
344520
346714
337074
315195
373119
346451
337006
315053
318189
329911
327271
337229
319096
328917
326685
289141
297141
296456
303449
289195
295103
296263
251801
252587
232098
274975
251806
252487
232233
220917
225323
205001
244140
220845
225454
204951
188876
198040
176515
213014
188563
197928
176129
361284
335909
317689
386472
361318
336545
317758
332015
310734
294578
353712
332015
310807
294540
304652
288111
273278
324946
304496
288073
273054
277616
267010
251478
297598
277536
266804
251340
251824
245132
229547
270894
251757
245019
229584
225714
223342
207476
245261
225829
223419
207492
199741
201118
184727
219293
199691
201133
184597
172148
178168
160131
192940
171759
178035
159913
532606
526177
489035
569856
532715
526216
489161
481249
477602
443754
518617
481312
477725
443853
433301
432735
400590
467892
433424
432837
400694
387563
390120
359879
420626
387551
390196
359845
344872
350037
321360
375565
344828
349968
321297
303750
311882
284076
333346
303696
311827
284059
263934
274818
247281
292674
263940
274788
247261
223509
238038
210310
253065
223448
237986
210217
475010
464820
432637
510094
475087
464866
432665
431436
422962
394381
464092
431510
423007
394385
389846
385074
357326
420917
389939
385084
357645
350720
347737
323124
379861
350636
348739
322933
313563
314774
291061
341158
313504
314563
290178
277568
282288
258239
304413
277580
282094
258266
241926
250266
226079
268639
241905
250281
226019
205620
217936
193001
232956
205534
217848
192817
418520
402812
375710
448734
418562
402923
375780
381985
367651
344522
409321
381980
367743
344557
346657
336999
315054
373104
346944
337003
315049
313235
307747
286440
338437
313648
307752
286556
283477
279460
259217
305634
282443
279605
259307
251792
252479
232271
274737
251814
252544
232403
220814
225482
204929
244134
220744
225573
204887
188618
197893
176209
212870
188394
197811
176013
361341
336268
317716
386375
361434
336931
317821
332036
310804
294506
353836
332062
310922
294492
304473
288040
272999
324962
304429
288081
272907
277550
266771
251325
297553
277623
266708
251266
251749
245020
229632
271015
251785
245018
229670
225864
223449
207545
245284
225981
223472
207587
199670
201177
184637
219406
199640
201199
184662
171837
178032
160088
192838
171681
178003
159995
532755
526083
489199
569647
532607
526377
489270
481373
477776
443889
518590
481325
477901
443983
433486
432875
400723
467954
433432
432971
400818
387571
390217
359847
420707
387562
390307
359895
344822
349965
321300
375579
344745
350003
321305
303682
311829
284065
333294
303608
311825
284058
263931
274789
247262
292634
263858
274785
247262
223589
237981
210345
253064
223421
237981
210152
475120
464747
432684
510070
475210
464944
432764
431541
423035
394398
464253
431642
423173
394506
389960
385093
357686
421046
390054
385199
357813
350628
348778
322943
379948
350643
348883
323025
313511
314576
290192
341156
313534
314659
290278
277598
282122
258296
304439
277627
282231
258365
241904
250304
226008
268655
241898
250359
225982
205673
217827
192917
232937
205465
217779
192672
418586
402703
375808
448674
418687
402763
375849
381989
367778
344568
409482
382091
367863
344629
346979
337018
315049
373206
347101
337088
315115
313717
307753
286594
338577
313868
307821
286710
282447
279653
259357
305873
282541
279777
259496
251842
252590
232465
274843
251911
252736
232560
220730
225617
204885
244206
220704
225689
204900
188489
197797
176152
212807
188213
197778
175936
361474
336754
317775
386257
361567
337530
317992
332077
310932
294495
353965
332132
311189
294691
304424
288126
272905
325022
304477
288406
273016
277651
266718
251279
297599
277748
266848
251386
251811
245055
229717
271148
251903
245201
229798
226026
223502
207620
245397
226138
223606
207694
199645
201227
184707
219518
199675
201332
184768
171842
178025
160225
192818
171646
178101
160069
350676
360306
341707
350822
350719
360290
341697
349179
358368
340324
346837
349551
357854
341753
341189
332777
331793
325370
341220
332869
333484
359918
379732
369954
369305
369938
369213
359938
350643
350795
360265
341591
360276
341650
350632
349184
346713
358212
340356
357761
341773
349506
341140
325197
332612
331610
332797
333345
341101
314905
322960
306183
313727
314997
322885
306080
316059
324225
306764
316826
315836
324364
308338
307674
298957
298316
289960
307530
298903
298991
323798
341374
332027
332577
332089
332663
323700
314820
313659
322758
305975
322814
306008
314782
315969
316643
324060
306542
324290
308134
315643
307543
289764
298761
298029
298838
298828
307297
310980
321686
303951
311597
311460
320216
303659
309902
317805
300674
307777
310085
317644
300578
302375
295251
293473
286381
302546
295119
293382
318159
337287
329886
327114
329099
326602
319079
310958
311490
321492
303845
320012
303635
311349
309873
307734
317689
300554
317600
300543
310000
302336
286349
295154
293362
295085
293348
302445
282520
289543
275308
281979
282288
286827
275517
280834
288018
272651
279410
280906
287923
272611
273701
266776
265880
259266
273710
266761
265850
289102
303329
296994
296370
294979
296228
289150
282468
281642
289309
275365
286470
275528
282250
280821
279393
287941
272644
287890
272611
280889
273727
259227
266868
265866
266780
265836
273853
586780
584262
558663
608983
586758
584387
558820
530293
532046
505780
555665
530120
532111
505768
476210
479591
454565
499665
476185
479622
454542
424909
430491
406422
447775
424869
430465
406355
377329
383515
361287
398128
377350
383559
361319
331778
339929
318462
352103
331760
339970
318460
288481
297955
276771
307771
288448
297960
276827
247239
257327
237080
265766
247140
257310
236853
581404
576206
547859
607167
581527
576336
548021
542170
557588
556496
568418
557609
556522
542162
492243
506336
504670
517991
506321
504672
492272
444504
456761
456311
467635
456759
456303
444523
399516
410021
410626
420340
410001
410606
399567
357007
365974
367354
375465
365977
367380
357001
316628
324262
326633
333413
324259
326669
316643
277642
284108
287613
293120
284102
287609
277650
239219
244643
249063
253702
244626
249056
239232
192078
200208
183634
206794
191964
200064
183473
516219
508849
484371
542351
516352
509260
484529
482276
497039
494444
508876
497086
494507
482194
439783
452962
450226
463919
452962
450237
439775
399195
410545
409208
420995
410537
409209
399195
360355
370204
369868
380033
370179
369852
360380
323969
332288
332767
341472
332303
332777
323956
288908
295876
297694
305001
295874
297695
288933
254232
260086
262860
268918
260097
262860
254241
219619
224604
228061
233387
224568
228056
219628
175978
183585
169372
191516
175825
183407
169286
452202
441619
420305
474305
452530
441836
420598
422361
437120
432459
447238
437148
432436
422334
386726
399996
395378
409124
399994
395377
386731
353360
364922
361592
373550
364899
361568
353393
320763
330748
328695
339095
330735
328708
320789
289816
298337
297388
306189
298332
297370
289837
260229
267534
267464
275164
267515
267521
260220
230434
236441
237894
244241
236401
237905
230433
200681
205479
208232
213264
205485
208212
200699
162135
168411
155497
175900
162013
168203
155316
388254
371069
355372
406644
388492
371263
355754
361683
376851
369920
384700
376829
369944
361706
332906
346654
339910
353944
346597
339878
332948
306944
318462
313149
325159
318450
313134
306965
281904
291552
288295
298256
291521
288278
281931
256524
264826
262839
271261
264795
262800
256557
232094
239061
238146
245306
239053
238126
232113
206905
212664
213372
219275
212637
213332
206938
182050
186774
188410
193288
186782
188417
182047
148269
152456
143487
161097
148094
152225
143253
297579
273878
270291
306617
297559
274209
270342
278490
260498
254500
287913
278303
260553
254530
259692
244920
240045
268890
259572
244941
240042
240516
230505
224190
250400
240431
230454
224159
220503
214323
207508
230800
220496
214271
207500
200447
197108
189328
211006
200490
197098
189338
179852
178743
171334
190383
179793
178761
171228
157829
159903
151914
169269
157657
159885
151707
586997
584585
558980
609303
587154
585109
559287
530124
532201
505726
555669
529766
532305
505633
476239
479659
454559
499440
476153
479666
454578
424852
430470
406347
447697
424776
430420
406345
377386
383621
361359
398055
377377
383658
361374
331731
339996
318429
352050
331681
339966
318385
288393
297965
276908
307633
288333
297925
276948
247154
257291
236773
265663
246929
257219
236517
581883
576490
548295
608328
581964
577236
548456
542459
557912
556976
569248
542366
557998
557247
492235
506438
504747
518151
492220
506446
504796
444509
456865
456347
467679
444501
456889
456363
399319
409976
410560
420336
399346
409970
410556
356970
366033
367419
375573
356969
366039
367446
316582
324279
326756
333548
316595
324273
326765
277594
284141
287605
293108
277605
284139
287567
238842
244507
248903
253510
238942
244457
248798
191893
199687
183382
206268
191634
199339
183109
516505
509304
484774
542887
516635
509912
485010
482667
497278
494906
509623
482548
497388
495166
439764
452954
450260
463936
439776
452948
450262
399070
410470
409145
420899
399115
410440
409106
360153
370070
369707
379896
360211
370040
369640
323938
332307
332759
341483
323956
332288
332744
288762
295812
297618
304875
288804
295768
297567
253964
259976
262758
268852
254032
259906
262707
219470
224395
228072
233219
219511
224334
228066
175781
183195
169257
191065
175501
182994
168998
452738
441872
420873
474789
453098
442436
421305
422691
437385
432860
448080
422571
437490
433278
386669
400020
395368
409183
386685
400024
395366
353171
364794
361477
373440
353237
364734
361430
320367
330489
328563
338784
320529
330384
328419
289478
298149
297133
305909
289590
298001
296999
260082
267325
267476
274970
260160
267270
267425
230383
236352
237847
244086
230358
236354
237824
200587
205378
208152
213215
200633
205334
208131
162009
168026
155250
175453
161721
167802
154938
388710
371139
355756
407129
389085
371442
356370
361925
377022
370411
385556
361828
377115
370724
332733
346378
339725
353679
332761
346334
339702
306813
318406
313067
325069
306857
318376
313048
281629
291356
288115
298027
281713
291280
288031
256378
264695
262675
271117
256414
264657
262631
231971
239004
238063
245255
232014
238948
238058
206876
212650
213151
219104
206860
212669
213139
181875
186551
188391
193130
181963
186441
188328
148023
152021
143197
160446
147860
151666
142794
297372
274117
270098
306906
297436
274974
270524
278131
260391
254388
287712
278019
260421
254393
259411
244905
239943
268639
259217
244880
239833
240317
230337
224088
250052
240207
230187
223994
220512
214161
207436
230644
220512
214027
207337
200503
197091
189427
211135
200475
197025
189632
179722
178821
171111
190539
179626
178794
170981
157615
159916
151689
169216
157241
159858
151364
587493
585062
559555
609499
587861
585497
559914
529747
532346
505522
555582
529441
532376
505375
476233
479681
454638
499272
476301
479682
454714
424761
430436
406353
447614
424696
430456
406341
377374
383670
361368
397919
377374
383651
361337
331638
339902
318318
351880
331596
339811
318228
288332
297814
276958
307417
288378
297682
276934
246989
257142
236670
265496
246725
257072
236426
582075
577295
548293
609577
581593
578221
548058
542654
558297
557490
569846
542613
558345
557653
492334
506565
504971
518378
492306
506581
505029
444583
457010
456422
467720
444557
457050
456448
399345
410034
410612
420430
399330
410056
410643
356949
366104
367495
375627
356960
366112
367497
316488
324261
326727
333520
316519
324251
326698
277359
283993
287372
292896
277419
283967
287302
238515
244189
248523
253193
238575
244151
248458
191627
199077
183116
205786
191404
198914
182854
516499
509961
484985
543529
516268
510553
484888
482922
497565
495462
510124
482870
497614
495627
439723
452936
450270
463969
439728
452940
450277
398859
410360
408976
420815
398906
410345
408942
297369
304615
297289
288561
295625
288617
295575
253910
259803
262582
268704
253921
259781
262555
219328
224189
228044
233091
219373
224148
228019
175554
182845
169040
190791
175285
182749
168769
453167
442482
421411
475210
453185
443022
421448
422970
437673
433661
448695
422897
437741
433941
386626
400014
395379
409233
386632
400007
395392
352828
364460
361247
373186
352917
364358
361187
267392
274731
267410
259858
267110
259845
267119
230514
236423
237893
244154
230494
236436
237918
200422
205204
208075
213097
200473
205154
208045
161826
167586
154993
175080
161497
167407
154654
389163
371341
356248
407712
389255
371860
356625
362142
377272
371006
386284
362090
377323
371215
332703
346289
339699
353661
332696
346299
339722
306624
318246
312982
324970
306662
318203
312967
291022
297679
290947
281308
287768
281376
287696
264522
270915
264493
256264
262512
256277
262489
245276
231856
238788
238066
231880
238781
238077
206902
212732
213134
219217
206855
212776
213179
181435
186309
188101
193022
181528
186243
188062
148007
151503
143045
160010
147789
151345
142853
297318
274791
270273
307372
297524
275706
270654
277897
260361
254279
287645
277855
260332
254228
259045
244777
239696
268393
258925
244743
239572
240103
230081
223923
249760
240005
229922
223809
220464
213909
207288
230454
220431
213783
207226
200549
196979
189721
210979
200511
196869
189708
179521
178823
170986
190537
179463
178759
170908
157364
159862
151635
169051
157090
159760
151340
588344
584923
560199
609179
588649
585288
560478
529456
532383
505264
555624
529401
532382
505157
476487
479715
454821
499241
476682
479807
454915
424691
430495
406299
447570
424711
430558
406236
377369
383614
361301
397754
377401
383587
361257
331534
339725
318138
351635
331492
339655
318045
288438
297572
276938
307248
288512
297501
276925
246887
257010
236657
265322
246698
256980
236402
581076
578447
547483
611038
580529
579413
546956
542594
558357
557350
569863
542614
558351
557416
492460
506679
505192
518554
492427
506706
505243
444737
457187
456548
467812
444693
457235
456588
399429
410139
410751
420568
399406
410162
410788
356890
366110
367470
375583
356902
366110
367457
316372
324181
326590
333396
316392
324169
326558
277232
283886
287142
292718
277250
283892
287106
238387
244095
248310
253082
238407
244104
248279
191616
198863
182994
205698
191453
198880
182745
515781
510662
484518
544504
515256
511380
484076
482933
497633
495589
510164
482940
497628
495658
439752
452978
450313
464037
439737
452998
450329
398905
410392
408937
420867
398879
410421
408953
369966
369374
359946
359951
379833
369970
369422
331966
332481
323599
323530
341216
331917
332416
297116
288388
295461
304431
288417
295437
297073
253887
259736
262506
268628
253886
259733
262505
219185
224027
227931
232983
219214
224001
227909
175491
182720
168952
190802
175243
182714
168693
452886
442881
421139
475579
452510
443474
420785
423029
437774
433971
448817
423024
437776
434101
386637
400001
395432
409278
386628
400007
395449
352772
364314
361102
373107
352768
364325
361093
329508
327595
319592
319852
338295
329930
327883
297345
296519
289195
289235
305405
297521
296629
267389
259929
267106
274767
259926
267067
267328
230488
236400
237946
244121
230503
236385
237943
200211
205003
207914
212934
200267
204951
207878
161765
167323
154897
174960
161478
167337
154639
388922
371245
356161
407936
388681
372097
356453
362183
377328
371197
386445
362164
377330
371347
332768
346359
339803
353772
332748
346384
339836
306554
318149
312982
324963
306573
318145
312979
290882
281176
287567
297570
281193
290883
287545
264521
256367
262492
270940
256326
264555
262512
231889
238807
238095
245260
231868
238835
238104
207045
212853
213330
219346
207013
212868
213363
181304
186111
187963
192877
181320
186073
187948
148086
151344
143291
159997
147900
151345
143114
297482
275414
270489
307715
297742
276293
270736
277746
260275
254170
287552
277715
260186
254175
258853
244710
239493
268312
258848
244775
239455
239938
229848
223756
249603
239904
229709
223697
220412
213705
207224
230348
220422
213644
207191
200482
196809
189731
210789
200473
196690
189688
179464
178784
170981
190331
179457
178728
170970
157392
159733
151726
168887
157117
159638
151419
588741
584737
560382
608746
588287
585009
559935
529636
532638
505158
556008
529946
532847
505461
476973
479951
454984
499316
476902
480111
454919
424871
430693
406213
447889
425040
430919
406185
377454
383616
361215
397670
377437
383668
361137
331486
339642
317957
351353
331443
339645
317836
288583
297486
276896
307075
288566
297494
276797
247035
256977
236593
265137
246753
257001
236246
580173
579127
546549
611628
580365
579545
546582
542466
558255
556990
569801
542475
558179
557105
492612
506909
505401
518612
492576
506884
505456
444898
457422
456750
467946
444866
457436
456817
399535
410300
410913
420679
399503
410341
410975
356895
366141
367466
375573
356891
366160
367497
316348
324158
326523
333313
316355
324167
326540
277188
283899
287056
292649
277200
283911
287067
238355
244127
248257
253059
238367
244137
248279
191735
198961
182868
205703
191481
199030
182541
514669
511375
483556
545110
514500
512205
483461
482890
497573
495449
510069
482880
497576
495535
439858
453083
450409
464174
439827
453117
450449
398989
410499
409009
420975
398966
410527
409034
360004
369975
369498
379888
359988
369986
369519
323434
331855
332337
341147
323434
331858
332338
288430
295454
297053
304437
288406
295471
297071
253936
259753
262555
268662
253923
259762
262576
219121
223956
227874
232945
219135
223946
227867
175399
182731
168840
190883
175101
182713
168575
451931
443219
420115
476258
451377
444104
419420
422992
437720
433846
448681
422976
437729
433966
386716
400063
395522
409387
386689
400094
395552
352779
364333
361086
373119
352771
364343
361096
320214
330079
328150
338499
320162
330119
328189
289494
297878
296902
305775
289434
297944
296970
260075
267118
267350
274795
260034
267155
267384
230525
236390
237975
244173
230513
236401
237996
200068
204836
207791
212828
200101
204803
207771
161658
167368
154861
174906
161385
167368
154594
388068
371073
355713
408034
387642
372043
356037
362263
377313
371147
386317
362192
377365
371334
332849
346457
339932
353915
332826
346489
339972
306534
318122
312991
324982
306528
318130
313013
281148
290896
287521
297552
281151
290907
287527
256468
264675
262600
271090
256447
264710
262624
232011
238947
238182
245333
231982
238984
238214
207156
212944
213463
219468
207136
212970
213495
181296
186031
187946
192821
181304
186010
187952
148195
151472
143544
160178
147947
151535
143396
297812
275848
270671
307734
298078
276511
270992
277743
260030
254181
287591
277791
260088
254395
258868
244853
239444
268596
258928
245018
239607
239898
229636
223708
249633
239912
229631
223819
220467
213650
207211
230504
220498
213696
207323
200467
196632
189708
210781
200482
196602
189802
179481
178714
171050
190360
179501
178751
171121
157437
159628
151810
168960
157201
159626
151608
529627
543617
516863
531857
543602
516851
529623
527065
540072
511990
524872
540122
512039
527034
515079
502987
500291
488696
502967
500302
515073
542221
568581
557749
556910
557687
556658
542314
529676
531906
543688
516861
543668
516854
529739
527119
524977
540512
512238
540240
512108
527230
515107
488702
502932
500398
502942
500336
515159
480221
492366
468134
481083
492340
468110
480235
479213
491214
466028
477365
491193
466013
479247
467592
455952
454831
443746
455928
454825
467614
492219
518042
506361
504710
506371
504686
492211
480224
481128
492356
468092
492383
468100
480238
479185
477358
491162
466009
491174
466007
479172
467578
443731
455908
454812
455917
454818
467574
433108
443507
421723
433031
443498
421706
433104
433206
444579
421908
432754
444567
421899
433215
422171
411187
411176
400633
411160
411164
422188
444497
467671
456812
456330
456804
456315
444496
433127
433049
443515
421678
443522
421693
433145
433200
432737
444555
421870
444560
421887
433193
422163
400609
411114
411127
411138
411147
422152
388746
397388
377865
387484
397362
377853
388781
389811
400482
380132
390237
400442
380092
389873
379362
368879
370000
359959
368889
369965
379407
399457
420346
409969
410572
409997
410591
399392
388733
387503
397318
377862
397359
377862
388706
389747
390200
400361
379967
400402
380027
389682
379322
359966
368889
369856
368895
369907
379278
346814
354119
336664
344796
354125
336665
346796
348746
358714
340589
350125
358747
340606
348728
338973
329210
331141
321787
329219
331157
338960
356989
375509
365995
367397
366002
367390
356973
346844
344835
354153
336690
354159
336676
346875
348773
350162
358798
340653
358777
340629
348797
338997
321787
329224
331169
329224
331166
339023
306962
312960
297094
303939
312972
297082
306945
309787
319524
302958
312325
319532
302946
309795
300279
290674
293560
284152
290660
293550
300282
316618
333464
324270
326736
324282
326707
316607
306984
303954
312997
297054
313003
297069
306995
309781
312313
319540
302920
319536
302934
309778
300280
284164
290647
293528
290645
293536
300274
268355
273371
258565
264234
273332
258542
268338
271925
281211
266059
275068
281217
266057
271934
262600
253207
256866
247777
253203
256864
262614
277603
293143
284132
287616
284116
287614
277580
268380
264246
273214
258343
273279
258446
268392
271949
275057
281279
266020
281220
266031
271940
262587
247735
253105
256805
253183
256845
262557
229742
233714
219745
224548
233714
219648
229752
234404
243880
229595
238607
243883
229551
234428
224894
215448
220310
211325
215362
220244
224986
239166
253682
244559
248987
244586
249043
239041
229719
224494
233594
219359
233668
219553
229662
234334
238560
243761
229392
243845
229472
234234
224770
211305
215108
220108
215272
220166
224652
471379
485965
460643
474841
485971
460664
471337
467442
478794
452375
463375
478796
452403
467393
457103
446842
442388
432585
446864
442418
457069
482332
508970
497224
494849
497123
494567
482477
471427
474846
486043
460718
485992
460692
471500
467456
463402
479172
452551
478827
452432
467590
457128
432589
446890
442502
446875
442452
457192
429514
442212
419298
431538
442209
419300
429509
426718
436778
413429
423002
436793
413425
426706
416848
407050
404028
394707
407058
404027
416839
439789
463920
452959
450257
452960
450251
439785
429514
431523
442193
419280
442203
419295
429503
426725
422999
436800
413413
436800
413423
426719
416854
394710
407048
404019
407060
404029
416844
389297
400228
379516
390048
400220
379505
389303
387829
397404
376394
385520
397410
376391
387825
378357
368968
367344
358311
368964
367333
378356
399179
420975
410497
409177
410519
409198
399153
389273
390027
400175
379433
400202
379477
389237
387818
385516
397385
376350
397405
376379
387791
378336
358282
368873
367269
368930
367311
378296
350993
360472
341802
350861
360448
341796
351012
350550
359712
340712
349419
359696
340694
350572
341542
332683
332062
323514
332675
332039
341560
360317
380005
370105
369767
370144
369817
360267
350961
350864
360390
341766
360420
341785
350920
350508
349389
359583
340578
359653
340645
350446
341514
323484
332656
331926
332668
331987
341477
315230
323206
306488
314134
323214
306498
315216
315515
323993
306962
315117
323992
306947
315509
307131
298711
298938
290914
298724
298923
307119
323974
341488
332317
332773
332313
332779
323970
315229
314122
323202
306478
323213
306492
315218
315515
315095
323985
306891
323991
306931
315510
307126
290883
298700
298841
298715
298893
307118
280039
286658
271442
277785
286663
271416
280086
281627
290264
274596
282777
290273
274591
281621
273295
264997
266603
258539
264981
266579
273302
288871
304991
295850
297658
295865
297682
288840
279972
277733
286690
271352
286677
271390
279957
281626
282695
290234
274493
290260
274553
281621
273281
258491
264936
266490
264963
266536
273197
245436
251180
236661
242186
251168
236645
245485
248286
256725
242382
250500
256708
242333
248327
239723
231235
234125
226016
231251
234120
239754
254193
268907
260033
262827
260069
262849
254116
245381
242143
251041
236664
251123
236637
245312
248219
250444
256629
242268
256674
242295
248145
239706
226066
231332
234197
231258
234136
239702
211034
215628
202470
206420
215591
202409
211069
214769
223031
210140
218026
223079
210164
214774
206400
197916
202079
193899
197843
202044
206444
219568
233350
224487
228087
224504
228040
219553
210971
206332
215480
202179
215508
202366
210862
214831
218121
223120
210131
223113
210161
214791
206405
193791
197618
201865
197782
201952
206341
413214
427716
404164
418337
427753
404169
413179
407170
416278
392196
401225
416292
392201
407176
398575
389987
383825
375651
389977
383824
398580
422394
447318
437329
432914
437194
432485
422546
413238
418347
427849
404168
427788
404167
413292
407184
401249
416685
392394
416301
392259
407302
398575
375653
389959
383870
389965
383839
398591
378221
391063
369856
382250
391062
369847
378228
373393
381577
360009
367687
381577
359973
373397
365306
357389
352299
344789
357371
352261
365318
386718
409133
400011
395373
400000
395376
386703
378211
382249
391070
369811
391067
369835
378192
373377
367670
381577
359877
381577
359931
373349
365284
344744
357316
352174
357348
352221
365252
345081
356240
336799
347604
356228
336831
345074
341716
349496
330033
337305
349478
330039
341723
333923
326194
322765
315617
326173
322756
333937
353329
373537
364840
361514
364874
361544
353290
345066
347593
356177
336796
356213
336830
345024
341702
337277
349426
330003
349458
330032
341662
333889
315598
326107
322716
326148
322742
333842
312852
322536
305073
314284
322484
305058
312877
310856
318480
301184
308358
318457
301166
310870
303315
295957
293986
286927
295931
293951
303333
320726
339075
330598
328654
330683
328702
320647
312800
314230
322327
304932
322412
305010
312712
310829
308332
318388
301097
318434
301136
310774
303283
286896
295843
293879
295896
293918
303222
282312
290651
274913
282970
290636
274872
282344
281459
288667
273145
279939
288639
273106
281489
274271
267192
266264
259345
267151
266214
274303
289769
306173
298252
297242
298317
297322
289690
282272
282902
290566
274819
290615
274791
282212
281411
279905
288535
272989
288597
273061
281344
274227
259377
267124
265991
267165
266107
274121
252808
259796
245321
252012
259795
245330
252803
253126
260168
246047
252713
260146
246045
253126
245985
238798
239241
232345
238796
239249
245985
260224
275152
267398
267517
267466
267534
260205
252808
251985
259695
245342
259761
245346
252799
253117
252696
260111
246043
260134
246052
253095
245976
232296
238770
239223
238786
239251
245953
222999
228594
215593
220841
228617
215580
223003
224489
231586
218472
225344
231588
218474
224461
217436
210360
211766
205053
210358
211769
217450
230416
244205
236393
237865
236389
237903
230399
223000
220920
228643
215579
228623
215580
222981
224477
225302
231589
218494
231596
218489
224463
217431
205029
210268
211759
210305
211764
217392
192937
197607
185436
189358
197563
185360
192976
195935
203207
191397
198201
203181
191343
195970
188653
181227
184419
177308
181159
184333
188695
200680
213276
205423
208171
205462
208184
200654
192957
189289
197430
185280
197500
185371
192951
195871
198174
203152
191198
203131
191294
195902
188547
177208
180953
184125
181057
184256
188537
354329
369124
347055
361542
369123
347033
354343
345919
353207
330957
335406
353179
330869
345942
339274
332405
323174
318003
332391
323139
339290
361718
384751
376977
370380
376889
370049
361806
354331
361519
369147
346942
369139
347001
354328
345917
335332
353676
331078
353269
330861
345983
339259
317936
332307
323045
332345
323032
339257
326172
339299
319638
332216
339244
319604
326209
319512
325947
306641
310991
325937
306538
319555
313392
307248
299643
295028
307209
299552
313412
332850
353893
346443
339770
346525
339828
332801
326130
332173
339141
319522
339191
319560
326095
319440
310960
325900
306390
325909
306468
319384
313334
294950
307055
299404
307117
299489
313292
300783
311705
294594
305095
311684
294582
300794
295520
301389
284689
288645
301375
284663
295541
289913
284109
278153
273861
284094
278126
289912
306924
325140
318423
313089
318440
313111
306893
300762
305075
311653
294501
311673
294553
300723
295469
288557
301290
284551
301327
284588
295409
289882
273798
283971
277994
284045
278046
289845
275501
284678
269165
277987
284639
269120
275540
272285
278397
263270
267738
278385
263249
272322
266403
260315
256510
251886
260270
256473
266424
281854
298226
291424
288187
291477
288242
281791
275450
277947
284544
269012
284593
269066
275394
272219
267633
278289
263089
278349
263159
272144
266366
251823
260144
256329
260209
256398
266324
250160
258222
244225
251758
258110
244185
250190
248224
254580
240928
245547
254550
240902
248263
242855
236670
234401
229496
236645
234375
242819
256486
271231
264734
262718
264766
262759
256448
250202
251740
258020
244144
258020
244165
250234
248182
245492
254470
240818
254511
240859
248143
242876
229480
236571
234312
236613
234345
242883
225952
232538
219744
226055
232541
219728
225960
225045
231088
218838
223368
231070
218804
225074
219426
213435
212371
207755
213402
212343
219443
232079
245299
239040
238078
239052
238109
232048
225946
226002
232517
219612
232543
219686
225912
224999
223340
231021
218708
231047
218756
224946
219409
207719
213305
212259
213359
212324
219385
200763
206114
194610
199816
206125
194619
200764
201466
207547
196711
201197
207521
196694
201489
195703
189741
190005
185255
189727
190001
195701
206870
219204
212622
213196
212612
213265
206850
200773
199839
206193
194644
206161
194631
200785
201430
201201
207459
196618
207492
196679
201377
195704
185240
189659
189987
189699
190021
195701
175566
179988
169105
173125
179938
169019
175614
177503
183793
173683
178558
183800
173657
177533
171364
164559
166593
161143
164418
166567
171405
182051
193284
186610
188418
186707
188421
182029
175518
173016
179714
168712
179834
168931
175431
177451
178575
183794
173513
183803
173632
177393
171294
161087
164081
166437
164313
166551
171210
529898
543831
516875
532068
529818
543887
516906
527387
540601
512327
525637
527304
540851
512448
515268
502929
500455
488783
515210
502945
500533
542513
569377
558210
557522
558122
557291
542587
529978
532178
544088
517001
544013
516951
530058
527448
525715
541149
512639
540926
512533
527518
515323
488818
503000
500676
502968
500602
515380
480285
492404
468091
481143
480264
492384
468090
479182
491167
466013
477407
479175
491183
466019
467580
455901
454807
443695
467577
455895
454803
492256
518229
506517
504911
506501
504852
492279
480309
481173
492397
468099
492411
468094
480332
479196
477433
491242
466039
491209
466028
479212
467586
443687
455898
454805
455894
454803
467595
433179
443547
421668
433067
433164
443554
421660
433185
444551
421852
432687
433188
444548
421837
422139
411096
411106
400540
422144
411081
411086
444521
467694
456964
456400
456931
456380
444537
433198
433090
443600
421668
443580
421660
433218
433186
432674
444555
421817
444550
421825
433192
422140
400525
411077
411074
411074
411082
422146
388664
397328
377869
387505
388683
397308
377873
389610
400340
379923
390103
389637
400324
379891
379235
368891
369823
359952
379252
368894
369800
399315
420354
410005
410585
409990
410564
399319
388662
387530
397332
377875
397331
377875
388666
379855
389599
390083
400325
400321
379870
389597
369775
379231
359949
368903
368899
369785
379232
346922
354188
336696
344905
346903
354190
336690
348826
358820
340661
350200
348817
358837
340657
339043
329215
331156
321719
339040
329198
331132
356970
375607
366085
367486
366072
367469
356968
346932
344928
354212
336660
354211
336678
346934
340620
348827
350194
358857
358850
340643
348818
331057
339033
321675
329140
329172
331098
339013
306992
312994
297046
303940
306999
312972
297032
309741
319529
302896
312228
309766
319514
302857
300244
290663
293515
284270
300257
290668
293487
316566
333560
324274
326749
324277
326762
316546
306974
303926
312913
296983
312943
297011
306947
309723
312183
319458
302781
319490
302819
309697
300232
284257
290644
293431
290661
293461
300214
268313
273162
258294
264180
268400
273137
258234
271882
281334
265990
275063
271923
281351
265943
262480
253019
256722
247477
262524
252939
256651
277553
293057
284042
287447
284087
287514
277489
268199
264103
272990
258119
273057
258173
268092
271806
275037
281274
265825
281326
265881
271728
262402
247444
252806
256567
252866
256600
262329
229497
233495
219303
224112
229622
233428
219067
234029
243671
229312
238305
234143
243586
229229
224489
214994
219985
210837
224581
214774
219883
238745
253398
244285
248606
244362
248699
238652
229336
223980
233200
218752
233302
218972
229184
233938
238257
243450
229089
243515
229153
233859
224388
210744
214489
219697
214672
219782
224298
471616
486087
460736
474901
471552
486140
460754
467720
479176
452615
464137
467607
479497
452741
457269
446890
442545
432604
457220
446890
442594
482731
509710
497529
495462
497447
495235
482823
471666
474913
486227
460783
486180
460767
471722
467745
464220
479781
452909
479524
452810
467818
457295
432606
446875
442682
446881
442637
457329
429464
442182
419256
431467
429486
442167
419227
426683
436792
413399
422977
426705
436780
413380
416798
407024
404002
394642
416826
406988
403977
439750
463939
452936
450265
452940
450262
439738
429440
431445
442139
419161
442151
419194
429417
426658
422968
436751
413335
436765
413358
426633
416765
394599
406899
403910
406946
403945
416730
389135
400144
379380
389928
389190
400111
379318
387689
397351
376305
385415
387747
397304
376243
378162
368792
367206
358023
378237
368690
367123
399019
420871
410385
409019
410412
409063
398964
379153
389071
389891
400045
400079
379244
388997
387617
385356
397185
376069
397248
376165
387533
368373
378067
357857
366877
368556
367014
377948
350833
360365
341747
350846
350876
360345
341729
350264
359487
340502
349107
350364
359359
340451
341393
332648
331860
323393
341435
332648
331814
369992
369476
360043
360095
379861
370015
369564
360318
341708
350753
350791
350842
360330
341715
358833
340042
349881
350112
348833
359163
340336
332692
331746
341273
341339
323412
332660
331764
315161
323173
306447
314016
315194
323133
306404
315512
323983
306844
314993
315504
323992
306805
307116
298677
298771
290674
307110
298663
298681
332232
332730
323909
323922
341473
332263
332734
323025
306279
315065
315121
313953
323083
306351
324091
306959
315650
315553
315018
324024
306823
298814
298843
307294
307167
290717
298694
298682
279972
286708
271328
277744
279963
286700
271327
281605
290196
274416
282507
281613
290158
274342
273131
264830
266409
258296
273134
264801
266292
297443
288717
304814
295675
295723
297509
288668
279953
277736
286645
271264
286675
271299
279924
290128
281585
282519
274369
290132
274357
281559
273133
258289
264765
266288
264787
266280
273115
245246
250969
236654
242014
245278
250908
236650
248089
256545
242244
250296
248115
256495
242233
239712
231351
234186
226157
239711
231374
234195
253945
268826
259831
262622
259863
262656
253932
245254
242002
250885
236662
250891
236659
245265
248076
250297
256436
242256
256460
242234
248076
239733
226179
231417
234234
231401
234217
239750
210681
215380
202082
205992
210768
215300
201900
214730
223112
210111
218170
214761
223112
210076
206184
197545
201781
193386
206255
197382
201705
219439
233178
224232
228059
224278
228068
219406
210600
205935
215137
201667
215210
201827
210534
214695
218159
223111
209968
223116
210034
214654
206103
193333
197175
201570
197324
201635
206036
413360
427885
404168
418406
413308
427935
404178
407435
416664
392467
402062
407335
417045
392584
398648
389963
383902
375646
398610
389976
383951
422741
448135
437632
433671
437538
433312
422850
413396
418426
428026
404203
427977
404188
413448
407474
402145
417433
392748
417103
392654
407570
398687
375644
390002
384034
389987
383988
398736
378144
391069
369783
382202
378169
391061
369750
373296
381573
359825
367584
373320
381565
359782
365181
357281
352126
344627
365217
357242
352081
386655
409198
400020
395370
400024
395366
386642
378118
382170
391028
369670
391047
369712
378093
373278
367565
381554
359735
381556
359752
373263
365149
344597
357162
352031
357202
352047
365124
344891
356119
336735
347342
344965
356039
336640
341543
349386
329967
337171
341606
349335
329928
333722
326057
322681
315453
333785
325988
322636
353096
373387
364566
361311
364658
361374
353011
336321
344800
347173
355803
355933
336505
344685
341481
337139
349230
329842
349282
329887
341418
325786
333652
315377
322512
325898
322580
333567
312434
322226
304822
313958
312592
322116
304679
310582
318321
301040
308162
310691
318223
300971
303027
295764
293826
286751
303136
295673
293762
329681
327799
319738
320122
338519
330177
328185
321664
304266
311914
312213
313771
321929
304491
317962
300788
310277
310436
308079
318104
300888
295413
293585
302736
302897
286672
295554
293682
282017
290492
274844
282584
282116
290364
274850
281190
288459
272930
279741
281271
288367
272855
273890
267072
265942
259310
273998
267016
265939
297571
296678
289285
289365
305726
297789
296839
290274
275035
282044
281968
282665
290210
274899
288146
272713
281004
281098
279656
288261
272780
266905
265905
273764
273823
259297
266962
265923
252686
259618
245299
251817
252759
259562
245263
253034
260086
246020
252652
253069
260053
245981
245866
238742
239162
232131
245918
238691
239080
267397
259993
274936
267118
267168
267385
259935
252622
251741
259402
245202
259453
245241
252579
259974
252973
252633
245828
260013
245913
252896
245788
232093
238621
238942
238653
239007
245716
223015
228642
215589
220928
222990
228649
215593
224414
231555
218498
225245
224468
231538
218523
217388
210289
211748
204958
217361
210305
211713
230436
244100
236399
237869
236372
237819
230465
223036
220929
228694
215604
228672
215600
223057
224455
225267
231540
218552
231502
218490
224506
217413
204993
210313
211805
210310
211764
217433
192871
197366
185258
189022
192916
197320
185113
195884
203164
191143
198076
195917
203156
191165
188448
180939
184039
176803
188508
180794
183997
200549
213187
205245
208099
205289
208115
200515
192804
189009
197205
184906
197258
185090
192744
195848
198080
203125
191084
203143
191130
195802
188373
176733
180567
183824
180752
183907
188296
354309
369143
346869
361364
354300
369153
346818
346014
353603
330929
335808
345915
354006
331107
339235
332240
322879
317812
339212
332215
322906
361978
385673
377241
371019
377167
370784
362057
354317
361323
369170
346764
369156
346781
354341
346029
335791
354382
331296
354092
331148
346104
339241
317732
332167
322901
332175
322844
339284
326040
339097
319482
332071
326062
339060
319456
319253
325876
306262
310822
319306
325871
306201
313202
306974
299289
294749
313237
306930
299224
332711
353646
346291
339689
346305
339687
332700
326022
332047
339018
319406
339034
319423
326016
319196
310762
325861
306074
325856
306104
319165
313172
294653
306850
299104
306878
299138
313158
300608
311619
294428
304904
300672
311568
294339
295263
301246
284448
288332
295334
301213
284390
289717
283877
277880
273585
289783
283768
277804
306763
325046
318293
313003
318338
313024
306712
300533
304821
311435
294151
311505
294243
300464
295185
288233
301145
284238
301177
284288
295118
289640
273461
283560
277618
283661
277686
289577
275264
284486
268953
277807
275330
284422
268894
271954
278215
262962
267322
272050
278131
262866
266212
260078
256242
251648
266272
260013
256165
291109
281542
297939
287852
291196
287941
281457
284277
275195
277746
268778
284351
268834
275128
271855
267198
277953
262658
278042
262751
271761
266150
251589
259899
256009
259954
256090
266086
250272
258061
244123
251741
250255
258101
244135
248094
254427
240773
245301
248115
254383
240722
242848
236526
234291
229491
242876
236483
234248
264570
256338
271065
262546
264615
262587
256300
258151
250290
251748
244158
258124
244124
250267
248080
245241
254299
240646
254341
240685
248068
242781
229539
236418
234168
236452
234219
242708
225814
232469
219536
225793
225872
232403
219478
224896
231024
218694
223273
224916
231039
218640
219362
213256
212269
207525
219367
213216
212213
231942
245252
238841
238056
238892
238061
231907
225766
225762
232280
219432
232337
219446
225720
224873
223287
231075
218595
231053
218622
224839
219381
207510
213160
212200
213189
212215
219400
200801
206209
194644
199775
200804
206226
194615
201284
207440
196579
201134
201328
207435
196480
195683
189611
189994
185012
195695
189548
189924
206884
219115
212667
213140
212700
213141
206901
200771
199715
206190
194464
206189
194578
200719
201237
201148
207468
196338
207447
196425
201179
195672
184939
189375
189798
189460
189891
195664
175159
179590
168598
172475
175292
179459
168352
177167
183771
173437
178424
177314
183729
173275
170985
163909
166375
160514
171112
163596
166202
181735
193071
186371
188126
186427
188253
181628
174973
172394
179317
167994
179407
168220
174863
177000
178375
183601
172979
183667
173170
176834
170836
160401
163207
165886
163414
166077
170670
530200
544201
517054
532399
530130
544271
517109
527589
541130
512703
526204
527550
541305
512780
515488
503039
500740
488932
515433
503083
500806
542653
569803
558400
557620
558389
557518
542658
530262
532485
544423
517220
544362
517165
530321
527593
526160
541327
512852
541194
512812
527612
515541
488966
503180
500922
503130
500864
515598
480383
492421
468111
481200
480357
492412
468125
479253
491280
466054
477520
479232
491318
466071
467625
455907
454812
443692
467608
455920
454824
492363
518434
506634
505140
506615
505085
492394
480410
481220
492418
468170
492425
468145
480440
479275
477547
491393
466111
491356
466090
479297
467646
443707
455965
454860
455940
454840
467671
433274
443633
421683
433175
433244
443665
421704
433223
444566
421817
432670
433204
444582
421827
400501
422175
411089
411068
422158
411105
411070
444615
467737
457138
456511
457093
456477
444652
433310
433215
443745
421770
443703
421732
433352
433250
432682
444634
421875
444605
421847
433283
400516
422200
411163
411117
411129
411086
422239
388687
397353
377874
387557
388676
397357
377871
379842
390045
379836
389614
400337
389603
400355
369765
359928
369757
379244
368905
379237
368903
399364
420470
410109
410714
410087
410676
399385
388699
387567
397370
377862
397370
377867
388710
390056
379863
379844
389631
400414
400381
389652
359914
369756
369754
379252
368891
368898
379261
346917
354210
336638
344927
346929
354202
336613
340590
350141
340552
348779
358856
348802
358847
331011
321514
330958
338953
329103
338986
329063
356934
375622
366117
367482
366115
367492
356918
346900
344909
354169
336558
354183
336585
346881
350109
340462
340508
348751
358812
358831
348722
321457
330851
330903
338917
328982
329022
338881
306870
312861
296944
303856
306911
312823
296901
312024
309627
319420
302738
309663
319378
302694
300145
290610
293396
284164
300181
290570
293360
316454
333484
324211
326627
324225
326663
316422
306824
303813
312725
296818
312762
296857
306780
311971
309588
319293
302617
319334
302652
309554
300104
284130
290486
293289
290527
293321
300063
267922
272893
258072
263995
267998
272842
258028
271610
281218
265777
274913
271663
281163
265739
262216
252752
256531
247356
262266
252705
256500
277309
292829
283916
287188
283925
287240
277272
267860
263956
272751
257955
272771
257988
267816
271572
274876
281070
265682
281110
265707
271545
262178
247327
252626
256448
252662
256472
262151
228963
233066
218720
223553
229063
232980
218552
233738
243387
229040
238136
233794
243330
228993
224153
214452
219625
210373
224221
214302
219563
238468
253136
244111
248352
244111
248401
238430
228892
223529
232844
218419
232880
218551
228835
233694
238104
243228
228919
243277
228958
233652
224101
210361
214185
219472
214304
219508
224058
471811
486265
460797
474961
471766
486304
460812
467859
479743
452963
464789
467825
479922
453029
457370
446867
442723
432624
457349
446861
442757
482936
510089
497647
495704
497628
495594
482955
471845
474977
486367
460840
486336
460826
471879
467843
464770
479951
453083
479846
453056
467840
457380
432629
446851
442808
446855
442787
457390
429383
442132
419131
431408
429397
442131
419108
426589
436739
413313
422955
426609
436731
413294
416668
406853
403875
394451
416697
406813
403843
439722
463985
452962
450299
452949
450287
439727
429376
431410
442148
419093
442137
419095
429377
426574
422955
436725
413268
436726
413278
426565
416648
394415
406770
403802
406784
403818
416636
379037
389762
378922
388836
400009
388912
399981
387354
397119
375957
385138
387439
397062
375849
368123
356915
367842
377659
366702
377803
366511
398840
420814
410365
408926
410346
408925
398853
389759
378970
378894
388813
400007
399980
388850
387314
385092
397017
375805
397027
375795
387325
356779
367971
367771
377610
366529
366444
377673
279849
286607
271228
277641
279888
286569
271197
290115
282305
290053
281487
274359
281527
274340
273068
264746
266269
258286
273092
264730
266254
304554
297167
297219
288507
295493
295530
288459
279814
277611
286505
271148
286534
271170
279780
282225
289904
289986
281435
274273
274310
281373
273041
258273
264692
266219
264712
266235
273010
245269
250874
236658
241971
245270
250860
236649
248077
256418
242271
250303
248079
256412
242281
239757
231417
234249
226162
239757
231409
234257
253900
268674
259746
262516
259761
262533
253891
245262
241955
250832
236621
250845
236636
245255
248071
250294
256388
242257
256400
242279
248062
239748
226127
231362
234213
231386
234243
239734
210404
215062
201634
205619
210462
215002
201504
214550
223085
209916
218045
214602
223054
209860
205912
197179
201520
193067
205968
197055
201475
219287
233062
224064
227957
224107
227989
219245
210359
205639
214905
201415
214948
201516
210330
214514
218004
222983
209769
223018
209822
214473
205868
193071
196960
201383
197074
201429
205830
413525
428066
404219
418485
413485
428105
404237
407679
417451
392803
402759
407610
417724
392868
398821
390016
384072
375660
398780
390036
384112
422996
448662
437791
434106
437760
433909
423033
413555
418498
428157
404269
428133
404254
413582
407697
402742
417906
392923
417691
392895
407740
398854
375674
390092
384168
390074
384140
398880
378050
391007
369630
382050
378069
390986
369592
373256
381567
359731
367581
373256
381596
359736
365092
357128
352033
344535
365105
357099
352028
386622
409243
400000
395417
400002
395404
386623
378036
382018
390959
369541
390970
369562
378028
373260
367600
381623
359767
381609
359748
373268
365085
344524
357062
352034
357077
352027
365084
336089
346397
335843
344416
355651
344548
355491
341287
349180
329791
337043
341350
349135
329744
325653
315108
325525
333380
322438
333470
322372
352776
373140
364300
361116
364302
361142
352764
346299
335909
335781
344362
355477
355433
344386
341246
337020
349079
329690
349101
329709
341228
315064
325516
325479
333334
322310
322329
333334
252565
259433
245249
251813
252533
259436
245268
259911
252556
259845
252782
245761
252846
245722
245678
238637
238899
232154
245649
238684
238883
274722
267456
267459
259888
267121
267111
259914
252569
251809
259431
245295
259432
245282
252583
252509
259838
259826
252781
245725
245712
252796
245712
232194
238749
238938
238720
238907
245744
223079
228704
215602
220903
223073
228707
215590
224570
231596
218604
225379
224542
231635
218641
217457
210311
211824
204991
217450
210298
211835
230526
244154
236419
237945
236436
237934
230528
223071
220874
228672
215527
228695
215565
223052
224587
225421
231684
218688
231664
218669
224594
217454
204973
210250
211834
210278
211838
217442
192618
197141
184913
188713
192680
197081
184721
195705
203098
191038
198007
195759
203063
190979
188148
180564
183741
176323
188224
180364
183658
200372
213058
205053
207957
205107
208006
200313
192546
188726
196958
184543
197016
184737
192481
195656
197968
202978
190876
203022
190932
195595
188075
176316
180176
183510
180375
183581
188004
354384
369179
346754
361285
354359
369196
346760
346172
354327
331227
336191
346108
354572
331375
339359
332145
322853
317739
339309
332153
322945
362155
386278
377355
371372
377333
371182
362186
354405
361298
369232
346791
369210
346774
354436
346184
336175
354793
331580
354548
331415
346218
339393
317698
332167
323056
332150
322951
339441
326028
339013
319403
332006
326017
339016
319413
319124
325861
306001
310770
319136
325879
305999
313150
306819
299037
294582
313148
306805
299029
332714
353685
346336
339775
346315
339745
332731
326041
332002
339040
319418
339025
319412
326058
319115
310758
325920
305950
325894
305944
319117
313154
294540
306788
298988
306791
298991
313162
304580
300346
311368
294064
300396
311309
293990
295013
301116
284153
288100
295054
301097
284135
289471
283463
277522
273202
289515
283380
277478
306596
324952
318154
312982
318172
312960
306594
304529
300300
311239
293879
311269
293927
300263
294992
288061
301107
284079
301090
284079
294971
289421
273114
283249
277366
283306
277405
289381
284202
277566
284140
275015
268728
275066
268689
271598
277867
262566
266929
271674
277790
262486
265967
259851
255942
251421
266025
259810
255868
297626
290885
290902
281255
287597
287638
281218
277539
284096
284105
274977
268648
268662
274952
271534
266863
277666
262356
277723
262420
271483
265918
251388
259754
255758
259778
255820
265876
258126
251812
258085
250194
244153
250223
244118
248062
254263
240640
245078
248061
254231
240619
242606
236436
234164
229529
242643
236472
234129
270895
264497
264487
256267
262479
262478
256287
251774
258048
258054
250211
244123
244113
250235
248077
245058
254190
240634
254207
240639
248101
242617
229576
236571
234115
236524
234134
242638
225688
232239
219425
225757
225698
232212
219425
224778
231127
218647
223344
224807
231105
218642
219406
213133
212236
207451
219443
213085
212213
245267
231843
238786
238087
238775
238077
231851
225702
225795
232240
219462
232220
219442
225716
224841
223404
231106
218716
231102
218692
224898
219375
207486
213175
212220
213130
212240
219365
200742
206232
194451
199729
200705
206247
194424
201073
207500
196307
201076
201133
207491
196230
195586
189238
189756
184606
195623
189212
189668
206938
219259
212835
213290
212810
213245
206975
200765
199713
206254
194389
206255
194405
200780
201134
201115
207538
196233
207518
196216
201206
195573
184612
189220
189628
189214
189664
195573
174658
179216
167931
171949
174757
179121
167737
176675
183487
172892
178066
176721
183419
172731
170451
163208
165803
159971
170549
163076
165673
181380
192982
186137
187985
186188
188022
181334
174572
171938
178969
167563
179038
167722
174505
176660
178075
183305
172737
183356
172758
176647
170372
160030
162991
165535
163104
165613
170313
530421
544485
517273
532648
530371
544528
517322
527572
541140
512851
526275
527584
541241
512855
515704
503224
500968
489077
515652
503268
501020
542547
569746
558311
557217
558332
557154
542521
530466
532698
544570
517397
544565
517364
530513
527535
526134
541149
512817
541069
512828
527516
515748
489119
503345
501114
503309
501064
515797
480505
492433
468198
481259
480471
492429
468229
479353
491432
466133
477635
479323
491479
466157
467735
455993
454883
443785
467701
456025
454911
492495
518599
506811
505346
506764
505293
492535
480541
481287
492446
468296
492443
468261
480587
479387
477677
491589
466228
491532
466190
479424
467774
443818
456090
454979
456057
454943
467820
433443
443789
421814
433345
433396
443830
421858
433359
444668
421908
432767
433320
444706
421943
422327
411202
411154
400628
422284
411241
411190
444781
467852
457339
456686
457289
456633
444824
433494
433392
443890
421941
443867
421902
433540
433398
432802
444796
422014
444749
421978
433436
422372
400663
411309
411259
411277
411226
422417
388727
397371
377857
387555
388719
397365
377853
379885
389692
400450
390149
389673
400484
379903
369756
379276
368882
359863
379269
368873
369755
399451
420604
410231
410864
410199
410825
399475
388738
387551
397352
377859
397359
377854
388754
389710
390174
400551
379933
400518
379918
389726
379285
359851
368865
369756
368867
369754
379300
346840
354137
336534
344860
346860
354121
336513
340419
348669
358792
350005
348693
358774
340384
330802
338820
328946
321325
338847
328917
330764
356884
375568
366120
367451
366106
367449
356887
346827
344835
354073
336493
354089
336500
346822
348653
349981
358760
340347
358762
340359
348647
338804
321304
328886
330725
328898
330738
338800
306708
312666
296784
303733
306740
312637
296762
309503
319256
302585
311851
309525
319229
302561
300005
290450
293262
284061
300027
290425
293242
316362
333363
324153
326522
324151
326534
316359
306685
303702
312570
296731
312593
296745
306670
309492
311831
319209
302552
319213
302551
309490
299992
284056
290394
293233
290407
293234
299987
267752
272703
257925
263951
267779
272707
257903
271500
281034
265663
274800
271520
281005
265652
262111
252598
256431
247269
262128
252577
256419
277219
292684
283896
287060
283879
287077
277210
267729
263933
272666
257870
272674
257885
267714
271484
274791
280972
265650
280984
265648
271471
262097
247263
252552
256410
252563
256412
262089
228776
232815
218483
223433
228801
232804
218384
233598
243188
228893
238012
233623
243162
228865
224015
214260
219443
210221
224032
214164
219425
238380
253066
244115
248251
244104
248259
238371
228760
223529
232783
218373
232780
218471
228762
233589
237996
243147
228835
243148
228851
233579
224009
210312
214159
219402
214264
219411
224009
471936
486391
460854
475031
471906
486422
460869
467768
479793
453071
464922
467797
479849
453063
457401
446847
442824
432643
457393
446848
442840
482905
510034
497591
495576
497602
495527
482895
471965
475056
486500
460906
486455
460886
472002
467715
464791
479712
453016
479680
453030
467682
457411
432651
446865
442886
446853
442857
457435
429399
442164
419099
431457
429385
442185
419111
426568
436727
413263
422971
426563
436734
413265
416637
406765
403794
394376
416633
406767
403793
439772
464061
453052
450376
453023
450350
439798
429419
431482
442241
419149
442211
419128
429444
426581
422986
436768
413293
436748
413275
426601
416648
394378
406787
403814
406774
403799
416667
379054
388942
400043
389885
388900
400077
379113
387379
397021
375832
385076
387354
397030
375853
368160
377804
366613
357498
377749
368281
366669
398927
420891
410474
408989
410448
408970
398947
388972
389915
400130
379179
400106
379151
388995
387398
385079
397051
375873
397039
375865
387411
377837
357590
368400
366720
368353
366702
377858
360248
341524
350611
350599
350684
360230
341479
358622
339923
349735
349881
348526
358894
340066
332440
331393
341068
341068
323017
332352
331397
359962
379850
369970
369477
369970
369455
359973
350595
350655
360203
341433
360214
341449
350597
349956
348695
359089
340028
359023
340062
349992
341059
322950
332256
331368
332291
331381
341048
322705
305932
314719
314670
313529
322664
305882
323814
306596
315343
315179
314658
323682
306461
298468
298528
306946
306731
290242
298214
298206
323478
341180
331862
332347
331882
332371
323447
314620
313509
322621
305817
322636
305839
314590
315071
314574
323542
306398
323590
306386
315010
306597
290133
298050
298269
298092
298154
306532
279733
286481
271132
277561
279749
286467
271128
289772
281261
274208
282130
281307
289661
274153
272956
264676
266205
258235
272979
264672
266184
288376
304414
295438
297044
295430
297049
288384
279735
277566
286479
271160
286467
271137
279753
281245
282081
289599
274140
289610
274132
281255
272958
258244
264707
266210
264683
266187
272979
245248
250823
236609
241915
245250
250818
236600
248051
256379
242238
250260
248054
256378
242227
239714
231342
234190
226054
239722
231326
234171
253895
268630
259744
262533
259736
262515
253908
245249
241908
250820
236592
250817
236595
245254
248057
250265
256409
242232
256388
242225
248070
239711
226034
231307
234153
231315
234159
239713
210290
214873
201481
205526
210306
214857
201390
214406
222952
209725
217902
214441
222925
209679
205770
197039
201339
192882
205798
196933
201300
219166
232966
223966
227882
223982
227894
219145
210276
205635
214834
201375
214842
201477
210266
214381
217873
222887
209607
222904
209644
214352
205745
192945
196896
201235
197014
201264
205724
413617
428172
404281
418530
413600
428188
404294
407731
417733
392911
402963
407721
417916
392909
398925
390106
384189
375731
398897
390122
384212
423002
448661
437741
434028
437746
433943
422997
413631
418543
428229
404327
428203
404308
413651
407698
402799
417850
392885
417704
392879
407692
398946
375754
390162
384254
390139
384231
398971
378027
390954
369526
381978
378025
390955
369517
373293
381639
359790
367680
373279
381659
359814
365095
357052
352048
344527
365087
357047
352073
386650
409296
400038
395495
400019
395470
386667
378033
381977
390975
369515
390962
369513
378044
373309
367711
381713
359856
381683
359835
373329
365105
344537
357053
352109
357048
352095
365118
336068
344462
355532
346820
344431
355572
336174
341221
349066
329681
336997
341223
349058
329675
325573
333361
322304
315054
333350
325611
322298
352772
373105
364331
361084
364329
361086
352770
344476
346899
355602
336268
355594
336233
344482
341218
336998
349053
329670
349053
329671
341216
333365
315052
325640
322282
325630
322289
333365
321369
304070
311706
311925
313421
321576
304231
317774
300582
310115
310197
307754
317833
300602
295254
293399
302566
302653
286483
295342
293432
320003
338411
330043
328098
330024
328022
320095
312076
313561
321757
304461
321700
304361
312179
310259
307755
317892
300628
317870
300615
310307
302726
286521
295485
293490
295419
293465
302785
290003
275031
282051
281964
282474
289884
274794
288020
272695
280966
281033
279510
288100
272746
266941
265903
273938
273972
259232
266956
265942
289298
305540
297790
296822
297675
296732
289367
281950
282421
290088
274683
289971
274708
281978
281084
279559
288230
272845
288169
272797
281125
273990
259263
266990
266031
266966
265986
274012
252602
259429
245303
251786
252595
259413
245304
259859
252844
245749
252485
252821
259871
245781
245797
238773
238974
232310
245772
238797
239015
259946
274732
267084
267315
267057
267311
259992
252625
251793
259449
245342
259423
245319
252662
252874
252507
259919
245871
259890
245821
252914
245828
232355
238869
239115
238830
239063
245887
222995
228642
215493
220785
223013
228618
215472
224598
231697
218703
225510
224595
231710
218718
217413
210224
211826
204910
217427
210197
211820
230489
244122
236381
237956
236379
237946
230500
222991
220762
228593
215441
228602
215456
222993
224610
225540
231759
218756
231736
218736
224625
217411
204897
210168
211822
210182
211820
217411
192369
196899
184608
188470
192422
196850
184444
195493
202934
190844
197859
195550
202896
190794
187884
180255
183459
176048
187941
180085
183408
200172
212900
204867
207815
204910
207845
200127
192324
188540
196766
184362
196804
184516
192287
195461
197831
202835
190735
202863
190775
195414
187844
176161
180010
183353
180167
183384
187805
354499
369251
346806
361369
354463
369280
346827
346225
354516
331386
336607
346175
354735
331526
339514
332171
323035
317784
339466
332198
323166
362172
386279
377319
371332
377308
371201
362197
354528
361399
369340
346870
369306
346846
354567
346217
336602
354815
331584
354642
331469
346244
339546
317763
332239
323306
332213
323192
339592
326093
339058
319422
332044
326075
339076
319428
319127
325941
305904
310854
319117
325970
305914
313173
306782
298956
294500
313168
306781
298952
332787
353803
346431
339899
346407
339866
332807
326109
332051
339110
319441
339093
319433
326128
319134
310869
326019
305915
325993
305891
319147
313179
294483
306785
298942
306781
298936
313184
300210
311216
293842
304455
300233
311198
293814
294921
301098
284028
288042
294940
301083
284015
289317
283201
277332
272958
289344
283168
277315
306539
324961
318124
312980
318132
312976
306530
300193
304440
311171
293776
311183
293791
300184
294907
288045
301067
284004
301071
283994
294907
289296
272933
283129
277312
283144
277313
289285
284101
274930
268646
277572
274938
284111
268652
271412
277620
262318
266732
271443
277582
262270
265813
259740
255730
251287
265842
259733
255681
281164
297560
290889
287522
290885
287530
281155
274928
277597
284136
268683
284123
268665
274931
271389
266726
277530
262228
277552
262255
271373
265792
251287
259738
255636
259734
255669
265776
258056
250300
244137
251752
250269
258076
244151
248159
254181
240676
244997
248131
254175
240669
242666
236615
234149
229634
242655
236649
234134
256401
270976
264636
262572
264594
262539
256424
250327
251764
258138
244195
258106
244171
250348
248188
245017
254181
240715
254176
240711
248213
242681
229675
236713
234160
236684
234168
242698
225759
232269
219489
225901
225735
232304
219519
224987
231118
218785
223444
224945
231128
218804
219379
213224
212238
207551
219369
213269
212216
231917
245268
238908
238150
238869
238123
231948
225788
225940
232382
219587
232342
219553
225821
225027
223475
231155
218861
231142
218855
225061
219398
207590
213346
212211
213312
212232
219418
200796
206247
194376
199653
200788
206240
194369
201333
207561
196321
201173
201274
207584
196356
195592
189234
189633
184634
195584
189246
189606
207077
219374
212916
213430
212889
213397
207108
200808
199643
206243
194376
206238
194371
200823
201386
201202
207633
196438
207609
196420
201430
195601
184665
189276
189600
189262
189618
195608
174441
178922
167645
171687
174468
178875
167505
176669
183270
172815
178001
176659
183250
172812
170265
163106
165543
159956
170285
162998
165500
181307
192854
186034
187940
186061
187943
181298
174437
171820
178836
167527
178860
167661
174437
176702
178015
183247
172874
183245
172876
176717
170278
160132
163043
165494
163166
165518
170281
530602
544580
517421
532676
530558
544484
517435
527472
541001
512796
526231
527479
541145
512812
515896
503376
501162
489232
515844
503401
501214
542466
569711
558145
557169
558366
556840
542524
530638
532842
544338
517485
544625
517457
530656
527465
526081
541173
512889
540964
512836
527473
515941
489260
503424
501299
503422
501257
515981
480706
492486
468333
481343
480644
492435
468366
479498
491648
466271
477826
479462
491707
466312
467928
456124
455019
443925
467872
456156
455059
492650
518789
506903
505519
507054
505508
492668
480778
481466
492461
468378
492570
468380
480834
479533
477871
491791
466375
491762
466352
479536
467988
443961
456188
455123
456188
455099
468017
433641
443928
421980
433477
433594
443880
422001
433504
444849
422050
432909
433473
444903
422085
422509
411338
411291
400753
422463
411362
411323
444919
468080
457427
456966
457557
456896
444913
433699
433571
443817
421983
443970
422011
433752
433536
432945
444999
422151
444961
422124
433547
422557
400788
411387
411387
411391
411360
422587
388828
397361
377868
387577
388784
397356
377877
389766
400590
379950
390242
389745
400634
379972
379351
368867
369763
359857
379321
368871
369777
399566
420778
410425
411131
410468
411052
399562
388891
387643
397375
377853
397431
377887
388954
389796
390276
400727
380035
400690
380003
389804
379395
359876
368879
369823
368888
369800
379425
346841
354052
336488
344807
346829
354018
336481
348647
358770
340347
349970
348646
358789
340353
338818
328880
330725
321308
338806
328874
330731
356898
375631
366165
367612
366220
367552
356860
346869
344832
353944
336410
354039
336465
346897
348659
349989
358857
340381
358830
340373
348646
338838
321316
328838
330738
328870
330743
338843
306665
312540
296717
303669
306665
312509
296701
309479
319215
302558
311833
309487
319226
302564
299990
290383
293237
284071
299986
290373
293241
316328
333340
324169
326626
324208
326576
316281
306681
303675
312448
296604
312515
296666
306715
309469
311840
319253
302551
319247
302568
309438
299996
284072
290329
293222
290359
293243
299995
267704
272643
257857
263919
267705
272615
257843
271445
280970
265654
274791
271457
280975
265659
262090
252544
256410
247263
262087
252536
256410
277166
292672
283906
287146
283941
287096
277117
267716
263922
272551
257763
272617
257815
267749
271433
274792
281005
265659
280989
265661
271413
262098
247263
252507
256408
252527
256411
262110
228813
232800
218493
223476
228782
232795
218371
233571
243156
228833
237980
233579
243172
228826
224029
214294
219398
210220
224018
214157
219394
238341
253085
244132
248371
244166
248317
238296
228855
223625
232779
218307
232803
218494
228923
233569
237982
243214
228827
243192
228829
233552
224045
210355
214083
219405
214296
219394
224069
472106
486549
460931
475153
472046
486601
460963
467632
479558
452994
464871
467644
479628
452996
457525
446884
442925
432706
457470
446909
442982
482924
509900
497628
495654
497592
495381
482998
472173
475187
486703
461027
486649
461000
472249
467626
464724
479582
452984
479432
452988
467636
457584
432734
446983
443099
446942
443038
457657
429508
442275
419173
431573
429474
442311
419202
426660
436795
413318
423068
426628
436829
413348
416724
406805
403837
394417
416693
406829
403865
439895
464215
453181
450556
453154
450500
439934
429551
431609
442376
419283
442348
419239
429599
426700
423112
436941
413441
436875
413389
426754
416768
394451
406920
403967
406865
403907
416829
389037
400153
379203
389984
389015
400178
379228
387442
397064
375881
385108
387425
397083
375895
377895
368436
366734
357721
377876
368467
366751
399025
421011
410603
409117
410565
409069
399074
389070
390016
400252
379301
400213
379260
389116
387477
385141
397175
375984
397118
375928
387532
377927
357761
368551
366834
368503
366783
377977
350612
360199
341428
350629
350603
360203
341432
350041
359134
340032
348809
350018
359166
340053
341051
332240
331379
322964
341046
332239
331402
360026
379914
370039
369578
370008
369545
360051
350627
350637
360225
341457
360213
341445
350642
350067
348843
359238
340120
359199
340083
350097
341067
322993
332269
331461
332251
331431
341086
314575
322620
305812
313526
314576
322626
305820
314971
323522
306411
314600
314979
323520
306431
306481
298035
298280
290222
306494
298040
298297
323445
341152
331872
332357
331869
332348
323455
314585
313540
322636
305835
322641
305834
314590
314980
314630
323545
306486
323530
306457
314994
306486
290254
298061
298343
298053
298319
306495
279802
286495
271187
277615
279778
286512
271215
281318
289611
274175
282172
281284
289633
274217
273043
264739
266243
258327
273011
264770
266277
288452
304449
295481
297083
295487
297087
288449
279825
277631
286525
271246
286528
271241
279823
281348
282216
289665
274268
289659
274257
281352
273071
258356
264805
266316
264799
266309
273074
245264
250823
236590
241903
245260
250825
236589
248101
256435
242244
250327
248085
256460
242256
239721
231302
234152
225998
239717
231297
234152
253945
268667
259761
262602
259766
262595
253946
245265
241902
250820
236581
250825
236586
245259
248114
250350
256492
242273
256484
242268
248120
239725
225991
231287
234151
231293
234152
239727
210248
214824
201492
205540
210257
214816
201359
214311
222873
209582
217809
214334
222863
209552
205683
197011
201208
192769
205704
196867
201187
219118
232942
223932
227855
223942
227862
219110
210242
205679
214809
201265
214808
201482
210246
214298
217794
222845
209510
222853
209534
214277
205662
192882
196763
201157
196987
201167
205644
413721
428263
404347
418615
413677
428318
404368
407655
417615
392853
402871
407655
417788
392873
399018
390184
384276
375841
398987
390210
384313
422987
448462
437699
433954
437720
433725
422989
413765
418648
428446
404404
428377
404388
413820
407606
402584
417667
392783
417480
392843
407513
399042
375861
390225
384346
390224
384337
399060
378085
390995
369522
382005
378061
391021
369536
373392
381755
359880
367818
373354
381790
359910
365167
357063
352126
344584
365136
357080
352150
386750
409429
400184
395623
400133
395587
386784
378120
382036
391119
369615
391060
369564
378167
373425
367854
381839
359952
381821
359941
373445
365203
344608
357151
352192
357109
352178
365232
344495
355609
336293
347009
344486
355620
336317
341226
349058
329673
337030
341218
349070
329684
333374
325650
322279
315054
333366
325663
322282
352807
373149
364428
361177
364373
361123
352861
344520
347046
355700
336403
355648
336349
344571
341252
337049
349144
329751
349094
329706
341304
333398
315074
325740
322344
325689
322302
333447
312315
321806
304543
313774
312255
321851
304610
310385
317913
300641
307760
310348
317935
300657
302882
295541
293514
286633
302836
295591
293540
320260
338533
330207
328279
330160
328228
320311
312365
313822
321936
304717
321893
304665
312414
310426
307781
318016
300726
317967
300684
310477
302925
286669
295680
293611
295634
293571
302972
282061
290143
274692
282475
282018
290186
274722
281206
288281
272892
279701
281165
288325
272935
274082
267024
266075
259403
274044
267067
266110
289547
305827
298046
297075
297999
297026
289597
282107
282512
290269
274798
290230
274763
282151
281246
279739
288405
273015
288363
272973
281292
274123
259448
267153
266189
267111
266146
274168
252741
259482
245373
251871
252703
259516
245404
253028
259960
245927
252641
252977
260010
245986
245974
238909
239172
232505
245934
238945
239229
260112
274825
267202
267444
267188
267417
260132
252776
251900
259558
245450
259547
245435
252791
253069
252689
260091
246075
260056
246039
253097
246011
232539
238996
239294
238978
239273
246030
222994
228590
215429
220718
222994
228588
215418
224656
231785
218780
225646
224641
231809
218805
217415
210158
211827
204887
217412
210151
211840
230537
244195
236418
238031
236412
238017
230545
222995
220711
228589
215407
228588
215412
222997
224670
225670
231847
218845
231832
218826
224681
217419
204892
210152
211863
210148
211852
217425
192230
196730
184462
188325
192255
196700
184300
195361
202813
190724
197785
195393
202795
190695
187745
180129
183333
175995
187773
179963
183313
200053
212815
204751
207750
204780
207758
200034
192211
188438
196660
184210
196673
184419
192208
195345
197779
202787
190674
202785
190685
195326
187721
176138
179876
183293
180093
183296
187708
354667
369376
346895
361522
354606
369431
346929
346246
354614
331348
337192
346196
354826
331550
339684
332253
323299
317895
339620
332280
323476
362284
386053
377390
371376
377386
371121
362340
354709
361560
369497
346941
369472
346948
354744
346217
337097
354935
331584
354695
331326
346185
339714
317778
332245
323567
332274
323356
339754
326170
339129
319451
332097
326147
339153
319464
319168
326042
305907
311043
319154
326076
305995
313211
306792
298934
294572
313193
306805
298996
332865
353955
346532
340021
346521
340005
332861
326188
332121
339184
319460
339179
319473
326186
319165
310995
326125
306132
326100
305927
319143
313224
294530
306778
299039
306808
298921
313226
300189
311165
293765
304426
300182
311167
293761
294924
301073
284017
288228
294911
301096
284088
289293
283118
277328
272921
289283
283112
277358
306551
325003
318192
313065
318149
313046
306569
300205
304440
311216
293776
311182
293760
300236
294938
288262
301174
284237
301136
284083
294937
289320
272909
283092
277435
283104
277349
289371
274951
284151
268698
277681
274939
284168
268706
271356
277518
262235
266743
271363
277516
262254
265772
259743
255632
251295
265769
259748
255628
281148
297566
290962
287579
290923
287540
281166
274968
277711
284221
268729
284190
268714
275002
271352
266745
277608
262373
277538
262250
271344
265793
251291
259739
255659
259748
255600
265845
250412
258166
244222
251837
250380
258189
244246
248257
254196
240758
245089
248238
254217
240791
242748
236740
234190
229729
242722
236761
234190
256486
271119
264775
262706
264736
262656
256516
250444
251863
258241
244293
258209
244267
250494
248271
245115
254335
240909
254260
240810
248275
242791
229735
236754
234230
236764
234190
242868
225895
232426
219620
226069
225859
232465
219647
225112
231171
218905
223518
225090
231189
218933
219469
213374
212224
207631
219442
213391
212216
232044
245361
239064
238305
239027
238251
232066
225938
226114
232537
219684
232515
219671
225977
225134
223538
231307
219040
231227
218958
225129
219512
207638
213391
212237
213404
212210
219586
200859
206254
194384
199652
200842
206267
194388
201483
207653
196486
201245
201463
207673
196522
195646
189298
189614
184717
195625
189319
189610
207173
219497
213023
213570
212995
213529
207187
200881
199661
206295
194394
206282
194393
200911
201497
201271
207787
196611
207711
196544
201487
195682
184724
189305
189634
189322
189611
195745
174452
178820
167707
171686
174447
178799
167547
176735
183260
172927
178036
176735
183278
172940
170311
163242
165526
160071
170303
163083
165508
181299
192817
185998
187991
186005
187967
181293
174461
171851
178779
167505
178785
167713
174487
176735
178050
183387
173010
183318
172958
176711
170337
160223
163019
165546
163251
165501
170409
)
;

boundaryField
{
    inlet
    {
        type            zeroGradient;
    }
    outlet
    {
        type            fixedValue;
        value           uniform 0;
    }
    seabed
    {
        type            zeroGradient;
    }
    top
    {
        type            zeroGradient;
    }
    side1
    {
        type            zeroGradient;
    }
    side2
    {
        type            zeroGradient;
    }
    submarine
    {
        type            zeroGradient;
    }
}


// ************************************************************************* //
