/*--------------------------------*- C++ -*----------------------------------*\
  =========                 |
  \\      /  F ield         | OpenFOAM: The Open Source CFD Toolbox
   \\    /   O peration     | Website:  https://openfoam.org
    \\  /    A nd           | Version:  10
     \\/     M anipulation  |
\*---------------------------------------------------------------------------*/
FoamFile
{
    format      ascii;
    class       volScalarField;
    location    "0.7";
    object      p;
}
// * * * * * * * * * * * * * * * * * * * * * * * * * * * * * * * * * * * * * //

dimensions      [0 2 -2 0 0 0 0];

internalField   nonuniform List<scalar> 
12920
(
1.58318e+06
1.35093e+06
1.15004e+06
1.09035e+06
967596
924226
844006
792266
725568
669401
607536
549659
488850
430189
370413
311084
251044
191768
131439
62935.2
1.04926e+06
1.20582e+06
1.11285e+06
1.07451e+06
967167
921885
841259
790689
723490
668818
606840
549092
488625
429696
369936
310549
250651
191530
131266
62859
1.16332e+06
1.19014e+06
1.09297e+06
1.06602e+06
951849
917275
839193
789302
723519
668749
606471
548586
487994
429191
369200
309948
250168
191175
130986
62737.4
1.0734e+06
1.13678e+06
1.09715e+06
1.06325e+06
972979
922951
843036
789215
723044
667649
605217
547302
487208
428350
368669
309496
249767
190821
130664
62599.4
1.01769e+06
1.0941e+06
1.06214e+06
1.04333e+06
949229
919041
838809
789000
724001
667884
604482
546979
486568
428246
368428
309335
249496
190498
130353
62461.7
1.0697e+06
1.1164e+06
1.09083e+06
1.0566e+06
963968
931373
849773
796918
727332
664690
603429
544976
486531
427846
368584
309144
249353
190253
130059
62340.3
735180
1.06037e+06
1.06883e+06
1.05273e+06
967401
939420
862778
808552
726009
660259
601412
544957
486590
428546
368654
309426
249304
190164
129824
62226.6
1.02245e+06
1.15913e+06
1.11304e+06
1.08248e+06
990963
953580
895789
824699
746614
675939
614671
560646
503160
444534
370181
309856
249764
190210
129682
62086.4
1.15623e+06
1.27198e+06
1.15506e+06
1.11615e+06
1.01089e+06
973907
913746
838396
757740
696131
632726
574069
514020
453715
384895
309721
249614
190032
129300
61896.3
1.35551e+06
1.3378e+06
1.1993e+06
1.15006e+06
1.04027e+06
988822
919758
842907
770580
707805
644311
581694
519215
456838
386646
309992
249225
189560
128829
61694.6
1.44422e+06
1.39252e+06
1.2281e+06
1.16239e+06
1.04974e+06
999199
927243
852570
783102
717450
652424
587926
523833
460152
388495
311347
250042
189904
128826
61686.9
1.47002e+06
1.42813e+06
1.22771e+06
1.17307e+06
1.05969e+06
1.0067e+06
935488
861852
792166
724815
657996
591583
526446
462288
390477
312659
251126
190579
129113
61864.8
1.56389e+06
1.4514e+06
1.2336e+06
1.18634e+06
1.0443e+06
997848
928215
858610
786576
719214
651435
584920
519052
455268
376652
314509
252477
191314
129458
62067
1.65008e+06
1.42365e+06
1.22824e+06
1.17532e+06
1.06191e+06
1.00225e+06
913196
847208
770422
706696
636054
571994
506221
443314
379100
316764
254004
192346
129938
62361.1
1.37457e+06
1.36051e+06
1.22469e+06
1.16546e+06
1.04744e+06
999275
906637
848938
771313
707706
638552
573932
508930
445415
381454
318756
255467
193272
130428
62614.3
1.43169e+06
1.37727e+06
1.23368e+06
1.17264e+06
1.06386e+06
1.00448e+06
911528
854617
773578
711555
640123
576723
510186
447146
382916
320027
256425
193968
130774
62832.2
1.37599e+06
1.30829e+06
1.23893e+06
1.17974e+06
1.06798e+06
1.01184e+06
904062
854744
772476
713188
641568
578575
512062
448663
383952
320811
256985
194267
130888
62889.9
1.61023e+06
1.41641e+06
1.27267e+06
1.20543e+06
1.08893e+06
1.02393e+06
921448
860814
778598
716144
643831
580304
512465
449068
383928
320832
256888
194240
130835
62894.2
1.51722e+06
1.46608e+06
1.23434e+06
1.19508e+06
1.08864e+06
1.02553e+06
920722
864358
778635
718173
643498
580598
512294
449097
383785
320732
256735
194085
130650
62837.9
1.49748e+06
1.474e+06
1.29702e+06
1.22183e+06
1.10633e+06
1.03451e+06
933369
869140
784379
719628
645043
581144
512688
449345
383924
320827
256727
194034
130571
62808.8
1.57341e+06
1.35069e+06
1.1453e+06
1.09177e+06
968208
924174
844150
792306
725658
669463
607644
549715
488946
430120
370362
310974
250982
191746
131431
62937.1
1.07681e+06
1.21435e+06
1.11938e+06
1.07445e+06
964344
921668
839901
790274
723175
668649
606890
549126
488650
429645
369866
310475
250607
191516
131261
62862.7
1.20309e+06
1.18474e+06
1.0939e+06
1.06541e+06
950264
917776
839240
789600
723517
668746
606533
548626
487998
429179
369177
309930
250151
191167
130982
62742.2
1.09209e+06
1.13139e+06
1.10289e+06
1.06458e+06
973587
923443
842985
789615
723070
667635
605211
547302
487217
428347
368666
309492
249764
190819
130663
62605
1.04289e+06
1.11001e+06
1.06838e+06
1.04504e+06
952826
920243
838900
789393
724086
667876
604480
546972
486564
428246
368429
309334
249494
190496
130352
62468.1
1.12464e+06
1.12031e+06
1.092e+06
1.0591e+06
967033
931262
850944
797134
727141
664626
603386
544946
486524
427843
368581
309140
249350
190252
130058
62347.1
891094
1.08087e+06
1.07226e+06
1.05092e+06
968792
938093
864885
809391
725475
660264
601350
544938
486575
428539
368641
309422
249299
190162
129823
62233.7
1.07812e+06
1.16647e+06
1.10743e+06
1.0833e+06
994186
953839
896713
825949
747133
675958
614778
560637
503140
444519
370134
309830
249756
190206
129682
62095.2
1.1568e+06
1.25933e+06
1.15776e+06
1.11663e+06
1.01386e+06
974186
913651
838116
757772
696168
633370
574206
513940
453742
384847
309696
249592
190023
129299
61905.2
1.33132e+06
1.33503e+06
1.20046e+06
1.15217e+06
1.04098e+06
988621
918750
842287
770928
707911
644322
581663
519172
456820
386623
309961
249197
189544
128827
61704.6
1.4565e+06
1.39725e+06
1.22648e+06
1.16372e+06
1.05065e+06
998955
926665
852578
783065
717472
652364
587886
523788
460092
388411
311294
250021
189899
128827
61696.5
1.44345e+06
1.42447e+06
1.22797e+06
1.17288e+06
1.06012e+06
1.00628e+06
934804
861433
792401
724683
657734
591549
526451
462251
390393
312605
251099
190574
129116
61875.5
1.43134e+06
1.45219e+06
1.23046e+06
1.18528e+06
1.04461e+06
998290
927422
858582
786374
719146
651202
584739
518911
455223
376634
314488
252469
191311
129459
62075.3
1.49677e+06
1.40044e+06
1.22591e+06
1.17265e+06
1.05936e+06
1.00173e+06
912159
846862
770145
706356
635914
571905
506342
443408
379066
316742
253993
192343
129933
62365.7
1.24821e+06
1.3436e+06
1.22362e+06
1.16504e+06
1.04564e+06
997695
904981
848249
771096
707562
638458
573859
508791
445390
381380
318701
255461
193272
130421
62619.6
1.38185e+06
1.35005e+06
1.23423e+06
1.17206e+06
1.06362e+06
1.00428e+06
909619
853814
773479
711501
640083
576687
510114
447061
382838
319966
256394
193947
130761
62835.9
1.07622e+06
1.28626e+06
1.23569e+06
1.17551e+06
1.06633e+06
1.01161e+06
902915
854588
771878
713127
641506
578600
512002
448561
383885
320773
256959
194250
130878
62893.7
1.4618e+06
1.40899e+06
1.27166e+06
1.20419e+06
1.08589e+06
1.02239e+06
920139
860623
778366
716120
643774
580192
512395
449018
383899
320818
256881
194236
130833
62901.5
1.5254e+06
1.45395e+06
1.23961e+06
1.19862e+06
1.08686e+06
1.02463e+06
919033
864100
778317
718009
643378
580541
512263
449073
383771
320726
256733
194083
130648
62845.7
1.582e+06
1.4846e+06
1.2973e+06
1.22161e+06
1.10581e+06
1.03454e+06
933109
869125
784091
719564
645015
581130
512683
449341
383922
320827
256727
194033
130570
62817.1
1.51765e+06
1.3477e+06
1.14129e+06
1.09067e+06
969562
923688
844087
791881
725826
669580
607808
549873
489238
430154
370247
310799
250891
191712
131420
62935.3
1.16965e+06
1.21498e+06
1.12194e+06
1.07432e+06
967105
922586
840501
790764
723160
668599
606832
549227
488779
429754
369793
310402
250556
191497
131254
62864.2
1.3586e+06
1.19371e+06
1.10018e+06
1.06356e+06
953728
918102
839940
790039
723696
668774
606656
548686
488040
429182
369146
309906
250134
191158
130979
62745.4
1.02622e+06
1.14343e+06
1.09254e+06
1.06392e+06
974222
923629
844697
790371
723231
667702
605239
547307
487214
428349
368672
309493
249760
190815
130662
62609.9
1.17815e+06
1.11455e+06
1.06433e+06
1.04518e+06
958520
920136
839546
790124
724347
667891
604484
546959
486556
428248
368433
309331
249488
190494
130352
62473.7
985451
1.12463e+06
1.08379e+06
1.05935e+06
973928
930245
852442
798240
727250
664621
603326
544903
486509
427836
368574
309135
249346
190250
130058
62353.6
1.0327e+06
1.10015e+06
1.07041e+06
1.05072e+06
974530
936664
866668
810026
726266
660520
601279
544905
486562
428527
368621
309414
249292
190160
129824
62239.9
839086
1.18135e+06
1.09742e+06
1.08611e+06
996511
953055
897420
826111
747778
676856
614963
560631
503116
444480
370061
309790
249745
190199
129682
62101.9
1.28882e+06
1.26925e+06
1.16043e+06
1.11832e+06
1.01242e+06
974600
914124
838283
758990
696420
633587
574177
513913
453664
384750
309619
249563
190012
129300
61913.1
1.47118e+06
1.36557e+06
1.20259e+06
1.15386e+06
1.0401e+06
988056
918101
841409
771940
708108
644301
581684
519102
456742
386474
309888
249159
189527
128825
61713
1.29629e+06
1.37987e+06
1.22203e+06
1.16456e+06
1.0529e+06
998613
925539
852165
783502
715564
652382
587935
523670
459902
388193
311195
249982
189891
128832
61706.4
1.35639e+06
1.41192e+06
1.22194e+06
1.17281e+06
1.06148e+06
1.00621e+06
933637
860637
792205
724542
657440
591461
526440
462135
390166
312510
251055
190563
129122
61894.7
1.42242e+06
1.45593e+06
1.23057e+06
1.18551e+06
1.04524e+06
997459
926806
857550
785541
719003
650711
584456
518670
455116
376618
314456
252455
191308
129462
62083.3
1.48957e+06
1.39163e+06
1.22716e+06
1.172e+06
1.05515e+06
1.00179e+06
910727
846224
769811
706151
636133
571930
506338
443357
379009
316705
253980
192336
129928
62367
1.29284e+06
1.34259e+06
1.22838e+06
1.166e+06
1.04487e+06
998366
901909
847835
770810
707624
638570
573864
508749
445298
381289
318630
255435
193254
130407
62618.4
1.16307e+06
1.30996e+06
1.22984e+06
1.17161e+06
1.06293e+06
1.004e+06
908692
853391
773378
711569
640041
576720
509924
446954
382683
319878
256335
193911
130740
62831.9
1.19461e+06
1.28944e+06
1.23234e+06
1.1731e+06
1.06492e+06
1.0116e+06
903720
854573
771595
713004
641287
578447
511815
448416
383764
320713
256920
194226
130868
62895.1
1.38546e+06
1.40584e+06
1.27534e+06
1.20424e+06
1.08529e+06
1.02167e+06
919193
860086
777774
715784
643562
580019
512290
448940
383857
320799
256872
194231
130831
62906.3
1.56574e+06
1.43429e+06
1.23968e+06
1.20093e+06
1.08895e+06
1.02357e+06
917341
863950
777986
717770
643252
580481
512224
449049
383750
320713
256727
194080
130647
62851
1.55698e+06
1.48043e+06
1.30452e+06
1.22308e+06
1.10604e+06
1.03479e+06
932608
868830
783710
719422
644941
581106
512671
449333
383918
320824
256726
194032
130569
62822.6
1.5219e+06
1.35551e+06
1.14168e+06
1.08748e+06
969922
922864
844580
792060
725865
669687
608216
550210
489534
430350
370175
310714
250803
191682
131410
62931.8
1.11377e+06
1.22198e+06
1.12865e+06
1.07466e+06
968277
922897
841860
791457
723647
668416
606811
549298
488895
429772
369731
310345
250522
191480
131247
62862.9
1.312e+06
1.18779e+06
1.0921e+06
1.06076e+06
954603
918423
840390
790369
723883
668827
606896
548848
488081
429214
369135
309890
250122
191149
130976
62745.5
943998
1.12915e+06
1.09532e+06
1.06557e+06
975022
924638
845806
791415
723793
667811
605298
547331
487225
428353
368674
309488
249756
190812
130661
62610.8
1.15645e+06
1.116e+06
1.06681e+06
1.04627e+06
960458
920778
842473
791235
724616
668000
604510
546955
486553
428250
368434
309327
249483
190491
130352
62474.7
1.12967e+06
1.13329e+06
1.09014e+06
1.0611e+06
976495
930413
854902
799407
727595
664719
603276
544871
486497
427827
368568
309129
249342
190248
130058
62354.6
1.03034e+06
1.12914e+06
1.07176e+06
1.05465e+06
977017
936048
867440
809853
728820
661055
601263
544872
486553
428511
368597
309405
249286
190158
129825
62241.3
1.12255e+06
1.20167e+06
1.10648e+06
1.08752e+06
997405
952843
897046
827577
749505
676952
615043
560625
503089
444440
369972
309739
249731
190189
129683
62103.8
1.4592e+06
1.29815e+06
1.16588e+06
1.11955e+06
1.01151e+06
973861
915187
838581
760582
696880
633341
574145
513874
453556
384552
309525
249533
190004
129302
61917.3
1.63097e+06
1.38416e+06
1.20662e+06
1.15663e+06
1.03807e+06
986728
918015
841354
772709
708311
644430
581712
518993
456583
386144
309752
249117
189515
128824
61718.9
1.5034e+06
1.38752e+06
1.2203e+06
1.16491e+06
1.05526e+06
997793
923545
852074
783647
717009
652072
587600
523577
459685
387825
311045
249929
189880
128838
61714.1
1.50313e+06
1.41495e+06
1.22455e+06
1.17449e+06
1.06402e+06
1.00616e+06
932595
860419
791771
724356
656953
591294
526352
461922
389756
312371
251009
190553
129127
61900.9
1.43439e+06
1.48664e+06
1.22775e+06
1.18816e+06
1.0456e+06
996897
925863
855969
785103
718960
650380
584001
518432
455027
376613
314421
252436
191305
129468
62086.9
1.35967e+06
1.37729e+06
1.22638e+06
1.1716e+06
1.05426e+06
1.00201e+06
909819
845923
769718
705923
636299
571976
506272
443311
378948
316670
253966
192330
129925
62365.6
1.24754e+06
1.33845e+06
1.22524e+06
1.17003e+06
1.04552e+06
997172
899820
847281
770694
707624
638646
573891
508640
445151
381216
318566
255405
193230
130393
62612.7
1.15769e+06
1.30429e+06
1.23511e+06
1.17149e+06
1.06202e+06
1.00381e+06
908241
852931
773272
711600
640033
576687
509766
446820
382546
319794
256274
193870
130718
62822.4
1.08458e+06
1.27945e+06
1.2307e+06
1.17097e+06
1.06411e+06
1.01174e+06
904478
854602
771487
712885
641132
578308
511715
448324
383677
320665
256886
194207
130860
62892.8
1.53881e+06
1.41321e+06
1.28089e+06
1.20374e+06
1.08553e+06
1.02078e+06
917962
859804
777381
715623
643427
579927
512199
448877
383822
320782
256865
194226
130830
62907.1
1.47205e+06
1.42289e+06
1.24569e+06
1.19874e+06
1.08702e+06
1.02274e+06
917171
863740
777761
717660
643144
580437
512188
449027
383727
320700
256721
194078
130648
62852.2
1.70378e+06
1.48822e+06
1.30182e+06
1.22032e+06
1.10542e+06
1.03457e+06
932150
868350
783234
719229
644871
581075
512661
449326
383914
320820
256724
194031
130569
62824.1
1.49633e+06
1.35129e+06
1.14349e+06
1.08639e+06
970758
923134
844239
791495
725994
669716
608072
550254
489764
430435
370133
310677
250773
191666
131404
62929.4
1.20725e+06
1.22085e+06
1.12992e+06
1.07547e+06
969180
923458
842488
791696
723937
668545
606663
549277
489004
429871
369708
310323
250506
191471
131244
62861.6
1.2632e+06
1.19052e+06
1.0914e+06
1.06033e+06
955144
918575
840959
790651
724071
668796
606987
548930
488113
429231
369128
309884
250118
191147
130974
62744.8
1.1405e+06
1.14757e+06
1.09576e+06
1.06588e+06
973864
924913
846387
792035
724095
667998
605346
547357
487235
428357
368676
309491
249755
190811
130661
62610.6
1.20378e+06
1.1243e+06
1.06652e+06
1.04634e+06
959762
920335
845198
791880
724892
668077
604554
546953
486552
428243
368432
309332
249486
190491
130352
62474.7
1.21433e+06
1.13838e+06
1.08696e+06
1.06239e+06
977059
931255
857112
800051
728132
664799
603254
544854
486488
427818
368564
309124
249338
190247
130058
62354.8
1.19691e+06
1.13918e+06
1.07126e+06
1.05464e+06
977563
935462
868026
809485
730562
661434
601292
544832
486549
428497
368581
309400
249281
190158
129825
62241.7
1.00367e+06
1.21011e+06
1.10429e+06
1.08866e+06
997295
951882
897331
828493
751749
676767
615004
560635
503065
444420
369905
309695
249720
190182
129685
62104.5
1.45865e+06
1.31572e+06
1.16237e+06
1.11893e+06
1.01352e+06
973156
916064
839082
761711
697100
633205
574114
513811
453433
384115
309406
249512
190000
129304
61920.8
1.62646e+06
1.39883e+06
1.21005e+06
1.15837e+06
1.0357e+06
986074
918358
841780
773169
708579
644576
581719
518888
456403
385573
309600
249083
189508
128825
61726.3
1.39804e+06
1.37027e+06
1.21778e+06
1.16577e+06
1.05701e+06
996308
921851
852045
783713
717259
651863
587410
523496
459514
387205
310883
249881
189874
128842
61720.2
1.51661e+06
1.40189e+06
1.22883e+06
1.17647e+06
1.06634e+06
1.00621e+06
931870
860459
791224
724218
656577
591103
526214
461679
389142
312224
250985
190547
129129
61904.2
1.54408e+06
1.45904e+06
1.23627e+06
1.18857e+06
1.0477e+06
996105
924536
855422
785208
719102
650366
583785
518289
454946
376603
314393
252424
191304
129475
62088.9
1.446e+06
1.38121e+06
1.22691e+06
1.17197e+06
1.05549e+06
1.0013e+06
908826
845724
769577
705713
636321
572033
506238
443278
378921
316650
253959
192325
129923
62364.2
1.33636e+06
1.3443e+06
1.22202e+06
1.17176e+06
1.04585e+06
997262
898659
846978
770638
707611
638680
573912
508541
445086
381176
318527
255378
193213
130385
62608.4
1.26688e+06
1.31717e+06
1.2359e+06
1.17122e+06
1.06054e+06
1.00401e+06
908386
852758
773244
711613
640040
576655
509649
446722
382468
319746
256247
193851
130707
62815.9
1.2337e+06
1.28124e+06
1.23242e+06
1.17118e+06
1.06417e+06
1.01189e+06
905070
854591
771472
712876
641057
578211
511671
448278
383636
320638
256868
194197
130854
62890.5
1.5951e+06
1.41511e+06
1.27934e+06
1.20352e+06
1.08698e+06
1.0206e+06
918255
859594
777207
715522
643353
579903
512154
448845
383802
320773
256861
194224
130830
62907
1.40084e+06
1.40725e+06
1.24788e+06
1.19799e+06
1.08671e+06
1.02298e+06
918648
863615
777870
717592
643143
580427
512161
449012
383713
320693
256717
194077
130649
62852.7
1.88666e+06
1.50394e+06
1.30403e+06
1.22184e+06
1.10617e+06
1.03456e+06
931602
868095
783033
719121
644807
581045
512660
449321
383913
320817
256723
194031
130568
62825
660077
713767
666738
708275
660173
714116
666677
597318
650501
604480
644379
597381
650406
604518
668738
723039
672929
715817
668642
722769
672640
605992
656419
607010
652153
605914
656127
606948
861876
918205
862078
913744
860602
917764
861300
775695
841546
781523
838052
775399
840978
781547
714029
766532
720819
757760
713562
766790
720905
648071
705240
657533
696126
648920
705281
657522
589635
641927
595335
633207
589676
641976
595377
529305
579943
533366
574185
529420
579956
533345
469037
517932
471445
513945
469040
517944
471432
408355
455957
409337
453748
408285
455945
409287
862724
924930
868200
919162
862373
924485
868065
786992
850130
797568
842553
787032
850106
797506
723625
780587
731336
770761
723708
780538
731419
660056
715214
666698
707867
660051
715179
666710
597263
650591
602480
644324
597271
650566
602480
534793
586496
538618
581671
534766
586506
538558
472423
522747
475182
519184
472430
522716
475171
409830
459392
411595
456835
409824
459373
411587
870413
933659
877429
926815
870429
933206
877022
800029
859592
806887
852609
800020
859412
807002
733698
790090
739947
783005
733776
790351
739970
668623
723299
673376
717449
668595
723253
673302
603972
656808
607402
652380
604002
656758
607408
539789
591021
542160
587913
539745
590998
542163
476008
526025
478128
523805
475992
525986
478139
412141
462002
413677
460106
412142
461990
413670
879780
937311
884747
935127
879459
937517
884206
809173
865883
813188
861586
809480
865202
813297
741518
795133
744046
792376
741455
795114
744093
674601
726575
676447
724738
674452
726509
676365
607996
659562
609473
657801
607959
659356
609417
542561
592561
543611
591557
542579
592550
543584
478260
527256
479223
526444
478250
527235
479220
414184
463035
415695
462267
414177
463024
415685
859843
917353
860587
913451
859256
917149
858689
775276
840496
781846
838237
775429
838634
783837
713533
767055
720958
758581
713769
768271
721164
649113
705299
657534
696330
649427
705407
657616
589716
641997
595388
633629
589750
642042
595427
529419
579956
533338
574191
529389
579967
533311
469036
517935
471422
513920
469006
517893
471379
408267
455933
409266
453689
408219
455886
409187
861933
924350
868027
918199
860575
923923
867782
787162
850111
797557
841450
788066
850064
797893
723756
780606
731454
771708
723962
781011
731527
660051
715190
666719
708053
660067
714661
666749
597270
650557
602427
644304
597291
650526
602664
534756
586475
538538
581666
534702
586427
538480
472418
522698
475165
519121
472378
522633
475089
409803
459366
411552
456764
409717
459269
411408
870327
932828
876810
925869
869920
931727
875931
799965
859207
807055
852307
800241
858506
806968
733788
790356
739961
783380
733669
790169
739885
668603
723222
673231
716918
668785
723096
673009
603968
656699
607383
652460
604336
656511
607073
539727
590970
542155
587866
539646
590797
542070
475984
525987
478127
523699
475909
525983
478033
412112
461972
413646
459972
411968
461868
413525
879288
937381
884089
933996
878498
937018
883904
809503
865045
813284
860870
809222
865032
813028
741433
795093
744101
792312
741421
794913
744045
674375
726509
676325
724576
674086
726617
676131
607925
659362
609382
657510
607845
659169
609276
542581
592584
543565
591491
542561
592526
543475
478243
527205
479244
526449
478218
527110
479235
414154
463022
415662
462172
414033
462973
415546
859122
917351
858239
914842
860213
917996
857740
775653
838380
784383
838481
776704
838635
785386
713928
768603
721270
760160
714525
769394
721588
649440
705477
657642
696792
649309
705702
657718
589743
642050
595442
633373
589718
642107
595485
529375
579977
533298
574150
529333
580011
533235
468991
517870
471362
513886
468937
517807
471289
408196
455866
409156
453583
408105
455778
408996
860208
923691
867689
918025
859655
922670
867477
788352
850034
798007
841400
789027
850004
798188
724036
781134
731633
772553
724263
781287
731808
694514
692073
710586
708166
694484
692128
710616
630525
628538
646413
644313
630549
628556
646377
534676
586503
538452
581709
534598
586469
538369
472364
522606
475057
519025
472275
522533
474948
409680
459219
411344
456635
409504
459053
411107
869789
931235
875589
924164
869513
929487
875168
800351
858242
806890
852105
800540
857976
806788
733809
790146
739823
783635
733959
790041
739503
703120
700830
719498
715861
703218
700838
719551
637901
636117
654108
652739
637818
636441
654101
539614
590730
542033
587798
539521
590631
541962
475863
525971
477985
523597
475749
525959
477816
411904
461821
413464
459732
411656
461639
413222
878191
936649
883836
932916
877803
936575
883627
809125
864989
812752
860468
808800
864779
811525
741415
794819
744023
791914
741181
794344
744100
673947
726719
676054
724389
673540
727237
676058
607805
659068
609236
657096
607666
658646
609130
542549
592484
543442
591348
542473
592386
543328
478199
527077
479214
526375
478065
526944
479131
413970
462943
415492
461983
413719
462808
415278
860932
918347
857585
915819
862244
919306
858244
777108
838648
785568
839122
778171
839066
785735
714725
769576
721688
761400
715271
769945
721954
649268
705760
657761
697043
649045
705930
657965
589709
642161
595487
633261
589688
642279
595509
529319
580023
533204
574129
529274
580050
533130
468917
517789
471259
513831
468859
517724
471177
408064
455740
408915
453470
407872
455630
408617
859524
922157
867425
918289
859650
921186
867371
789163
849996
798202
841528
789453
850046
798287
724336
781311
731793
773071
724571
781427
731867
660236
715186
666573
708503
660414
715502
666611
597386
650296
602595
644587
597383
650298
602119
534573
586290
538336
581741
534507
586139
538246
472230
522509
474920
518914
472120
522440
474830
409416
459010
411014
456447
409083
458873
410636
869332
928939
875017
922160
869224
928169
874974
800513
857943
806770
852022
800554
857988
806597
733867
789981
739381
783697
733759
789707
739061
668516
722694
672508
717330
668226
722462
672150
604129
656015
606930
651870
603478
655685
606849
539503
590608
541948
587416
539445
590525
541887
475720
525959
477760
523525
475628
525955
477576
411555
461571
413118
459549
411167
461342
412741
877732
936390
883564
932007
877651
936253
883134
808688
864580
811296
860373
808353
863903
810847
741064
794118
744092
791377
740812
793357
744035
673436
727333
676108
724244
673263
727386
676087
607605
658408
609101
656637
607407
658077
609003
542451
592399
543301
591145
542381
592290
543156
478015
526885
479109
526249
477873
526703
479059
413613
462757
415190
461736
413215
462589
414846
862477
919506
858752
916965
862591
919566
860131
778588
839543
785777
839506
779583
840928
785804
715474
770029
722046
762959
715951
770198
722215
648930
705994
657963
697077
648531
706151
657840
589686
642255
595511
632947
589840
642123
595482
529254
580029
533107
573869
529189
579918
533081
468845
517701
471159
513635
468949
517631
471136
407800
455599
408497
453185
407335
455548
407698
859901
920932
867332
918492
861380
920745
867828
789519
850088
798339
842816
789504
850500
798362
724688
781557
731844
773305
724881
781615
731793
660410
715409
666589
708746
660367
715358
666484
597375
650293
602110
644452
597345
650255
602004
534480
586124
538225
581632
534423
586090
538215
472090
522416
474799
518808
472027
522366
474676
408959
458826
410491
456301
408141
458703
409598
869219
927997
874992
921843
869604
928289
875448
800555
858060
806547
852335
800637
858580
806485
733720
789615
738998
783823
733637
789464
738930
668181
722351
672085
717094
668031
722256
672090
603436
655629
606821
651775
603396
655568
606850
539419
590499
541875
587388
539364
590538
541913
475616
525939
477520
523419
475485
525793
477401
411019
461268
412597
459420
410123
461141
411719
877726
935853
883081
931875
878272
935756
883125
808250
863824
810653
861047
807963
863739
810333
740762
793187
743965
790827
740706
792856
743936
673269
727276
676041
724107
673316
727226
676021
607367
658020
609002
656557
607246
657922
609081
542350
592249
543135
590991
542288
592144
543173
477835
526666
479053
526145
477747
526570
479104
413066
462529
414728
461549
412157
462402
414181
678372
676101
662308
660099
678384
676140
662277
697137
712995
699002
714257
697052
713075
698667
680769
664567
683012
666268
680792
664538
682319
694574
708215
692222
710751
692175
710666
694658
678419
660132
676223
662419
676179
662306
678535
697238
714186
713194
699243
713116
698979
697264
680787
666152
664578
683064
664531
682270
680872
614857
612962
599140
597344
614860
612990
599179
632574
648519
634431
650038
632541
648510
634112
616793
600950
618764
604598
616662
601192
618721
630533
644339
628620
646485
628587
646394
630596
614865
597366
613053
599158
613024
599187
614899
632543
649936
648484
634314
648490
634005
632493
616716
604832
600930
618649
601189
618559
616620
686787
685146
670418
669187
686841
685641
670387
704683
721429
706232
722961
704787
721321
706152
688223
671831
689509
672835
688278
671819
689427
703096
715968
700994
719299
701158
719475
703024
686677
669152
685159
670113
685621
670262
686548
704539
722862
721062
705974
721191
706070
704391
688098
672752
671474
689224
671662
689325
687939
621843
620402
605468
606251
621553
621472
605565
639105
655502
639856
656295
639116
655510
639800
622982
606580
623365
607006
622922
606565
623322
637836
652617
635847
653806
636354
653993
637534
621728
606344
620133
605320
621194
605528
621353
638995
656220
655144
639662
655359
639732
638785
622908
606971
606398
623256
606535
623279
622694
867119
903866
872985
896109
865436
904306
872287
788536
827643
784669
824923
788687
827431
784549
715999
748676
718768
746859
715824
748620
718282
645119
683161
650639
675669
645299
683169
651133
590028
620265
592474
614716
590011
620458
592472
532719
563168
534683
560645
532708
563159
534663
474320
504919
475716
503151
474312
504961
475733
415943
445561
415849
444527
415930
445576
415852
937406
978808
939172
973743
937840
979239
939861
899504
899542
916421
913702
899273
916193
899811
817613
817472
839368
838333
817425
839333
817714
745103
744013
759727
757735
743820
759657
745207
683974
680881
699823
696121
680768
699767
684033
621508
618371
636146
632829
618543
636253
621450
561203
559553
576207
574110
559602
576236
561165
499987
499106
515075
513981
499033
515118
499980
439056
438783
454255
453743
438761
454220
439069
355090
385752
355244
384875
355071
385689
355232
945091
994131
950115
988746
945127
993884
950104
901324
900233
920809
919507
900124
920638
901370
825887
822109
844743
842867
822003
844687
825974
758396
754968
774672
770604
754994
774674
758395
694410
691863
710392
707811
691855
710426
694392
630647
628541
646550
644319
628553
646545
630639
567599
566047
583393
581688
566038
583387
567605
504683
503577
520419
519202
503577
520417
504696
442029
441179
457752
456842
441177
457752
442037
355624
387637
356521
386654
355609
387615
356492
954625
1.00378e+06
959228
998924
954365
1.00347e+06
958856
909634
907297
929368
927221
907288
929318
909739
837191
834748
855014
852512
834735
854975
837214
768868
766468
785529
783032
766449
785442
768872
703169
701158
719591
717447
701153
719586
703182
637757
636217
654086
652406
636206
654066
637774
572980
571843
589185
587926
571822
589137
573031
508730
507864
524756
523826
507858
524754
508731
444832
444213
460852
460132
444198
460838
444824
357256
389624
358229
388462
357223
389599
358208
964324
1.01386e+06
969426
1.00648e+06
964104
1.01356e+06
969309
918283
916305
937688
935510
916264
937596
918415
845600
843759
863537
861839
843645
863431
845736
776680
775213
793627
792193
775231
793673
776652
709234
708035
726109
724803
708017
726080
709328
641853
641198
658606
657922
641167
658653
641892
575483
575124
592026
591594
575146
591999
575481
510830
510338
526844
526436
510332
526832
510833
446707
446209
462678
462285
446204
462672
446715
359259
391053
360299
390446
359235
391034
360279
895801
928833
898973
927993
895714
928816
898862
823067
857513
823502
858607
823243
857542
823331
753228
787059
754552
786557
753218
786650
754424
685821
719080
685559
719197
685662
719099
685524
618249
651334
619176
651383
618182
651271
619094
552163
584778
552514
584876
552144
584844
552435
487418
519341
487809
519010
487410
519278
487768
423907
455797
425324
455252
423865
455734
425320
863436
904959
869897
897029
863334
905536
869330
789251
827570
784352
826227
789556
827721
784123
715598
747947
717971
747361
715564
747624
717922
645505
683540
651639
676467
645769
684061
652130
590028
620652
592476
614884
590042
620836
592499
532704
563144
534646
560634
532695
563131
534625
474309
504960
475731
503128
474301
504947
475719
415892
445571
415841
444500
415876
445554
415816
938492
980667
941677
974720
938583
981236
941985
898129
897998
915749
913366
898149
898051
915610
815872
817167
838878
838220
816356
817066
838684
745745
743909
760304
757896
745471
744174
760716
683904
680712
699695
696187
683874
680795
699691
621813
618918
636674
633547
621755
619033
636748
561303
559711
576365
574214
561305
559708
576374
499958
498944
515134
513933
499965
498938
515129
438987
438727
454170
453731
439004
438715
454159
355045
385635
355205
384803
355016
385577
355164
944324
993690
949622
988569
943926
993679
949210
900531
899455
920212
918538
900799
899125
920063
825929
821730
844443
842005
825790
821842
844422
758671
755230
774825
771180
758553
755387
774973
694449
691914
710501
707955
694443
691939
710513
630629
628559
646537
644319
630637
628555
646528
567557
566002
583361
581659
567570
565992
583354
504661
503563
520399
519158
504669
503555
520385
441972
441142
457730
456804
441991
441122
457716
355577
387559
356446
386557
355527
387477
356379
953953
1.00335e+06
958425
998694
953359
1.00302e+06
957676
908831
906770
928867
926413
909074
906575
928624
837001
834843
854805
852517
837097
834797
854686
768978
766537
785419
783129
768924
766614
785483
703202
701190
719598
717554
703176
701306
719593
637714
636141
654031
652402
637709
636157
654034
572917
571761
589074
587850
572936
571743
589059
508674
507825
524727
523762
508696
507801
524707
444719
444103
460772
460066
444766
444064
460732
357172
389552
358161
388319
357096
389469
358090
963531
1.01306e+06
968830
1.00626e+06
962909
1.01304e+06
968424
917210
915423
936728
934611
917459
915107
936485
845204
843408
863016
861276
845219
843338
862936
776906
775300
793788
792434
776903
775316
793823
708993
707864
725944
724629
709074
707778
725895
641616
641084
658536
657663
641693
641011
658444
575497
575108
591970
591537
575497
575094
591961
510804
510336
526806
526454
510813
510336
526802
446641
446159
462636
462229
446665
446131
462615
359187
390986
360242
390298
359116
390891
360186
895835
928542
898834
927388
896091
928555
898934
823116
857116
822781
858308
822528
856532
822200
753155
786407
754312
786036
753053
786267
754247
685610
718994
685459
719085
685494
718826
685270
618038
651262
618984
650973
617874
651210
618836
551948
584965
552460
584590
551772
584984
552420
487429
519015
487684
518787
487401
518814
487608
423842
455586
425316
455161
423817
455484
425303
865689
905962
870446
896904
868066
905681
872266
789716
827907
784165
826501
789815
828210
784655
715938
747857
718278
748425
716462
748807
718789
645957
684402
652158
676993
646041
684528
652000
590054
620765
592511
615023
590060
620672
592527
532684
563111
534602
560627
532680
563096
534580
474288
504925
475699
503104
474272
504901
475676
415853
445527
415781
444459
415826
445493
415737
939252
981274
940778
974334
938098
980680
939467
898314
898443
915839
914563
898045
898891
916284
814845
816731
838036
838321
814912
816672
837978
746970
745019
761868
759353
746654
745349
762203
684336
681237
699994
696541
684209
681371
700149
621854
619110
636816
633507
621860
619079
636790
561243
559655
576334
574167
561261
559637
576312
499922
498925
515103
513906
499932
498919
515094
438899
438657
454138
453638
438924
438631
454126
354983
385498
355108
384671
354931
385397
355038
943100
993194
948256
987413
942325
992469
946759
899713
898234
919350
918143
899845
898160
919246
826608
822629
844722
841431
826454
822854
844816
759076
755904
775401
772165
758987
756063
775518
583367
581696
583386
567529
565969
567534
565967
504637
503521
520347
519079
504646
503502
520325
441825
441035
457636
456721
441871
440998
457595
355458
387366
356297
386345
355356
387210
356182
952498
1.00298e+06
956645
998158
950303
1.00285e+06
955188
907742
905930
927877
925130
908037
905656
927485
836567
834664
854028
852106
836579
834673
854013
769128
766906
785755
783606
769133
766923
785847
589123
587985
589190
572883
571724
572885
571755
508570
507703
524641
523642
508594
507676
524620
444443
443878
460559
459815
444506
443786
460492
357000
389356
357996
388034
356880
389201
357874
961932
1.01297e+06
967706
1.00606e+06
961121
1.01299e+06
967214
916142
913834
935457
933414
916355
913564
935335
845156
843199
862592
860502
845144
843167
862493
776701
775277
793738
792109
776796
775224
793630
707420
724484
707338
708533
725597
708609
725560
640749
657348
640668
641450
658110
641506
658026
591428
575459
575037
591924
575476
575015
591902
510747
510307
526793
526416
510766
510283
526776
446474
446007
462527
462092
446528
445950
462490
359023
390753
360109
389992
358902
390554
360006
896202
927714
898602
926717
896231
927653
898363
821679
855854
821641
856695
821036
855404
821279
752925
786118
754152
785141
752781
785636
754194
685204
718601
685318
718915
684987
718433
685229
617683
650920
618551
650468
617413
650478
618282
551621
584870
552363
584252
551449
584661
552270
487353
518653
487592
518547
487265
518529
487559
423785
455432
425280
455066
423758
455378
425274
869358
905517
873538
897035
869686
905401
874133
790255
828947
785666
828281
790986
829551
786640
717169
750146
719314
750606
717763
751451
720059
646112
684502
651771
676799
646129
684327
651471
590055
620569
592520
615035
590042
620482
592527
532680
563079
534558
560624
532684
563081
534534
474258
504873
475651
503077
474238
504841
475621
415798
445453
415685
444430
415774
445403
415620
938255
979028
939938
973534
938175
977991
940450
901516
901024
918067
915367
900803
901467
918555
815688
816785
838251
838710
815410
816958
838496
748074
746393
763144
760922
747854
746680
763368
684503
681560
700441
696935
684504
681520
700497
621819
618982
636740
633320
621822
618934
636760
561194
559595
576291
574141
561201
559582
576294
499865
498891
515055
513863
499879
498880
515039
438765
438541
454075
453529
438801
438506
454053
354870
385250
354953
384381
354781
385055
354827
941817
991810
944805
986247
941532
991188
943328
899404
898357
918805
918171
899430
898515
918803
826855
823184
844855
841340
826821
823213
844837
759473
756500
775865
772843
759361
756632
775982
692251
710808
694721
694769
708363
692293
710867
628663
646582
630656
630675
644526
628675
646675
583335
567454
565927
581731
567459
565931
583348
504479
503402
520213
518965
504519
503370
520182
441548
440825
457467
456537
441625
440759
457415
355227
386989
356049
385907
355064
386725
355886
948216
1.00275e+06
952769
997137
946252
1.00246e+06
950910
905948
904409
925633
922882
906349
904111
924824
836587
834717
853912
852071
836591
834698
853921
769089
766941
785859
783675
769088
766959
785860
701366
719194
702884
702791
717349
701197
719120
635693
653557
637192
637117
652012
635711
653434
588901
572706
571478
587453
572755
571403
588793
508471
507622
524540
523561
508497
507609
524516
444146
443607
460368
459648
444223
443530
460330
356748
388986
357734
387569
356581
388727
357556
960232
1.01324e+06
966715
1.00638e+06
959514
1.01383e+06
966444
915636
913026
934446
932623
915652
912987
934520
844711
842954
862401
860403
844800
842935
862317
776065
774775
793206
791638
776299
774621
793016
707230
708698
725702
724309
708632
707261
725701
640349
641039
657756
656814
641159
640252
657674
575349
574893
591779
591245
575372
574856
591742
510652
510185
526723
526324
510678
510141
526699
446188
445734
462355
461859
446269
445648
462302
358763
390303
359889
389483
358589
390005
359740
895797
926831
897759
925388
895319
926348
897370
820796
855013
821082
855572
820772
854749
821070
752853
785401
754303
785254
753001
785355
754364
685012
718354
685157
719035
685151
718444
685151
617172
650211
618049
650375
617089
650094
617875
551259
584397
552186
583838
551126
584194
552104
487155
518420
487574
518346
487068
518345
487580
423741
455345
425275
454988
423711
455323
425267
869269
905583
874239
897561
869055
905998
874410
792081
829866
787579
828641
792648
829971
788217
718332
752748
720756
752328
718624
753512
721370
646091
684092
651116
676751
645960
683839
650757
590018
620367
592559
614994
590040
620284
592604
532695
563110
534518
560623
532703
563145
534527
474213
504798
475597
503049
474202
504728
475585
415763
445353
415547
444417
415752
445323
415487
938251
977111
940626
972782
938614
976643
940762
903072
902459
919691
916248
903042
902560
919908
817173
817833
839366
839274
816816
818122
839649
748983
747277
763862
762103
748677
747763
764093
684399
681345
700602
697112
684417
681317
700622
621727
618780
636698
633114
621757
618769
636606
561091
559507
576248
574078
561130
559453
576201
499833
498862
514966
513786
499837
498878
514935
438639
438407
453963
453387
438668
438379
453932
354690
384779
354680
383785
354596
384464
354529
941739
990940
943058
986070
941930
990861
942966
899535
898840
918704
918342
899445
898904
918693
827158
823362
845052
842083
827085
823464
845219
759870
757008
776315
773234
759778
757107
776371
694948
692484
711137
708654
694942
692516
711186
630630
628712
646669
644517
630659
628682
646657
567372
565905
583306
581683
567408
565864
583276
504359
503288
520099
518863
504379
503264
520078
441284
440569
457271
456367
441345
440511
457224
354890
386360
355713
385202
354725
385978
355541
944746
1.00181e+06
949432
996164
944385
1.00164e+06
948842
905426
903479
923833
921807
905373
903469
923848
836690
834573
853905
852173
836622
834655
854038
768972
766979
785835
783759
768950
766999
785895
702308
700847
718887
717235
702451
700775
718789
636990
635585
653324
651845
637024
635531
653274
572568
571332
588681
587401
572603
571317
588650
508363
507535
524440
523471
508391
507503
524415
443836
443314
460167
459487
443899
443260
460120
356401
388360
357357
386814
356218
387969
357158
958683
1.01377e+06
966085
1.00626e+06
958475
1.01383e+06
965757
915045
912468
933994
931736
915246
912418
933783
844426
842880
862170
860547
844446
842911
862187
775387
774169
792466
791058
775474
774059
792313
708703
707264
725643
724182
708728
707227
725599
640744
639913
657504
656555
640786
639874
657488
575275
574747
591648
591080
575294
574727
591618
510516
510031
526589
526190
510545
510020
526560
445868
445388
462137
461623
445950
445304
462094
358408
389611
359593
388769
358232
389226
359450
894917
925367
896951
924414
895172
925237
896769
820612
854605
821008
855352
820237
854489
820701
752986
785308
754397
784851
752991
785268
754491
685219
718538
685107
719069
685187
718333
685060
617089
650010
617704
650338
617081
649966
617677
551063
584001
552050
583746
551009
583950
552016
487023
518286
487591
518253
487016
518250
487555
423651
455287
425261
454882
423590
455279
425246
881811
881098
861326
861658
881008
861228
881907
899474
916774
899909
918100
916684
899705
899761
882220
861466
882524
862064
861415
882421
882333
899293
913699
898439
915896
899083
916111
898609
881549
861131
879875
860196
880820
860782
880669
899158
917969
916396
898984
916627
899410
898687
881982
861806
860681
881746
861125
882217
881331
794959
793202
775844
775655
793117
775903
795063
818175
840327
819297
841507
840260
819164
818249
796691
777600
799111
781456
777603
799107
796710
817274
838072
817255
839031
817345
839140
816862
794691
775541
792693
775996
792918
775959
794350
817882
841297
839704
818677
840031
818973
817417
796545
781420
777912
799096
777726
799124
796347
730429
727895
715744
713812
727737
715642
730491
748123
762304
751252
766570
762298
751258
748133
733238
718214
736351
720839
718211
736356
733253
745081
757776
743692
760017
743669
759772
745236
730410
713665
727648
715500
727662
715569
730454
748174
766637
762422
751432
762288
751315
748267
733273
720875
718236
736457
718217
736399
733320
667555
663575
651821
648369
663802
651879
667518
686508
702393
689297
705252
702386
689291
686531
670609
654745
673502
657534
654766
673492
670621
683910
696118
680662
699693
680685
699734
683872
667644
648668
664206
652228
664032
652032
667767
686488
705273
702381
689296
702384
689295
686456
670574
657527
654815
673457
654777
673478
670581
606394
603623
591577
589637
603658
591580
606384
623887
639123
626256
641945
639163
626282
623832
608704
593447
610874
595349
593463
610900
608675
621589
633016
618812
636538
618698
636387
621675
606436
589647
603742
591643
603702
591599
606494
623939
641955
639259
626332
639204
626301
623999
608745
595363
593515
610953
593482
610922
608799
545760
544058
530640
529361
544099
530658
545743
562660
578028
564378
579950
578044
564383
562646
547291
531929
548934
533362
531933
548930
547286
561263
574144
559699
576342
559649
576291
561294
545789
529401
544168
530689
544148
530678
545813
562678
579953
578104
564376
578075
564378
562689
547300
533353
531939
548913
531937
548919
547306
484734
483801
469644
469042
483776
469635
484745
501166
516494
502386
517944
516504
502395
501153
485824
470478
486993
471441
470475
486999
485822
499982
513955
498955
515139
498978
515136
499975
484722
469042
483746
469615
483758
469626
484714
501170
517948
516513
502399
516514
502401
501168
485821
471438
470462
486996
470469
487000
485816
423692
423335
408390
408334
423335
408398
423702
439559
455060
440377
455957
455056
440369
439573
424165
408736
424928
409323
408761
424923
424175
439037
453750
438739
454184
438749
454199
439021
423676
408302
423320
408380
423328
408391
423662
439550
455953
455039
440350
455048
440360
439540
424164
409302
408748
424910
408757
424919
424155
883196
882688
863797
862735
882615
863755
883244
903097
923157
905064
924808
923077
905006
903175
884945
866094
886703
868211
866061
886675
884971
901219
919392
899733
920527
899975
920632
901052
883106
862614
882212
863513
882467
863642
882961
903013
924694
922865
904781
923043
904927
902874
884871
868154
865831
886523
865951
886627
884764
808412
803472
791165
786988
803447
791150
808464
829530
847697
832373
850081
847615
832352
829637
811998
794741
814794
797544
794730
814760
812028
825781
842728
821750
844495
821868
844586
825739
808346
786976
803482
791197
803428
791157
808318
829443
850105
847442
832325
847535
832263
829390
811944
797441
794728
814740
794698
814682
811914
742363
739360
726370
723655
739381
726383
742361
761348
777860
764016
780562
777841
763993
761359
745067
728882
747611
731371
728921
747631
745057
758404
770654
755105
774720
755033
774670
758451
742367
723685
739445
726416
739409
726399
742416
761343
780489
777885
764036
777826
763973
761414
745082
731390
728975
747692
728951
747643
745124
678386
675989
662416
660050
675976
662398
678410
696757
712835
699016
715211
712857
699025
696742
680703
664622
682853
666687
664609
682854
680706
694424
707838
691877
710484
691863
710460
694442
678387
660054
675990
662390
675983
662392
678397
696759
715224
712903
699045
712886
699033
696801
680707
666688
664616
682892
664608
682861
680731
614895
612928
599082
597269
612939
599084
614887
632619
648635
634498
650577
648622
634484
632623
616737
600830
618493
602477
600820
618473
616745
630647
644326
628560
646542
628558
646543
630646
614894
597269
612950
599081
612944
599082
614893
632611
650567
648615
634454
648618
634468
632603
616724
602466
600789
618435
600807
618456
616705
551895
550435
536087
534787
550431
536103
551885
569089
584991
570508
586511
584985
570520
569081
553248
537375
554570
538594
537370
554563
553233
567591
581680
566012
583370
566024
583380
567580
551899
534776
550405
536108
550415
536115
551892
569089
586511
584955
570513
584970
570522
569080
553259
538578
537353
554534
537365
554550
553250
489070
488041
473388
472432
488050
473378
489079
505797
521592
506867
522738
521582
506862
505806
490064
474309
491022
475180
474307
491022
490071
504677
519192
503566
520407
503570
520413
504672
489066
472435
488050
473368
488051
473374
489062
505786
522729
521560
506847
521570
506857
505779
490058
475177
474297
491010
474303
491019
490052
426308
425567
410414
409843
425563
410424
426316
442799
458613
443565
459386
458597
443550
442829
426955
410989
427661
411607
411011
427657
426957
442011
456843
441158
457740
441170
457747
442004
426297
409835
425542
410413
425555
410426
426287
442779
459379
458584
443504
458589
443527
442769
426947
411605
410991
427612
411011
427644
426925
891111
888900
872782
870449
888868
872773
891169
911783
931661
914081
933598
931612
914042
911829
893334
875136
895550
877298
875087
895522
893355
909484
926998
906958
929044
907124
929212
909288
891008
870493
888715
872615
888805
872745
890860
911584
933359
931264
913590
931358
913814
911286
893182
877176
874938
895164
875038
895352
893012
819621
817226
802334
799990
817171
802277
819681
839596
857378
841591
859653
857355
841547
839594
821901
804730
824065
806846
804608
823890
821962
837182
852570
834831
854901
834703
854943
837188
819471
799836
817178
802304
817059
802222
819604
839520
859498
857261
841459
857320
841441
839560
821831
806928
804607
823765
804593
823857
821950
752427
750041
735987
733722
750067
735996
752406
771248
787914
773321
790109
787885
773340
771243
754776
738191
756658
739952
738204
756675
754759
768896
782946
766469
785435
766459
785430
768902
752465
733745
750151
736044
750109
736015
752509
771321
790218
788019
773489
787964
773413
771377
754820
739962
738250
756759
738225
756714
754869
686760
684870
670392
668606
684867
670379
686753
705105
721678
706631
723291
721678
706612
705125
688597
672046
690031
673372
672036
690012
688605
703159
717445
701138
719598
701150
719591
703168
686754
668596
684850
670367
684861
670367
686766
705088
723279
721669
706542
721678
706585
705063
688567
673349
671993
689922
672019
689974
688543
621544
620080
605362
603983
620087
605313
621578
639166
655643
640270
656812
655626
640218
639185
622855
606418
623721
607425
606403
623735
622928
637743
652390
636172
654032
636189
654046
637721
621525
603980
620071
605287
620072
605301
621501
639156
656793
655582
640200
655607
640227
639142
622841
607417
606442
623756
606433
623763
622835
556904
555804
540822
539777
555768
540802
556926
573870
590131
574647
591008
590158
574626
573809
557695
541449
558362
542164
541486
558355
557642
572966
587920
571783
589100
571806
589119
572954
556898
539764
555731
540781
555748
540795
556889
573920
591013
590220
574601
590198
574615
573948
557745
542166
541528
558331
541512
558343
557776
492749
491923
476801
476005
491925
476775
492759
509470
525469
509967
526004
525494
509938
509449
493496
477484
494128
478138
477468
494131
493508
508724
523819
507843
524740
507854
524751
508712
492738
476000
491912
476737
491924
476756
492722
509477
525989
525516
509913
525516
509922
509472
493485
478144
477429
494130
477450
494135
493470
428791
428224
412606
412156
428225
412615
428792
445387
461483
445866
462005
461478
445868
445385
429289
413126
429818
413687
413143
429821
429284
444821
460120
444141
460797
444171
460821
444798
428788
412153
428194
412598
428218
412607
428774
445376
462002
461443
445842
461463
445860
445356
429293
413680
413140
429807
413144
429820
429283
899708
897854
881695
879699
897779
881661
899774
919394
939026
920208
937392
939101
920246
919388
901391
883552
902280
884627
883454
902258
901458
917966
935261
915784
937046
916013
937225
917763
899528
879564
897502
881343
897656
881529
899431
919244
937459
938802
920291
938907
920290
919177
901272
884284
883095
901946
883280
902126
901121
828189
826451
810896
809191
826368
810936
828261
847245
865474
848727
865601
865294
848488
847484
829728
812438
830491
813234
812509
830510
829803
845358
861732
843388
863063
843530
863241
845294
828121
809297
826346
811093
826323
810995
828212
846927
865187
864826
848442
864896
848367
846960
829681
813298
812751
830433
812619
830478
829815
759868
758415
742941
741507
758421
742932
759898
777754
794771
778087
795109
794835
778142
777800
760605
743578
760465
744052
743595
760474
760618
776745
792253
775299
793768
775259
793710
776857
759849
741480
758398
742831
758404
742875
759841
777693
795091
794965
778236
794925
778214
777620
760581
744076
743650
760491
743634
760492
760551
692387
691379
675620
674574
691374
675608
692460
709739
726436
709993
726560
726461
709981
709740
693009
676372
693000
676412
676403
692960
693019
709223
724778
707930
725999
707983
726067
709178
692358
674523
691235
675522
691319
675577
692319
709684
726528
726515
710009
726461
709997
709637
692956
676387
676280
692864
676366
692923
692896
625113
624634
608609
607982
624644
608590
625183
642431
659270
642626
659521
659263
642550
642392
625562
609019
625575
609462
608978
625579
625578
641808
657868
641123
658617
641141
658664
641760
625054
607979
624609
608546
624630
608569
625022
642386
659432
659190
642457
659235
642499
642333
625533
609445
608923
625482
608949
625525
625493
559202
558821
543015
542561
558829
543008
559196
575740
592283
576184
592591
592271
576165
575756
559468
543350
559564
543604
543351
559564
559477
575490
591573
575123
591978
575140
591987
575494
559210
542570
558834
542997
558828
543001
559213
575724
592558
592240
576150
592254
576158
575720
559459
543596
543332
559545
543338
559544
559457
494748
494378
478781
478260
494378
478774
494752
511312
527145
511279
527255
527138
511273
511321
495207
479131
495231
479225
479131
495232
495212
510823
526439
510334
526810
510332
526818
510818
494743
478256
494373
478760
494376
478771
494735
511306
527252
527124
511247
527131
511259
511300
495201
479216
479121
495222
479123
495227
495197
430796
430265
414811
414193
430269
414827
430802
447090
462916
447426
463032
462910
447420
447099
431139
415214
431316
415702
415227
431311
431140
446697
462278
446180
462653
446195
462665
446684
430793
414186
430259
414808
430269
414820
430780
447081
463027
462900
447402
462905
447411
447069
431137
415694
415212
431308
415222
431316
431127
879036
878509
859703
859546
879625
878039
859355
897926
916254
898416
917219
898198
916180
897950
879931
859933
881173
859868
880533
859239
880544
898239
913264
898285
915563
898247
915536
898135
878840
859422
877826
858800
877745
859049
878661
897560
917110
916230
897381
916141
897444
897432
879499
859251
858152
879675
858651
880055
879106
793631
792322
776069
775259
793976
792078
776281
816076
839324
818232
839967
816758
838849
817709
795918
778242
799093
782473
796084
778893
799321
815460
838241
816821
838206
816944
838435
815137
793382
775301
791695
777038
791845
776594
793340
815559
839256
837293
817953
838094
817568
815295
796134
783131
780159
800490
779592
799777
796657
730727
727760
715511
713566
730568
727885
715555
748766
762759
751630
767437
748487
763428
751893
733584
718260
736565
721016
733437
718306
736691
746049
758192
744713
761477
744436
761112
746325
730958
713636
728236
715787
728024
715642
731187
749109
767868
764430
752439
763957
752176
749479
733792
721086
718465
736970
718374
736831
734004
667919
664296
652318
649309
667855
664358
652388
686458
702393
689308
705317
686442
702423
689332
670666
654864
673463
657557
670617
654923
673489
683987
696225
681102
699871
680899
699763
684096
667979
649387
664465
652491
664411
652447
668027
689415
686510
705358
702533
702463
689371
686582
673568
670728
657587
655023
654975
673524
670788
606584
603794
591678
589743
606552
603845
591698
624071
639321
626357
642018
624042
639367
626376
608854
593542
610976
595399
608834
593553
610994
621851
633617
619126
636827
619101
636793
621867
606600
589753
603907
591694
603883
591701
606606
626390
624094
642033
639452
639408
626384
624105
611014
608863
595411
593546
593550
611005
608858
545822
544173
530690
529412
545823
544169
530685
562695
578123
564372
579957
562695
578129
564366
547307
531938
548908
533330
547309
531933
548904
561293
574207
559675
576358
559695
576372
561278
545812
529402
544141
530663
544158
530675
545799
562691
579958
578119
564352
578125
564357
562686
547302
533321
531917
548895
531926
548899
547294
484698
483737
469604
469029
484706
483730
469593
501154
516510
502391
517924
501162
516504
502380
485801
470453
486990
471410
485809
470442
486981
499950
513926
498929
515112
498932
515120
499942
484691
469019
483715
469569
483723
469581
484684
501142
517909
516485
502350
516496
502366
501128
485791
471395
470416
486955
470430
486969
485780
423627
423310
408363
408254
423645
423298
408344
439511
455028
440336
455920
439527
455015
440320
424123
408729
424896
409244
424142
408708
424877
438968
453712
438679
454145
438698
454151
438948
423607
408237
423263
408294
423282
408320
423584
439492
455904
454984
440275
455000
440299
439469
424099
409217
408645
424821
408679
424852
424070
882528
881868
863325
861451
882747
881465
863158
902479
922634
904626
924231
902685
922456
904458
884448
865748
886441
867947
884625
865659
886301
900264
918310
898557
919579
898786
919789
900069
882321
860989
880710
862896
881076
863008
882145
902252
924062
921951
904195
922177
904313
902044
884292
867889
865556
886088
865608
886215
884099
808453
803662
791278
787425
808319
803907
791446
829423
847438
832348
850135
829373
847461
832393
812021
794810
814772
797665
811921
794934
814860
826129
841647
822401
844608
822103
844477
826295
808653
787751
804726
791797
804294
791603
808845
829462
850111
847549
832378
847520
832382
829544
812116
797765
795194
815044
795065
814961
812270
742584
739527
726467
723817
742499
739626
726510
761613
777990
764113
780735
761516
778102
764213
745287
729015
747763
731512
745201
729075
747839
758780
771447
755727
775275
755563
775130
758887
726628
742676
723887
739848
739741
726564
742763
761727
780886
778341
764433
778239
764335
761809
729186
745365
731521
747979
729138
747911
745431
678423
676007
662398
660056
678409
676025
662400
696872
712939
699119
715357
696834
712965
699184
680793
664629
682933
666732
680756
664642
682968
692027
710556
694473
694460
707998
691979
710524
676071
662360
678418
678430
660063
676048
662390
712947
699390
696969
696904
715128
712942
699190
664628
683099
680828
680819
666736
664649
683012
614889
612950
599079
597272
614888
612950
599089
632584
648620
634430
650555
632595
648616
634411
616659
600762
618394
602430
616680
600741
618363
628538
646469
630586
630611
644312
628547
646505
612950
599109
614871
614881
597276
612947
599091
648578
634333
632556
632578
650532
648609
634377
600760
618184
616629
616638
602512
600739
618329
551863
550395
536097
534742
551881
550383
536079
569039
584934
570491
586459
569062
584913
570476
553207
537338
554516
538518
553232
537313
554490
583353
567544
581658
565974
565983
583346
567536
551843
534723
550350
536031
550367
536058
551819
584878
569009
586421
570429
584888
570441
568982
553176
538495
537259
554440
537290
554464
553143
489048
488047
473361
472405
489056
488041
473352
505761
521548
506833
522677
505771
521534
506815
490033
474286
490998
475148
490044
474272
490982
504656
519140
503532
520355
503544
520372
504650
489041
472391
488023
473333
488033
473343
489036
505751
522658
521506
506768
521520
506796
505741
490020
475126
474228
490940
474252
490965
490004
426243
425524
410385
409780
426268
425502
410356
442737
458580
443477
459345
442759
458564
443446
426856
410948
427579
411511
426891
410912
427540
441943
456784
441068
457675
441097
457696
441910
426210
409749
425443
410272
425473
410315
426171
442699
459316
458506
443364
458537
443409
442661
426821
411462
410827
427456
410873
427497
426776
890475
888491
872465
870216
890680
888364
872269
910759
931091
913283
932505
911030
930887
912845
892596
874744
894875
876579
892797
874585
894632
908551
926150
906161
928156
906382
928375
908298
890279
870141
888127
871811
888266
872085
890077
910438
932126
930341
912015
930616
912443
910092
892356
876229
873938
893860
874262
894282
892075
819618
817173
802226
800036
819588
817282
802263
839317
857100
841394
859002
839415
856935
841307
821907
804634
823776
807013
821898
804686
823830
836881
852422
834671
854201
834730
854480
836757
819550
800109
817386
802363
817336
802278
819539
839147
858749
856442
841028
856672
841163
838943
821791
806995
804715
823867
804661
823846
821740
752554
750195
736034
733797
752519
750260
736041
771386
788029
773493
790349
771372
788044
773502
754865
738229
756761
739951
754860
738217
756766
769040
783228
766843
785670
766723
785497
769124
735990
752563
733769
750325
750294
736008
752556
771368
790273
788078
773434
788011
773467
771347
738128
754841
739923
756707
738176
756741
754806
686802
684866
670364
668665
686772
685009
670378
704971
721641
706491
723189
705027
721604
706435
688444
671953
689856
673149
688499
671906
689774
701415
719520
703227
703226
717442
701369
719569
685252
670392
686849
686825
668728
685139
670377
721496
706302
704848
704906
723145
721545
706369
671837
689585
688332
688383
673081
671848
689675
621474
620012
605258
603878
621476
619984
605247
639101
655547
640157
656629
639123
655509
640100
622817
606445
623722
607321
622823
606464
623670
636114
654044
637686
637650
652431
636157
654022
619949
605229
621330
621393
603991
620016
605196
655478
639916
639121
639078
656578
655460
640040
606549
623470
622864
622809
607190
606495
623599
556856
555709
540771
539703
556876
555690
540754
573960
590230
574587
590926
573963
590235
574571
557781
541538
558319
542137
557794
541541
558318
589052
572895
587843
571711
571728
589035
572886
556836
539677
555646
540722
555666
540740
556817
590251
573955
590865
574498
590240
574543
573952
557768
542113
541558
558279
541542
558304
557764
492684
491898
476718
475966
492706
491876
476693
509443
525505
509904
525990
509461
525489
509901
493434
477411
494121
478104
493455
477385
494104
508649
523737
507735
524664
507772
524687
508620
492661
475947
491823
476642
491854
476672
492632
509416
525984
525450
509902
525472
509897
509376
493411
478074
477323
494053
477356
494083
493385
428713
428158
412574
412076
428749
428115
412547
445289
461417
445818
461945
445325
461386
445787
429226
413119
429786
413616
429264
413088
429755
444662
460036
443954
460644
444018
460696
444581
428656
412021
428008
412448
428062
412497
428593
445236
461911
461295
445700
461345
445748
445173
429179
413574
412994
429669
413045
429717
429119
899056
897267
881150
879080
899242
897024
880944
918846
938574
920182
937370
918998
938438
920141
900834
883019
901771
884066
900974
882918
901698
916892
934321
914285
935834
914689
936131
916644
898812
878812
896369
880490
896708
880699
898586
918602
937180
938009
919812
938221
919943
918377
900662
883987
882603
901568
882777
901606
900510
828232
826449
811086
809497
828216
826409
811086
846895
864723
848439
865090
846858
864647
848537
829708
812694
830388
813285
829698
812702
830410
845204
861064
843241
862694
843278
862809
845158
828254
809387
826375
810897
826418
811016
828184
846858
865043
864435
848554
864528
848590
846758
829682
813190
812538
830301
812610
830410
829601
759836
758401
742790
741423
759835
758420
742757
777636
794962
778213
795065
777596
794978
778150
760525
743650
760481
744090
760526
743632
760454
776916
792380
775310
793790
775313
793811
776868
759848
741420
758452
742730
758434
742740
759831
777649
795009
794999
777943
794971
778061
777746
760509
744075
743565
760404
743598
760422
760538
692164
691150
675452
674301
692248
691057
675355
709642
726531
710013
726517
709647
726496
709996
692802
676191
692843
676279
692844
676103
692821
707542
708936
724596
725701
707666
725797
708814
690818
692061
674204
675084
690940
675214
691951
709627
726554
726467
709955
726471
709983
709689
692774
676214
676011
692808
676056
692814
692760
625007
624534
608521
607889
625016
624438
608496
642236
659126
642401
659329
642288
659045
642363
625448
608899
625469
609350
625466
608887
625440
640817
641589
657583
658216
640878
658338
641549
624291
624991
607882
608449
624338
608475
624967
642205
659261
658871
642256
658965
642310
642162
625434
609316
608864
625360
608877
625403
625423
559216
558834
542997
542578
559216
558831
542997
575719
592229
576145
592585
575720
592222
576137
559460
543336
559576
543539
559460
543334
559582
575495
591519
575058
591939
575078
591953
575487
559215
542571
558815
543001
558825
542999
559211
575718
592564
592208
576100
592215
576123
575713
559460
543508
543320
559550
543330
559574
559456
494710
494367
478741
478235
494724
494359
478716
511282
527114
511237
527175
511293
527100
511217
495184
479125
495223
479250
495193
479123
495217
510795
526454
510323
526796
510333
526799
510781
494694
478228
494339
478654
494349
478687
494677
511267
527143
527066
511172
527086
511196
511246
495171
479249
479098
495187
479115
495205
495155
430731
430241
414782
414126
430760
430214
414748
447027
462891
447389
463015
447051
462878
447360
431075
415186
431286
415633
431106
415153
431249
446611
462203
446056
462560
446097
462590
446573
430695
414084
430132
414645
430178
414699
430649
446998
462998
462836
447289
462860
447326
446963
431032
415591
415047
431148
415104
431198
430982
878875
878142
858625
859260
878664
878647
858595
897552
916437
897411
917555
897434
916703
897492
878607
857775
879361
857984
878731
857494
879151
898973
914826
900390
917410
899741
916999
899901
879322
859607
880654
858955
879479
858700
880118
898064
917770
917421
898144
917026
897731
898715
878774
857852
857648
878935
857533
878836
879131
793815
791611
777494
775945
793504
791664
777863
815887
837043
818418
838447
815466
837021
818845
797727
780678
801039
784804
797233
781123
801579
814925
838407
816674
838081
816625
838032
815128
794205
776356
792224
778519
791925
778225
794579
816321
838573
837201
819342
837088
819095
816526
798134
785121
781793
802189
781490
801921
798431
731653
728461
715949
714125
731419
728739
716171
750124
764836
752669
768897
749822
765230
752889
721381
734376
718566
737118
734190
718688
737270
747299
759785
746042
762849
745707
762551
747586
731873
714327
729285
716557
729026
716376
732080
750381
769162
765905
753287
765588
753099
750600
721484
734561
718980
737542
718832
737405
734741
668121
664542
652539
649397
668070
664547
652554
689462
705555
689519
686772
702606
686679
702710
673619
657668
673660
670909
655077
670856
655101
684417
696671
681538
700369
681483
700259
684485
668148
649370
664594
652543
664593
652552
668168
705627
689614
689564
686844
702899
702807
686896
657693
673729
673698
670947
655127
655117
670969
606594
603916
591672
589734
606601
603917
591654
626396
642060
626406
624097
639482
624096
639484
611026
595462
611043
608838
593540
608843
593541
621840
633439
619009
636738
619049
636757
621829
606583
589727
603897
591638
603910
591644
606577
642075
626440
626417
624107
639493
639482
624120
595475
611079
611060
608842
593549
593543
608854
545771
544123
530649
529361
545784
544106
530636
579990
562672
578112
564348
562679
578107
564346
547276
531906
548889
533282
547286
531893
548882
561225
574158
559608
576290
559622
576296
561211
545757
529347
544078
530608
544091
530621
545745
580000
562663
578106
564335
578104
564340
562656
547265
533261
531860
548846
531877
548867
547251
484666
483707
469557
468974
484675
483698
469543
501094
516472
502329
517845
501110
516458
502304
485753
470400
486937
471342
485767
470381
486918
499909
513896
498902
515070
498911
515082
499895
484655
468956
483679
469512
483688
469528
484643
501076
517824
516425
502260
516442
502281
501059
485737
471319
470340
486873
470361
486897
485720
423527
423240
408262
408171
423556
423214
408227
439411
454965
440245
455844
439443
454945
440211
423997
408599
424782
409117
424037
408553
424736
438869
453612
438573
454097
438604
454111
438837
423494
408140
423151
408142
423184
408186
423459
439375
455815
454892
440117
454920
440168
439335
423952
409064
408446
424630
408502
424685
423901
881877
880407
862867
859952
881992
880179
862873
901634
921633
904029
923404
901823
921330
903836
883799
865522
885986
867622
883931
865502
885911
899588
918014
898233
918937
898151
919069
899510
881788
859760
879965
862910
880003
862894
881738
901385
923019
920592
903337
920919
903568
901222
883694
867561
865472
885730
865483
885810
883624
809214
805093
791972
788620
809047
805430
792124
829735
847559
832367
850018
829653
847638
832396
812460
795271
815143
798079
812391
795335
815184
826717
841412
823130
844876
823016
844875
826777
809357
788840
805863
792376
805678
792251
809467
829766
850001
847656
832422
847655
832404
829807
812514
798136
795467
815283
795397
815232
812579
726690
724117
726750
742907
739960
742836
740058
761917
778427
764490
781227
761872
778500
764522
729241
731779
729286
745548
748012
745482
748018
759162
772369
756358
775745
756213
775626
759258
724189
726869
726801
742970
740268
740159
743044
761966
781267
778633
764548
778555
764534
762031
731814
729397
729331
745593
748097
748035
745665
551749
550328
536002
534649
551790
550315
535958
584954
586669
585052
568980
570436
568973
570479
553083
537242
554419
538438
553110
537223
554408
581702
583344
583376
567508
565936
565955
567479
551718
534622
550261
535899
550291
535925
551698
586684
584921
585048
568962
570299
570427
568903
553055
538409
537144
554287
537196
554363
553006
489031
488013
473314
472348
489032
488002
473292
505728
521490
506735
522576
505732
521476
506689
489937
474198
490918
475028
489979
474161
490910
504614
519052
503445
520258
503478
520298
504567
488995
472322
487937
473218
487980
473260
488948
505700
522553
521417
506668
521453
506675
505656
489925
474993
474101
490845
474133
490892
489906
426072
425408
410218
409640
426128
425364
410160
442533
458459
443301
459152
442608
458404
443204
426677
410772
427401
411272
426732
410730
427345
441766
456688
440889
457507
440951
457553
441697
426007
409583
425247
410018
425309
410090
425941
442468
459094
458321
443094
458359
443139
442418
426614
411190
410554
427177
410658
427272
426533
889789
888003
871597
869655
889944
887870
871419
909312
929865
911631
930614
909722
929321
911207
891718
873581
893517
875347
891899
873385
893326
907360
924626
904975
926481
905309
927019
906923
889600
869582
887567
871181
887725
871294
889399
908872
930001
927998
910487
928645
910793
908447
891501
875157
873243
893085
873275
893148
891282
819553
817487
802423
800451
819525
817544
802537
838673
856108
840864
858022
838733
856018
840772
821710
804748
823830
806838
821661
804834
823832
836568
852104
834715
853975
834680
853972
836601
819576
800520
817649
802618
817606
802593
819610
838685
857957
856023
840736
855976
840730
838726
821740
806807
804850
823806
804829
823803
821770
735995
734025
736009
752581
750343
752571
750351
771335
788067
773376
790115
771343
788077
773307
738073
739738
737994
754716
756651
754751
756578
769104
783637
766913
785856
766888
785846
769108
734052
735883
735972
752565
750412
750375
752525
771319
790093
788081
773185
788073
773259
771279
739628
737727
737876
754661
756396
756493
754565
556776
555623
540704
539579
556799
555605
540685
590272
590690
590259
573936
574453
573961
574425
557750
541550
558241
542006
557767
541523
558199
587969
589034
589156
572859
571591
571721
572810
556745
539547
555524
540626
555574
540657
556709
590671
590161
590212
573916
574341
574383
573876
557715
541981
541494
558157
541509
558181
557686
492567
491787
476594
475830
492606
491757
476533
509301
525423
509892
525959
509339
525395
509882
493324
477284
494014
477929
493354
477248
493971
508548
523617
507638
524568
507655
524594
508530
492543
475793
491719
476462
491737
476496
492529
509278
525956
525362
509879
525375
509879
509261
493301
477873
477180
493895
477214
493931
493278
428468
427945
412379
411832
428533
427873
412309
445018
461235
445645
461764
445099
461172
445579
428979
412934
429613
413395
429053
412865
429548
444380
459767
443678
460392
443724
460445
444305
428386
411747
427720
412138
427800
412220
428303
444940
461703
461065
445424
461114
445506
444862
428895
413312
412679
429383
412777
429471
428796
898182
896017
880286
877951
898360
895780
880158
917864
937646
919606
936686
918057
937506
919599
900261
882418
901530
883746
900352
882198
901509
915901
933045
913237
934797
913308
934898
915837
898086
877800
895656
880053
895626
880076
898071
917602
936445
937281
919468
937245
919406
917553
900125
883640
882007
901422
882062
901399
900089
827914
826257
810817
809033
828083
826095
810717
846602
864353
848477
864961
846672
864244
848372
829326
812479
830115
812369
829492
812387
829792
845097
860458
843017
862475
843099
862475
844934
827797
808922
825944
810372
826000
810552
827702
846515
864886
864087
847866
864144
848160
846362
829159
811947
811996
829106
812253
829466
828982
741374
759727
758444
742721
759787
758385
742719
777866
795028
777801
794756
777842
794924
777661
760632
743606
760444
744010
760590
743730
760514
776591
792030
775004
793374
775133
793522
776439
741289
759662
758137
742680
758284
742720
759525
777734
794591
794427
777537
794732
777643
777548
760585
744045
743840
760722
743830
760681
760519
690690
673789
690575
691655
674979
691830
674851
709781
726494
709950
726868
709768
726548
710028
692780
675990
692830
676004
692772
675958
692871
724431
707235
707275
708523
725674
725617
708559
673663
690421
690488
691589
674676
674737
691591
709784
727086
726728
710412
726620
710224
709836
692737
676002
675815
693014
675909
692968
692715
624244
607769
624208
624898
608423
624938
608404
642069
658778
642209
658949
642117
658695
642141
625367
608848
625319
609192
625403
608825
625272
657241
640456
640568
641366
657821
657905
641258
607722
624068
624145
624841
608316
608370
624765
642012
658819
658497
642026
658625
642081
641931
625336
609157
608738
625243
608786
625236
625272
559190
558800
543003
542516
559202
558773
542989
575684
592201
576075
592435
575702
592186
576043
559439
543306
559521
543404
559451
543289
559488
591393
575443
574928
591824
574976
591874
575404
559176
542495
558713
542942
558739
542972
559138
575670
592393
592142
575984
592167
576013
575667
559429
543365
543261
559455
543274
559460
559418
494653
494323
478627
478168
494663
494296
478601
511186
527044
511146
527038
511223
527013
511121
495110
479076
495166
479188
495135
479053
495140
510729
526395
510223
526738
510255
526757
510704
494640
478119
494223
478553
494261
478581
494617
511136
526996
526936
511076
526978
511099
511078
495079
479160
478995
495080
479028
495112
495042
430527
430075
414580
413899
430593
430009
414507
446871
462810
447250
462907
446923
462772
447205
430858
414978
431102
415431
430924
414904
431040
446412
462041
445813
462405
445885
462450
446343
430453
413812
429847
414329
429931
414422
430368
446805
462861
462667
447087
462723
447151
446730
430782
415359
414727
430885
414819
430967
430698
881343
881623
859293
861481
880769
882385
859645
899953
917967
898637
918683
899376
918441
899054
880054
857830
879231
857600
879593
858078
879593
902160
915624
902186
919358
901860
919016
902677
881821
861941
883222
860182
882904
859938
882133
900471
919039
919273
899616
918912
899375
900896
880523
857815
858691
880188
858351
879908
880856
795173
792686
778790
777447
794936
793075
778997
816683
837414
819467
838641
816616
837687
819528
798769
782042
802379
785673
798634
782210
802461
816052
838896
817519
839095
817208
838803
816441
795290
777789
793962
779300
793523
779186
795388
816913
838755
838595
819659
838091
819592
817239
798896
785727
782373
802479
782316
802491
798925
732439
729542
716704
714896
732271
729776
716838
750956
766132
753458
769730
750789
766310
753613
735079
719104
737685
721777
734911
719224
737818
748285
761175
747113
763737
746944
763569
748462
732605
715092
730242
717077
730045
716954
732779
751138
769859
766551
753919
766457
753770
751272
735232
721870
719422
738092
719319
737950
735374
668165
664597
652535
649212
668167
664578
652532
689644
686930
702963
705825
686920
703012
689683
673758
670996
655157
657814
670975
655199
673801
684469
696995
681390
700580
681460
700543
684449
668146
649155
664481
652516
664559
652534
668131
686916
705864
703081
689792
703038
689709
686937
671027
657877
655267
673984
655247
673878
671066
606558
603885
591629
589699
606568
603865
591624
626490
624172
639531
642245
624144
639580
626539
611105
608876
593555
595498
608866
593569
611117
621804
633300
618780
636756
618875
636785
621772
606538
589695
603811
591641
603841
591629
606514
624179
642272
639583
626560
639595
626563
624172
608904
595505
593602
611138
593595
611135
608908
545718
544065
530593
529306
545731
544054
530580
562642
578111
564332
580046
562648
578121
564343
547220
531840
548818
533179
547235
531821
548803
561178
574139
559540
576282
559565
576296
561158
545692
529292
544015
530552
544038
530565
545663
562631
580054
578123
564322
578129
564338
562616
547200
533153
531783
548762
531801
548784
547181
484615
483668
469496
468897
484629
483658
469481
501026
516408
502236
517767
501043
516389
502211
485681
470318
486847
471228
485700
470297
486824
499851
513848
498863
514996
498870
515018
499842
484601
468878
483639
469466
483648
469470
484590
501008
517745
516349
502162
516369
502185
500990
485662
471202
470260
486779
470277
486800
485646
423369
423113
408091
408012
423416
423070
408032
439243
454863
440062
455702
439290
454833
440003
423773
408384
424565
408831
423840
408305
424490
438729
453501
438435
453995
438473
454024
438693
423313
407954
422951
407883
423016
407967
423253
439199
455666
454773
439884
454801
439946
439150
423696
408734
408103
424308
408219
424402
423611
881650
879962
862861
859449
881684
880037
862773
900825
920068
903018
921871
900985
919888
902771
883470
865435
885635
867421
883516
865398
885523
899394
918244
898761
918684
898640
918757
899399
881626
859478
880203
862619
880074
862655
881634
900636
921477
919303
902327
919544
902517
900520
883417
867415
865237
885293
865301
885373
883398
809639
805981
792490
789268
809561
806061
792595
829904
847664
832431
850027
829852
847684
832463
812706
795531
815314
798242
812635
795617
815360
826922
841394
823269
844918
823242
844850
827010
809744
789366
806188
792820
806136
792713
809857
829979
850039
847768
832487
847706
832465
830061
812795
798277
795817
815404
795703
815376
812888
726923
743222
740371
724414
743132
740482
726988
762192
778721
764579
781356
762110
778814
764624
729446
745786
748129
731812
745726
729509
748146
759579
772958
756897
776217
756767
776101
759682
743317
724481
740703
727134
740596
727056
743402
762255
781397
779006
764798
778923
764644
762320
745863
731877
729671
748259
729541
748207
745969
676265
662529
678632
678685
660298
676313
662637
713246
699547
697280
697208
715596
713298
699431
664692
682998
681014
681046
666525
664789
682977
694822
708412
692468
711079
692344
710930
694911
678778
660399
676484
662652
676404
662652
678818
697222
715670
713473
699273
713455
699470
697193
680996
666556
664741
682975
664732
682983
680993
613080
599145
614925
614911
597395
613085
599122
648526
634012
632457
632445
650243
648574
634011
600761
617901
616556
616507
602224
600670
618029
630687
644588
628724
646687
628717
646703
630684
614909
597387
613071
599070
613081
599102
614885
632443
650266
648585
634081
648589
634054
632449
616506
602074
600593
618040
600628
618011
616492
551645
550238
535866
534550
551670
550226
535840
584823
568826
570201
586162
568847
584789
570130
552927
537099
554229
538303
552958
537066
554183
567450
581742
565937
583334
565944
583345
567438
551631
534528
550202
535794
550218
535818
551612
568802
586137
584745
570092
584753
570113
568799
552911
538277
537022
554114
537041
554151
552897
488862
487895
473180
472192
488903
487861
473135
505579
521380
506646
522486
505618
521344
506627
489839
474071
490809
474893
489876
474033
490783
504438
518938
503311
520124
503339
520148
504410
488825
472154
487799
473056
487828
473097
488793
505546
522460
521288
506578
521313
506601
505516
489807
474864
473970
490731
474004
490757
489775
425763
425170
409930
409320
425855
425089
409834
442294
458287
443019
458965
442359
458240
442938
426348
410445
427080
410912
426437
410332
426980
441476
456489
440627
457317
440694
457367
441400
425661
409216
424896
409585
424995
409723
425558
442225
458918
458155
442792
458198
442863
442150
426236
410789
410058
426758
410208
426869
426124
888800
887383
870942
869297
889110
887264
870865
907596
927209
910172
928641
907979
926674
909953
890860
873090
892988
874997
891057
873017
892972
905646
922397
903633
924157
903801
924314
905548
888613
869223
887086
870812
887184
870773
888651
907249
928340
925955
909544
926250
909719
907111
890695
874960
872913
892889
872892
892900
890700
819593
817638
802618
800515
819589
817628
802624
838726
855989
840730
857938
838708
855992
840735
821779
804838
823778
806722
821765
804842
823770
836553
852019
834573
853906
834623
853876
836593
819588
800525
817536
802630
817590
802599
819615
838733
857939
856004
840744
855956
840738
838783
821764
806652
804764
823735
804799
823756
821822
735765
752351
750406
733848
752433
750365
735633
771132
788065
773095
789893
771199
788024
772985
737571
754328
756274
739244
754451
737429
756089
769045
783669
766996
785839
766981
785832
768997
752285
733819
750344
735448
750347
735548
752189
771075
789800
787903
772767
787982
772878
770988
754218
739151
737171
755851
737262
755934
754118
685089
669970
686438
686345
668354
684864
669869
720889
705896
704233
704103
722614
720756
705835
671294
689141
687786
687643
672358
671159
689062
702677
717446
700955
718966
701109
719037
702592
686231
668293
684613
669679
684752
669780
686140
704027
722538
720590
705691
720664
705770
703964
687543
672230
670983
688932
671070
688997
687462
619562
605034
621054
620927
603557
619575
604838
654959
639576
638603
638493
655899
654823
639486
606273
623244
622493
622361
606916
606172
623220
637072
651913
635621
653351
635632
653399
637024
620931
603386
619494
604786
619421
604822
620912
638424
655791
654656
639355
654719
639410
638368
622275
606892
606014
623130
606088
623176
622208
556642
555485
540593
539485
556672
555450
540566
590085
573786
574311
590575
573826
590039
574284
557614
541467
558145
541923
557641
541448
558120
572669
587422
571350
588720
571370
588755
572641
556610
539464
555403
540513
555420
540536
556586
573738
590566
589944
574240
589977
574269
573712
557571
541901
541402
558093
541424
558110
557544
492475
491704
476450
475695
492499
491687
476429
509225
525344
509881
525960
509242
525328
509883
493228
477146
493860
477700
493251
477116
493827
508445
523542
507575
524469
507596
524490
508421
492454
475656
491648
476386
491669
476405
492440
509202
525959
525288
509889
525307
509892
509179
493202
477636
477056
493761
477088
493793
493177
428094
427626
412038
411444
428199
427523
411923
444701
461017
445338
461498
444788
460968
445245
428582
412567
429286
413007
428692
412447
429184
444060
459596
443381
460222
443455
460279
443968
427981
411319
427300
411645
427409
411800
427862
444610
461418
460861
445057
460919
445152
444511
428454
412888
412167
428961
412316
429074
428331
898061
895644
879997
877714
898049
895734
879933
917452
937009
919434
936652
917438
937173
919569
900047
881945
901333
883471
900036
881885
901322
915487
932260
912590
934027
912748
934313
915358
898040
877681
895673
879798
895690
879889
897980
917365
936516
936872
919424
937030
919477
917249
900022
883255
881665
901015
881800
901155
899927
827394
825874
810219
808547
827564
825800
810064
846044
863987
847495
864330
846251
863827
847206
828500
811628
828775
811134
828752
811293
828498
844605
860365
842845
862154
842882
862243
844497
827251
808435
825661
809764
825722
809903
827126
845878
864082
863510
846787
863695
846974
845737
828288
811062
810845
828139
811051
828303
828103
759192
757984
742596
740950
759363
757844
742517
777089
794174
777374
793839
777356
793934
777236
760328
743844
760638
744059
760446
743820
760444
775775
791494
774314
792678
774455
792845
775635
759079
740867
757505
742421
757627
742460
758989
776864
793582
793437
776937
793699
777077
776649
760214
744059
743618
760138
743703
760256
760092
690354
691662
674638
673372
691623
690343
674588
709975
726809
710554
727403
709917
726848
710638
692741
675725
692988
676122
692731
675667
692958
708734
724265
707279
725673
707279
725694
708745
691698
673302
690415
674550
690380
674560
691712
709996
727424
726826
710655
726851
710669
709989
692728
676123
675606
692824
675637
692901
692695
623988
624598
608272
607547
624680
623920
608226
641630
658369
642046
658257
641763
658267
642019
625088
608688
625302
609072
625180
608653
625291
640928
656714
640019
657533
640159
657594
640842
624524
607467
623757
608132
623849
608176
624432
641566
658155
658144
641965
658199
641993
641510
624985
609038
608612
625213
608630
625261
624925
559075
558688
542917
542428
559103
558664
542894
575707
592140
575973
592377
575686
592137
575944
559424
543264
559478
543255
559418
543270
559461
575330
591193
574787
591680
574822
591710
575311
559046
542405
558615
542870
558640
542882
559034
575742
592326
592110
575856
592143
575903
575770
559439
543201
543301
559371
543294
559421
559441
494562
494186
478520
477965
494592
494147
478480
510953
526893
511056
526820
511014
526850
511026
494965
478960
495044
479088
495004
478913
495009
510617
526286
510056
526623
510095
526656
510584
494533
477918
494076
478404
494110
478441
494507
510907
526755
526805
510983
526832
511002
510877
494931
479077
478827
494942
478867
494975
494900
430166
429749
414224
413498
430272
429646
414106
446555
462605
447024
462701
446647
462535
446953
430496
414621
430795
415087
430601
414507
430700
446108
461796
445470
462189
445561
462245
446022
430047
413371
429403
413823
429525
413980
429921
446465
462647
462388
446807
462461
446885
446374
430375
414980
414233
430478
414382
430591
430249
882418
883360
860430
862608
882368
883319
860625
901107
919541
899753
919571
901146
919658
899742
881181
859039
880383
859320
881089
859426
880526
902866
916568
902564
920373
902611
920172
902656
882403
862634
882681
860860
883090
860769
882318
900893
919563
919821
899635
919744
899667
900742
881253
859733
859959
881071
859819
880748
881321
795851
794418
779391
778939
795571
794737
779547
817884
839174
819772
840105
817596
839607
819918
799118
782355
802485
785791
798999
782449
802507
817510
839385
818494
840118
818313
839780
817697
796362
779305
795236
780231
795011
779993
796591
818104
840609
839958
820455
839865
820212
818089
799437
785825
782638
802635
782600
802598
799551
733124
730443
717210
715659
732975
730643
717363
751533
766689
754053
770097
751398
766804
754164
735635
719532
738238
722119
735509
719617
738335
749339
762625
748729
764850
748309
764566
749595
733311
715838
730883
717565
730821
717478
733512
751678
770176
767106
754317
766977
754268
751775
735746
722174
719746
738447
719679
738396
735848
667963
664383
652472
648764
668066
664204
652391
686946
703127
689846
706060
686939
703193
689874
671018
655258
673994
657923
671066
655194
673958
684315
697118
681288
700629
681322
700602
684216
667829
648598
663705
652212
663990
652306
667740
686919
706096
703264
689895
703221
689872
686909
670967
657888
655053
673892
655134
673923
670931
606492
603788
591648
589693
606503
603755
591664
624134
639559
626546
642205
624155
639525
626530
608855
593585
611137
595502
608886
593551
611137
621705
633063
618714
636487
618701
636546
621611
606471
589753
603488
591684
603681
591675
606458
624102
642161
639485
626494
639504
626510
624059
608835
595488
593515
611083
593532
611113
608825
545583
543980
530538
529226
545621
543931
530527
562571
578103
564283
579991
562594
578077
564241
547143
531764
548728
533090
547160
531748
548700
561029
574012
559322
576094
559381
576147
560972
545547
529183
543654
530487
543830
530507
545523
562540
579952
578031
564200
578051
564212
562515
547126
533079
531716
548650
531729
548672
547116
484564
483628
469471
468840
484577
483610
469484
500952
516328
502140
517679
500973
516309
502120
485625
470248
486754
471140
485633
470240
486731
499814
513747
499031
514901
498929
514910
499782
484562
468862
483486
469511
483573
469495
484561
500920
517648
516285
502087
516291
502098
500890
485622
471135
470235
486672
470236
486701
485627
423089
422859
407796
407665
423177
422756
407623
439077
454746
439835
455568
439117
454730
439783
423417
407990
424191
408295
423510
407787
424080
438606
453321
438424
453923
438384
453918
438554
423012
407562
422433
407060
422585
407409
423039
439058
455543
454728
439749
454731
439760
439039
423329
408070
407182
423920
407551
423959
423353
881824
880334
862671
860287
881687
880585
862842
900440
919142
902190
920792
900451
919042
902126
883496
865237
885270
867370
883411
865311
885306
899690
918377
899156
918853
899022
918747
899854
882155
860885
881365
863685
880947
863168
882441
900489
920691
919102
902230
919010
902152
900592
883707
867560
866016
885666
865555
885441
883999
809969
806245
792912
789544
809948
806276
792941
830287
847865
832512
850168
830195
847998
832581
813075
795877
815431
798380
812992
795937
815485
827215
842519
823627
845676
823590
845444
827240
809960
789537
806253
793010
806267
792959
810026
830373
850327
848439
832691
848213
832648
830373
813090
798403
795941
815449
795957
815503
813078
743560
740847
727243
724776
743498
740946
727298
762529
779071
764850
781589
762449
779144
764894
746094
729722
748274
731835
746049
729745
748322
759916
773272
757208
776465
757152
776416
759983
743611
724832
741025
727351
740980
727330
743649
762558
781611
779204
764903
779161
764895
762578
746107
731810
729719
748334
729719
748328
746117
678796
676478
662655
660407
678813
676470
662635
697122
713490
699076
715423
697171
713454
699111
680960
664742
682853
666564
680968
664752
682830
694956
708691
692546
711235
692523
711202
694981
678796
660382
676473
662627
676472
662621
678814
697109
715370
713451
698996
713435
699010
697138
680942
666518
664705
682727
664734
682751
680931
614822
613061
599048
597372
614853
613064
599030
632450
648578
634018
650303
632442
648596
633995
616438
600562
618033
602022
616467
600533
617966
630609
644467
628661
646606
628669
646632
630596
614796
597354
613023
598980
613048
598994
614777
632407
650272
648554
634011
648582
634005
632387
616413
602025
600502
617960
600510
617967
616401
551543
550169
535766
534454
551578
550137
535736
568772
584726
570092
586097
568790
584709
570086
552862
537001
554109
538218
552880
536987
554111
567340
581647
565829
583239
565839
583245
567327
551514
534430
550099
535705
550110
535708
551504
568745
586088
584717
570073
584697
570076
568736
552847
538215
536984
554119
536984
554116
552839
488734
487770
473018
472063
488760
487740
472980
505467
521263
506550
522400
505489
521248
506526
489717
473938
490702
474758
489744
473899
490672
504339
518836
503217
520039
503232
520055
504330
488702
472041
487672
472925
487702
472946
488683
505448
522380
521224
506484
521234
506499
505437
489687
474708
473823
490609
473852
490633
489669
425340
424775
409447
408740
425447
424658
409219
442014
458108
442733
458781
442086
458056
442676
425881
409920
426642
410253
425995
409695
426539
441241
456331
440474
457151
440487
457178
441213
425220
408512
424520
408596
424542
408987
425156
441970
458729
457964
442615
457996
442641
441941
425777
410014
409061
426407
409469
426438
425747
888734
886978
870815
869318
888631
887034
870954
907086
925660
909366
928029
906966
925749
909371
890805
872927
892840
875107
890674
873156
892890
905513
921760
903634
924101
903551
923886
905662
888959
869456
887380
871327
887162
871180
889109
907223
928202
925891
909649
925833
909486
907326
890950
875263
873428
893213
873267
893030
891109
819738
817548
802669
800583
819671
817592
802730
838917
856068
840794
858192
838836
856206
840863
821933
804755
823705
806516
821867
804789
823740
836727
852287
834692
854245
834704
854145
836780
819795
800615
817630
802813
817621
802791
819856
839012
858392
856423
841090
856306
841019
839094
822013
806494
804824
823819
804814
823799
822045
752144
750314
735397
733711
752132
750313
735362
770902
787852
772654
789524
770913
787856
772498
754027
737138
755771
738979
754058
737128
755695
768948
783794
767012
785925
767002
785943
768925
752129
733673
750281
735297
750294
735330
752107
770883
789478
787848
772521
787859
772498
770860
754003
738947
737088
755706
737113
755687
753999
685926
684521
669617
668124
686021
684424
669556
703869
720543
705600
722321
703922
720506
705526
687358
670909
688876
672066
687403
670857
688803
702249
717164
700631
718668
700682
718734
702208
685893
668073
684328
669493
684355
669513
685893
703855
722288
720453
705520
720483
705507
703862
687370
672072
670868
688823
670850
688798
687404
620856
619505
604767
603398
620896
619448
604734
638257
654598
639295
655584
638318
654558
639245
622137
605982
623097
606787
622145
605980
623109
636971
651793
635555
653205
635539
653240
636973
620830
603409
619457
604706
619457
604715
620833
638238
655568
654518
639257
654531
639239
638239
622120
606819
605913
623087
605942
623101
622102
556524
555378
540481
539399
556553
555359
540454
573604
589909
574223
590512
573669
589846
574235
557474
541374
558078
541885
557511
541342
558085
572537
587393
571311
588613
571316
588631
572521
556485
539376
555341
540401
555347
540421
556463
573535
590538
589759
574273
589791
574258
573508
557426
541914
541256
558072
541298
558096
557389
492378
491618
476354
475584
492413
491585
476307
509106
525262
509863
525908
509145
525233
509822
493093
477010
493724
477463
493137
476958
493676
508327
523440
507445
524357
507467
524382
508305
492325
475523
491501
476212
491534
476247
492290
509055
525840
525161
509706
525193
509745
509037
493030
477419
476860
493581
476893
493617
493003
427623
427168
411497
410776
427738
427049
411263
444376
460807
444978
461205
444446
460750
444898
428084
412018
428829
412361
428202
411784
428694
443811
459442
443225
460056
443240
460079
443790
427511
410535
426917
410620
426943
411025
427466
444346
461160
460665
444835
460694
444859
444326
427973
412121
411138
428483
411544
428552
427934
897886
895718
879791
877800
897979
895739
879741
917028
936896
919338
935625
917169
936685
919292
899731
881642
900835
883056
899860
881539
900696
915037
931844
912575
933813
912528
933785
915094
897930
878070
896032
880069
895888
879940
897957
916992
935496
936673
919652
936555
919366
917108
899794
883100
881840
900499
881752
900585
899900
826949
825610
809625
808107
827026
825560
809488
845635
863468
846671
863756
845690
863387
846547
827860
810653
827967
810484
827966
810505
827811
844476
860813
843091
862567
843019
862382
844550
826908
808016
825526
809169
825542
809305
826894
845684
863804
863815
846527
863611
846547
845713
827882
810353
810280
827754
810369
827790
827875
758899
757440
742413
740738
758945
757403
742322
776341
793171
776825
793094
776447
793025
776694
759847
743583
760065
743891
759987
743611
760068
775262
790864
773982
792028
773966
792082
775248
758871
740713
757399
742276
757399
742288
758855
776244
793031
792811
776570
792886
776626
776184
759813
743910
743614
760012
743569
760042
759830
691698
690408
674548
673283
691707
690366
674539
709947
726775
710617
727219
709968
726734
710577
692629
675589
692746
676005
692656
675567
692697
708668
724127
707190
725539
707202
725557
708625
691699
673310
690323
674520
690345
674544
691696
709930
727228
726745
710672
726718
710585
709936
692636
676003
675544
692661
675552
692681
692655
624297
623696
608094
607330
624348
623619
608052
641454
658105
641961
657981
641468
658070
641971
624862
608610
625172
609010
624882
608603
625172
640719
656560
639820
657487
639842
657494
640706
624273
607286
623532
607961
623572
608006
624293
641476
657960
658050
642150
658060
642043
641493
624901
609035
608611
625268
608612
625229
624953
559011
558578
542864
542321
559032
558541
542840
575792
592075
575839
592211
575791
592047
575837
559426
543308
559322
543126
559438
543307
559279
575253
591039
574696
591584
574704
591594
575219
559006
542281
558487
542801
558498
542824
559017
575791
592191
592042
575926
592040
575857
575763
559428
543132
543292
559212
543301
559247
559427
494467
494045
478375
477794
494485
494017
478353
510874
526779
510985
526634
510873
526756
510995
494862
478800
494913
479052
494879
478793
494887
510500
526167
510014
526559
510024
526561
510483
494463
477762
493964
478326
493996
478337
494479
510882
526613
526763
511082
526753
511023
510880
494861
479062
478818
494848
478804
494872
494868
429631
429251
413672
412829
429773
429099
413434
446237
462330
446751
462483
446305
462290
446700
429952
414088
430346
414553
430103
413866
430215
445812
461574
445216
462042
445249
462062
445759
429497
412576
428869
412797
428940
413190
429456
446185
462460
462310
446699
462286
446682
446136
429807
414428
413266
429903
413634
430020
429759
)
;

boundaryField
{
    inlet
    {
        type            zeroGradient;
    }
    outlet
    {
        type            fixedValue;
        value           uniform 0;
    }
    seabed
    {
        type            zeroGradient;
    }
    top
    {
        type            zeroGradient;
    }
    side1
    {
        type            zeroGradient;
    }
    side2
    {
        type            zeroGradient;
    }
    submarine
    {
        type            zeroGradient;
    }
}


// ************************************************************************* //
