/*--------------------------------*- C++ -*----------------------------------*\
  =========                 |
  \\      /  F ield         | OpenFOAM: The Open Source CFD Toolbox
   \\    /   O peration     | Website:  https://openfoam.org
    \\  /    A nd           | Version:  10
     \\/     M anipulation  |
\*---------------------------------------------------------------------------*/
FoamFile
{
    format      ascii;
    class       volScalarField;
    location    "3.3";
    object      p;
}
// * * * * * * * * * * * * * * * * * * * * * * * * * * * * * * * * * * * * * //

dimensions      [0 2 -2 0 0 0 0];

internalField   nonuniform List<scalar> 
12920
(
790852
896659
835370
854017
807157
786265
727825
700451
643024
602585
545339
495209
437378
381854
323268
265276
205974
145489
82902.8
32253.3
1.06263e+06
941493
844654
864456
818322
794871
732721
705093
645026
604405
546344
496042
437771
382290
323537
265543
206264
145875
82912.2
31193.3
738000
907513
862433
888915
822507
798833
739653
708137
650166
607004
548764
497572
439287
383442
324491
266322
206999
146568
83365.4
30656.2
619015
935697
912990
916503
855694
826201
756200
721351
657102
611890
552103
499893
441144
384834
325708
267193
207730
147170
83654
30203.6
969488
1.10163e+06
922266
928743
850185
823212
761545
722994
662798
615601
557298
503649
444648
387599
327861
268695
208826
147882
83974.4
29849.2
1.3382e+06
1.17625e+06
1.02446e+06
985720
885506
850288
780439
735482
674311
623367
562778
507753
448644
390559
330265
270099
209740
148195
83990.9
29415.8
1.02614e+06
1.15734e+06
990069
981634
875912
845945
780932
737266
678087
627287
567293
511827
452388
394069
333188
272078
210861
148733
84008.4
29027
975788
1.09908e+06
953556
967505
875788
856998
803731
754450
697312
639946
585068
529059
470728
411811
336540
273327
211517
148730
83660.6
28531.4
991776
1.10944e+06
983795
974690
886074
868962
818393
763760
704130
649657
594096
536559
478057
418703
352388
274583
211781
148805
83347.6
28045.6
867156
1.04359e+06
918239
973724
884297
867451
819087
763671
710272
655204
598641
540452
480644
420258
351758
275505
212273
148648
82985
27158.5
1.11983e+06
1.07854e+06
955463
991250
907609
876025
824050
770561
717205
663037
605843
546542
485778
423868
354524
276873
212701
148851
83003.7
26121
977474
1.10016e+06
1.00204e+06
1.03502e+06
932302
895081
838303
782351
727873
671498
613035
552960
491421
428725
359144
277440
212509
148830
82859
25099.6
1.10673e+06
1.13977e+06
1.05244e+06
1.03975e+06
961106
908751
854126
794012
732314
671919
611439
550010
486367
421579
337709
274607
212305
148490
82445
24499.5
1.47841e+06
1.30389e+06
1.13593e+06
1.08623e+06
984317
927020
853736
791793
723159
659788
594214
530444
464377
399466
335906
273992
211391
147836
81909.9
23682
1.54538e+06
1.33773e+06
1.10758e+06
1.08773e+06
984461
928123
852040
794791
729217
661935
594542
527822
461147
399430
336579
273179
210505
146854
81214.4
23008.2
1.50221e+06
1.37399e+06
1.20586e+06
1.13459e+06
1.02438e+06
955226
866199
798242
725687
661459
589292
524163
459512
396765
334426
272366
209685
145926
80399.3
22543.3
1.29796e+06
1.30898e+06
1.16068e+06
1.13163e+06
1.0157e+06
957819
870605
803623
728431
659790
590762
525821
460296
396781
333268
271721
208912
144925
79470.7
22263.8
1.25035e+06
1.28104e+06
1.18086e+06
1.15682e+06
1.04397e+06
978993
885959
815203
736192
666398
595184
529168
462489
398630
334570
271940
208425
143984
78537
22610.2
1.32344e+06
1.35141e+06
1.19264e+06
1.15981e+06
1.04248e+06
981991
890565
820605
741307
671026
598840
531757
464304
399894
335189
271832
208050
143239
77624.8
23367.5
1.5786e+06
1.43316e+06
1.22746e+06
1.17185e+06
1.05652e+06
989346
897051
824578
744522
673431
600814
533241
465499
400603
335708
272152
207953
142960
77511.9
24900.7
765031
891226
836034
853882
805956
785327
727502
700132
643135
602786
545379
495260
437396
381843
323248
265255
205965
145536
82981.6
32162.6
932618
931080
844898
863900
818543
793216
734065
705115
645332
604641
546373
496098
437807
382282
323516
265519
206259
145956
83038.9
30961.5
825505
898234
860991
889468
822570
798659
739806
707968
650228
607026
548854
497633
439319
383458
324501
266319
207021
146694
83571.6
30468.7
684092
943117
916556
917384
855270
825094
755923
721297
657264
611969
552200
499945
441182
384870
325732
267214
207774
147332
83902.7
29976.9
943586
1.07834e+06
929275
926321
850030
822381
761264
722633
662562
615556
557156
503616
444678
387660
327892
268721
208867
148053
84262.7
29601.6
1.33371e+06
1.17007e+06
1.02329e+06
985878
886932
850575
779436
735794
673628
622824
562881
507859
448766
390668
330315
270156
209808
148429
84317.4
29168.4
1.07869e+06
1.17052e+06
991382
979173
874852
845578
782248
737235
678587
627068
567480
512225
452730
394443
333196
272106
210889
148908
84356.8
28793.2
980844
1.10812e+06
954391
961479
873374
855744
803111
753748
696482
640707
585372
529076
470702
411589
336422
273230
211513
148895
84106.8
28276.3
1.12209e+06
1.11788e+06
985529
974373
884524
866402
817086
762819
705098
650000
594134
536633
477937
418511
352431
274540
211740
148976
83815.7
27762.5
951773
1.07454e+06
921457
975769
883776
865768
817869
763752
710454
655338
598609
540343
480559
420193
351767
275542
212244
148804
83327.4
26906.3
1.1026e+06
1.08343e+06
962902
995541
908825
876214
823432
770676
717967
663228
606083
546701
485908
423972
355089
276881
212678
148995
83367.9
25947.8
1.06031e+06
1.11716e+06
1.00569e+06
1.0368e+06
932991
895340
837816
783036
728420
671787
613355
553275
491615
428793
359368
277430
212519
149066
83253.7
25121.5
1.04644e+06
1.13823e+06
1.04928e+06
1.03991e+06
960404
907648
853389
793756
732190
672003
611501
550037
486277
421472
337655
274594
212348
148689
82946.3
24466.6
1.40501e+06
1.29069e+06
1.13186e+06
1.08477e+06
985558
929891
854903
790910
722718
659716
594440
530667
464508
399369
335943
273971
211412
148018
82260.7
23708.6
1.30218e+06
1.32045e+06
1.10139e+06
1.08615e+06
983868
927061
851430
794228
728701
661930
593065
527207
461518
399295
336206
273063
210487
147043
81550
23069.7
1.50589e+06
1.37081e+06
1.20462e+06
1.13521e+06
1.02394e+06
954288
865481
799050
725509
660911
589685
524842
459760
397031
334277
272314
209682
146082
80745.4
22614.5
1.288e+06
1.33989e+06
1.15685e+06
1.13218e+06
1.01598e+06
957569
870355
803078
728015
659748
590686
525617
460146
396612
333546
271713
208945
145056
79780.6
22264.6
1.13124e+06
1.29129e+06
1.17803e+06
1.15591e+06
1.04414e+06
978882
886084
815242
736149
666411
595038
528851
462199
398555
334623
271929
208469
144089
78733.2
22431.9
1.34311e+06
1.34231e+06
1.19273e+06
1.16159e+06
1.0431e+06
982516
890868
820800
741291
670975
598758
531667
464168
399824
335118
271834
208073
143312
77788.9
23228.2
1.60438e+06
1.4301e+06
1.22973e+06
1.1719e+06
1.0567e+06
989697
897177
824723
744541
673370
600810
533244
465482
400603
335722
272143
207969
143001
77602.4
24884.8
713609
852333
837571
855145
805634
784049
727425
700089
643224
602940
545412
495307
437404
381857
323235
265222
205945
145617
83208.9
32055.3
1.0127e+06
928927
855426
870123
819696
791333
735486
704849
646006
604797
546527
496245
437836
382292
323504
265503
206277
146119
83347.6
30564.2
740538
893740
862850
891672
822367
798123
740068
707293
650449
606949
548961
497738
439386
383499
324508
266304
207057
146939
84036
30211.8
724015
956883
917760
919848
854463
822446
755730
721097
657548
611776
552438
499990
441271
384951
325796
267257
207854
147657
84491.8
29719.3
1.14763e+06
1.09608e+06
926513
924559
849487
821648
761303
722173
662741
615477
557088
503654
444716
387751
327990
268806
208960
148408
84922.3
29364.8
1.40356e+06
1.19234e+06
1.03079e+06
984762
889437
851777
779047
735352
673350
622151
562872
507914
448900
390830
330421
270223
209927
148899
85047.1
28917.8
1.22083e+06
1.17361e+06
994632
976484
873236
845883
783163
736968
678634
626673
567775
512886
453318
394817
333070
272039
210927
149343
85095.6
28585.5
988726
1.11297e+06
951510
960107
871809
853241
803658
751573
696427
641191
585516
528879
470522
411097
336169
273022
211506
149230
84837.9
28094.6
1.15686e+06
1.12614e+06
981674
975776
882988
864830
815578
762446
705989
650589
594203
536644
477736
418133
351893
274395
211677
149328
84553.8
27512.9
1.06182e+06
1.07183e+06
930060
978338
882888
863556
815545
764289
710863
655583
598415
540224
480548
420156
351682
275320
212115
149132
84230.6
26936.8
1.00512e+06
1.0907e+06
954717
998840
908791
875637
822720
771510
718814
662599
606676
546931
486137
424193
355495
276832
212635
149390
84132.4
26226.5
1.23189e+06
1.15605e+06
1.01319e+06
1.04071e+06
932807
896679
839017
784270
729257
672490
614114
553938
491957
428966
359560
277319
212537
149532
84080.4
25597.3
1.17092e+06
1.14623e+06
1.05198e+06
1.04546e+06
960795
906908
852447
793294
732137
672258
611720
550079
486229
421316
337623
274560
212422
149170
83933.4
24818.2
1.34354e+06
1.28354e+06
1.12695e+06
1.08421e+06
988039
930802
854977
789753
722367
659674
594809
530877
464627
399393
335997
273967
211460
148396
83224.5
24170.1
1.26306e+06
1.29717e+06
1.10175e+06
1.086e+06
983429
928088
851748
793386
727255
661304
592428
527038
461846
399007
335878
272870
210476
147378
82300.4
23560.2
1.52713e+06
1.37298e+06
1.20373e+06
1.13615e+06
1.02408e+06
952829
864547
800389
725830
660314
590464
525767
460189
397293
334134
272101
209703
146408
81414.9
23137.4
1.41991e+06
1.33023e+06
1.15891e+06
1.13284e+06
1.01664e+06
957443
870216
802614
727647
660164
590883
525679
459845
396602
333659
271685
209022
145313
80352.7
22735.3
1.16587e+06
1.32123e+06
1.17887e+06
1.15457e+06
1.04467e+06
979005
886659
815641
736252
666399
594632
528399
462012
398554
334654
271922
208542
144270
79135.9
22669.4
1.37198e+06
1.3693e+06
1.19135e+06
1.16121e+06
1.04378e+06
983433
891689
821222
741335
670925
598691
531565
464279
399793
335127
271866
208141
143451
78099.6
23113.1
1.55217e+06
1.42058e+06
1.23343e+06
1.17072e+06
1.05749e+06
990148
897292
824873
744552
673372
600825
533239
465472
400620
335700
272128
207995
143085
77763.4
24855.5
732371
833711
840028
858040
805476
782622
727649
699578
643404
603030
545499
495354
437470
381867
323228
265178
205928
145813
83522.4
31715.4
1.10801e+06
931569
865334
869420
819598
789289
735108
704472
646586
604677
546673
496355
437851
382298
323485
265488
206298
146337
83878.8
30306.2
785449
887739
866234
891173
822571
796396
739807
706423
650728
606695
548930
497862
439458
383602
324524
266302
207100
147283
84828.7
30038.2
954493
988092
922729
921690
853540
820477
755205
720055
657816
611467
552619
499944
441218
385010
325807
267315
207934
148073
85406.6
29484
999187
1.09151e+06
920007
921253
848551
820148
760761
720966
662990
615366
556927
503657
444721
387962
328131
268928
209058
148845
85847.3
29150.9
1.29988e+06
1.19297e+06
1.02444e+06
981867
888933
851977
778190
734473
672955
621887
562683
507735
448837
390875
330445
270148
209931
149349
85981.3
28625.2
1.26852e+06
1.18951e+06
1.00071e+06
979271
873433
846857
782840
736511
678234
626022
567834
513405
453763
394744
332758
271884
210887
149703
85950.4
28406.8
1.02081e+06
1.1223e+06
954119
960987
870975
851270
803318
750234
695782
641067
585305
528505
470157
410159
335561
272492
211461
149658
85654.7
27953.1
1.10814e+06
1.11255e+06
988473
980527
881694
864025
814543
761948
706097
650764
594165
536501
477447
417444
351027
273782
211504
149826
85426.3
27406.1
1.00412e+06
1.09969e+06
930437
978039
882453
858472
812415
764462
711216
655715
598616
540401
480791
420099
351357
274903
212034
149737
85528.9
26746.5
1.1221e+06
1.12407e+06
958492
1.00332e+06
907455
875343
821457
772119
719246
664980
607062
547165
486399
424375
355561
276766
212630
149989
85427.7
26131.8
1.4053e+06
1.19668e+06
1.01604e+06
1.04496e+06
932238
898119
839361
785378
729968
673166
614902
554556
492126
429095
359446
277210
212512
150149
85416
25666.4
1.03962e+06
1.13573e+06
1.05119e+06
1.04693e+06
960448
905582
851250
792600
731916
672688
611958
550060
486112
420959
337670
274450
212437
149818
85165.9
25204.3
1.116e+06
1.26591e+06
1.11918e+06
1.08414e+06
991024
929614
854096
788224
721918
659547
595028
530910
464885
399501
336023
274026
211483
148897
84380.6
24803.3
1.34635e+06
1.29009e+06
1.09221e+06
1.08577e+06
981719
929143
851943
792500
725546
659524
592239
527232
462001
398873
335667
272688
210409
147739
83371.4
24276.1
1.54319e+06
1.38334e+06
1.19594e+06
1.13665e+06
1.02259e+06
952600
863563
801091
726357
660399
591063
526131
460417
397472
334019
271883
209698
146744
82264.9
23940.3
1.46649e+06
1.34477e+06
1.15025e+06
1.13547e+06
1.01566e+06
957445
869709
802928
727653
661095
591449
525750
459729
396619
333611
271604
209121
145618
80943.6
23516.1
1.34458e+06
1.35786e+06
1.18116e+06
1.15505e+06
1.04404e+06
979197
886574
816026
736236
666110
594182
528273
461919
398521
334619
271880
208631
144477
79573.1
23369.4
1.37623e+06
1.36075e+06
1.19295e+06
1.15897e+06
1.0432e+06
984267
892323
821568
741161
670805
598658
531620
464304
399814
335222
271938
208234
143590
78487.5
23554.6
1.64843e+06
1.42102e+06
1.2418e+06
1.17006e+06
1.05777e+06
990732
897553
825070
744651
673377
600795
533248
465476
400563
335674
272119
208030
143178
77967.5
24856.1
769822
834398
839536
858542
805853
780857
728326
699008
643766
603087
545639
495461
437498
381904
323238
265189
205967
145975
83823.7
31078.7
1.15204e+06
942216
871338
870040
817000
788786
734574
703470
646822
604353
546761
496669
437937
382390
323514
265481
206283
146556
84635.8
29401.4
808142
891943
870789
892414
822636
795385
740038
705992
650932
606533
548808
498241
439590
383843
324631
266437
207205
147778
85792.2
29660.9
1.00921e+06
993853
927111
923209
853283
819894
755301
719161
658357
611719
552648
499843
441105
385115
325806
267405
208058
148635
86385.6
29216.4
1.03194e+06
1.08777e+06
919677
917325
848424
818509
760343
720674
663656
615506
556785
503717
444637
388199
328219
269037
209158
149385
86736.9
28943.1
1.13322e+06
1.19627e+06
1.02074e+06
979361
888546
851558
778029
734108
672801
621936
562729
507607
448176
390962
330507
270118
209858
149790
86830.3
28503
976977
1.1661e+06
1.00177e+06
982534
874971
847636
783042
736703
678174
625675
567467
513615
453765
394394
332571
271919
210875
150052
86599.7
28301.9
1.10794e+06
1.12911e+06
955303
960766
870725
850166
802788
750300
695276
640645
585097
528105
469727
409888
335186
271968
211369
149981
86205.3
27949.9
1.0808e+06
1.09808e+06
991232
984476
881128
861137
814333
761103
705298
650443
593756
536108
477175
416891
350253
273288
211332
150238
86022.7
27506.7
1.0482e+06
1.10829e+06
927745
977291
881297
855287
809420
764034
711205
655583
598809
540803
481059
420052
350626
274867
211946
150288
86294.4
26957.9
1.13603e+06
1.12867e+06
957767
1.00167e+06
906104
875709
820829
772303
719267
663800
606713
547565
486644
424408
355316
276974
212647
150566
86454.2
26487.2
1.54353e+06
1.217e+06
1.01818e+06
1.04902e+06
932051
896509
838049
786233
730474
673613
615194
554673
492191
429074
358686
277365
212386
150650
86398.9
26151.9
1.12089e+06
1.14439e+06
1.0558e+06
1.04882e+06
960312
904225
850726
792701
732120
672982
612108
549961
486001
420669
337964
274296
212350
150154
85929.8
25857.5
1.15138e+06
1.27353e+06
1.12461e+06
1.0872e+06
991909
927235
853362
788031
722083
659588
595693
531174
465086
399679
336005
274072
211464
149248
84985.2
25561.4
1.44307e+06
1.2944e+06
1.08687e+06
1.08863e+06
980774
930532
851845
792052
724835
659057
592687
527731
462252
398876
335607
272572
210295
147952
83873.4
25150.1
1.49293e+06
1.37894e+06
1.19301e+06
1.13813e+06
1.02026e+06
953418
863243
801576
726963
660727
591611
526483
460618
397701
333993
271771
209605
146905
82553.2
24866.7
1.50405e+06
1.35471e+06
1.15076e+06
1.13463e+06
1.01323e+06
956711
869511
803930
728648
661997
591684
525978
459756
396686
333390
271496
209231
145838
81235.4
24506.9
1.56356e+06
1.38575e+06
1.18118e+06
1.15626e+06
1.04339e+06
979922
886363
817347
736370
666494
594068
528357
461854
398430
334485
271903
208759
144675
79778.7
24271
1.26996e+06
1.3677e+06
1.18942e+06
1.1562e+06
1.04191e+06
985217
892644
822271
741305
670974
598740
531769
464390
399862
335214
271962
208302
143675
78602
23768.7
1.50536e+06
1.4149e+06
1.23744e+06
1.16865e+06
1.05868e+06
991301
897762
825319
744728
673476
600833
533310
465655
400606
335649
272086
208039
143234
78088.2
24643.9
612688
659875
618342
655705
612736
659993
618410
554867
604054
561797
598480
554917
604131
561400
620941
670192
626842
662571
621350
670616
627313
562932
612271
567304
607131
563444
612800
567793
776989
820390
777130
817861
776959
819837
777330
718876
763293
721694
763052
719170
763425
721884
662745
708576
667216
704778
663054
708734
667320
607492
653554
611128
649859
607591
653668
611158
550282
597085
553574
594105
550364
597091
553456
492010
539118
494278
536594
492096
538984
494239
432867
479534
434577
477968
432838
479544
434541
374080
419903
374014
418571
374091
419823
373924
777503
821456
781500
818367
777407
820892
781322
723594
768696
729265
763584
723654
768463
729192
669045
715685
674829
710379
669148
715803
674888
612873
660995
618446
655291
612852
661040
618502
555096
603934
559842
598628
555016
604004
559914
495607
544959
499707
540379
495524
545054
499753
435270
484448
438310
480581
435234
484494
438338
374265
422818
376630
420206
374235
422856
376691
783945
834016
791318
823765
783768
834363
792058
730443
778338
738471
770543
730977
779061
738967
676886
725090
683479
717712
676978
725459
683595
620367
669356
625919
663107
620515
669497
626067
561486
611275
566370
605983
561570
611436
566532
501085
551327
505253
546652
501173
551496
505383
439463
489927
443044
485863
439525
490037
443074
377164
427408
379895
423934
377374
427459
380149
795061
849891
808658
837845
795768
850060
808663
741431
794761
749673
782779
741855
794801
749767
685622
735709
690716
728218
685781
735766
690984
627639
676582
631358
671672
627809
676748
631625
567895
616854
571296
613232
568082
617085
571779
506623
556357
510038
553157
506771
556638
510339
444248
494359
447315
491543
444263
494444
447293
381013
430866
383854
428759
381174
430752
383873
777087
819452
777254
816092
776756
818716
776929
719291
763381
722028
762498
719792
763821
722524
663212
708843
667376
705823
663781
709240
667595
607648
653725
611169
650453
607830
653955
611152
550441
597088
553388
594172
550574
597056
553277
492135
538944
494225
536638
492164
538895
494208
432845
479545
434520
477770
432758
479574
434446
374115
419795
373886
418241
373879
419703
373593
777218
820323
781275
816334
777285
819283
781565
723745
768499
729283
764153
724104
768894
729713
669197
715920
674990
710750
669398
716364
675474
612855
661152
618525
655515
612759
662217
618425
554978
604035
559958
598493
554884
603969
559338
495491
545091
499774
540243
495427
545022
499842
435220
484515
438357
480534
435201
484588
438442
374263
422881
376790
420164
374139
422997
376998
783802
834214
792430
823081
784203
834541
793492
731230
779365
739227
771292
731957
780384
739985
677091
725669
683693
718630
677784
726322
684129
620611
669595
626159
664858
621242
670013
626624
561618
611543
566635
606717
560545
612043
567095
501221
551599
505465
546651
501400
552036
505773
439557
490104
443104
486074
439676
490358
443249
377526
427502
380313
424130
377825
427681
380591
796106
850047
808708
838826
797133
850351
808882
742088
794801
749808
783953
742777
794870
750205
685890
735752
691092
729052
686351
736009
691798
627912
676795
631745
672284
628397
677288
632512
568194
617177
572046
613893
568651
617764
573041
506861
556777
510459
553755
507184
557347
510872
444282
494468
447259
491874
444373
494575
447126
381277
430705
383917
428922
381449
430603
383905
776599
818111
776962
814989
776360
816611
776701
719898
763933
722681
762151
720007
763993
723031
663954
709381
667674
706188
664328
709741
667825
607914
654040
611139
650769
608073
654215
611183
550637
597040
553254
594178
550724
597125
553323
492197
538900
494221
536544
492210
539034
494333
432724
479601
434419
477539
432530
479732
434331
373825
419668
373552
417657
373277
419527
373066
777352
818600
781689
813327
777150
816922
781776
724231
769063
729876
764488
724547
769430
730287
669480
716525
675608
711155
669601
716866
675805
643592
641289
657766
655647
643557
641296
657921
585058
583891
599958
598349
585315
583835
599682
495430
545133
499876
540304
495558
545203
500028
435200
484624
438479
480686
435204
484778
438600
374162
423047
377113
420114
373849
423181
377119
784354
834520
793833
821912
784600
834771
794701
732170
780728
740213
772029
732650
781622
740729
677965
726527
684306
719187
678205
727023
684699
652998
648830
666478
660917
652436
645980
666976
594109
592415
608602
607768
593678
594157
609067
501470
552217
505878
547350
501674
552670
506129
439723
490442
443304
486320
439856
490641
443457
377957
427745
380711
424345
378051
427905
380791
797462
850161
808950
839610
798301
849942
809430
742986
794867
750290
785127
743486
795053
750748
686525
736031
692057
729806
686971
736352
693128
628601
677453
632811
673027
629127
678184
633840
568827
617971
573333
614739
569325
618682
574046
507288
557502
511011
554432
507502
557890
511142
444406
494598
447053
492126
444479
494646
446766
381524
430559
383933
429074
381511
430423
383687
776208
815741
776512
814468
775697
813921
775797
719900
763930
723089
761328
719179
763609
723002
664403
709818
667831
705468
664367
709853
667699
608135
654235
611226
650477
608071
654189
611236
550764
597206
553404
593893
550786
597377
553695
492225
539131
494402
536191
492197
539513
494618
432460
479798
434299
477147
432275
479999
434193
373248
419471
373040
416937
372701
419352
372469
776922
816240
781657
810494
776083
815334
781319
724610
769472
730372
764132
724587
769431
730450
669585
716917
675761
711226
669435
716917
675481
612842
662321
618437
655645
612951
661582
618806
554995
604009
559185
598826
555278
604381
560423
495671
545172
500110
540784
495969
545628
500380
435216
484873
438645
481022
435206
485084
438694
373883
423215
377219
420056
373420
423244
376966
784582
834475
794906
821098
784394
833630
795146
732752
781865
740858
772232
732875
782380
741123
678138
727153
684769
719283
677778
727440
684938
621471
670705
627369
663806
621195
670943
627436
560931
612883
567869
606773
562427
613012
567987
501747
552765
506181
547536
501968
552933
506273
439897
490671
443492
486590
439939
490795
443497
378137
427941
380867
424412
377983
427977
380687
798515
849402
809608
838517
798901
848657
810711
743615
795065
750897
786019
743904
795517
751450
687078
736407
693473
730366
687339
736760
694480
629242
678390
634123
673518
629399
678937
634790
569455
618839
574133
615162
569624
619148
573895
507526
557941
511069
554734
507464
557806
510667
444488
494611
446623
492158
444393
494309
446286
381532
430340
383648
429079
381255
430039
383145
775533
813249
775601
813400
774601
813458
775313
718961
763520
722928
760148
718082
763283
722767
664294
709854
667616
704651
663947
709702
667484
607999
654136
611168
650096
607649
654053
611089
550820
597373
553707
593722
550660
597401
553707
492180
539566
494607
536322
492004
539654
494614
432235
480031
434156
477400
431994
480097
434111
372835
419344
372532
417041
372245
419360
371968
775883
814800
781245
809293
775685
815418
781126
724546
769455
730448
763857
724427
769396
730379
669355
716890
675399
711072
669232
716770
675233
612911
661517
618810
655484
612884
661398
618776
555266
604372
560421
598808
555254
604346
560427
495995
545644
500422
540824
496083
545657
500536
435195
485136
438698
481140
435198
485285
438711
373565
423242
377100
420032
372885
423234
376559
784375
833006
795183
820398
784316
832718
795521
732881
782540
741167
772338
732837
782935
741264
677722
727503
684956
719167
677610
727517
684913
621145
671005
627429
663755
621079
671010
627354
562431
613016
567956
606613
562432
612917
567828
502002
552896
506293
547592
502067
552844
506361
439940
490835
443465
486788
439936
490929
443415
378131
427975
380795
424378
377486
427932
380253
798952
847925
810940
837398
799305
848634
812249
743934
795663
751514
786681
744026
796139
752158
687364
736908
694565
730562
687301
737343
694387
629376
679076
634791
673606
629228
679092
634221
569567
619245
573572
615121
569363
619169
573054
507436
557737
510416
554653
507434
557589
510031
444333
494227
446133
492294
444251
494299
445834
381284
429958
383175
429060
380461
429952
382540
628932
627133
614473
612623
629085
627108
614221
646132
659951
646476
658944
645912
660397
644754
630998
616511
632596
617465
631201
616134
631208
643613
655687
641371
657869
641324
657954
643614
628922
612637
627222
614469
627136
614188
629107
646189
658854
660095
646403
660479
644851
645989
630951
617471
616548
632610
616085
631214
631276
570585
569552
556156
554866
570732
569540
556114
586978
602036
589866
603447
587334
601669
589873
572341
557920
576023
564351
572558
557983
577102
585006
598366
583937
599959
583842
599633
585311
570555
554878
569616
556156
569555
556106
570728
586918
603511
602096
590027
601582
589949
587333
572270
564836
557845
576182
557976
577164
572507
638377
634936
623182
621871
637815
635064
623665
654829
668417
655801
670371
654383
668745
655984
640310
625200
641518
627060
639934
625515
641734
653228
660721
648571
666786
646140
667118
652667
638515
621852
635224
623519
634964
623785
638103
654962
670513
668785
656210
668872
656123
654750
640447
627221
625614
641982
625658
641891
640333
578875
578121
563400
567473
578454
582656
563797
595636
610465
597307
612504
595399
610751
597537
580430
565246
582475
567523
580272
565382
582717
594224
607712
592949
608986
594140
609192
594082
578951
568219
578964
563794
582608
563927
578853
595794
612685
610929
597831
610908
597716
595870
580581
567692
565696
583013
565532
582901
580746
780930
812052
784107
803700
781155
811958
784035
725188
758568
727094
754262
725126
757926
726451
667256
697855
667715
696906
667406
697737
667986
611801
641605
612455
640249
611997
642059
612615
555872
586389
555878
585201
555947
586537
555978
498700
529481
498413
529067
498728
529625
498532
439756
471180
439346
470708
439756
471246
439449
380794
412146
381134
411711
380731
412118
381092
836869
870675
838416
868061
836851
869704
837301
804747
805139
820776
818211
805056
820470
804865
747996
748452
763325
763604
748417
763322
747814
691171
690149
705327
704140
690213
705399
691116
636331
635349
650970
649672
635379
650980
636315
579894
579214
594929
594093
579216
594924
579911
521658
521376
537080
536563
521394
537052
521662
462716
462722
478206
478038
462714
478192
462703
403450
403433
418979
418673
403424
418941
403439
319974
350750
319531
352470
319942
350608
319371
836406
872388
836814
866793
835642
871646
835855
805550
805407
820793
818911
805313
820632
805641
751991
750232
765291
763528
750206
765206
752024
698575
696653
712227
710286
696673
712236
698560
643071
641147
657097
655222
641159
657116
643051
585885
584223
600359
598640
584218
600361
585888
527019
525544
541910
540438
525528
541910
527020
466671
465483
481906
480630
465471
481891
466684
405695
405072
420980
420245
405046
420968
405701
321010
353465
322254
351781
320966
353447
322202
844047
883423
850532
876169
844477
884082
850947
812923
810882
827213
823895
810744
827143
812910
759014
757111
772529
770505
757111
772535
758932
706245
704014
719541
717318
704047
719611
706227
650968
648986
665038
663042
649001
665047
650946
592951
591155
607603
605872
591166
607641
592924
533011
531491
548139
546568
531505
548165
532986
471704
470399
487112
485792
470413
487135
471684
409294
408275
425013
423881
408293
425024
409268
322966
356227
325198
354810
323076
356471
325268
861201
904863
865478
895398
860800
905209
865668
825768
822350
841007
838041
822363
841130
825548
772566
768855
786537
782424
768894
786536
772552
716290
713865
730584
727924
713905
730616
716245
658769
656963
673392
671525
656993
673426
658738
599569
598005
614601
613074
598034
614648
599519
539000
537473
554487
552995
537505
554526
538955
477059
475610
492863
491444
475630
492886
477036
413991
412715
430004
428729
412719
429999
413984
326132
359480
326987
359247
326207
359548
327013
824070
862023
832417
854183
823874
861982
832131
761085
800118
764978
793869
760995
799901
764869
700081
735055
702241
732198
700116
735013
702392
639667
672967
640432
671906
639728
673057
640605
579308
610865
579590
611442
579523
611011
579913
516928
548883
516107
550027
516947
548960
516248
452869
484489
451620
486323
452927
484517
451542
386974
419624
387369
421527
387025
419613
387407
780759
810969
783957
803685
780718
810718
783664
724449
756634
726093
752781
724233
755760
725882
667614
698110
668344
696585
667976
698551
668710
612219
642612
612850
641020
612465
643145
613185
556035
586743
556128
585465
556116
586994
556321
498770
529802
498690
528970
498721
529990
498861
439798
471326
439562
470590
439721
471392
439606
380787
412052
381108
411337
380484
411942
380914
835972
867910
836111
865955
835369
866402
835269
803634
804380
818907
816790
803902
804230
818653
748473
748060
763222
762746
748412
748130
763170
691821
690792
706103
705389
691625
691060
706380
636516
635592
651116
650156
636454
635697
651205
579866
579279
594917
594138
579868
579296
594915
521773
521522
537018
536634
521744
521529
537075
462697
462664
478167
477871
462714
462615
478151
403314
403347
418850
418428
403383
403282
418806
319973
350468
319274
352211
319807
350451
319070
833952
869780
834732
865082
832351
869016
833256
803872
804618
819158
817453
804256
804290
818755
751956
750325
765136
763888
751912
750436
765177
698727
696799
712302
710542
698669
696864
712355
643298
641217
657278
655389
643216
641238
657367
585757
584130
600342
598597
585810
584095
600322
526886
525416
541839
540307
526938
525374
541784
466595
465411
481808
480541
466607
465398
481788
405700
404986
420954
420184
405690
404975
420961
321023
353546
322278
351748
320798
353717
322139
843670
885013
851249
876548
842958
885629
851207
812847
810091
827056
823425
812858
809980
827056
760242
757523
773064
770860
759890
757754
773383
707025
704490
720323
718217
706772
704731
720608
651295
649290
665283
663219
651164
649401
665402
593269
591301
607905
606231
593160
591425
608037
533261
531605
548328
546750
533178
531644
548397
471896
470519
487290
485959
471838
470566
487361
409554
408429
425132
424019
409470
408497
425190
323277
356733
325473
355361
323217
356967
325446
860018
905867
866683
896357
860086
906659
867457
827307
822806
841974
838144
826902
823193
842402
773122
769396
786878
783321
772917
769658
787090
716855
714256
731024
728626
716679
714422
731218
659205
657222
673717
671929
659055
657340
673877
600095
598296
614968
613509
599915
598435
615144
539498
537749
554848
553416
539329
537877
555014
477259
475744
493048
491699
477205
475794
493126
414064
412824
429997
428833
414039
412875
430007
326380
359616
327114
359494
326396
359654
326976
823489
861326
831581
853454
823282
861264
831266
760948
799650
764861
793579
760803
799316
764772
700281
734940
702718
732179
700505
734997
703334
639914
673118
640894
672103
640168
673406
641419
579911
611202
580436
611589
580274
611486
580607
516988
549021
516531
550066
517043
549105
516774
452989
484556
451493
486253
453013
484616
451511
387153
419591
387563
421414
387152
419572
387492
780418
809935
783193
804267
780322
810423
782813
723943
755338
725792
750812
723268
755022
725524
668245
698868
668996
696193
668459
698939
669217
612658
643561
613527
641172
612771
643804
613818
556213
587221
556507
585426
556228
587388
556687
498750
530132
499002
528688
498712
530220
499105
439710
471437
439615
470338
439592
471468
439571
380542
411836
380845
410644
380031
411676
380456
834496
864231
834316
864963
833783
863475
833405
802869
804071
817637
815458
802964
803991
817503
748580
747982
763205
762410
748597
747953
763223
692528
691685
707101
706120
692376
691842
707271
636780
636013
651526
650679
636719
636080
651628
579918
579415
594948
594192
579906
579425
594967
521814
521581
537139
536609
521805
521566
537165
462641
462526
478156
477677
462655
462485
478172
402861
403009
418614
418000
403004
402872
418528
319790
350392
319047
351477
319265
350232
318444
830162
867604
831124
861529
828081
867058
829443
802187
802999
816735
814986
802808
802531
815979
752496
750888
765425
764403
752357
751029
765546
699090
697117
712615
710973
698996
697201
712717
541591
540224
541570
526709
525279
526728
525281
466631
465413
481778
480577
466606
465437
481801
405753
404920
420999
420147
405748
404881
421017
320795
353789
322177
351559
320223
353785
321797
841773
884930
850595
875699
840823
885046
850013
812748
809693
826460
822576
812779
809552
826396
761471
758488
774303
771714
761210
758710
774573
707744
705262
721272
718976
707596
705414
721434
548627
547828
548867
533752
531815
533590
531932
472156
470720
487600
486199
472091
470771
487679
409902
408736
425396
424252
409825
408800
425464
323291
357091
325603
355588
323027
357142
325392
860199
906386
867688
897685
860225
906394
867437
828378
824253
843087
839371
828141
824566
843335
774048
770476
787841
784574
773821
770728
788094
717622
714957
731800
729453
717425
715128
731996
657848
672695
658040
659978
674482
659766
674703
598969
614342
599168
600999
615819
600760
616069
554119
540192
538320
555608
540032
538464
555802
477414
475949
493340
492030
477387
475992
493393
414138
413017
430060
429007
414129
413049
430074
326501
359631
326931
359595
326312
359565
326425
822960
860040
830917
852485
823018
860126
830865
760661
798816
764664
792919
760501
798345
764585
700851
734820
703848
732056
701260
734902
704499
640480
673595
641880
672453
640728
673873
642280
580555
611651
580530
611869
580678
611856
580487
517104
549129
516888
550106
517211
549187
516890
452978
484675
451590
486210
452883
484759
451667
387275
419532
387447
421198
387167
419496
387089
780010
810035
782201
803544
779344
810009
781893
722508
754726
724870
750123
721931
754177
724234
668427
698876
669330
695423
668178
698695
669289
612815
643868
613954
640846
612485
643822
613876
556292
587472
556844
585096
556162
587536
556913
498768
530247
499160
528190
498654
530258
499147
439563
471458
439524
469872
439425
471345
439430
380086
411348
380399
409812
379551
410866
379854
832616
862322
831411
863359
831525
862618
829849
801859
803321
816198
814525
802196
803280
815888
748160
747559
763057
761773
748338
747337
762939
692794
692058
707463
705931
692797
692026
707396
636888
636214
651810
650686
636892
636183
651801
579983
579505
595047
594101
579966
579501
595066
521886
521572
537274
536413
521865
521555
537297
462574
462397
478211
477328
462595
462357
478207
402213
402389
418190
417220
402365
402231
418071
319163
349899
318293
350531
318277
349397
317613
825544
865107
828314
856730
823982
865097
827750
799232
800678
813025
811847
799905
800067
812439
752729
751230
765655
764375
752732
751206
765575
699189
697346
712928
711249
699204
697344
712951
641408
657779
643584
643555
655711
641430
657703
584066
600254
585614
585784
598725
584172
600408
541717
527072
525473
540555
526878
525637
541918
466902
465580
482039
480914
466828
465656
482171
405701
404728
421053
420082
405727
404668
421060
320213
353638
321719
351150
319595
353538
321060
839708
884098
848974
875996
839091
884475
848063
812062
808748
825566
821319
812293
808473
825449
762163
759192
775142
772172
762046
759276
775261
707939
705533
721737
719280
707923
705523
721792
651026
666400
652198
652020
664069
650537
666115
592256
608940
594112
594147
606907
592079
608917
549116
534081
532149
547358
534002
532248
549249
472384
470943
487891
486474
472336
470992
487956
410083
408923
425622
424398
410062
408938
425656
323001
357092
325471
355603
322507
357053
325033
859410
905540
866506
898316
858430
905818
865364
828768
825119
843093
839237
828785
825096
842946
774893
771388
788790
785607
774691
771560
789005
718352
715546
732544
730115
718183
715651
732703
658411
660724
675316
673295
660563
658489
675490
599653
601740
616710
615030
601608
599753
616851
540540
538785
556203
554657
540505
538845
556257
477331
476025
493413
492120
477389
475999
493354
414061
413087
430049
429104
414104
413071
429998
326260
359393
326119
359218
325634
359283
325286
823211
858505
830372
851521
823905
858945
829894
760311
797611
764218
792704
759997
797422
763909
701664
734675
704577
731956
702041
735044
704346
640862
674056
642470
672908
640822
674403
642521
580632
612024
580514
612019
580485
612294
580488
517265
549189
516765
549992
517156
549204
516522
452744
484797
451720
485985
452554
484878
451719
387249
419385
386872
420758
386944
419322
386306
779155
809699
781236
802347
778928
809573
781082
721576
753874
723559
750654
721136
753446
723220
667954
698425
669123
695268
667716
698117
669168
612113
643771
613661
640967
611858
643497
613638
555978
587589
556868
585044
555806
587364
556916
498439
530235
499046
528148
498233
529916
499098
439305
471216
439320
469706
439030
471023
439293
379682
410510
379752
409909
379387
410255
379192
830277
862472
828799
860437
829281
862580
827846
801188
803020
814801
814423
801258
802781
814940
747435
746480
762604
760754
747560
746207
762404
692481
691681
707091
704982
692550
691420
707051
636679
635924
651777
650342
636726
635669
651819
579991
579445
595002
593654
580004
579310
595038
521888
521448
537321
536178
521918
521287
537414
462424
462221
478119
477306
462485
462070
478198
401696
401788
417793
416967
401852
401526
417839
318065
348659
317312
350170
317486
348533
316563
823741
864864
827860
855078
823776
865117
827923
797751
798584
810965
809265
797743
798263
811207
752635
751032
765282
763955
752631
750990
765223
698971
697201
712885
711179
699032
697136
712849
643210
641306
657404
655550
643284
641239
657332
585906
584265
600458
598813
585908
584246
600450
527345
525868
542201
540811
527341
525865
542212
467008
465715
482327
481091
466993
465713
482368
405560
404529
421057
420054
405605
404470
421059
319505
353108
320766
350347
318849
352829
319977
838872
884194
847336
876177
838498
884540
846539
811200
807828
824731
820764
811384
807652
824884
762484
759435
775508
772390
762401
759506
775619
707885
705436
721842
719241
707914
705398
721830
651912
649810
666057
663806
651899
649763
666090
594074
592006
608822
606680
594107
591983
608793
534208
532456
549423
547587
534206
532468
549436
472509
471100
488115
486705
472485
471126
488172
410046
408928
425656
424395
410079
408893
425640
322326
356649
324907
355072
321637
356315
324295
857227
904696
863747
895903
855490
905037
862434
827854
824164
841148
837856
828041
823968
840985
775387
771888
789594
786461
775311
771958
789777
718688
715806
733032
730551
718678
715788
733083
660932
658567
675844
673690
660957
658529
675877
601714
599797
616941
615230
601786
599755
616902
540131
538690
556020
554676
540237
538632
555965
477069
475916
493159
492247
477147
475865
493162
413673
412938
429785
429091
413835
412830
429747
325038
359092
324660
358276
324020
359152
323728
824491
857850
828718
851313
825609
858166
829173
759912
797517
763402
792598
759727
797259
763155
702111
735572
703710
732313
702330
736317
703960
640779
674859
642301
672734
640558
674519
641826
580201
612674
580262
611928
579992
612963
580095
516891
549351
516167
549694
516647
549263
515751
452281
485114
451587
486075
452190
485486
451522
386798
419367
385951
420567
386242
419463
385506
791321
791936
776700
776937
791781
776678
791399
804948
819004
804874
820234
818772
804815
805107
791260
777152
791479
777284
777139
791469
791384
804509
818067
804729
819531
804882
819951
804238
791199
776880
791443
776613
791548
776640
791081
804743
820000
818069
804487
818392
804675
804491
791127
777343
777012
791358
777094
791428
790970
733359
733998
718714
718931
734009
718814
733205
748068
762669
749029
763383
762905
749064
748015
733971
720096
735454
721710
720168
735508
733894
748152
763230
748092
763260
748260
763286
748336
733549
719007
733993
719173
733972
718977
733837
748220
763452
763018
749292
763007
749154
748447
734160
721776
720488
735746
720303
735613
734408
678199
676851
663629
662789
676907
663664
678175
693044
706577
694736
708595
706614
694762
693010
679495
665496
681215
667238
665520
681246
679478
691286
704434
690568
705833
690344
705588
691443
678260
662891
677278
663795
677058
663716
678364
693105
708651
706876
694870
706717
694809
693191
679533
667277
665606
681356
665556
681296
679594
622977
622057
608147
607513
622072
608152
622979
637818
651948
639382
653582
651967
639408
637802
623901
609585
625438
611131
609593
625451
623892
636360
649746
635500
651051
635429
651005
636404
622974
607553
622154
608181
622108
608167
622986
637850
653622
652043
639474
651999
639440
637888
623924
611138
609633
625514
609611
625478
623954
566035
565325
550739
550292
565329
550720
566078
581180
595599
582631
597083
595608
582618
581190
566814
552108
568302
553552
552084
568289
566835
579888
594110
579240
594921
579236
594926
579876
565988
550332
565374
550696
565359
550689
565961
581170
597087
595635
582562
595622
582596
581152
566790
553513
552017
568228
552053
568265
566760
507423
507218
491990
492033
507251
491979
507424
522780
537716
524136
539089
537682
524103
522802
508049
493073
509414
494272
493067
509389
508068
521658
536590
521468
536999
521444
537018
521700
507436
492088
507346
492064
507324
492029
507480
522755
539038
537606
524017
537642
524060
522728
508029
494255
493108
509329
493081
509354
508024
448520
448354
432816
432855
448350
432823
448544
463530
478484
464437
479542
478488
464442
463512
448800
433761
449671
434588
433786
449674
448792
462727
478023
462676
478182
462714
478191
462724
448479
432862
448340
432829
448363
432831
448434
463557
479543
478532
464436
478515
464441
463565
448808
434558
433809
449676
433805
449676
448805
389204
389636
374028
374084
389646
374005
389230
404281
419211
404737
419898
419205
404693
404290
389472
373592
389972
374021
373547
389914
389509
403451
418633
403382
418883
403419
418913
403426
389165
374117
389599
373945
389635
374004
389105
404248
419853
419152
404602
419190
404645
404181
389408
374041
373468
389778
373536
389843
389340
792192
791717
778638
777552
791726
778534
792162
806058
819558
806995
821282
819315
806969
806199
792908
779685
794314
781391
779510
794194
792996
805307
818633
804912
819943
805144
820350
804852
792056
777531
791548
778173
791677
778321
791748
805757
820988
818585
806837
818866
806847
805472
792692
781371
779462
794219
779444
794176
792596
738856
736924
725667
723591
736914
725652
738909
753823
766788
755735
768627
766718
755639
753904
740854
727704
742640
729165
727631
742504
740993
751965
763494
750283
765125
750225
765138
751950
738828
723600
736968
725643
736935
725640
738826
753708
768520
766587
755517
766648
755526
753629
740757
729150
727525
742450
727565
742439
740710
684855
682972
670982
669071
683004
670999
684842
700408
714143
702110
715675
714114
702133
700417
686701
672879
688542
674832
672889
688555
686697
698598
710324
696746
712265
696706
712245
698626
684883
669108
683091
671070
683046
671029
684921
700427
715717
714080
702288
714088
702186
700462
686727
674849
672951
688657
672913
688591
686771
628956
627117
614698
612858
627119
614699
628942
644986
659008
646960
660998
659014
646964
644987
630874
616590
632787
618456
616590
632801
630870
643100
655254
641194
657206
641176
657153
643148
628977
612847
627136
614715
627126
614706
629010
645000
661014
659073
647058
659033
646988
645036
630890
618476
616620
632874
616596
632832
630918
571333
569784
556648
555079
569774
556642
571341
587628
602177
589325
603950
602183
589334
587625
573015
558237
574637
559861
558245
574648
573007
585878
598637
584175
600352
584205
600362
585847
571318
555052
569724
556593
569755
556625
571289
587635
603974
602214
589362
602197
589348
587656
573028
559884
558297
574671
558268
574662
573050
512069
510680
497010
495590
510664
496998
512072
528492
543412
529972
544980
543424
529987
528483
513476
498346
514895
499717
498347
514905
513471
527007
540413
525458
541877
525498
541901
526980
512054
495558
510598
496937
510634
496973
512024
528507
545015
543471
530035
543450
530011
528513
513483
499735
498338
514942
498347
514923
513480
451468
450446
436203
435261
450439
436186
451477
467875
483159
469123
484456
483158
469131
467877
452560
437184
453745
438315
437173
453754
452561
466647
480606
465429
481833
465449
481863
466625
451448
435247
450408
436163
450422
436173
451429
467866
484476
483143
469164
483154
469148
467858
452553
438323
437169
453783
437167
453767
452548
390407
389947
375242
374260
389931
375246
390422
406411
421785
407299
422825
421778
407308
406410
391027
375647
391826
376608
375598
391844
391006
405680
420228
404998
420951
405017
420957
405681
390434
374271
389901
375283
389908
375296
390470
406409
422837
421781
407365
421774
407332
406427
391079
376658
375672
391958
375608
391895
391131
799774
797585
786187
783879
797540
786117
799911
815966
829337
818937
834020
829354
818944
815853
802292
788322
804815
791464
788390
804934
802283
812986
823796
810285
827398
810481
827369
812950
799702
783798
797200
786157
797331
786087
799704
816159
834083
829786
819149
829505
819018
816153
802394
791723
788777
805482
788554
805202
802509
745815
743744
732584
730564
743815
732762
745657
761930
774940
765323
778506
775056
765397
761733
748943
735568
752063
738546
735653
752147
748774
759212
770488
757323
772791
757180
772596
759529
746110
730748
744160
733282
743958
733007
746441
762203
778771
775623
765750
775299
765544
762471
749136
738732
736126
752510
735858
752301
749389
692720
690571
678961
676890
690583
678968
692707
708798
722245
711361
725141
722333
711395
708743
695146
681210
697566
683497
681238
697590
695111
706334
717501
704266
720026
704114
719773
706530
692770
676918
690715
679108
690627
679000
692887
708922
725275
722744
711605
722520
711483
709089
695218
683530
681391
697734
681297
697647
695328
636697
634767
622193
620390
634792
622224
636670
653040
667200
654938
669370
667237
654971
653000
638710
624140
640536
625952
624171
640584
638668
651009
663065
649164
665190
649051
665109
651072
636745
620443
634949
622361
634860
622284
636812
653111
669416
667421
655125
667313
655040
653211
638774
625999
624300
640735
624224
640654
638861
578148
576371
563173
561505
576382
563199
578125
594717
609498
596365
611302
609527
596394
594693
579836
564778
581488
566398
564797
581517
579819
593000
605917
591234
607797
591192
607709
593068
578192
561535
576421
563307
576402
563247
578254
594758
611356
609657
596524
609583
596447
594814
579873
566453
564878
581659
564833
581575
579922
517799
516338
502459
501102
516353
502483
517775
534517
549719
535996
551358
549744
536025
534492
519259
503846
520741
505277
503874
520770
519234
533049
546606
531565
548261
531529
548206
533107
517836
501132
516417
502581
516379
502523
517893
534557
551415
549842
536147
549786
536074
534615
519300
505319
503976
520891
503916
520818
519365
456230
454960
440646
439477
454975
440661
456213
473013
488489
474315
489948
488514
474336
472992
457507
441831
458826
443054
441842
458840
457488
471742
485824
470478
487228
470443
487176
471786
456263
439499
455036
440714
455004
440685
456299
473051
489985
488603
474392
488557
474370
473080
457531
443060
441882
458875
441858
458860
457550
393653
392736
377990
377192
392766
378085
393616
410387
426143
411505
427412
426153
411523
410364
394718
378814
395858
379938
378897
395899
394665
409334
423904
408370
425085
408325
425049
409394
393723
377294
392890
378315
392819
378213
393823
410433
427430
426216
411616
426178
411561
410497
394808
380067
379169
396067
379051
395970
394923
812909
808541
799583
795187
808658
799659
812758
831393
845616
835528
849692
845509
835550
831308
818642
804354
823352
808635
804375
823366
818631
826084
837901
822632
841733
822425
841319
826481
813181
795446
809249
800017
808907
799815
813525
831581
849867
845894
835673
845612
835600
831818
818749
808626
804508
823413
804426
823389
818906
758710
755363
744420
741499
755421
744449
758694
776147
790932
779156
794760
790917
779144
776141
762154
747087
765140
749676
747119
765130
762164
772627
782572
769171
786708
768999
786596
772747
758772
741654
755715
744718
755546
744563
758890
776178
794767
790984
779172
790937
779138
776238
762174
749693
747316
765139
747192
765100
762237
702093
699926
687550
685645
699958
687600
702046
718354
733313
720134
735720
733331
720151
718298
704325
689175
705914
690764
689228
705958
704294
716378
728042
714108
730843
713990
730700
716515
702180
685701
700129
687793
700031
687685
702294
718431
735691
733526
720263
733414
720149
718553
704391
690813
689440
706140
689312
705992
704505
644197
642479
629199
627676
642525
629243
644160
660141
675317
661133
676613
675356
661149
660087
645833
630316
646680
631401
630371
646729
645778
658834
671583
657127
673592
657049
673495
658931
644261
627730
642681
629428
642590
629318
644361
660211
676623
675537
661263
675425
661144
660323
645908
631459
630595
646929
630459
646777
646028
584703
583163
569359
567929
583199
569408
584660
600683
616168
601331
616891
616232
601372
600612
586277
570361
586812
571379
570429
586886
586211
599651
613138
598182
614831
598095
614720
599769
584786
567993
583371
569626
583271
569498
584908
600787
616940
616468
601580
616322
601416
600943
586386
571525
570731
587195
570552
586993
586547
523802
522297
508077
506651
522331
508120
523767
540100
556074
540373
556413
556140
540434
540039
525409
509104
525653
510099
509162
525710
525360
539078
553063
537642
554711
537560
554602
539191
523861
506698
522470
508282
522387
508188
523951
540204
556489
556393
540676
556243
540520
540352
525475
510202
509381
525918
509256
525789
525579
461509
460206
445607
444245
460211
445615
461503
478056
494490
478027
494381
494517
478028
478020
462995
446530
462970
447305
446547
462976
462993
477099
491483
475699
492981
475660
492924
477151
461514
444249
460246
445632
460222
445620
461530
478109
494400
494609
478038
494554
478023
478169
462990
447306
446573
462963
446561
462967
462989
398456
397299
382405
381042
397324
382427
398448
414662
431446
414073
430839
431414
414036
414663
399485
383327
398908
383858
383340
398902
399494
414001
428737
412777
429993
412742
429993
414017
398480
381124
397437
382538
397374
382500
398514
414669
430793
431358
413939
431381
413981
414683
399471
383875
383418
398875
383398
398887
399460
790834
791273
776628
777054
790945
791228
776754
803887
817533
804224
819285
804179
817259
803977
790625
776919
791263
777140
790796
776820
791146
803369
816282
804090
818072
804039
818228
803165
790710
776847
791161
776655
791100
776800
790590
803561
818886
816572
803269
816789
803619
803266
790438
776976
776607
790815
776707
790982
790263
734518
734135
719384
719496
734219
734348
719585
748914
762992
749442
763462
748724
762928
749582
734912
720692
735910
722187
734672
720895
736090
748536
762568
748061
763144
748060
763067
748583
734741
719626
734556
719937
734454
719769
734901
749048
763655
763014
749856
762939
749722
749156
735127
722356
721259
736472
721085
736281
735317
678650
677504
663888
663413
678494
677762
664000
693423
707062
694947
708966
693297
707268
695035
679781
665663
681429
667441
679676
665736
681511
692016
705609
691505
706890
691283
706647
692203
678810
663596
678204
664244
677986
664118
678971
693557
709099
707677
695247
707476
695137
693698
679900
667515
665914
681712
665821
681607
680028
623048
622232
608190
607702
623010
622315
608203
637984
652095
639506
653792
637933
652162
639545
624037
609656
625551
611170
623994
609675
625590
636583
650312
635908
651415
635812
651305
636652
623091
607780
622513
608230
622426
608215
623140
639635
638036
653871
652323
652240
639588
638088
625662
624080
611164
609697
609688
625627
624121
565944
565434
550711
550481
565946
565467
550729
581100
595658
582520
597076
581130
595658
582469
566692
551977
568182
553341
566728
551938
568128
579876
594173
579364
594930
579349
594919
579891
565955
550550
565575
550748
565538
550737
565981
582394
581099
597070
595663
595660
582429
581105
568084
566683
553306
552003
551962
568101
566736
507554
507407
492079
492131
507532
507423
492083
522770
537578
523982
538916
522725
537563
523955
508113
493133
509314
494213
508078
493147
509305
521788
536657
521556
537116
521564
537099
521794
507560
492166
507485
492079
507473
492081
507567
522796
538901
537659
523917
537614
523933
522810
508132
494206
493174
509307
493160
509301
508150
448360
448338
432813
432815
448395
448302
432784
463568
478541
464427
479548
463568
478545
464418
448783
433793
449673
434497
448796
433764
449669
462682
477827
462546
478144
462591
478144
462667
448326
432801
448251
432689
448286
432742
448295
463568
479557
478565
464412
478553
464412
463568
448768
434472
433692
449667
433731
449668
448753
388942
389556
373918
374048
389031
389490
373801
404038
419108
404564
419765
404113
419057
404521
389208
373430
389723
373779
389276
373310
389675
403228
418343
403114
418689
403211
418754
403122
388845
374020
389295
373547
389409
373733
388733
403961
419735
418958
404409
419009
404472
403869
389132
373749
373091
389540
373261
389613
389033
791395
791356
778202
777143
791464
791075
778262
805128
818141
806604
820145
805313
818106
806423
792550
779446
794152
781332
792591
779411
794115
803624
816789
803422
817707
803843
818146
803333
791400
777210
790667
778266
790821
778279
791356
804835
819524
817204
806106
817490
806230
804558
792478
781436
779440
794214
779389
794134
792401
738947
737076
725672
723856
738868
737219
725726
753702
766553
755571
768595
753641
766555
755674
740767
727523
742517
729407
740717
727562
742629
752072
764006
750732
765298
750578
765208
752211
739059
723977
737552
725898
737381
725804
739191
753805
768733
766783
755976
766647
755813
753934
740854
729553
727732
742936
727636
742773
740966
685052
683147
671127
669254
684978
683214
671202
700585
714108
702411
716056
700515
714166
702543
686918
673013
688798
675134
686835
673102
688944
698802
710642
697027
712514
696941
712425
698895
671422
685147
669321
683382
683293
671300
685262
700676
716206
714353
702835
714249
702684
700788
673409
687025
675296
689247
673228
689096
687159
629108
627150
614724
612844
629056
627165
614731
645162
659128
647123
661126
645087
659201
647124
631017
616631
632921
618543
630959
616652
632968
641277
657607
643471
643396
655450
641260
657485
627159
614647
629155
629157
612812
627171
614719
659663
647934
645594
645346
661548
659378
647627
616648
633033
631175
631112
618544
616675
633112
571166
569691
556543
554941
571241
569657
556467
587664
602233
589371
604061
587660
602255
589371
573074
558327
574668
560057
573068
558344
574663
583969
600161
585530
585666
598554
584037
600271
569588
556269
570921
571052
554908
569622
556363
602208
589222
587563
587625
604039
602256
589259
558066
574128
572855
572974
559650
558245
574241
511945
510562
496900
495462
511986
510529
496867
528491
543483
530054
545120
528508
543473
530063
513456
498326
514962
499795
513471
498314
514982
541649
526828
540273
525301
525334
541717
526773
511905
495439
510481
496820
510500
496839
511872
543327
528461
545051
530060
543419
530055
528425
513439
499817
498297
515022
498303
514999
513424
451418
450398
436159
435213
451419
450395
436161
467855
483134
469184
484536
467854
483127
469208
452553
437174
453804
438381
452547
437187
453828
466589
480532
465399
481770
465393
481775
466593
451423
435206
450402
436179
450396
436168
451435
467861
484559
483130
469266
483125
469236
467873
452565
438410
437226
453885
437204
453855
452582
390522
389903
375313
374209
390497
389907
375287
406484
421795
407410
422914
406454
421818
407460
391237
375776
392027
376845
391183
375811
392106
405717
420174
404944
420983
404964
420969
405733
390543
374237
389881
375273
389899
375322
390559
406523
422952
421878
407587
421845
407521
406564
391290
376961
375915
392265
375906
392181
391346
799851
797130
786310
783907
799745
797145
786527
816225
829771
819226
834341
816147
829963
819396
802865
789077
805825
792793
802639
789412
806219
812805
823136
809796
826774
809871
826802
812809
799980
784046
797261
787011
797189
786766
800137
816310
834328
830095
819827
829943
819578
816451
803121
793142
790062
806929
789736
806581
803408
747167
744404
733630
731479
746807
744665
733952
763136
775971
766010
779690
762771
776311
766313
750040
736417
752764
739485
749702
736701
753049
760585
771070
758251
774009
758003
773702
760913
747510
731724
745175
734514
744924
734248
747818
763502
780035
777026
766959
776654
766638
763854
750379
739739
737232
753666
736978
753355
750685
693299
690862
679274
677286
693085
691084
679420
709467
722987
711759
725888
709276
723231
711932
695651
681520
697861
683817
695480
681671
698013
707229
718434
705095
721079
704922
720855
707421
679826
693480
677517
691452
691291
679597
693657
709657
726107
723670
712291
723459
712110
709847
682059
695837
683963
698355
681850
698177
696039
637033
635065
622456
620749
636905
635210
622579
653502
667549
655217
669711
653338
667703
655323
639131
624400
640833
626281
638977
624529
640955
651165
666021
651932
651547
663635
650088
665634
635964
622936
637489
637228
620954
635567
622738
668132
655615
654007
653727
669852
667903
655455
624918
641299
639597
639335
626435
624696
641109
578411
576438
563377
561725
578330
576521
563446
594970
609752
596626
611679
594885
609871
596753
580036
564928
581769
566762
579980
564978
581903
591764
608375
593514
593384
606404
591497
608190
576057
563406
578461
578458
561370
576212
563456
610217
597092
595214
595072
611844
610020
596907
565125
582252
580173
580090
566914
565031
582063
518053
516465
502651
501275
517966
516519
502732
534781
549912
536239
551725
534690
549994
536352
519545
504054
520984
505561
519446
504144
521096
548514
533353
546702
531726
531673
548456
533459
518151
501334
516649
502915
516579
502820
518259
550213
534886
551871
536627
550090
536483
535005
519657
505665
504347
521353
504243
521220
519777
456392
455074
440752
439593
456342
455114
440797
473185
488668
474432
490184
473126
488747
474489
457637
441919
458898
443146
457589
441966
458942
471959
486014
470668
487519
470616
487439
472024
456446
439633
455202
440906
455157
440849
456504
473250
490270
488920
474618
488832
474552
473320
457694
443195
442081
459050
442021
458994
457756
394059
392977
378491
377612
393936
393078
378599
410664
426269
411686
427557
410577
426331
411760
395167
379351
396167
380393
395041
379463
396274
409646
424070
408656
425326
408575
425255
409738
394178
377764
393281
378840
393179
378765
394292
410755
427618
426475
411911
426401
411837
410845
395284
380536
379706
396466
379625
396372
395396
814211
809646
800250
796447
813879
810059
800512
832264
846077
835727
850238
832050
846410
835780
819189
804651
823435
808769
819048
804789
823451
827621
838369
823938
842986
823568
842644
827904
814516
796789
810826
801062
810446
800786
814817
832404
850243
846623
835858
846459
835822
832540
819336
808804
805087
823507
804931
823472
819490
759251
755936
744902
742319
759045
756200
745123
776458
791080
779168
794824
776332
791203
779223
762459
747445
765119
749961
762322
747624
765212
773352
783630
770211
787584
769937
787328
773591
759479
742551
756747
745546
756476
745334
759711
776599
794819
791519
779353
791349
779250
776765
762611
750030
747972
765371
747796
765242
762785
702598
700261
687923
686026
702433
700420
688086
718871
733666
720293
735861
718700
733837
720449
704814
689577
706220
691318
704641
689751
706422
717037
728839
714779
731606
714598
731409
717230
702780
686182
700789
688473
700597
688269
702982
719050
735883
734189
720708
734005
720527
719244
705004
691502
690165
706808
689940
706563
705219
644642
642792
629559
628046
644487
642931
629724
660631
675677
661300
676961
660461
675857
661466
646365
630747
647029
631983
646178
630942
647242
657655
659373
672095
674265
657483
674060
659563
643298
644822
628208
630129
643100
629912
645028
660821
677073
676297
661796
676061
661578
661040
646574
632200
631407
647682
631157
647416
646812
585240
583499
569784
568328
585060
583648
569969
601348
616640
601695
617371
601127
616858
601918
586968
570940
587386
572380
586742
571185
587653
598775
600299
613688
615575
598595
615346
600525
584002
585443
568483
570402
583817
570175
585662
601590
617533
617369
602367
617098
602109
601856
587210
572709
571727
588192
571447
587903
587468
524190
522574
508392
506965
524063
522698
508515
540720
556568
540814
556975
540523
556776
540984
525835
509514
526033
510591
525697
509659
526178
539679
553578
538169
555404
538020
555200
539860
524328
507075
522979
508764
522836
508642
524471
540925
557152
557223
541259
556994
541114
541133
525974
510726
509926
526419
509798
526293
526114
461568
460276
445644
444308
461547
460315
445659
478276
494671
478037
494509
478225
494743
478044
462976
446578
462944
447227
462982
446581
462935
477309
491786
475899
493277
475847
493203
477353
461588
444339
460399
445696
460355
445676
461611
478319
494534
494880
478036
494813
478035
478355
462962
447175
446570
462902
446576
462913
462952
398593
397507
382631
381325
398551
397583
382667
414707
431339
413906
430673
414698
431324
413890
399457
383506
398871
383910
399458
383521
398875
414090
428877
412975
430042
412927
430023
414112
398631
381419
397723
382768
397655
382749
398665
414716
430631
431302
413857
431311
413870
414720
399456
383932
383570
398875
383576
398873
399454
790366
791262
776398
776563
790465
791370
776203
802689
816102
802878
817813
802957
815910
802483
789897
776508
790604
776934
790076
776408
790315
802759
815093
803563
816838
803730
817074
802565
790293
776433
791015
775940
791174
776060
790050
802405
817087
815147
801381
815405
801980
802136
789723
776843
776188
789924
776299
790064
789573
735082
734576
720083
719996
735011
734582
720209
749297
763080
749975
763996
749239
763118
750073
735615
721417
736649
722820
735480
721552
736803
748537
762282
747748
763147
747845
763206
748458
735114
720030
734404
720341
734520
720301
735089
749325
764016
763089
750177
763119
750143
749319
735715
722939
721739
737018
721661
736928
735773
679265
678401
664366
664101
679125
678572
664480
693960
707858
695357
709515
693833
708018
695460
667746
680282
666010
681819
680159
666100
681922
692652
706191
692032
707462
691958
707396
692744
679382
664237
678814
664646
678719
664575
679472
694070
709637
708248
695618
708149
695549
694157
667797
680388
666240
682072
666178
682008
680471
623238
622625
608246
607959
623189
622693
608265
639684
654117
639725
638184
652407
638138
652488
625696
611132
625730
624202
609707
624161
609722
636832
650756
636181
651778
636154
651717
636870
623279
608039
622811
608298
622781
608282
623308
654177
639777
639757
638227
652613
652559
638266
611146
625817
625770
624246
609786
609748
624288
566039
565649
550759
550658
566009
565684
550771
582359
597034
582337
581122
595670
581112
595685
568065
553249
568066
566801
552034
566771
552060
579931
594207
579471
595018
579468
594991
579946
566067
550712
565761
550788
565745
550780
566095
597061
582402
582350
581148
595757
595714
581189
553270
568174
568100
566840
552140
552095
566888
507599
507527
492076
492195
507579
507533
492075
538921
522856
537692
523915
522829
537725
523931
508216
493196
509326
494246
508178
493225
509362
521828
536593
521561
537235
521578
537199
521843
507623
492217
507556
492072
507557
492073
507650
538965
522895
537815
524019
537767
523966
522943
508263
494283
493303
509486
493261
509415
508318
448244
448231
432623
432665
448268
448197
432546
463573
478585
464417
479637
463569
478609
464428
448732
433651
449669
434391
448741
433605
449674
462628
477622
462423
478202
462462
478190
462612
448221
432606
448137
432367
448173
432460
448195
463580
479681
478668
464464
478638
464444
463588
448729
434362
433505
449697
433557
449684
448725
388439
389169
373472
373608
388609
389000
373216
403641
418900
404340
419628
403766
418832
404253
388774
373048
389455
373354
388914
372830
389357
402705
417848
402554
418321
402727
418433
402527
388282
373538
388643
372831
388832
373126
388100
403505
419585
418659
404048
418753
404159
403350
388641
373308
372528
389152
372775
389258
388490
790998
790593
778242
777371
791207
790513
778252
803609
816327
805878
818179
804141
815790
805574
792112
779515
794253
781782
792288
779564
794212
801415
813984
801282
814108
801880
814854
800636
790717
777303
790046
778064
790351
778177
790319
802928
817387
814421
804637
814935
805109
802327
791891
781805
779470
793870
779540
794102
791558
739464
737722
726003
724351
739330
737880
726110
754219
766933
756149
769222
754077
767072
756319
741225
727844
743109
730034
741093
727961
743279
752614
764475
751212
765663
751141
765631
752698
739584
724459
738123
726294
738017
726210
739682
754345
769353
767225
756600
767177
756473
754441
741348
730173
728160
743571
728069
743437
741453
671562
669554
671690
685497
683476
685387
683561
701029
714470
702995
716672
700913
714585
703141
673641
675804
673884
687473
689461
687321
689682
699158
711073
697319
712879
697270
712807
699195
669595
671690
671733
685554
683653
683621
685556
701103
716788
714751
703254
714681
703226
701132
675834
673806
673938
687533
689684
689749
687505
511855
510476
496814
495450
511852
510491
496828
543240
545619
543255
528394
530050
528388
530100
513434
498303
515051
499923
513416
498327
515099
540248
541609
541572
526720
525370
525310
526770
511884
495490
510603
496933
510532
496864
511947
545701
543261
543263
528417
530162
530130
528458
513468
499969
498431
515188
498366
515138
513520
451479
450414
436195
435202
451453
450431
436216
467920
483146
469300
484669
467892
483175
469337
452633
437253
453917
438518
452605
437283
453953
466668
480621
465515
481911
465470
481842
466724
451513
435203
450480
436267
450452
436239
451559
467957
484715
483282
469429
483216
469377
468014
452669
438558
437359
454034
437315
453990
452717
390559
389845
375321
374018
390566
389788
375202
406639
421914
407653
423096
406606
421949
407707
391426
376023
392329
377101
391387
375989
392387
405751
420134
404777
421043
404835
421031
405739
390539
374032
389664
375076
389729
375245
390513
406668
423142
422012
407790
421980
407755
406681
391451
377186
375979
392461
376076
392427
391465
800439
797321
787248
784485
800288
797357
787465
816715
830012
820043
834742
816575
830132
820270
803962
790404
807264
794160
803690
790719
807590
812644
822160
809063
825946
809344
826080
812508
800544
784574
797234
787772
797318
787646
800581
816796
834694
830023
820533
830020
820431
816825
804202
794451
791195
808131
790978
807882
804395
748316
745411
734738
732358
748084
745629
734928
764464
777395
767265
781053
764183
777723
767546
751219
737457
753952
740412
750967
737651
754210
761700
771892
759075
775003
758908
774808
761895
748520
732519
745985
735226
745822
735090
748696
764709
781352
778235
768050
777996
767806
764925
751434
740581
737960
754635
737818
754433
751619
680108
678205
680414
694029
691650
693847
691890
710209
723870
712473
726714
710038
724050
712645
682288
684477
682510
696437
698540
696248
698718
707843
719101
705530
721662
705501
721564
707896
678246
680427
680520
694120
691900
691963
694131
710337
726879
724319
712910
724199
712791
710423
684608
682629
682622
696558
698980
698864
696616
518497
516733
503012
501543
518377
516821
503106
550365
552400
550535
535272
536777
535136
536924
520022
504449
521487
505975
519901
504547
521615
547958
549016
549007
533873
532079
532017
533932
518600
501609
516965
503265
516897
503191
518677
552555
550781
550679
535391
537160
537053
535490
520128
506060
504712
521820
504635
521726
520219
456621
455248
440965
439771
456563
455292
441024
473461
489007
474686
490521
473392
489090
474749
457884
442144
459107
443359
457820
442207
459165
472218
486258
470869
487822
470818
487752
472276
456677
439816
455379
441130
455335
441080
456729
473526
490589
489237
474850
489168
474804
473585
457945
443412
442316
459270
442265
459220
458000
394473
393362
378984
377978
394388
393437
379017
411003
426549
411980
427805
410930
426620
412037
395575
379837
396546
380732
395491
379870
396612
409970
424303
408893
425579
408854
425526
410022
394538
378075
393531
379108
393488
379121
394586
411067
427859
426733
412116
426682
412084
411115
395639
380816
379935
396694
379956
396661
395687
815396
811196
801333
797773
815108
811558
801598
832718
846525
835834
850193
832618
846636
835847
819807
805245
823545
809113
819641
805421
823629
828570
839426
825029
843433
824818
843312
828727
815659
798053
812185
802085
811889
801845
815902
832795
849981
846527
835819
846501
835822
832876
819980
809213
805784
823821
805595
823686
820139
760166
757016
745748
743171
759941
757264
745943
777116
791697
779399
794944
776934
791884
779526
763136
748139
765418
750450
762956
748310
765553
774272
784861
771191
788569
770967
788336
774490
760375
743337
757697
746313
757490
746130
760571
777314
794947
792258
779686
792066
779550
777506
763310
750564
748656
765757
748481
765604
763488
686696
703406
700985
688686
703192
701176
688907
719662
734370
720816
736159
719446
734565
721016
705689
690404
706995
692416
705447
690669
707272
717815
729636
715423
732370
715284
732185
718003
686845
703614
701512
689335
701353
689123
703817
719884
736203
734985
721379
734768
721161
720114
705938
692750
691223
707818
690942
707509
706193
643518
628805
643737
645478
630363
645249
630606
661539
676550
661976
677704
661279
676821
662239
647329
631674
647908
633172
647063
631961
648204
672875
658319
658200
660184
675123
674918
660381
628983
644084
643928
645697
631057
630840
645902
661811
677916
677381
662732
677098
662469
662079
647593
633506
632514
648766
632242
648471
647859
584201
569005
584406
586119
570637
585889
570868
602407
617651
602589
618227
602129
617945
602835
587969
572004
588437
573608
587722
572267
588688
614553
599517
599353
601227
616523
616307
601434
569174
584783
584603
586333
571251
571075
586520
602677
618447
618510
603220
618235
603032
602919
588194
573851
572677
589061
572495
588878
588394
524726
523120
508872
507379
524606
523252
508963
541498
557448
541376
557662
541326
557662
541489
526346
510027
526515
511120
526239
510107
526612
554286
540328
538700
556105
538593
555970
540433
524824
507452
523462
509078
523368
509032
524896
541640
557778
557999
541630
557846
541564
541745
526427
511152
510191
526741
510161
526679
526485
461648
460445
445713
444436
461631
460488
445727
478400
494938
478023
494632
478382
494991
478021
462922
446553
462876
446980
462937
446531
462858
477427
492088
476037
493442
476023
493428
477421
461654
444462
460554
445724
460527
445732
461632
478403
494639
495052
477999
495030
478007
478389
462880
446875
446449
462783
446494
462818
462829
398708
397782
382838
381521
398691
397829
382830
414707
431293
413833
430527
414719
431278
413816
399435
383607
398869
383864
399451
383565
398857
414138
429044
413085
430076
413074
430081
414126
398714
381562
397883
382822
397864
382879
398700
414690
430472
431228
413755
431258
413786
414662
399414
383836
383474
398771
383566
398822
399360
789691
790815
775809
776079
789834
790787
775667
801505
814463
800775
815247
801891
814055
800256
789202
776066
789725
776284
789389
775926
789455
801606
814296
803125
815246
803176
815334
801424
789642
775890
790688
775331
790724
775503
789600
801126
814360
813134
799265
813332
799725
800835
789028
776030
775611
788922
775765
789173
788888
734867
734207
720314
719718
735007
733935
720211
749184
763028
750164
763838
749271
762936
750107
735734
721770
737067
723104
735776
721753
737085
747944
761559
746759
762691
747061
762818
747744
734693
719461
733440
719835
733682
720029
734524
749059
763719
762721
749922
762826
750013
748939
735652
723078
721589
737063
721686
737071
735570
679531
678873
664688
664426
679524
678873
664693
694231
708303
695659
709860
694214
708309
695664
680544
666281
682112
667814
680525
666297
682126
692745
705699
691807
707153
691957
707285
692637
679512
664432
678825
664581
678860
664659
679488
694214
709870
708218
695574
708277
695634
694166
680540
667768
666250
682109
666285
682125
680522
623314
622850
608309
608136
623320
622815
608314
639782
638317
652648
654238
638298
652657
639774
625860
624346
609830
611258
624324
609870
625891
636852
650604
636023
651753
636142
651775
636787
623288
608140
622694
608279
622780
608306
623251
638312
654225
652606
639677
652641
639742
638280
624349
611260
609896
625887
609894
625902
624325
566144
565794
550796
550767
566122
565789
550807
582477
581294
595803
597282
581242
595840
582550
568276
566999
552195
553500
566944
552259
568389
580001
594026
579486
595037
579516
595065
580016
566157
550796
565813
550844
565809
550822
566160
581338
597339
595852
582642
595857
582602
581384
567060
553615
552438
568589
552339
568496
567126
507694
507577
492071
492213
507674
507568
492072
523073
537871
524098
539271
523002
537939
524214
508440
493351
509581
494493
508377
493404
509728
521910
536315
521506
537305
521549
537309
521933
507702
492222
507531
492077
507565
492075
507687
523159
539419
538079
524417
538019
524345
523245
508522
494589
493517
509929
493461
509866
508575
448129
448106
432273
432383
448165
448059
432186
463609
478699
464487
479886
463599
478727
464513
448706
433451
449711
434265
448719
433399
449730
462555
477215
462279
478147
462324
478187
462532
448084
432330
447951
432054
448017
432112
448021
463620
479963
478767
464549
478752
464543
463627
448688
434228
433322
449750
433356
449741
448667
387756
388501
372752
372966
387943
388326
372450
403083
418553
403952
419423
403215
418461
403844
388203
372492
389050
372760
388353
372217
388940
402096
417070
401957
417852
402107
417964
401975
387586
372972
387987
372146
388190
372396
387370
402987
419379
418302
403662
418378
403757
402895
388085
372760
371945
388772
372231
388851
387966
789390
789643
777828
776605
789854
789181
777531
801328
813752
804190
815922
801790
813425
803820
790908
779290
793621
781514
791212
779086
793405
798580
811061
798979
811395
799470
811690
798123
789002
776308
788416
777062
788771
777255
788692
800914
815476
812580
803186
812960
803485
800630
790643
781400
778780
793072
778907
793216
790433
739779
738187
726355
724638
739746
738220
726387
754504
767238
756679
769456
754490
767182
756727
741565
728227
743668
730426
741524
728266
743731
752676
764252
751066
765362
751134
765470
752635
739780
724632
738220
726361
738218
726390
739785
754474
769440
767071
756748
767127
756730
754460
741573
730449
728260
743790
728276
743760
741587
671614
685480
683662
669553
685526
683652
671535
701108
714797
703249
716941
701130
714817
703229
673641
687378
689585
675653
687442
673510
689514
699151
711252
697259
712915
697315
712946
699092
685423
669503
683583
671356
683625
671450
685355
701071
716940
714781
703152
714811
703196
701017
687317
675558
673320
689381
673413
689446
687250
627303
614704
629239
629295
612917
627360
614811
659853
648031
645716
645554
661961
659619
647993
616681
633134
631274
631244
618624
616720
633284
643484
655689
641382
657506
641423
657609
643391
629274
612945
627372
614818
627380
614827
629234
645406
661651
659398
647575
659486
647648
645330
631192
618737
616728
633280
616730
633252
631154
569724
556346
571033
571196
555101
569826
556512
602266
589164
587543
587671
604145
602332
589342
558022
574105
572792
573033
560063
558348
574357
585876
598795
584288
600475
584249
600468
585908
571330
555222
569983
556744
569927
556675
571404
587758
604308
602372
589726
602362
589673
587799
573208
560665
558602
575070
558555
575107
573263
512264
510721
497057
495825
512064
510901
497231
543388
528713
530277
545387
528554
543599
530396
513804
498540
515265
500248
513620
498700
515418
527253
540713
525855
542173
525797
542102
527315
512405
495927
511112
497382
511051
497324
512469
528887
545610
543885
530625
543779
530567
528947
513917
500325
498842
515575
498783
515520
513976
451668
450529
436304
435219
451630
450567
436320
468184
483405
469519
484962
468120
483508
469576
452830
437399
454101
438669
452791
437420
454138
466942
480979
465708
482283
465689
482234
466971
451694
435216
450604
436333
450588
436329
451715
468227
485028
483629
469656
483575
469619
468262
452856
438685
437444
454184
437434
454164
452878
390432
389597
375141
373646
390479
389523
374920
406683
422032
407826
423233
406693
422044
407824
391420
376065
392476
377082
391449
375889
392468
405680
420067
404564
421058
404623
421061
405631
390381
373713
389388
374756
389460
375003
390303
406675
423241
422053
407794
422050
407821
406645
391381
377182
375741
392370
375982
392432
391319
800473
797074
787843
784504
800566
796911
787864
816614
829754
820515
834377
816771
829715
820397
804509
791344
808315
795070
804496
791442
808411
811817
821063
808021
825074
808218
825112
811611
800379
784443
796674
787812
796774
787833
800284
816416
833842
829546
819698
829449
820068
816230
804418
795132
791430
808303
791435
808360
804327
748956
746111
735338
732822
748844
746199
735422
765241
778438
768245
782073
765103
778602
768417
751910
738078
754814
740966
751779
738173
754964
762244
772191
759371
775396
759319
775320
762321
749044
732862
746305
735507
746256
735479
749108
765368
782246
778816
768675
778716
768563
765454
752022
741056
738294
755220
738246
755097
752112
680279
694092
691829
677952
694111
691773
680165
710526
724417
713008
727264
710482
724495
713090
682603
696666
699079
684834
696644
682583
699170
707944
719292
705474
721840
705504
721826
707936
694082
677842
691680
680078
691723
680109
694071
710556
727360
724598
713198
724555
713155
710569
696687
684893
682571
699325
682575
699253
696703
636005
623422
637895
637792
621345
635900
623369
668704
656270
654568
654461
670789
668654
656325
625546
642044
640211
640138
627410
625507
642100
651941
663805
649908
666042
650064
666046
651909
637736
621253
635645
623309
635725
623336
637708
654383
670869
668612
656404
668623
656372
654331
640090
627434
625460
642188
625483
642149
640058
576744
564021
579089
579265
562163
576845
564281
610925
597916
595923
595979
612952
610938
597983
565815
583102
580898
581020
567933
565924
583178
594166
606835
592052
608868
592094
608900
594146
579363
562593
577259
564434
577263
564412
579377
596031
612996
610958
598033
610955
598024
596056
581133
567977
566109
583255
566037
583233
581205
518823
517035
503337
501853
518749
517125
503409
550874
535669
537248
552847
535582
550973
537319
520377
504784
521895
506211
520303
504846
521947
534148
547497
532424
549398
532352
549346
534191
518886
501920
517278
503509
517227
503467
518931
535741
552909
551125
537349
551063
537363
535786
520437
506247
504941
521995
504902
521963
520482
456814
455434
441172
439920
456778
455467
441198
473681
489299
474871
490713
473637
489359
474898
458083
442359
459306
443513
458046
442395
459320
472424
486535
471069
488065
471033
488013
472457
456838
439933
455509
441216
455492
441212
456856
473718
490755
489463
474923
489414
474917
473744
458105
443517
442394
459347
442400
459335
458123
394625
393553
379204
378054
394613
393562
379134
411170
426775
412139
427964
411152
426805
412146
395730
380000
396709
380783
395716
379928
396710
410094
424407
408932
425666
408948
425667
410083
394621
378148
393532
379082
393557
379237
394592
411179
427976
426823
412122
426820
412144
411168
395734
380853
379859
396674
379994
396700
395725
816265
812418
802309
798698
816105
812568
802534
832934
846146
835683
849272
832904
846065
835687
820468
805975
823922
809925
820280
806205
824202
828576
838638
824431
841912
824766
842222
828289
816357
798838
812617
802923
812614
802739
816443
832935
848689
845480
835696
845545
835631
832951
820645
810228
806714
824902
806448
824438
820872
760924
757886
746486
743733
760754
758063
746654
777861
792449
779712
795223
777679
792652
779864
763823
748834
765828
751102
763659
749010
765994
775070
785815
771821
789411
771705
789210
775219
761074
743833
758375
746923
758220
746802
761217
778028
795308
793068
780011
792861
779927
778174
763993
751269
749310
766290
749169
766081
764160
704196
701663
689539
687180
704012
701807
689736
720560
735189
721538
736559
720339
735366
721762
706697
691503
708081
693849
706447
691776
708393
718499
730247
715788
732958
715735
732842
718610
704365
687271
702072
690033
701943
689907
704512
720756
736596
735690
722075
735525
721914
720898
706942
694191
692146
708961
692003
708659
707172
644219
646237
631248
629331
646084
644336
631403
662559
677647
662945
678606
662337
677892
663162
648316
632760
649004
634393
648102
632964
649226
660848
673410
658574
675759
658545
675638
660926
646352
629386
644499
631561
644430
631507
646439
662721
678762
678305
663370
678115
663299
662794
648499
634627
633150
649577
633098
649392
648665
584944
586777
571386
569553
586673
585076
571477
603268
618744
603345
618976
603119
618925
603442
588659
572807
589170
574142
588553
572893
589260
601811
615115
599820
616969
599810
616936
601819
586828
569614
585210
571490
585164
571516
586836
603351
619041
619165
603509
619055
603489
603349
588713
574063
572826
589292
572914
589273
588726
524943
523532
509095
507513
524937
523566
509079
541816
558110
541660
557962
541805
558164
541668
526502
510185
526771
510969
526517
510146
526778
540518
554725
538791
556153
538861
556249
540384
524857
507483
523558
508925
523551
508999
524761
541767
557895
558034
541514
558150
541622
541627
526394
510826
509939
526623
510080
526709
526280
461527
460556
445695
444478
461587
460546
445646
478310
495026
477965
494555
478357
494973
477921
462682
446388
462707
446490
462759
446316
462651
477269
492135
475949
493205
475969
493273
477216
461464
444444
460541
445516
460538
445581
461405
478246
494436
494786
477732
494878
477829
478153
462607
446372
446073
462536
446211
462578
462542
398605
397890
382865
381421
398669
397882
382723
414573
431187
413707
430265
414625
431136
413647
399204
383469
398695
383441
399295
383344
398599
414006
429099
412993
429854
413040
429934
413930
398530
381431
397869
382544
397880
382770
398426
414507
430154
430967
413421
431050
413554
414408
399095
383344
383157
398374
383348
398493
398963
789494
790678
775145
775223
789563
790331
775005
800514
812628
798845
813437
800608
812452
798643
788709
775469
788713
775468
788791
775353
788532
801086
813786
802025
814937
802513
814915
800996
789322
775016
789755
774592
790167
774793
789197
800308
813385
811970
798745
812063
798741
800204
788563
775391
775101
788356
775218
788411
788451
734256
733284
719644
718568
734392
732977
719456
748651
762627
749850
763426
748813
762489
749781
735414
721518
737082
722841
735498
721450
737103
747273
760516
745757
762135
746054
762246
747142
734196
718417
732563
719275
732806
719392
734120
748600
763347
762296
749647
762406
749717
748519
735371
722805
721298
736873
721378
736941
735298
679490
678880
664489
664080
679484
678914
664394
694098
708199
695510
709858
694131
708203
695440
680487
666213
682099
667538
680508
666181
682083
692472
704895
691191
706917
691409
707000
692389
679509
664157
678751
664385
678889
664441
679485
694062
709745
708003
695384
708083
695404
694008
680488
667506
666129
682014
666173
682035
680472
623227
622673
608217
607786
623226
622604
608165
638176
652564
639579
654115
638227
652512
639494
624280
609860
625852
611102
624288
609838
625852
636630
650140
635440
651648
635614
651725
636581
623261
607771
622362
608087
622506
608117
623239
638136
654068
652440
639442
652473
639432
638117
624294
611053
609826
625816
609825
625823
624301
566358
565890
550855
550703
566223
565948
550861
581413
595841
582624
597400
581410
595886
582585
567277
552501
568640
553688
567194
552510
568700
579962
593722
579241
595086
579268
595041
579997
566476
550756
565989
550919
566054
550913
566504
581408
597392
595879
582596
595894
582559
581420
567358
553705
552539
568758
552542
568753
567377
507759
507526
492046
492061
507692
507496
491998
523256
538110
524411
539618
523270
538152
524383
508647
493540
509975
494577
508608
493522
510022
521848
536313
521195
537620
521232
537500
521883
507800
492040
507426
492019
507488
492014
507810
523255
539663
538181
524413
538182
524393
523254
508700
494589
493548
510074
493539
510071
508717
448090
447933
431994
432098
448015
447928
431924
463593
478771
464525
480073
463621
478795
464491
448696
433296
449768
434113
448667
433259
449809
462387
477408
461977
478422
461997
478328
462428
448118
432055
447917
431922
447966
431909
448114
463582
480090
478835
464512
478806
464492
463590
448717
434112
433229
449839
433245
449831
448722
387137
387854
372210
372335
387229
387720
371757
402739
418258
403601
419374
402829
418254
403517
387873
372088
388729
372042
387913
371592
388681
401639
417052
401359
418033
401417
417949
401656
387060
372386
387579
371813
387686
371855
387051
402723
419372
418216
403500
418233
403514
402705
387830
372087
371439
388538
371636
388607
387750
788306
788185
776917
775723
788549
787943
776838
799963
811764
802921
815137
800298
811699
802559
790220
778675
792978
781181
790347
778602
792808
797951
809220
798224
811547
798210
811389
797987
788326
775721
787951
776798
787932
776817
788349
800030
815300
811473
802599
811552
802603
800098
790162
781149
778555
792683
778571
792716
790177
739828
738253
726333
724498
739809
738293
726298
754509
767037
756790
769487
754480
767010
756837
741636
728246
743828
730441
741615
728224
743862
752550
763905
750882
765155
750926
765178
752522
739748
724446
738111
726237
738161
726244
739725
754426
769421
766938
756776
766964
756784
754401
741576
730384
728158
743818
728165
743821
741562
685242
683545
671249
669291
685290
683511
671170
700915
714752
703104
716857
700963
714715
703062
687126
673219
689308
675340
687179
673141
689247
698900
711095
697064
712757
697081
712774
698889
685160
669234
683422
671087
683443
671075
685153
700838
716779
714621
702980
714637
702980
700830
687035
675240
673041
689152
673023
689141
687035
629132
627329
614769
612884
629169
627305
614744
645211
659319
647488
661485
645248
659278
647435
631087
616713
633247
618802
631108
616708
633216
643139
655493
641184
657228
641163
657217
643128
629098
612874
627262
614724
627241
614728
629079
645167
661443
659188
647337
659199
647386
645138
631064
618790
616700
633152
616705
633183
631043
571461
569986
556772
555243
571439
569993
556782
587820
602361
589754
604373
587805
602363
589771
573322
558635
575113
560431
573296
558629
575146
585909
598817
584257
600433
584244
600444
585911
571478
555243
570004
556798
570005
556794
571478
587834
604361
602361
589771
602366
589774
587840
573336
560436
558629
575166
558630
575163
573341
512547
511159
497430
496012
512512
511215
497481
528972
543906
530650
545656
528968
543908
530660
514030
498892
515605
500459
514011
498943
515621
527362
540820
525909
542222
525887
542225
527382
512600
496066
511286
497582
511313
497593
512618
528988
545669
543917
530677
543919
530680
528997
514064
500529
499037
515660
499044
515650
514090
451751
450623
436337
435182
451735
450643
436338
468310
483676
469687
485192
468290
483722
469713
452903
437451
454199
438696
452894
437450
454206
467039
481122
465759
482452
465731
482427
467077
451769
435189
450666
436366
450657
436352
451788
468346
485296
483810
469784
483803
469757
468378
452917
438701
437465
454241
437457
454223
452933
390112
389334
374880
373045
390226
389251
374427
406595
422053
407783
423235
406634
422049
407744
391155
375882
392298
376662
391257
375385
392177
405557
420047
404453
421061
404469
421063
405540
390008
373074
389031
374342
389152
374455
389922
406596
423233
422048
407719
422047
407741
406581
391061
376686
375202
391983
375394
392072
390954
800153
796575
787833
784377
800205
796496
787881
815876
829306
819329
832899
816048
829269
818978
804321
791468
808286
795276
804288
791507
808341
811011
820504
807457
824867
807523
824840
810866
800099
784345
796400
787829
796440
787835
800063
815750
832722
828983
818676
829040
818701
815737
804265
795421
791555
808184
791515
808247
804260
749235
746356
735523
732881
749169
746411
735529
765618
778941
768756
782725
765542
779063
768852
752278
738323
755341
741179
752198
738337
755463
762510
772340
759494
775631
759489
775614
762531
749252
732837
746394
735521
746391
735509
749266
765689
782866
779168
769036
779128
768978
765731
752329
741229
738367
755579
738343
755548
752355
694025
691626
680054
677691
694048
691577
680052
710542
724625
713212
727539
710562
724632
713199
696706
682564
699379
684959
696707
682566
699419
707799
719171
705319
721764
705316
721759
707805
693942
677640
691489
679992
691477
680026
693946
710468
727512
724585
713144
724577
713138
710467
696632
684916
682515
699352
682547
699367
696629
637698
635585
623273
621121
637693
635557
623255
654301
668616
656419
671064
654305
668641
656432
640063
625438
642225
627428
640048
625434
642265
651900
663789
649680
666048
649721
666083
651858
637682
621095
635503
623181
635525
623229
637636
654282
671047
668597
656384
668630
656420
654242
640049
627405
625372
642192
625415
642247
640004
579345
577263
564428
562439
579361
577276
564416
596045
610942
598004
613030
596052
610940
597967
581264
566143
583248
567901
581241
566153
583239
594035
606647
591921
608690
591958
608754
593983
579323
562439
577269
564394
577280
564404
579297
596018
612989
610852
597838
610913
597901
595965
581259
567850
566124
583132
566141
583190
581223
518964
517306
503537
502019
518956
517315
503549
535795
551157
537307
552880
535797
551154
537293
520531
504968
522023
506316
520513
504979
522053
534220
547603
532482
549420
532489
549438
534208
518980
502048
517338
503583
517336
503573
518975
535803
552872
551139
537277
551156
537295
535787
520553
506400
505014
522067
505012
522081
520546
456876
455522
441212
439933
456869
455529
441201
473776
489512
474923
490881
473763
489568
474912
458142
442380
459359
443421
458136
442353
459371
472558
486824
471189
488249
471175
488284
472568
456892
439932
455555
441197
455543
441198
456897
473815
490941
489635
474941
489671
474930
473825
458151
443411
442341
459374
442345
459376
458149
394448
393494
379226
377691
394546
393391
378820
411128
426812
412101
427970
411160
426798
412044
395642
379975
396643
380360
395703
379565
396576
410029
424383
408868
425616
408888
425627
409999
394331
377688
393185
378711
393297
378847
394229
411119
427950
426762
411992
426779
412018
411094
395547
380381
379316
396355
379533
396466
395426
816648
812676
803055
799042
816533
812779
803231
833112
844929
835496
848254
832966
845170
835624
821342
806932
825272
811408
821092
807162
825952
827643
837445
823716
840700
823784
840631
827641
816661
799235
812665
803545
812712
803466
816628
833115
848215
844852
835923
844860
835640
833167
821587
811836
807578
826623
807428
826336
821532
761462
758531
746981
743927
761337
758701
747029
778285
793276
779921
795950
778267
793440
779830
764465
749397
766484
751651
764324
749445
766906
775451
786607
772146
789955
772092
789895
775483
761584
744003
758847
747134
758805
747106
761644
778180
795945
793534
779685
793528
779625
778154
764603
751929
749518
767205
749521
766989
764628
704710
702186
690104
687356
704625
702279
690138
720933
735852
722011
737230
720950
735970
721999
707445
692195
709228
694488
707337
692144
709626
718673
730559
715752
733118
715763
733103
718662
704773
687334
702253
690094
702255
690131
704804
720914
737190
735959
722166
735964
722026
720905
707574
694487
692107
709898
692182
709833
707619
646506
644545
631573
629340
646487
644590
631539
662648
678453
663273
679202
662784
678466
663003
648774
633123
649747
634527
648777
632978
649963
660774
673626
658411
675743
658448
675769
660683
646444
629286
644511
631358
644537
631425
646407
662401
679060
678275
662790
678314
662765
662246
648625
634367
632669
649778
632833
649825
648550
586779
585230
571407
569446
586810
585251
571286
603055
619231
603374
619379
603261
619163
603163
588600
572638
589324
573194
588696
572362
589443
601552
615178
599595
616753
599663
616778
601475
586754
569395
585170
571156
585213
571234
586702
602806
619160
618900
603074
618951
603018
602676
588569
573125
571851
589348
572125
589438
588494
524684
523588
508833
507408
524679
523659
508764
541158
557926
541223
557773
541393
557856
540977
526157
509740
526575
510160
526192
509500
526647
540071
554672
538608
555883
538637
555910
540013
524712
507450
523697
508724
523755
508760
524688
540924
557567
557636
540810
557682
540759
540797
526129
510084
509084
526625
509280
526677
526067
461384
460565
445438
444253
461386
460604
445338
477817
494719
477600
494305
478008
494708
477487
462531
445874
462538
445937
462524
445593
462664
477020
492283
475869
493142
475861
493148
477002
461404
444244
460627
445228
460622
445306
461393
477645
494250
494612
477300
494645
477249
477543
462563
445898
445240
462792
445389
462805
462503
398285
397876
382596
380804
398361
397869
382070
413869
430888
413220
430008
414194
430838
412994
398668
383150
398280
382746
398822
382608
398234
413577
429072
412788
429659
412800
429690
413517
398205
380717
397690
381832
397805
382069
398095
413597
429922
430648
412731
430701
412709
413437
398443
382760
382225
398049
382500
398133
398319
)
;

boundaryField
{
    inlet
    {
        type            zeroGradient;
    }
    outlet
    {
        type            fixedValue;
        value           uniform 0;
    }
    seabed
    {
        type            zeroGradient;
    }
    top
    {
        type            zeroGradient;
    }
    side1
    {
        type            zeroGradient;
    }
    side2
    {
        type            zeroGradient;
    }
    submarine
    {
        type            zeroGradient;
    }
}


// ************************************************************************* //
