/*--------------------------------*- C++ -*----------------------------------*\
  =========                 |
  \\      /  F ield         | OpenFOAM: The Open Source CFD Toolbox
   \\    /   O peration     | Website:  https://openfoam.org
    \\  /    A nd           | Version:  10
     \\/     M anipulation  |
\*---------------------------------------------------------------------------*/
FoamFile
{
    format      ascii;
    class       volScalarField;
    location    "8.5";
    object      p;
}
// * * * * * * * * * * * * * * * * * * * * * * * * * * * * * * * * * * * * * //

dimensions      [0 2 -2 0 0 0 0];

internalField   nonuniform List<scalar> 
12920
(
2.21523e+06
1.99085e+06
1.75439e+06
1.6047e+06
1.39424e+06
1.29126e+06
1.14068e+06
1.03938e+06
924452
830727
735000
648411
562788
482019
403244
327336
251844
178030
110753
57795.4
2.32007e+06
1.99026e+06
1.69999e+06
1.56994e+06
1.37034e+06
1.27237e+06
1.12795e+06
1.02853e+06
915736
823777
729602
644010
559374
479376
400951
325321
249980
176297
109158
56437.7
2.02909e+06
1.89352e+06
1.61733e+06
1.52548e+06
1.33909e+06
1.24721e+06
1.10344e+06
1.00864e+06
898099
810295
718779
635551
552099
473284
395872
321196
246596
173543
106988
54999.9
1.90575e+06
1.758e+06
1.48978e+06
1.43935e+06
1.27991e+06
1.19964e+06
1.07225e+06
983122
879503
793549
704473
624383
542719
465260
389211
315750
242262
170083
104396
53600.2
1.6385e+06
1.67583e+06
1.4444e+06
1.38476e+06
1.23916e+06
1.15957e+06
1.0393e+06
957110
856524
773949
686871
608466
530017
454561
380246
308567
236634
165830
101396
52260.3
1.44661e+06
1.54072e+06
1.35147e+06
1.30246e+06
1.17361e+06
1.10204e+06
1.00197e+06
923259
832308
751606
669130
592048
515706
442255
370137
300287
230156
160929
98014.3
50717.9
1.63939e+06
1.57413e+06
1.33875e+06
1.25528e+06
1.13533e+06
1.05802e+06
951104
880300
794412
720901
641740
568825
496660
427745
357887
290587
222550
155251
94172.2
48918.5
1.66252e+06
1.52182e+06
1.27097e+06
1.18387e+06
1.06186e+06
991042
933682
860873
785291
712108
638243
567510
498677
431487
344993
279569
214181
148934
89910.6
46863.8
1.33867e+06
1.3602e+06
1.14307e+06
1.08586e+06
981057
954731
893028
819469
748490
681067
613035
547718
483478
421557
349725
267329
204577
142280
85401.6
44716.7
1.06938e+06
1.16895e+06
980416
971208
878306
868841
824224
762082
698395
635813
574101
514028
455222
397960
330576
254910
195277
135330
80787
42814.4
1.27278e+06
1.12747e+06
915966
898400
807731
795202
755986
704896
651078
596835
540826
484081
429757
376158
312671
241457
185195
128021
76124.3
40939.8
672604
909358
794808
810992
722319
728845
692353
648416
602365
555672
507247
456910
408076
355956
297611
227780
174815
121114
71677.1
38952.2
908582
803706
704089
712417
653955
634814
610272
577468
542454
504801
463138
420893
375464
328477
262552
215354
166005
114110
67644.2
37173.3
615615
661699
548462
600640
559623
566082
528682
513176
477596
451932
412999
378902
335180
293758
248274
204757
157034
108146
64175
36209.7
245647
526364
485911
532668
498771
510892
482780
473040
445144
421616
388701
356503
317821
278515
236657
194599
149406
103036
61791.1
36027.7
436397
412988
366589
444444
415711
454279
429672
436380
408794
395181
363709
337659
301192
266069
225984
186310
143085
99108.9
59804.6
36025.5
289328
360267
291473
375461
367223
406306
391970
401221
381613
370786
344599
320516
287968
254916
217554
179586
138230
95714.4
57921.7
35595.1
174013
212894
163079
294632
296415
360423
352767
372960
356456
351762
327308
307064
276177
245874
210173
174224
134206
92999.9
56303.1
35324.8
2489.59
139343
141624
254095
269578
333274
331974
353337
341939
338172
316555
297289
268578
239523
205354
170312
131317
91308.2
55606.6
35769.7
-340444
70874.5
38542.8
201434
236693
309390
316016
340671
331886
330108
310155
292199
264474
236354
203063
168609
130084
90840.5
55762.9
37270.8
2.19041e+06
1.97543e+06
1.74771e+06
1.60364e+06
1.39357e+06
1.2918e+06
1.14045e+06
1.03958e+06
924439
830851
735000
648485
562820
482046
403233
327363
251892
177958
110500
56960.7
2.23367e+06
1.9705e+06
1.69505e+06
1.56923e+06
1.36904e+06
1.27298e+06
1.12694e+06
1.02833e+06
915316
823909
729600
644018
559262
479267
400873
325311
250026
176208
108850
55502.8
2.12524e+06
1.88696e+06
1.62049e+06
1.5253e+06
1.33908e+06
1.24731e+06
1.10282e+06
1.00887e+06
898007
810305
718780
635526
552031
473299
395837
321188
246621
173408
106704
54127.6
1.79237e+06
1.74158e+06
1.48075e+06
1.44079e+06
1.27869e+06
1.19982e+06
1.07162e+06
982917
879160
793531
704467
624105
542636
465267
389195
315752
242328
169997
104152
52735.8
1.5447e+06
1.64034e+06
1.43678e+06
1.38373e+06
1.23677e+06
1.15968e+06
1.03835e+06
956945
856055
773877
686654
608704
529799
454548
380237
308586
236687
165738
101158
51359
1.5327e+06
1.54832e+06
1.34706e+06
1.30004e+06
1.17291e+06
1.10155e+06
1.00132e+06
923253
832184
751839
669312
591691
515509
442239
370134
300334
230294
160864
97778.4
49851.2
1.7099e+06
1.56779e+06
1.33743e+06
1.25591e+06
1.13488e+06
1.05781e+06
950716
880192
793879
720022
640793
568884
496908
427739
357851
290643
222715
155229
93981.7
48153.9
1.55826e+06
1.49604e+06
1.26403e+06
1.18566e+06
1.06128e+06
991043
931969
860005
784972
712193
638148
567447
498529
431463
345060
279618
214343
148943
89775.4
46178.9
1.38834e+06
1.3587e+06
1.15137e+06
1.08955e+06
981666
953917
892715
819759
748704
680728
613121
547810
483598
421594
350205
267352
204729
142357
85353.9
44140
1.02858e+06
1.15653e+06
983408
972334
878669
869261
823979
762367
698828
635810
574093
514287
455096
397865
330994
255005
195425
135369
80731.8
42183.4
1.06338e+06
1.11123e+06
907350
898433
806748
794919
755946
705237
651316
596737
540665
484026
430047
376391
312908
241449
185286
128010
75903.2
40352.7
831649
934264
799622
813528
722009
726866
689558
648594
602555
555857
507203
457045
408236
355929
297732
227798
174930
120927
71612.6
38461.7
721866
784434
699249
710552
654354
635019
609387
576808
541762
504491
462937
420627
375337
328255
262510
215283
166115
114187
67585.6
36659.7
546453
648554
551443
599075
558722
566646
528588
513667
477432
452080
412809
378801
335128
293700
248284
204805
157160
108192
64065.9
35604.2
282169
537358
482925
532099
498699
510583
482810
473371
445065
421568
388792
356567
317949
278655
236783
194634
149408
103063
61593.2
35298.6
453197
421427
372831
444122
416438
454205
429743
436426
408743
395194
363805
337882
301361
266208
226013
186289
143176
99027.7
59511.3
35271.1
97840.4
336225
288730
375287
367021
405934
391968
401349
381722
370915
344705
320616
288066
255070
217626
179647
138357
95647.9
57732.1
34944.3
49944.2
208430
159922
292914
296961
360676
352966
373000
356565
351820
327290
307046
276146
245865
210122
174293
134345
92956.3
56069.9
34720.4
129670
139026
135858
252675
269759
333556
331785
353303
341884
338143
316549
297318
268581
239588
205433
170425
131385
91218.6
55317.2
35294.2
-348942
68899.2
30347.2
201553
236451
309649
316420
340974
331956
330180
310162
292295
264494
236482
203144
168673
130122
90769.5
55463.5
36812.9
2.18956e+06
2.04623e+06
1.75586e+06
1.60715e+06
1.3947e+06
1.29247e+06
1.14045e+06
1.04e+06
924403
830958
734934
648538
562884
482171
403255
327408
251967
177780
110053
55761
2.19439e+06
1.96332e+06
1.68853e+06
1.57013e+06
1.36942e+06
1.274e+06
1.12605e+06
1.02836e+06
914890
824010
729757
644297
559198
479196
400769
325307
250090
176041
108410
54299.1
2.10219e+06
1.88587e+06
1.62382e+06
1.5245e+06
1.33809e+06
1.24721e+06
1.1017e+06
1.00895e+06
897666
810634
718546
635398
551890
473243
395752
321182
246752
173298
106395
53004.4
1.55306e+06
1.67395e+06
1.47389e+06
1.43663e+06
1.27659e+06
1.19975e+06
1.07047e+06
982492
878551
793623
704629
623914
542528
465252
389174
315826
242513
169947
103927
51668.6
1.49142e+06
1.61295e+06
1.43456e+06
1.38323e+06
1.235e+06
1.16032e+06
1.03686e+06
956475
855310
773640
686137
608647
529627
454535
380238
308669
236910
165713
100965
50313.6
1.4277e+06
1.5189e+06
1.34351e+06
1.29901e+06
1.17131e+06
1.10084e+06
999226
922751
831732
751774
669097
591457
515362
442236
370140
300433
230561
160901
97653
48874.3
1.76104e+06
1.56717e+06
1.33807e+06
1.25718e+06
1.13356e+06
1.05681e+06
950411
879709
793107
719064
639935
568788
496786
427704
357819
290792
223041
155331
93926.2
47262.7
1.67346e+06
1.4967e+06
1.26679e+06
1.18977e+06
1.06111e+06
991263
931756
859484
784527
711860
637782
567265
498411
431437
344978
279666
214656
149142
89796.8
45384.4
1.33945e+06
1.34428e+06
1.15591e+06
1.09488e+06
982993
953734
892596
820395
749108
680773
613473
547885
483605
421556
350598
267281
205059
142553
85383.5
43456.5
996282
1.15518e+06
990317
974952
881023
870872
824787
762724
699094
635722
574185
514508
455088
397716
331271
254986
195652
135436
80566
41440.7
1.05763e+06
1.09953e+06
906905
900540
805902
795018
756099
705682
651547
595322
540404
484373
430456
376611
313526
241463
185345
127782
75844
39706.2
1.09472e+06
944669
808502
816527
722189
724200
687189
648217
602906
556086
507242
457617
408462
356057
297710
227766
175085
120980
71648.1
37913.6
789814
775191
702343
711828
653702
635149
608133
576191
541407
504300
462682
420224
374949
327875
262355
215133
166334
114343
67643.7
36148.4
588357
650318
555363
599892
559576
567977
528643
514567
476925
452168
412544
378445
334949
293602
248310
204843
157180
108254
64009.5
35008.5
554898
552038
489568
533081
498529
511579
482922
473823
444957
421636
388893
356661
318128
278874
236997
194391
149570
103103
61432.1
34491.6
546846
431150
382684
447730
416852
453919
429727
436395
408599
395237
363947
338267
301594
266338
225847
186383
143403
99021.3
59291.5
34475.6
153961
327728
293720
372877
366519
405062
392351
401692
382149
370963
344937
320756
288194
255102
217605
179784
138597
95624.9
57491.7
34223.4
36784.2
193593
163254
290232
297424
360196
353148
373083
356590
351741
327261
306872
275946
245977
210273
174466
134610
92907.4
55805
33999.3
12874.8
124333
129907
250005
269826
333297
331542
353271
341866
338260
316571
297498
268683
239784
205549
170567
131501
91133.2
54963.2
34598.7
-321589
60991.3
34571.7
201602
236765
309588
316509
341154
332017
330300
310190
292479
264654
236632
203205
168730
130143
90527.9
55026.4
36281.5
2.22794e+06
2.04707e+06
1.73803e+06
1.6076e+06
1.39354e+06
1.29332e+06
1.14043e+06
1.04062e+06
924413
831096
734833
648614
562966
482228
403233
327370
251950
177521
109423
54404.5
2.1628e+06
1.99682e+06
1.6751e+06
1.57147e+06
1.36803e+06
1.27507e+06
1.12484e+06
1.02856e+06
914289
824073
729510
644452
559111
479127
400678
325264
250156
175839
108042
53101.8
2.13689e+06
1.89953e+06
1.62399e+06
1.52387e+06
1.33719e+06
1.24688e+06
1.10063e+06
1.00904e+06
896840
810846
718184
635303
551734
473199
395670
321225
246930
173187
106086
51916.8
1.27157e+06
1.64057e+06
1.46863e+06
1.4344e+06
1.27386e+06
1.19926e+06
1.06892e+06
981802
877551
793784
704399
623823
542415
465232
389138
315905
242741
169900
103675
50653
1.4249e+06
1.57832e+06
1.43696e+06
1.38371e+06
1.23412e+06
1.16006e+06
1.03542e+06
955908
854386
773230
685495
608420
529441
454547
380269
308793
237240
165726
100755
49356
1.31074e+06
1.49739e+06
1.33621e+06
1.29729e+06
1.17034e+06
1.10055e+06
996841
921943
831025
751373
668677
591279
515256
442222
370152
300561
230937
160985
97521.9
48000.5
1.64988e+06
1.55895e+06
1.32929e+06
1.2557e+06
1.13072e+06
1.05516e+06
949676
879160
792459
718362
639074
568280
496285
427535
357736
290913
223419
155472
93854.4
46472.2
1.59652e+06
1.47641e+06
1.26042e+06
1.19227e+06
1.0595e+06
991167
933042
859780
784449
711365
637315
566877
498256
431339
344613
279653
215043
149319
89770.7
44683.7
1.51793e+06
1.35009e+06
1.16842e+06
1.10091e+06
984452
953780
892532
820872
749633
681288
613727
547749
483435
421304
350606
266935
205254
142682
85358.8
42828.8
971608
1.15691e+06
989537
975793
883297
871994
825034
762762
698919
635731
574793
514680
455226
397707
331198
254474
195559
135321
80352.8
40855.2
960523
1.07883e+06
901500
900883
804686
793318
755880
705855
651347
597577
539992
484638
430912
376737
313962
241244
185390
127716
75828.2
39211.8
1.14592e+06
958184
814550
819525
720076
722736
686310
647828
603182
556170
507189
458142
408618
356501
297739
227587
175219
121100
71672.9
37535.1
748889
757301
705964
715206
653371
635410
607805
575584
541444
504162
462469
419805
374610
327465
262240
215094
166668
114486
67644.9
35845.8
671358
638579
554367
601507
560882
570073
528485
515344
476546
451469
411630
377842
334595
293517
248331
204715
157330
108265
63950
34693.6
509759
565574
484002
534657
497042
512521
482535
474580
444739
421910
388878
356500
318285
279055
236901
194247
149764
103083
61188
34072.5
673263
443587
393643
450458
417732
453829
429128
436478
408221
395406
363916
338112
301742
266201
225792
186462
143661
98989.3
59058.9
33985.4
144897
297041
287900
368967
365418
404724
391950
401818
382372
371142
345010
320842
288107
255156
217627
179931
138883
95617
57210
33747.6
11763.9
168144
167705
289729
297172
359567
353431
373069
356687
351787
327188
307019
276026
246144
210414
174629
134867
92867.1
55502.8
33585.2
-94839.1
110907
128065
247296
269805
332796
331657
353281
341876
338269
316680
297672
268813
239943
205639
170701
131675
91027
54586.4
34056.2
-342251
34004.8
36079.3
199574
237213
309201
316618
341295
332104
330524
310302
292648
264770
236773
203203
168760
130183
90356.3
54571.8
35759.8
2.25261e+06
2.09703e+06
1.73572e+06
1.61128e+06
1.39454e+06
1.29494e+06
1.14047e+06
1.04125e+06
924435
831256
734748
648703
562982
482295
403092
327240
251907
177153
108675
53064.7
2.22428e+06
2.02342e+06
1.67257e+06
1.57421e+06
1.36937e+06
1.27675e+06
1.12371e+06
1.02896e+06
913616
824201
729189
644549
559109
479053
400543
325204
250231
175625
107590
51637.7
2.12881e+06
1.90788e+06
1.62644e+06
1.52272e+06
1.33929e+06
1.24543e+06
1.10138e+06
1.00905e+06
895965
811064
717811
635356
551597
473164
395575
321189
247037
173003
105661
50574.1
1.32609e+06
1.62867e+06
1.4649e+06
1.43457e+06
1.27597e+06
1.19825e+06
1.06924e+06
980847
876637
794017
704201
623811
542312
465225
389099
315898
242924
169781
103241
49371.8
1.21925e+06
1.5457e+06
1.43456e+06
1.38199e+06
1.2361e+06
1.15876e+06
1.03584e+06
955286
854083
772794
684912
608112
529234
454595
380315
308893
237546
165692
100309
48140.8
1.24084e+06
1.48057e+06
1.33832e+06
1.29606e+06
1.17207e+06
1.10045e+06
994879
921275
830303
751071
668283
591141
515097
442204
370155
300629
231301
161094
97123.1
46881.3
1.50436e+06
1.52678e+06
1.32101e+06
1.25565e+06
1.13123e+06
1.05336e+06
950659
878825
792278
717879
638243
567653
495765
427139
357621
291007
223846
155667
93543.7
45444.4
1.65539e+06
1.47992e+06
1.25905e+06
1.19486e+06
1.05875e+06
991228
934739
859804
784271
710644
636786
566248
497945
431154
343919
279475
215353
149490
89414.2
43747.8
1.38739e+06
1.33657e+06
1.16695e+06
1.10106e+06
985119
953972
892263
821342
750115
681482
613603
547363
482991
420669
350293
266183
205276
142707
84955.8
41966.5
946757
1.1521e+06
990457
977528
884808
872585
825124
762404
698692
636096
575530
514900
455390
397773
330725
253653
195464
135298
80153.2
40128.7
891872
1.07714e+06
902062
900361
804972
791358
754100
705912
651021
595854
540421
485232
431088
376789
314099
240640
185472
127908
75642.5
38551.4
1.14986e+06
953954
815954
820232
719901
721338
685323
647482
603393
556358
507221
458447
408636
356802
297888
227130
175415
121250
71429.4
37001.6
656106
747951
713308
719152
652988
636406
608805
574635
541281
503683
462380
419426
374447
327202
262027
215070
166966
114687
67523.2
35425.1
572658
646388
560525
605376
562193
571204
528831
515398
477316
451166
411044
377291
333969
293724
248443
204690
157635
108370
63783.4
34311.1
592738
559200
485780
536333
496739
513636
482397
475458
444371
422180
388979
356103
318662
278831
236628
194264
149963
103048
60918.3
33670.4
614836
442131
394306
451443
418211
454395
427569
436677
407684
395527
363483
337834
301690
266247
225788
186536
143897
99047.8
58673.1
33486.8
213199
284855
286959
367353
364852
404652
391638
401860
382371
371223
345087
320942
288166
255267
217679
180016
139131
95597.9
56770.2
33211.3
50471
160949
177757
290664
297930
359126
353501
372983
357108
351796
327470
307189
276157
246299
210511
174739
135069
92785.5
55045.1
33096.6
-79590.4
108164
130714
247583
270343
331568
332257
353135
342024
338264
316767
297780
268897
240061
205712
170818
131823
90889.5
54212.4
33343.5
-284232
49676.9
43893.7
200927
237842
309195
316662
341417
332191
330736
310390
292810
264825
236845
203189
168780
130219
90211.9
54191
35289.8
589278
603703
563533
635711
589448
603351
563287
529458
549393
507319
574557
529731
549040
507952
553908
566508
528711
595053
553466
566529
528570
500866
515796
476922
539881
501490
515617
477147
837306
844515
793008
892924
837363
844866
793130
764820
776719
727147
819598
765385
776853
727268
696732
710549
661004
748618
696892
710805
661421
628349
645646
598268
680836
628522
645780
598227
562399
582916
536665
613083
562545
582911
537038
497675
522023
477120
547769
497844
522324
476950
435282
462251
418147
483576
435388
462096
418047
374093
403864
359863
421584
374333
403807
360001
777278
773659
732393
824054
777663
774176
732821
714690
718913
677088
762260
714774
719185
677239
651176
662937
620859
698717
651295
663124
620800
589360
606649
563546
635826
589322
606577
563417
528708
549025
505650
574092
528735
548934
505542
469804
491479
449032
514208
469717
491380
449281
412084
435374
394855
455113
411992
435614
394959
354227
381334
340205
397899
354436
381407
340431
717883
711086
674669
756044
718152
710892
674987
664615
662805
626531
705109
664781
663072
626700
610471
614563
578275
651229
610447
614732
578413
555017
566084
528930
596751
554840
566209
528757
498192
515841
476638
540709
498086
515780
476656
443190
463623
426073
483981
443363
463808
426211
389505
413450
374523
429954
389706
413560
374607
334946
361070
321921
376310
335010
361096
321932
659321
639632
611234
690666
659256
639381
610722
613755
604392
574987
648601
613843
603864
574676
567409
565991
533991
602474
567481
565741
533786
519641
524615
491275
555781
519584
524389
491239
469224
481082
446732
507211
469306
480989
446595
420448
436482
401447
456954
420538
436413
401274
369271
391204
352884
408181
369086
391163
352749
317549
341777
304690
355930
317531
341649
304677
837537
844766
793187
892770
838074
844671
793366
765597
776944
727366
820249
766179
777169
727554
696886
710909
661509
749003
696977
711151
661653
628619
645797
598217
680690
629005
645834
598234
562637
582917
537181
613371
562840
583064
537531
497899
522407
476895
547881
498000
522578
476776
435427
462046
417994
483612
435468
461961
417857
374522
403776
360145
421581
374755
403661
360268
777806
774101
732992
824850
778158
774582
733446
714847
719324
677336
762651
715018
719726
677564
651321
663211
620778
699064
651343
663385
620735
589304
606552
563374
635743
589289
606682
563541
528858
548927
505491
574153
529330
549163
504535
469686
491374
449370
514462
469646
491174
449645
411961
435703
395008
455077
411893
435973
395145
354593
381447
340605
397739
354726
381568
340888
718301
710295
675046
756155
718703
707986
674832
664874
663147
626796
705593
665122
663161
627076
610450
614833
578500
651521
610568
615130
578710
554748
566284
528683
597504
554278
566458
528660
498025
515774
476688
540409
496802
515790
476840
443451
463861
426283
484005
443766
464171
426546
389789
413618
374628
430352
390012
413850
374717
335164
361124
321976
376569
335567
361292
321927
659025
639084
610578
687715
658350
638352
610209
613913
603665
574593
648336
614147
603230
574524
567547
565665
533731
602821
567734
565514
533598
519534
524333
491220
556038
519505
524234
491114
469372
480978
446566
507230
469593
480888
446383
420597
436415
401221
457357
420778
436384
400966
369027
391080
352671
408406
368972
390645
352338
317569
341590
304733
355999
317456
341348
304664
838212
844488
793395
892750
838636
844499
793405
766333
777213
727566
820802
766752
777231
727422
697077
711188
661678
749501
697536
711132
661725
629152
645862
598283
681167
629484
646010
598838
562879
583178
537615
613697
562887
583839
537891
498020
522611
476757
547807
497992
522704
476753
435458
461950
417819
483505
435335
461970
417726
374868
403614
360335
421400
374823
403481
360165
778237
774447
733556
825135
778345
774685
733770
715032
719828
677601
762795
714889
720009
677540
651339
663397
620563
699003
651284
663241
620336
611137
620029
626187
635702
611051
619997
626242
549887
559014
565317
574245
550024
559184
565214
469653
491324
449744
514630
469742
491586
450140
411881
436066
395188
455182
411878
436405
395318
354803
381601
341051
397702
354641
381694
341223
718800
707067
674685
756142
718967
705366
674141
665169
663116
627154
705834
665155
662929
627319
610476
615212
578759
651433
610315
615374
578774
572969
580960
586772
592846
573242
576157
586637
518398
526802
532333
538584
518453
526075
532244
443882
464310
426632
484777
444294
464660
426861
390070
413931
374771
430814
390203
414153
374962
335793
361383
322005
376716
336018
361722
322235
658157
637953
610074
686580
657653
637357
609854
614222
603133
574600
647908
614412
602770
574522
567781
565498
533571
603123
567856
565478
533508
519537
524264
491143
556159
519480
524384
491158
469671
480942
446360
507205
470025
481055
446024
420828
436464
400881
458033
420967
436790
400586
369000
390489
352223
408587
369206
390045
351863
317463
341285
304718
356373
317301
341081
304610
838689
844368
793363
892674
839327
844527
793121
766863
777187
727324
821240
767344
776960
727119
697697
711079
661749
750084
698118
711048
662229
629544
646092
599132
681494
629587
646662
599864
562858
584124
537972
613695
562830
584728
538089
497954
522726
476766
547487
497867
522825
476801
435253
461991
417704
483147
435040
462056
417671
374864
403450
360172
420866
374618
403410
359829
778336
774424
733800
825338
778130
774300
733863
714780
720037
677452
762485
714451
720064
677172
651252
663138
620380
698679
651230
662819
619902
589610
606605
563084
635892
590287
605700
562863
529788
548698
505054
575383
529913
548729
506287
469789
491585
450295
514849
469925
492214
450600
411886
436527
395360
455351
411927
436777
395455
354658
381729
341334
397753
354475
381822
341301
718994
704766
673906
755023
719033
703697
673164
665103
662859
627352
705904
664889
662635
627420
610274
615405
578752
651079
609642
615477
578733
553783
566494
528468
595868
554177
566502
528327
497319
515535
477177
540320
498629
515315
477342
444433
464760
426926
485163
444660
465028
427052
390233
414211
374995
431083
390281
414288
374935
336137
361810
322408
376781
336234
361868
322620
657503
637059
609803
685748
657140
636984
609842
614460
602565
574367
647587
614555
601396
573094
567865
565447
533489
603338
567923
565096
533361
519430
524476
491217
556288
519281
524449
491010
470093
481144
445986
507162
470255
481211
446153
421009
436820
400524
458393
421087
436702
400447
369290
389968
351783
408656
369484
389879
351630
317411
341040
304656
356771
317694
340936
304527
839662
844314
793068
892429
840156
844447
793210
767440
776944
727280
821629
767661
777146
727558
698277
711199
662534
750231
698589
711565
663033
629600
646966
600048
681450
629854
647462
600307
562903
584879
538122
613447
563167
585063
538135
497885
522863
476809
547235
498097
522909
476803
435021
462069
417670
482785
435183
462156
417682
374750
403409
359850
420381
374874
403452
359660
778058
773770
733870
825295
778160
773111
733705
714448
720071
677094
762592
714746
720033
677055
651393
662734
619808
699045
651895
662700
619792
590479
605655
563000
636601
590802
605728
563420
529958
548908
506347
575778
530026
549230
506475
469957
492299
450622
514970
469954
492394
450521
411940
436802
395471
455455
411973
436721
395480
354565
381838
341412
397835
354493
381851
341469
718984
703147
673014
753082
718543
702750
672891
664828
662512
627446
705761
664778
662475
627458
609563
615508
578757
650973
609508
615543
578788
554326
566553
528235
595857
554599
566617
528273
498710
515358
477403
540634
498870
515490
477501
444663
465088
427055
485310
444535
465133
426921
390284
414278
374912
430980
390269
414160
374864
336391
361880
322742
376800
336460
361896
322789
657076
636894
609911
685053
657143
637625
609910
614571
601034
572608
647471
614473
600668
571956
567950
564802
533403
603396
567952
564189
533504
519194
524217
491001
556308
519292
523751
491104
470313
481189
446303
507451
470408
481114
446681
421074
436633
400475
458514
420929
436424
400534
369472
389840
351666
408539
369483
389568
351785
317853
340901
304661
356874
317923
340732
304859
595794
604705
580460
589282
595774
604695
580415
601663
616166
591303
602258
601606
616101
591557
586669
571808
577716
565100
586727
571660
578936
611152
635697
620042
626138
620001
626223
611069
595817
589336
604805
580522
604728
580434
595827
601687
601933
616039
591178
616030
591710
601568
586649
564964
571704
577541
571622
578800
586681
535039
544389
520528
529569
535048
544585
520498
541874
557105
535376
551117
542076
556915
537616
526776
512437
521549
509890
527044
512260
525049
550030
574370
559621
565487
559406
565263
550429
535222
529660
544877
520804
544750
520585
535567
541835
551170
557053
535235
556896
537845
542130
526785
510277
512659
521971
512300
525080
527308
559511
567489
545913
551994
559550
564806
545842
564456
576997
554083
566558
564165
577181
554141
551158
537582
541531
528726
550930
537614
541608
572948
592691
580741
586726
576133
586651
573114
559400
551939
567098
545548
564704
545681
559302
564492
566561
576956
554069
577212
554137
564073
551114
528672
537313
541517
537514
541598
550841
504322
513511
490716
504269
504358
516424
490796
510198
524129
502664
515771
510383
524071
502625
496248
483468
489714
477007
496610
483303
489732
518220
538522
526690
531913
526139
532072
518096
504297
504819
513604
490754
516433
490829
504208
510051
515705
523788
502514
523949
502573
509974
496131
477116
483603
489789
483365
489763
496382
896725
907326
868147
933135
896945
907786
868094
820368
831094
793109
860623
820296
831457
793291
747958
759070
723903
785175
747894
759176
723909
672302
690138
652948
712203
672383
689977
652815
600242
619249
583675
638202
600143
619268
583688
530108
551486
516684
567479
530162
551529
516696
462607
485770
452150
498597
462633
485918
452188
396479
422656
388777
431470
396476
422693
388777
914021
921172
878092
954384
913564
921749
878411
859598
874520
881144
892837
874377
880848
859631
787100
800618
805485
819455
800736
805528
787033
717949
730641
735581
748510
730658
735592
717987
650472
662330
668086
681033
662400
667975
650545
585190
595173
601815
613045
595214
601885
585071
522395
529882
539040
547723
529909
539061
522404
460035
466246
476341
483502
466279
476335
460021
400023
404905
415939
421563
404920
415936
400017
315783
340963
308729
349918
315852
341149
308831
835859
833027
799824
869174
835593
833267
800342
790650
808334
807054
823949
808223
806768
790692
732449
746409
747369
762099
746397
747426
732432
671193
682117
686421
698482
682262
686493
671126
610791
620242
625980
635828
620243
625983
610793
550479
558790
565540
574101
558778
565523
550505
491664
499287
506357
514058
499294
506332
491666
434052
440709
448172
455168
440669
448167
434044
378129
383631
392203
397947
383626
392196
378119
301187
321734
293650
330728
301214
321872
293650
765731
767802
734585
795187
765718
767736
734403
728940
743280
743132
755886
743302
743037
728968
678094
691606
691050
704922
691626
691066
678081
625972
637480
639018
651094
637497
639042
625953
573597
583035
586822
596814
583008
586804
573640
518808
526597
532673
540803
526587
532658
518807
463767
470196
477136
484034
470204
477046
463771
411062
416294
424289
429797
416338
424316
411032
357464
362479
371059
376186
362534
371086
357440
285043
304453
277912
312734
285018
304445
277929
698496
698381
660463
728380
697003
697543
660369
663881
680708
676687
692153
680632
676024
664483
623081
636757
634079
648467
636756
634047
623102
579031
590766
590213
602368
590761
590195
579053
533627
543647
545306
555657
543646
545287
533645
486390
494610
498529
507242
494565
498536
486412
438103
444394
450119
456883
444364
450131
438117
390034
395383
402772
408095
395385
402788
390010
338506
343086
351159
355946
343079
351148
338512
268921
289796
262322
297673
268920
289891
262300
593025
586061
565178
610099
592548
586171
565599
559979
551998
532680
577210
559406
552009
532840
521569
520094
500119
542125
521298
519832
500083
482361
486432
464149
504658
482189
486330
464128
440235
447097
426343
463082
440121
447052
426299
397268
407750
384893
420803
397147
407678
384796
350177
363920
340039
375447
350097
363898
339987
301718
319007
293663
328387
301600
318991
293599
897112
907867
867948
932215
897660
908743
868316
819963
831968
793699
859602
819762
832486
794097
747721
759332
723875
784690
747507
759571
723833
672513
689890
652604
712047
672540
689822
652440
599965
619324
583715
637975
599820
619386
583728
530264
551592
516754
567360
530310
551642
516799
462728
486110
452234
498465
462793
486256
452240
396641
422759
388950
431453
396602
422780
388882
913007
921665
878075
954092
912643
922059
877317
858973
874624
879868
892794
859100
874762
879788
787546
801431
805827
819906
787420
801653
805931
717767
730676
735808
748795
717747
730724
735910
650412
662501
667715
680670
650369
662536
667705
585793
595459
602279
613191
585619
595550
602466
522423
530054
539161
547840
522419
530095
539194
460073
466415
476327
483607
460071
466442
476320
400086
405031
415914
421597
400077
405065
415896
316141
341454
309191
350466
316155
341692
309229
835480
833547
800426
870519
836094
834782
800696
791698
808403
807080
824507
791418
808609
807656
732786
746579
747782
762473
732672
746669
747912
671568
682753
686838
698926
671488
682873
686933
610763
620165
625961
635788
610743
620132
625975
550333
558780
565445
574105
550372
558798
565435
491600
499332
506293
514355
491631
499338
506279
434101
440584
448233
455083
434086
440563
448257
378169
383615
392137
397822
378168
383604
392119
301450
322085
293872
331202
301449
322378
293982
765360
767077
733594
795271
765207
766849
731785
728967
743494
742888
756062
728956
743560
742942
678436
691876
691336
705366
678334
691980
691448
626284
637717
639281
651398
626208
637776
639372
573329
582870
586725
596804
573388
582937
586710
518658
526402
532535
540597
518716
526279
532489
464023
470334
477115
484078
463920
470396
477204
411380
416594
424539
430146
411283
416695
424636
357807
362749
371321
376459
357697
362833
371437
285142
304427
278048
313189
285140
304458
278039
694439
696529
660268
725447
692673
695971
659865
661335
678757
673362
688805
661699
678085
672963
622850
636829
633552
648537
622907
636835
633432
579133
590915
590264
602643
579088
590991
590316
533831
543824
545392
555925
533783
543868
545442
486374
494562
498529
507203
486368
494566
498531
438558
444853
450236
457143
438322
445022
450332
390005
395474
402836
408294
390030
395504
402839
338444
343069
351070
355938
338466
343068
351035
269058
290110
262507
297777
268934
290241
262399
591764
585480
565976
609024
591012
585639
566332
558594
552313
533533
576491
557976
552495
534163
520952
519610
500108
541525
520700
519668
500204
482019
486246
464147
504365
481873
486071
464151
439880
446985
426183
462797
439584
446845
425985
396863
407506
384619
420453
396495
407177
384315
349901
363844
339900
375161
349604
363697
339706
301534
318993
293712
328079
301320
318920
293572
898017
908655
868666
932697
898715
909384
869420
819777
832808
794406
859608
819981
833063
794678
747321
759771
723800
784499
747203
759939
723796
672519
689801
652360
711620
672470
689820
652312
599737
619430
583718
637569
599651
619434
583660
530363
551666
516809
567110
530398
551648
516764
462871
486321
452220
498353
462918
486287
452123
396799
422749
389047
431402
396664
422632
388782
912283
921602
876513
954096
912038
921988
876096
858555
875085
879013
892693
858625
875174
878985
787931
802186
806245
820560
787883
802322
806315
718036
731014
736192
749235
717950
731163
736275
651028
662813
668010
680891
650826
662946
668196
586428
595839
603071
613562
586289
595909
603270
522392
530170
539271
547873
522408
530168
539287
459994
466484
476300
483585
460028
466473
476290
399989
405105
415804
421521
400048
405079
415753
316352
341786
309400
350644
316137
341738
309072
836337
835447
800583
871990
836633
836406
800448
792219
808869
808063
825013
792109
808932
808387
733102
746852
748254
762773
733058
746874
748335
671656
683055
687079
699094
671677
683055
687068
506214
514551
506211
491584
499339
491566
499355
434204
440544
448348
455110
434167
440555
448399
378165
383525
392126
397705
378164
383506
392140
301625
322598
294277
331276
301397
322752
294210
764880
764813
729388
794729
764251
762918
727366
728779
743719
742687
756202
728850
743752
742661
678718
692231
691705
705752
678673
692286
691756
626412
637838
639559
651546
626408
637811
639579
477472
484817
477569
464523
470572
464393
470585
411793
416991
424961
430566
411695
417087
425070
358251
363111
371714
376649
358149
363172
371754
285347
304539
278198
313793
285343
304748
278069
691938
695092
659438
723802
691305
694507
658910
660408
676701
672007
686997
660573
676419
671885
622698
636812
633238
648103
622731
636793
633162
579349
591212
590515
602986
579296
591271
590586
543986
556123
544007
533960
545592
533936
545639
494594
507242
494593
486458
498595
486428
498619
457766
439193
445366
450820
439084
445481
450997
389796
395592
402809
408513
389867
395606
402788
338338
343099
350918
356143
338370
343116
350878
268935
290435
262536
297670
268598
290496
262218
590515
585016
566756
608101
590541
585384
567628
557529
552630
534725
575957
557209
552014
534899
520501
519850
500312
541410
520366
519965
500470
481812
486036
464189
504259
481874
485750
463996
439245
446670
425757
462573
438868
446403
425416
396080
406897
384071
420000
395661
406540
383765
349258
363600
339552
374757
348874
363448
339298
301232
318877
293713
327670
300983
318735
293493
899170
909049
870236
934554
900123
909902
871458
820259
833171
794876
859955
820587
833269
794901
747153
760133
723842
784392
747201
760319
723923
672413
689835
652280
711049
672334
689795
652216
599559
619383
583573
637072
599523
619273
583499
530417
551585
516665
566587
530413
551464
516499
462961
486149
451992
498163
462998
485896
451769
396899
422431
388832
431251
396722
422124
388397
911686
921669
875765
954512
911428
922220
875492
858218
875182
878533
892678
858294
875214
878546
787962
802481
806433
820997
787956
802554
806467
718620
731704
736574
749809
718409
731957
736705
651902
663330
669008
681396
651694
663426
669302
586761
596002
603768
613741
586715
595996
603882
522255
530087
539299
547680
522300
530040
539289
459742
466356
476233
483358
459823
466300
476201
399520
404858
415528
421198
399674
404735
415427
316200
341565
308985
350567
315791
341249
308436
836642
836225
799884
872951
836736
836480
799245
792358
808915
808487
825211
792327
808919
808732
732963
746754
748399
762693
733054
746610
748361
671333
682901
686867
698826
671442
682821
686756
620091
625990
610908
610773
635757
620153
625865
559815
565697
550778
551029
575014
559967
565901
506514
492013
499497
514739
491877
499563
506692
434444
440628
448636
455271
434376
440657
448729
378209
383465
392213
397718
378198
383457
392244
301386
322819
294357
331057
301056
322840
294127
762768
760523
725432
792593
760746
759532
723803
727830
743711
741419
755874
728198
743735
740949
678774
692346
691832
705872
678774
692335
691844
626148
637547
639496
651252
626231
637433
639436
583337
586608
572972
572845
596731
583042
586334
526077
531854
518106
518141
540077
525963
531879
477982
465103
471226
484825
464958
471411
478172
412048
417336
425355
430994
412003
417392
425434
358415
363249
371815
376755
358412
363258
371823
285569
304890
278281
314077
285397
305026
278174
690456
693239
658233
722178
689271
692551
657416
660028
675822
671326
686182
660074
675725
671216
622528
636714
632929
647754
622582
636680
632836
579517
591394
590779
603236
579480
591426
590830
544001
534024
545753
556194
534007
543994
545789
494542
486739
498710
507185
486637
494570
498751
439496
445760
451444
458240
439437
445838
451558
389648
395616
402696
408644
389649
395613
402681
338404
343380
350967
356640
338335
343525
351096
268559
290532
262231
297890
268367
290528
261776
590959
585183
568657
608549
591921
586207
569025
556808
551229
534535
575032
556193
550911
534019
520280
519910
500735
541318
520276
519914
501132
482060
485326
463548
503962
481884
484268
463098
438478
446134
425116
462364
438218
445782
424840
395329
406304
383575
419630
395133
405929
383274
348525
363390
339141
374502
348250
363262
338957
300941
318641
293595
327316
300775
318457
293192
901260
909610
872716
935211
901219
910234
872725
820726
833347
794798
860325
821114
833914
795118
747328
760441
724057
784246
747279
760591
724101
672239
689658
652085
710555
672317
689719
652142
599543
619140
583483
636670
599669
619067
583493
530330
551294
516380
566097
530362
551194
516302
462965
485626
451647
497730
462997
485440
451588
397084
421756
388571
431113
396888
421463
388259
911279
921718
875663
954586
911632
921912
875912
858199
875374
877852
892601
858058
875648
878016
788179
802726
806716
821505
788124
802801
806780
719428
732488
737105
750124
719277
732627
737194
652389
663502
669936
681423
652349
663548
670059
586753
595895
604109
613495
586763
595947
604160
522038
529918
539206
547245
522068
529961
539188
459417
466116
476046
482857
459472
466153
476001
398920
404347
415120
420487
399042
404286
415038
315765
340661
308228
350253
315441
340518
307771
836776
835552
798480
873373
836986
835956
798288
792297
808905
808685
825504
792296
808931
809078
732623
746230
748181
762464
732585
746362
748170
671091
682733
686470
698856
671055
682917
686493
610849
620695
625689
636327
610696
620900
625821
551769
560330
566452
575661
551618
560413
566596
492336
499702
507082
514945
492281
499731
507159
434639
440743
448936
455425
434606
440769
448973
378271
383466
392328
397790
378264
383463
392349
301011
322788
294031
330705
300652
322937
293618
759029
758748
722508
791419
758459
759156
722032
725343
742977
738015
753764
725934
742443
737634
678752
692283
691807
705877
678757
692279
691698
625980
637180
639293
650985
625995
637138
639277
572836
582110
586136
595823
572781
582081
586137
518298
526285
532014
540515
518194
526379
532047
465280
471684
478452
485286
465283
471714
478481
412032
417462
425474
431081
412050
417458
425458
358425
363284
371826
376793
358430
363280
371822
285419
305039
278302
314281
285084
305161
277945
687964
691528
656453
721316
687151
691780
656364
660109
675587
670400
685370
660043
675600
670459
622020
636549
632382
647442
622248
636492
632265
579691
591513
590908
603448
579642
591530
590887
533975
543999
545850
556427
534070
543984
545770
487160
494722
498983
507347
487028
494832
499141
439540
445947
451782
458483
439569
445936
451809
389722
395545
402683
408605
389726
395506
402661
338916
343799
351478
356839
338832
343823
351574
268471
290483
261662
298010
268156
290498
261141
592406
586675
568881
609141
592251
586673
568211
555389
551046
533649
575040
554879
551366
534072
520506
520268
501422
541400
520562
520116
501030
481412
483928
463016
503579
481145
484026
463149
438208
445639
424764
462440
438285
445450
424713
395053
405630
382914
419336
395238
405470
382541
348132
363166
338968
374619
348162
362982
338984
300883
318357
293065
327260
300572
318077
292435
841841
856955
822702
837217
856728
822656
841957
843495
861916
826572
844423
861988
826580
843250
826089
808309
809892
793045
808302
809973
825970
859473
892810
874507
880415
874408
880534
859339
841738
837254
856507
822696
856593
822657
841683
843582
844580
862090
826682
862069
826621
843412
826012
793075
808324
809896
808315
809945
825923
770024
783175
751953
764966
783267
751971
769973
774026
791196
760135
776723
791229
760142
774026
757008
740010
743738
727146
739984
743735
757007
787188
819485
801188
805722
800918
805623
787297
770122
765175
783625
752193
783424
752056
770257
774068
776765
791394
760271
791313
760197
774136
757050
727185
740117
743860
740026
743788
757126
701575
715237
684474
696808
715212
684322
701636
706149
723233
693531
710614
723180
693566
706194
689219
672635
677201
661161
672504
677322
689312
717834
748553
730637
735714
730657
735640
717764
701444
696874
715048
683940
715143
684123
701268
706116
710708
723252
693951
723198
693762
706148
689145
661308
672401
677710
672418
677529
689191
634314
646663
617328
628398
646682
617370
634285
639750
656060
629720
645698
656148
629729
639708
623686
607487
614161
598254
607466
614156
623678
650403
680948
662473
667773
662454
667859
650370
634346
628459
646702
617503
646695
617432
634394
639778
645747
656252
629719
656211
629727
639788
623682
598239
607448
614127
607441
614143
623681
570104
580158
553771
562419
580191
553843
569975
575931
591881
567199
582911
591880
567201
575929
560558
545313
552074
536736
545384
552083
560552
585318
613055
595361
602120
595283
601988
585459
570239
562474
580300
554026
580247
553938
570371
576004
582909
591919
567187
591889
567192
576137
560659
536876
545577
552149
545473
552101
560816
507337
515210
490771
497715
515226
490778
507342
514919
530236
507000
522115
530295
507026
514896
499503
484194
492181
477082
484166
492173
499512
522399
547745
529997
539126
529953
539093
522409
507335
497789
515263
490795
515248
490788
507331
514942
522224
530415
507081
530357
507055
514956
499495
477016
484105
492133
484136
492153
499484
445670
452182
429736
435309
452198
429736
445662
454028
469139
447292
462216
469123
447256
454054
439135
424327
432814
418130
424303
432791
439153
460048
483552
466371
476332
466331
476336
460060
445666
435352
452228
429735
452216
429738
445656
453990
462159
469068
447160
469100
447209
453944
439103
418097
424212
432688
424263
432748
439061
386064
390981
370093
374127
391021
370110
386065
394918
409752
389207
403852
409741
389208
394920
380256
364712
374857
359870
364736
374877
380230
400039
421575
404988
415924
404954
415933
400056
386079
374261
391153
370301
391088
370233
386106
394921
403834
409705
389205
409726
389204
394920
380296
359970
364906
374955
364858
374905
380346
776074
792818
761694
777373
792827
761884
775988
773740
786889
759046
773622
786913
759202
773446
760506
746697
745848
732484
746872
745972
760276
790803
823875
808251
807087
808152
806694
791178
776414
777511
793155
762312
792947
762095
776765
774098
773859
787867
759515
787327
759349
774457
760769
732648
747279
746331
747073
746146
761054
717355
730666
701974
714687
730645
702024
717339
718732
732924
705133
718960
733003
705157
718702
704251
689554
691169
677100
689570
691191
704228
732496
762164
746490
747655
746428
747531
732570
717396
714714
730716
702156
730664
702087
717458
718799
719062
733261
705312
733131
705224
718876
704310
677158
689703
691336
689627
691253
704382
656221
666594
641088
651212
666694
641091
656200
660127
674725
648906
662955
674761
648918
660112
645646
631009
634961
620849
630997
634962
645643
671292
698600
682606
686730
682440
686614
671393
656256
651259
666941
641095
666824
641096
656289
660175
663034
674932
649026
674845
648970
660234
645657
620827
630946
634984
630977
634975
645663
595697
604852
580573
589357
604847
580558
595706
601505
616304
592359
606641
616293
592341
601522
586767
571980
577991
563519
571961
577971
586783
610772
635834
620197
625966
620224
625977
610751
595672
589340
604802
580494
604826
580527
595645
601459
606613
616205
592267
616259
592306
601400
586723
563471
571864
577886
571916
577930
586671
535659
543780
520911
528687
543774
520863
535687
542411
557206
534496
549003
557186
534476
542432
527745
513246
520062
505629
513213
520043
527772
550446
574099
558775
565461
558773
565487
550408
535618
528688
543771
520716
543769
520793
535565
542370
548963
557110
534407
557148
534444
542336
527711
505586
513129
519953
513171
520001
527690
477017
484577
462450
469794
484579
462425
477033
484190
498930
476808
491443
498872
476869
484200
469601
455373
462806
449101
455429
462878
469580
491656
514133
499323
506303
499313
506309
491647
476982
469753
484524
462461
484557
462438
476967
484165
491398
498775
477014
498812
476950
484146
469663
449196
455574
463051
455501
462969
469728
420080
426402
406139
412064
426378
406124
420104
427739
441479
421788
435441
441519
421835
427710
414074
400382
408307
394871
400368
408346
414050
434063
455134
440608
448208
440636
448184
434073
420075
412027
426309
406089
426339
406102
420078
427781
435529
441642
421983
441577
421905
427828
414107
394912
400401
408465
400381
408402
414141
364111
369214
349864
354259
369249
349923
364061
372850
386703
367598
381349
386703
367636
372832
358892
344517
353874
340225
344539
353908
358838
378145
397926
383620
392167
383621
392185
378157
364183
354400
369361
350104
369295
350052
364243
372871
381375
386706
367742
386705
367689
372900
358964
340340
344738
354117
344673
354008
359053
716555
730783
703824
717914
730821
703839
716547
713097
725719
697845
710967
725630
697889
713072
701401
689115
686448
674749
689178
686531
701334
728950
755942
743442
743056
743367
743011
728968
716615
718019
731052
704010
730925
703909
716702
713158
710978
725580
697785
725589
697925
713192
701519
674882
689413
686655
689293
686648
701630
665093
678151
652034
664639
678173
652057
665077
664390
676863
650636
662862
676913
650665
664353
651891
639331
638584
626551
639360
638608
651860
678152
705002
691776
691224
691690
691130
678236
665150
664703
678314
652201
678234
652118
665231
664465
662972
677110
650812
677007
650736
664552
651961
626616
639516
638760
639427
638676
652050
612942
624057
599899
610461
624066
599906
612939
614323
626827
602533
614581
626859
602547
614308
601722
589113
590478
578273
589096
590480
601702
626037
651154
637641
639187
637567
639106
626120
613009
610454
624132
599951
624102
599933
613071
614389
614644
627019
602685
626929
602603
614473
601795
578334
589223
590615
589158
590535
601882
560180
569118
546504
554984
569086
546471
560221
563865
576478
553810
566071
576491
553811
563898
551034
537783
541636
528879
537743
541592
551100
573538
596783
582897
586755
582955
586782
573462
560101
554923
568952
546320
569028
546403
560003
563821
566140
576560
553881
576527
553848
563788
550956
528829
537592
541513
537676
541550
550873
504929
512420
491037
498167
512411
491045
504931
510813
524310
502761
515823
524296
502727
510820
497351
483847
489698
476619
483830
489662
497368
518789
540757
526486
532580
526545
532624
518759
504921
498126
512301
491045
512374
491046
504894
510798
515803
524234
502722
524265
502723
510776
497344
476632
483843
489669
483844
489659
497324
450663
456657
437465
443227
456683
437488
450647
457408
470246
451033
463687
470292
451125
457398
444672
431764
438680
426097
431783
438703
444656
463791
483986
470278
477062
470234
477039
463840
450708
443289
456800
437605
456736
437539
450769
457453
463751
470421
451261
470368
451219
457508
444720
426149
431895
438825
431833
438758
444781
397797
402921
384444
389558
402961
384486
397759
405876
418885
400631
413475
418905
400639
405852
392805
379491
387750
374544
379519
387765
392778
411120
429868
416497
424451
416411
424374
411194
397862
389627
403113
384630
403028
384551
397942
405923
413513
419011
400705
418951
400662
405978
392857
374578
379633
387833
379569
387797
392920
344086
348816
330765
334935
348826
330762
344094
352550
366107
347721
361071
366122
347721
352560
339316
325845
334884
321917
325843
334883
339318
357525
376236
362670
371220
362598
371143
357596
344096
334976
348991
330816
348886
330804
344125
352555
361080
366206
347743
366155
347730
352587
339334
321944
325882
334925
325881
334900
339355
653831
670451
644347
659369
670469
644143
654346
645406
655286
627895
639588
655184
627857
645573
637187
627888
621640
611067
627612
621552
637417
662966
691572
679556
674259
680245
675058
662166
653230
659402
669753
643441
670201
643776
652680
645144
639469
655157
628038
655197
627977
644942
637032
610878
627089
621336
627332
621453
636876
612150
625352
601099
613752
625352
601086
612171
609053
619744
594199
604266
619463
594082
609127
599519
588159
586592
574912
588146
586545
599567
623036
648556
636813
633722
636788
633916
622972
612135
613786
625435
601105
625386
601088
612130
608929
604060
618894
593717
619146
593896
608800
599443
574801
588108
586364
588125
586473
599371
567858
579192
556518
567397
579185
556495
567885
566961
578439
554733
565924
578407
554654
566990
556683
545257
545050
533926
545218
544987
556723
579032
602409
590846
590223
590792
590200
579052
567858
567426
579275
556533
579217
556504
567878
566932
565858
578335
554445
578369
554568
566907
556641
533867
545184
544815
545194
544919
556608
522061
531779
510287
519636
531778
510294
522063
523375
535091
513122
524545
535049
513076
523407
512514
500684
502824
491266
500677
502781
512545
533670
555713
543767
545344
543711
545306
533726
522115
519619
531845
510330
531822
510325
522153
523381
524473
535015
512981
535025
513032
523399
512529
491266
500719
502706
500707
502746
512550
474227
481936
461941
469216
481912
461917
474219
477783
489838
469397
481057
489842
469369
477773
466495
454313
458742
446705
454272
458723
466489
486377
507228
494556
498532
494569
498542
486367
474254
469246
481952
461984
481921
461934
474279
477789
481048
489848
469264
489858
469341
477784
466495
446667
454258
458637
454255
458709
466495
426823
432695
414957
420462
432701
414962
426866
431416
443293
424475
436476
443311
424418
431436
420811
408955
414033
401395
408953
414006
420770
438134
456896
444605
450173
444415
450151
438205
426822
420493
432835
415016
432748
414987
426854
431381
436458
443384
424282
443342
424377
431385
420859
401346
408976
413999
408968
414036
420888
377124
382641
363610
369226
382653
363592
377102
384086
397501
377105
391231
397500
377115
384146
371720
358183
365957
352861
358159
365931
371807
390060
408134
395437
402822
395407
402805
390057
377100
369160
382622
363538
382643
363567
377025
383982
391213
397443
377178
397483
377151
383853
371638
352820
358058
365811
358117
365889
371549
326474
330561
313874
317536
330553
313858
326486
333611
346856
328707
341748
346837
328684
333624
322313
309218
317448
304679
309209
317449
322320
338495
355938
343068
351101
343073
351129
338480
326465
317551
330567
313856
330557
313874
326459
333584
341714
346760
328574
346806
328644
333544
322313
304708
309225
317455
309238
317460
322309
841640
856482
822779
837701
841650
856512
822845
842925
861497
826553
844838
843124
861355
826446
825805
808325
809856
793255
825855
808345
809859
858830
892691
875036
879350
874913
879425
858745
841651
837887
856711
822991
856596
822917
841671
842733
844650
860851
826240
860959
826329
842601
825776
793315
808406
809892
808381
809869
825770
770551
783813
752320
765803
770400
784005
752440
774308
791474
760349
777022
774224
791549
760416
757313
740190
743952
727463
757218
740262
744041
787688
820070
802049
806157
801854
806049
787804
770708
765997
784386
752639
784197
752549
770822
774390
777100
791672
760538
791624
760482
774458
757404
727517
740377
744186
740328
744121
757486
701115
714940
683785
696883
701151
714838
683693
706304
723327
694119
711006
706224
723410
694257
689348
672447
677862
661573
689270
672499
677981
717814
748895
730900
736107
730801
736013
717877
701144
696912
714781
683719
714770
683671
701215
706377
711088
723552
694438
723489
694363
706433
689417
661620
672576
678135
672542
678071
689474
634571
646733
617585
628727
634463
646778
617697
639793
656281
629706
645809
639788
656304
629696
623711
607491
614113
598210
623687
607575
614108
650505
680660
662693
667864
662604
667757
650646
634717
628869
646964
618007
646861
617836
634904
629700
639814
645819
656365
656329
629693
639861
614132
623763
598213
607883
607704
614114
623847
570659
580373
554114
562715
570511
580427
554202
576522
591979
567202
582938
576315
592076
567257
561210
545696
552227
537315
561009
545814
552354
585968
613278
595747
602871
595656
602669
586135
570795
562789
580536
554309
580490
554266
570914
567554
576730
582985
592413
592217
567376
576931
552752
561385
537433
546036
545936
552536
561546
507320
515291
490799
497936
507326
515306
490800
514952
530474
507114
522477
514961
530527
507142
499441
484073
492113
476847
499467
484041
492083
522423
547868
530156
539249
530134
539224
522418
507313
497975
515330
490790
515325
490797
507305
514937
522536
530607
507141
530573
507150
514919
499416
476806
483982
492031
484011
492053
499392
445621
452243
429727
435451
445641
452246
429710
453846
469032
447115
462008
453895
468995
447076
438967
424160
432629
417944
439015
424106
432576
460068
483614
466480
476308
466468
476314
460052
445596
435466
452226
429651
452241
429685
445566
453800
461980
468931
447017
468961
447043
453758
438918
417899
423996
432509
424052
432536
438866
386170
391225
370476
374581
386142
391296
370533
394914
409683
389202
403741
394922
409656
389195
380438
365067
374996
360164
380396
365101
375043
400090
421593
405110
415842
405096
415873
400076
386183
374733
391405
370703
391360
370689
386183
394903
403703
409588
389155
409625
389181
394879
380467
360282
365221
375089
365231
375073
380477
777321
793335
762507
777940
777054
793509
762689
774976
787890
759605
774427
774691
788395
759722
761580
747475
746496
733161
761317
747666
746668
791870
824534
808815
808100
808711
807709
792032
777536
778054
793767
762998
793644
762853
777724
775149
774361
788749
759887
788404
759794
775335
761796
733315
747991
746969
747838
746824
761994
717639
730796
702235
714932
717544
730882
702311
719087
733397
705422
719468
718976
733534
705539
704566
689790
691435
677429
704470
689874
691538
732895
762564
746808
748151
746746
748035
732988
717727
714984
731013
702430
730955
702374
717797
719200
719604
733791
705752
733668
705650
719305
704657
677506
689995
691715
689945
691634
704738
656360
667042
641097
651335
656326
667120
641103
660346
675020
649084
663283
660296
675100
649129
645672
630917
634996
620770
645670
630893
635004
671629
699006
683025
687059
682964
687009
671666
641140
656390
651342
667218
667179
641118
656412
660381
663345
675201
649169
675162
649158
660395
630896
645672
620776
635008
630888
635009
645665
595640
604778
580472
589295
595630
604758
580469
601318
616149
592258
606588
601342
616112
592349
586604
571817
577862
563378
586624
571788
577899
620065
626083
610917
610821
635766
620099
626016
604726
580484
595730
595677
589293
604742
580478
616153
592762
601473
601366
606819
616125
592701
571827
578089
586696
586630
563417
571791
578028
535417
543797
520638
529032
535502
543864
520581
542291
557090
534369
548944
542320
557092
534318
527635
513074
519887
505387
527680
512996
519747
558903
565390
550186
550276
574126
558837
565420
544171
520587
535202
535308
529193
543990
520571
557144
534494
542175
542237
548984
557117
534246
512639
519393
527297
527506
504683
512844
519091
476994
484487
462486
469663
476978
484472
462508
484155
498747
477059
491347
484141
498708
477082
469851
455646
463129
449460
469791
455718
463202
506240
491583
514413
499334
499335
506263
491571
477011
469650
484469
462557
484468
462530
477032
498508
484161
491250
477079
498632
477081
484161
469907
449551
455859
463337
455788
463269
469962
420093
426286
406080
411934
420085
426267
406076
427924
441709
422066
435793
427876
441776
422147
414211
400423
408529
395055
414176
400445
408592
434119
455076
440542
448311
440549
448282
434139
420104
411911
426249
406081
426255
406076
420121
427974
435883
441913
422308
441843
422228
428028
414246
395101
400487
408717
400466
408654
414281
364356
369412
350262
354615
364307
369464
350293
372957
386710
367805
381490
372932
386721
367863
359213
344921
354220
340673
359135
344966
354313
378162
397776
383553
392117
383584
392114
378158
364395
354740
369510
350422
369490
350423
364424
372983
381531
386753
367981
386736
367933
372999
359276
340840
345135
354476
345118
354396
359328
716900
731190
704127
718449
716801
731328
704244
713134
725290
697366
709654
713170
725157
696787
701797
689521
686499
675041
701722
689606
686240
728944
756032
743686
742855
743618
742818
728918
716986
718585
731597
704427
731469
704346
717050
712991
708732
724229
695442
724677
696109
712732
701841
674957
689676
685574
689658
685922
701841
665428
678406
652299
664967
665327
678501
652397
664732
677212
650882
663185
664644
677301
650941
652248
639615
638850
626894
652149
639716
638940
678530
705487
692160
691637
692077
691551
678610
665523
665052
678671
652568
678592
652489
665607
664809
663187
677419
651017
677370
650986
664872
652340
626989
639894
639102
639810
639025
652422
613194
624166
599979
610475
613139
624195
600011
614654
627119
602778
614937
614565
627218
602873
602059
589298
590708
578579
601975
589368
590800
626345
651469
637837
639516
637817
639452
626385
600099
613236
610535
624223
624215
600054
613260
614733
615038
627389
603043
627310
602963
614799
589509
602134
578650
590960
589438
590885
602198
559805
568882
546231
554646
559902
568831
546153
563763
576604
553915
566349
563766
576658
553940
550729
537521
541478
528638
550792
537477
541445
583196
586800
573278
573310
597207
583259
586751
568493
545988
559612
559719
554539
568808
546079
576832
554013
563919
563806
566406
576734
553967
537500
541464
550766
550713
528632
537466
541435
504774
512170
491040
497860
504851
511906
491007
510695
524201
502720
515771
510744
524170
502714
497222
483829
489685
476726
497289
483793
489699
526115
532376
518493
518582
540542
526161
532439
511181
490776
504473
504641
497177
511362
490912
524133
502688
510514
510621
515778
524147
502704
483625
489709
496905
497101
476774
483725
489707
450947
456879
437687
443549
450850
456967
437780
457671
470454
451308
463916
457579
470482
451384
444955
431974
438906
426363
444862
432065
438994
477408
464141
484039
470520
470455
477339
464264
451058
443654
457168
438012
457063
437883
451179
470718
457781
463990
451602
470555
451484
457901
445058
426453
432282
439192
432167
439091
445169
398137
403207
384722
389870
398036
403302
384820
406127
419084
400759
413691
406048
419193
400823
393076
379708
387874
374648
392995
379790
387916
411484
430249
416894
424850
416795
424741
411591
398241
389946
403482
385009
403394
384919
398342
406215
413769
419380
400964
419286
400893
406309
393161
374677
379960
388010
379875
387961
393249
344322
349107
330922
335271
344201
349233
330969
352733
366272
347766
361163
352650
366349
347785
339426
325943
334937
321944
339382
325933
334955
357926
376518
363016
371648
362923
371550
358038
344482
335474
349471
331267
349353
331146
344642
352854
361218
366531
347867
366435
347818
352983
339492
321979
326024
334991
326009
334962
339619
652164
669269
643164
658774
652384
668810
642959
644542
654878
627981
638905
644724
654731
627882
636546
626887
621139
610468
636698
626719
620952
661022
688066
677130
672306
677519
672510
660785
651993
658554
668115
642648
668430
642793
651843
644364
638560
654236
627545
654413
627710
644205
636412
610302
626476
620574
626584
620716
636306
612158
625492
601136
613990
612138
625551
601177
608569
618694
593533
603498
608677
618529
593370
599268
588104
586298
574519
599313
588113
586172
622804
648446
636825
633302
636833
633357
622766
612188
614069
625670
601285
625612
601229
612223
608486
603347
618376
593080
618435
593215
608418
599242
574515
588176
585945
588140
586062
599229
567959
579346
556573
567615
567913
579423
556618
566891
578318
554363
565584
566895
578318
554281
556591
545183
544733
533676
556593
545187
544656
579186
602733
591143
590445
591069
590378
579241
568011
567678
579573
556706
579501
556663
568068
566896
565544
578370
554205
578337
554238
566907
556604
533633
545203
544567
545193
544601
556630
522226
531859
510332
519501
522195
531867
510329
523444
535017
512947
524279
523423
535029
512908
512603
500729
502693
491168
512578
500731
502664
543940
533871
555985
545542
543905
545492
533905
531910
522255
519493
510334
531882
510329
522293
523461
524255
535087
512855
535052
512888
523477
512635
491159
500731
502692
500728
502691
512676
474338
481997
462055
469442
474307
482047
462128
477766
489844
469223
480914
477776
489843
469127
466533
454273
458621
446483
466501
454297
458544
494586
486387
507218
498568
494575
498543
486404
482147
474376
469517
462293
482097
462206
474421
477754
480929
489884
468993
489855
469092
477745
466563
446464
454364
458496
454327
458547
466609
427030
432943
415048
420660
426928
433045
415075
431489
443428
424236
436370
431416
443495
424115
420991
408976
413985
401137
420938
408961
413971
438843
457243
445238
450593
445127
450453
438965
427139
420722
433238
415101
433144
415095
427231
431630
436387
443692
423831
443585
424005
431970
421059
401061
408860
413988
408922
413988
421150
376878
382605
363512
368988
376959
382595
363481
383546
397386
377181
390953
383705
397316
377140
371373
357988
365739
352567
371464
357906
365640
389971
408350
395568
402824
395537
402835
389929
376783
368969
382625
363408
382601
363446
376675
383372
390812
397127
376960
397230
377070
383185
371285
352462
357721
365431
357817
365544
371206
326439
330578
313892
317522
326450
330585
313851
333439
346707
328509
341506
333497
346648
328414
322295
309278
317474
304687
322305
309247
317459
338424
355961
343081
350959
343075
350998
338397
326422
317540
330583
313804
330585
313869
326401
333377
341435
346521
328219
346586
328329
333306
322277
304721
309217
317431
309271
317457
322256
841727
856824
823043
838387
841695
856998
823089
842371
860537
826158
844539
842465
860509
826100
825773
808423
809915
793412
825773
808426
809951
858472
892610
875273
878794
875219
878777
858404
841766
838503
857354
823112
857154
823111
841802
842273
844414
860336
825987
860305
826034
842208
825772
793414
808385
809982
808413
809974
825768
770986
784552
752705
766488
770914
784720
752752
774524
791708
760577
777237
774503
791734
760591
757542
740406
744224
727548
757528
740411
744236
787955
820671
802468
806404
802388
806368
787959
771040
766610
785017
752809
784862
752783
771083
774516
777245
791718
760524
791747
760577
774482
757535
727499
740362
744135
740395
744198
757509
701444
714869
683828
697213
701314
715048
683991
706497
723595
694482
711195
706472
723619
694496
661696
689563
672609
678177
689520
672649
678203
718136
749354
731506
736461
731310
736362
718258
701611
697363
715505
684440
715271
684203
701843
706514
711175
723631
694451
723628
694483
706531
661710
689612
672847
678228
672715
678218
689681
635353
647097
618198
629281
635120
647230
618400
629719
645899
629750
640081
656421
639943
656502
614169
598384
614236
624155
608108
623973
608367
651244
681029
663218
668702
663083
668424
651470
635587
629398
647480
618798
647363
618600
635824
645948
629878
629801
640282
656785
656621
640540
598577
614499
614346
624396
608887
608626
624681
571116
580579
554337
562897
571020
580606
554351
567768
583337
567999
577310
592651
577125
592915
552937
537697
553102
561839
546118
561701
546183
586549
613639
595995
603626
595961
603456
586644
571194
562898
580623
554333
580618
554350
571252
583556
568454
568230
577484
593442
593190
577645
537789
553416
553260
561957
546250
546229
562053
507288
515334
490776
498023
507297
515323
490755
522643
514886
530635
507129
514902
530659
507123
499355
483955
492020
476746
499372
483927
492018
522369
547847
530129
539301
530154
539298
522338
507277
498015
515273
490684
515304
490725
507264
522676
514871
530698
507136
530681
507126
514858
499341
476745
483870
492046
483899
492027
499329
445496
452202
429607
435434
445533
452167
429552
453680
468904
446996
461948
453718
468881
446981
438767
423940
432490
417784
438815
423881
432477
459950
483552
466412
476258
466448
476276
459893
445453
435391
452055
429403
452115
429485
445403
453641
461955
468837
446971
468859
446973
453600
438719
417753
423759
432469
423821
432470
438672
386125
391431
370792
374851
386172
391440
370741
394801
409544
389120
403565
394848
409495
389064
380432
365285
375087
360264
380467
365209
375067
399907
421465
404957
415616
405028
415691
399797
386050
374904
391380
370632
391422
370767
385960
394744
403520
409378
388953
409439
389009
394665
380378
360287
365060
374985
365212
375035
380303
777993
793853
763127
778298
777869
793927
763232
775524
788680
759921
774664
775422
788971
759973
762282
748121
747090
733648
762146
748230
747196
792278
824960
808939
808596
808929
808347
792330
778084
778332
794022
763353
793979
763308
778156
775590
774520
789112
760015
788883
759981
775662
762387
733720
748371
747350
748313
747281
762471
717870
731051
702451
715018
717846
731064
702443
719452
733897
705836
719909
719391
733986
705897
704825
690022
691775
677609
704796
690015
691813
733116
762798
746833
748407
746870
748386
733102
717865
714970
730954
702337
731042
702406
717832
719484
719968
734095
705943
734052
705932
719488
704829
677587
689919
691813
689981
691825
704806
641160
651326
641150
656399
667237
656419
667236
660341
675211
649158
663375
660384
675188
649112
630891
620250
630821
645591
635022
645644
634990
671608
699063
682973
686960
683026
687027
671537
651306
641047
641110
656353
667181
667216
656284
660273
663322
675059
648939
675136
649037
660185
620119
630702
630744
645516
634795
634909
645431
477110
484478
462594
469672
477062
484499
462646
498397
491675
498344
484210
477047
484172
477046
470112
455937
463411
449855
470027
456030
463508
514593
506351
506251
491641
499435
499387
491743
477182
469702
484587
462810
484536
462718
477279
491800
498551
498378
484298
477411
477170
484438
470227
449988
456276
463841
456144
463654
470368
420177
426249
406091
411875
420145
426256
406107
428153
441988
422388
436168
428086
442074
422472
414363
400514
408779
395230
414318
400546
408842
434252
455142
440600
448546
440575
448465
434310
420217
411874
426288
406162
426269
406132
420262
428230
436282
442288
422655
442174
422562
428317
414416
395274
400626
408974
400583
408907
414477
364454
369513
350515
354732
364444
369505
350478
373033
386772
368020
381631
373017
386795
368045
359377
345262
354545
341078
359361
345243
354614
378173
397701
383474
392184
383491
392159
378181
364461
354766
369444
350498
369484
350545
364460
373053
381661
386853
368093
386822
368073
373072
359383
341212
345270
354693
345328
354660
359392
717105
731711
704484
718875
717089
731804
704519
711949
723437
694815
706541
712368
722793
694272
701640
689661
685238
674523
701781
689617
684939
728661
756087
743744
742067
743748
742296
728494
717102
718929
731949
704544
731884
704538
717084
711451
705770
721425
693305
721983
693717
710926
701444
674344
689468
684375
689551
684654
701197
665724
678737
652628
665191
665675
678784
652666
664951
677448
651035
663059
664920
677458
651042
652542
639962
639170
627221
652489
640014
639226
678749
705801
692344
691816
692324
691791
678767
665756
665185
678810
652677
678808
652682
665771
664969
662996
677442
651029
677455
651039
664976
652580
627275
640067
639310
640049
639273
652604
600135
610263
600133
613256
624249
613269
624261
614876
627453
603110
615280
614848
627498
603161
589580
578790
589636
602279
591021
602251
591065
626377
651511
637659
639545
637751
639574
626314
610197
600064
600119
613219
624067
624205
613151
614878
615333
627529
603211
627523
603194
614857
578796
589527
589637
602269
591082
591084
602220
451443
457279
438153
444002
451310
457396
438278
470798
464432
470882
458134
451724
458017
451838
445399
432403
439298
426714
445280
432513
439399
485048
477821
477704
464665
470995
470737
464811
451584
444139
457729
438519
457550
438401
451729
464551
471145
471000
458263
452073
451965
458395
445546
426790
432717
439597
432619
439501
445663
398515
403562
385085
390119
398436
403637
385141
406494
419478
401034
414012
406404
419573
401100
393405
380038
388064
374836
393332
380102
388121
411879
430692
417269
425272
417184
425176
411950
398577
390165
403759
385200
403704
385178
398622
406573
414086
419746
401209
419663
401160
406637
393464
374905
380173
388212
380149
388173
393507
344925
349574
331513
335852
344789
349682
331610
353240
366642
347960
361490
353117
366750
348085
339926
326174
335038
322004
339775
326267
335146
358344
376684
363229
371800
363208
371780
358387
345034
336008
349827
331855
349766
331796
345134
353358
361604
366872
348376
366833
348240
353465
340062
322159
326517
335429
326447
335288
340184
651624
667856
642510
657978
651722
667647
642385
643935
653906
627306
637767
644054
653754
627139
636166
626386
620445
610005
636222
626305
620427
660267
686709
675977
671572
676167
671668
660161
651550
657811
667338
642163
667480
642270
651500
643841
637470
653365
626815
653489
626948
643776
636129
609909
626128
620386
626221
620373
636117
612297
625726
601343
614292
612261
625777
601399
608312
618357
592957
603033
608365
618356
592819
599229
588215
585861
574627
599228
588244
585754
622664
647999
636743
633009
636770
633086
622626
612330
614355
625864
601495
625823
601450
612356
608254
602923
618290
592427
618342
592658
608172
599226
574611
588244
585452
588254
585638
599213
567817
568176
579637
556746
568123
579691
556780
566936
578413
554183
565497
566922
578461
554173
556716
545212
544555
533547
556668
545221
544559
579397
603058
591360
590719
591320
590654
579440
567840
568224
579764
556832
579732
556807
568268
566948
565488
578561
554125
578512
554149
566954
556772
533540
545223
544633
545228
544596
556835
531950
519545
531983
522366
510354
522331
510364
523507
535137
512862
524278
523492
535196
512834
512804
500733
502792
491117
512733
500740
502846
556147
544014
544019
533979
545718
545681
533992
519525
531987
531996
522397
510369
510368
522422
523517
524352
535330
512800
535263
512849
523520
512886
491174
500759
503113
500748
503019
512975
482197
469746
482249
474536
462403
474475
462540
477755
489934
468968
480939
477743
490000
468873
466754
454411
458534
446261
466674
454476
458531
507227
494560
494581
486500
498676
498647
486555
469942
482373
482305
474601
462903
462710
474671
477786
481023
490187
468711
490087
468830
477839
466843
446173
454844
458645
454558
458597
466941
427364
433326
415092
420877
427305
433409
415077
432386
443783
423761
436551
432232
444043
423770
421296
408768
414001
400777
421235
408657
413996
457912
439285
445676
451311
445584
451158
439365
427416
420923
433566
415059
433490
415066
427464
432453
436696
444507
423908
444280
423849
432483
421325
400683
408371
413960
408521
413990
421336
376512
382663
363369
369049
376578
382698
363334
382867
397008
376850
390317
383012
396888
376720
371056
357621
365335
352092
371127
357520
365226
389730
408553
395615
402724
395612
402758
389678
376490
369120
382756
363304
382727
363309
376509
382750
390180
396700
376481
396781
376606
382661
370995
351980
357326
365069
357419
365146
370948
326322
330583
313822
317362
326364
330591
313743
333153
346455
328123
341207
333234
346389
328003
322192
309241
317435
304655
322229
309164
317404
338321
356257
343242
350883
343154
350853
338315
326282
317357
330723
313708
330622
313767
326256
333075
341153
346270
327777
346326
327900
332997
322148
304682
309081
317370
309161
317390
322096
841850
857502
823086
838825
841824
857733
823050
842088
860148
825920
844484
842128
860209
825878
825744
808338
809980
793290
825757
808281
809965
858138
892469
875298
878271
875186
878274
858092
841871
838956
858243
823041
857942
823018
841903
842053
844347
860086
825788
860016
825825
842057
825728
793201
808194
809916
808222
809939
825723
771169
785143
752835
767037
771121
785300
752885
774376
791677
760407
777115
774431
791633
760270
757432
740323
744050
727220
757470
740295
743957
787988
821082
802698
806599
802576
806519
788045
771232
767169
785540
753168
785405
753004
771311
774339
777022
791601
760099
791599
760155
774356
757411
727136
740417
743869
740307
743880
757440
702469
715719
684690
697869
702133
715937
684956
706616
723634
694408
711032
706558
723650
694370
689928
673058
678238
661804
689780
673350
678264
718886
749933
732356
736998
732149
736852
719105
702799
697983
716263
685549
716109
685254
703091
706737
711010
723809
694435
723701
694360
706977
690172
661951
674021
678476
673690
678332
690504
636260
647573
618973
629581
636052
647637
619118
629993
641133
656999
646211
640837
657285
630191
614690
625299
609136
599402
624990
609360
614924
652082
681456
663512
669781
663477
669564
652236
636434
629581
647648
619298
647653
619227
636572
641412
646389
657949
630769
657627
630470
641659
625559
599647
609730
615491
609553
615215
625771
571327
580601
554303
562837
571296
580573
554262
568654
577898
593666
584368
577783
593853
568819
553557
562190
546261
538023
562130
546266
553666
586778
613725
595935
604055
595960
603974
586763
571347
562808
580471
554180
580519
554217
571365
578000
584568
594128
569072
594001
568956
578106
562237
538058
546284
553815
546271
553749
562275
507223
515226
490633
497916
507247
515173
490572
514834
530709
507154
522756
514846
530707
507175
499300
483838
492071
476782
499316
483805
492100
522198
547585
529937
539240
529972
539269
522130
507191
497871
515032
490430
515101
490501
507152
514818
522789
530680
507212
530695
507196
514803
499281
476794
483739
492147
483771
492128
499263
445283
451974
429305
435173
445346
451894
429194
453509
468813
446975
462016
453556
468784
446982
438576
423693
432472
417688
438625
423624
432478
459655
483255
466158
476104
466216
476158
459559
445214
435076
451713
428954
451793
429074
445145
453461
462039
468711
446992
468749
446988
453415
438526
417678
423489
432497
423554
432487
438479
385742
391313
370632
374734
385867
391211
370423
394464
409312
388908
403426
394574
409237
388859
380122
365028
374934
360031
380221
364807
374868
399359
421039
404445
415220
404583
415326
399174
385605
374741
390894
370134
391052
370392
385436
394359
403413
409065
388790
409155
388829
394248
380027
360017
364572
374736
364763
374808
379916
778263
794074
763373
778301
778212
794109
763371
775709
788928
760035
774551
775681
789122
760072
762582
748399
747398
733823
762526
748412
747447
792347
825107
808921
808941
808902
808612
792362
778297
778220
794128
763309
794117
763346
778325
775708
774221
789094
759986
788890
760041
775741
762633
733844
748413
747508
748414
747482
762695
717599
730851
702235
714658
717734
730725
702109
719411
734114
705934
720054
719465
734108
705907
704668
689831
691778
677363
704755
689723
691723
732829
762594
746312
748225
746455
748299
732680
717456
714539
730499
701856
730598
701976
717324
719327
720061
734050
705814
734083
705864
719226
704537
677267
689486
691555
689603
691646
704406
640944
656078
667132
651219
656188
667080
640827
659958
674961
648816
663028
660076
674850
648688
630571
645186
634620
620231
645313
630408
634469
671221
698739
682700
686540
682746
686642
671122
655972
651199
667028
640642
667038
640721
655885
659841
662919
674628
648458
674736
648567
659733
645064
620037
630154
634197
630262
634323
644957
604905
580598
595791
595749
589828
605023
580670
615944
592582
601273
601023
606440
615744
592383
571677
577771
586552
586363
562916
571571
577629
610669
635798
620435
625686
620250
625755
610629
595739
590068
605419
580973
605182
580790
595799
600857
605838
615488
591563
615568
591776
600793
586266
562844
571687
577264
571576
577358
586257
544981
521039
535947
536217
529839
545062
521262
557132
534326
542530
542720
548563
557140
534186
513172
519863
527956
528307
505347
513696
519646
551248
575212
560215
566287
560099
566102
551440
536450
529874
545196
521684
545131
521492
536634
542887
548607
557413
534571
557258
534425
543013
528537
506156
514040
520372
513931
520215
528652
477510
484650
462914
469838
477394
484716
463019
498864
484807
477703
491851
484620
499181
477933
470684
456419
464044
450433
470527
456556
464223
492126
514796
499667
506981
499622
506853
492212
477612
469885
484820
463183
484774
463112
477692
484955
492098
499503
478210
499385
478104
485057
470812
450538
456745
464436
456668
464358
470901
420357
426313
406195
411898
420310
426341
406227
428498
442408
422746
436636
428409
442523
422830
414608
400670
409039
395397
414543
400712
409100
434508
455313
440714
448883
440686
448814
434562
420400
411913
426393
406276
426369
406254
420439
428577
436723
442691
422945
442621
422898
428638
414667
395430
400775
409190
400747
409151
414715
364454
369396
350558
354539
364460
369350
350484
373118
386887
368122
381766
373100
386923
368140
359420
345347
354716
341296
359405
345291
354732
378229
397734
383455
392302
383460
392274
378238
364449
354574
369320
350392
369325
350514
364440
373145
381799
386985
368173
386958
368164
373155
359439
341367
345347
354746
345381
354743
359454
716972
732011
704540
719016
717046
732063
704520
709863
720661
692969
704439
710385
720190
692711
700536
689367
684090
673638
700896
689244
683793
727291
755375
743428
739175
743653
739920
726633
716751
719032
732064
704379
732092
704472
716383
709377
703940
719211
692292
719546
692476
708982
700185
673367
688782
683291
689067
683519
699847
665765
678794
652654
665038
665773
678763
652620
664964
677421
651013
662787
664974
677391
650994
652625
640072
639339
627378
652618
640070
639363
678768
705888
692297
691841
692316
691848
678762
665751
664971
678675
652548
678721
652583
665737
664951
662715
677296
650949
677351
650971
664935
652627
627399
640059
639408
640064
639384
652630
599911
612953
623901
610030
613055
623758
599704
614781
627520
603216
615430
614820
627504
603218
589412
602089
591072
578734
602153
589313
591064
626082
651161
637244
639330
637330
639380
626029
612864
609784
623505
599470
623618
599546
612799
614745
615452
627474
603234
627488
603223
614718
602039
578726
589207
591080
589243
591066
602011
568216
545490
559242
559240
553958
568400
545512
576714
553988
563743
563562
566477
576575
553930
537149
541422
550596
550451
528392
537054
541353
572753
595959
582156
586123
582252
586148
572751
559251
554061
568285
545676
568291
545574
559307
563457
566479
576436
553903
576478
553901
563418
550380
528348
537025
541323
537019
541319
550369
511280
490965
504375
504516
497728
511284
491213
523681
502462
509968
509984
515469
523628
502435
483822
489793
496589
496784
477221
484000
489810
518149
540198
526195
531966
526079
531937
518130
504613
498466
512139
491480
511841
491392
504687
509959
515401
523549
502432
523614
502411
510040
496946
477279
484288
489915
484160
489849
497090
452008
457909
438629
444546
451878
458061
438739
471300
458669
452178
464860
458530
471453
452278
445883
432804
439689
426982
445777
432878
439775
465215
485055
471636
478407
471554
478324
465272
452090
444625
458222
438815
458169
438800
452119
458798
464955
471678
452420
471587
452366
458851
445964
427027
432947
439899
432930
439850
445999
398671
403805
385219
390256
398657
403842
385229
406707
419816
401241
414255
406682
419869
401253
393535
380180
388233
374985
393531
380171
388234
412062
431053
417455
425482
417433
425472
412062
398672
390272
403885
385214
403869
385225
398664
406710
414281
419906
401215
419900
401244
406696
393522
374961
380134
388193
380153
388220
393498
345236
349858
332037
336122
345209
349880
332057
353567
366887
348506
361845
353546
366890
348619
340347
326668
335562
322476
340278
326674
335683
358422
376771
363273
371826
363272
371825
358421
345243
336248
349910
332111
349898
332163
345244
353577
361858
366887
348701
366888
348682
353580
340389
322637
326773
335797
326781
335754
340419
651484
667256
642059
657365
651477
667233
641961
643739
653084
626632
637033
643730
652988
626590
636176
626024
620400
609787
636124
625919
620474
660004
685876
675626
670805
675656
670927
660018
651512
657241
667270
641784
667241
641867
651563
643811
636859
652760
626708
652755
626586
643970
636246
609810
625723
620721
625815
620599
636345
612373
625901
601534
614500
612371
625934
601563
607908
618189
592109
602250
608062
618013
591644
599126
588213
585199
574083
599185
588156
584816
622460
647680
636599
632531
636642
632716
622368
612357
614531
626006
601585
625969
601584
612314
607697
601830
617455
590500
617756
591077
607322
599006
573643
587954
583750
588078
584318
598685
568360
579793
556852
567880
568312
579827
556873
566943
578608
554078
565386
566954
578646
554015
556967
545209
544710
533433
556900
545183
544768
579554
603287
591488
590897
591458
590870
579595
568408
567900
579922
556910
579870
556892
568450
566934
565289
578687
553846
578677
553941
566924
557039
533412
545107
544960
545146
544881
557102
531969
522462
510376
519382
522445
531959
510391
523527
535409
512787
524493
523523
535483
512664
513142
500769
503324
491160
513067
500790
503404
534045
556233
543998
545844
543994
545823
534063
522473
519335
531954
510408
531957
510411
522467
523530
524552
535551
512256
535539
512530
523518
513173
491116
500835
503363
500813
503538
513142
482457
475020
463020
470149
474869
482523
463111
478059
490288
468598
481160
477926
490378
468437
467369
455100
458737
446007
467135
455260
458846
486853
507172
494647
498867
494602
498793
486932
475147
470201
482659
463264
482585
463190
475266
478260
481236
490576
468526
490419
468474
478419
467584
446065
455420
458977
455355
458930
467763
427548
433638
415061
421047
427508
433709
415070
432549
444699
423910
436803
432525
444843
423872
421337
408215
413943
400460
421336
408084
413896
439539
458324
445938
451731
445901
451656
439565
427584
421075
433822
415059
433773
415070
427605
432540
436777
445021
423848
444950
423872
432514
421346
400454
407958
413862
407999
413901
421358
376652
382779
363339
369383
376568
382783
363412
382565
396647
376390
389900
382598
396623
376292
370931
357245
365040
351701
370918
357183
365010
389670
408658
395578
402684
395602
402678
389700
376745
369453
382757
363667
382773
363527
376817
382578
389905
396664
376144
396631
376230
382655
370986
351668
357157
365030
357144
365027
371087
326383
330859
313776
317470
326284
330998
313761
332896
346231
327685
340980
332935
346220
327572
322034
309107
317393
304571
322062
309043
317354
338544
356736
343759
351360
343662
351230
338681
326508
317645
331220
313986
331140
313909
326639
332904
340989
346363
327373
346256
327487
332984
322060
304612
309082
317246
309096
317314
322133
842134
858484
823262
839950
841965
858748
823441
842141
859819
825734
844652
842073
860038
825708
825756
808224
809892
793127
825713
808362
809909
858395
892396
875862
877876
875791
877823
858450
842191
840099
858991
823552
858894
823541
842206
842244
844434
859825
825801
859813
825768
842278
825826
793195
808452
809909
808452
809926
825841
771438
785501
753286
767553
771385
785506
753375
774560
791637
760177
777041
774457
791763
760278
757638
740543
743974
727423
757550
740652
744101
788289
821580
803081
806900
802977
806870
788299
771507
767638
785572
753462
785556
753477
771531
774627
777119
791888
760383
791850
760359
774618
757714
727524
740737
744210
740733
744180
757745
703534
716350
685797
698446
703337
716414
685966
707355
723993
694664
711372
707189
724134
694856
690990
674334
678760
662767
690777
674580
678991
719553
750190
732853
737347
732782
737299
719595
703643
698521
716494
686004
716462
686042
703695
707491
711513
724301
695082
724253
695011
707559
691151
662935
674731
679267
674709
679167
691243
636790
647596
619332
629682
636681
647549
619368
642051
658201
631026
647199
641870
658399
631219
626057
609899
615719
600212
625932
609986
615889
652481
681421
663773
670236
663695
670173
652503
636841
629790
647547
619452
647532
619429
636864
642149
647371
658625
631436
658545
631362
642168
626158
600294
610042
616084
610046
616027
626195
571404
580409
554168
563036
571385
580368
554193
578223
594236
569184
584988
578177
594312
569226
562321
546310
553877
538149
562292
546341
553918
586789
613448
596107
604212
596040
604196
586811
571421
563120
580381
554227
580374
554210
571415
578243
585045
594383
569245
594364
569245
578233
562352
538154
546343
553940
546352
553935
562388
507085
514950
490381
497973
507109
514880
490355
514794
530673
507225
522891
514791
530680
507233
499259
483716
492160
476822
499256
483718
492176
522092
547228
530091
539243
530051
539215
522158
507089
498060
514834
490396
514835
490371
507092
514804
522904
530774
507203
530725
507228
514797
499277
476818
483761
492168
483734
492177
499334
445030
451623
428858
435098
445079
451549
428788
453372
468675
446999
462092
453378
468666
447013
438443
423440
432509
417672
438446
423415
432526
459454
482788
466236
476008
466218
475994
459511
445013
435167
451491
428814
451498
428794
445014
453399
462120
468783
447040
468713
447030
453430
438463
417680
423452
432581
423422
432551
438524
385128
390716
370177
374588
385285
390521
369877
394117
408984
388783
403408
394175
408932
388758
379697
364621
374695
359549
379804
364375
374643
398916
420387
404306
414998
404329
415005
398923
385040
374850
390340
369972
390372
370006
384989
394116
403425
408986
388768
408949
388775
394136
379667
359703
364544
374574
364584
374609
379635
778353
794143
763281
778051
778332
794174
763272
775745
788749
759771
773699
775712
789069
759539
762733
748410
747464
733845
762725
748409
747354
792221
825220
808969
808819
808920
808704
792299
778350
778143
794166
763319
794210
763331
778311
775638
773112
788823
759149
788725
759227
775613
762656
733769
748367
747081
748394
747186
762582
717266
730465
701775
714599
717231
730614
701814
719102
734029
705773
720081
719151
734033
705748
704260
689386
691488
677038
704302
689353
691430
732738
762561
746523
748281
746472
748283
732769
717370
714710
730758
701960
730713
701917
717422
719196
720082
734056
705769
734079
705787
719206
704361
677021
689454
691481
689425
691471
704386
655883
667102
640614
651615
655835
667313
640716
659582
674536
648367
662676
659640
674488
648298
644816
630076
634092
619736
644867
630045
634012
671224
698991
683137
686676
683066
686618
671298
656012
651788
667576
640938
667481
640830
656111
659631
662658
674593
648331
674540
648272
659706
644875
619723
630224
634043
630142
633978
644956
596113
605660
581152
590635
595962
605848
581301
600936
615459
591478
605623
600811
615482
591462
586530
571898
577280
563201
586343
572084
577381
610966
636495
621130
626030
621037
625932
611052
596226
590768
606064
581466
605986
581407
596295
601064
605667
615708
591644
615607
591563
601162
586667
563346
572288
577580
572216
577503
586754
536931
545261
521839
530001
536794
545322
521961
543283
557580
534715
549063
543153
557722
534843
528813
514120
520506
506416
528738
514190
520629
551854
575748
560472
566750
560466
566714
551871
537029
530030
545381
522050
545364
522051
537050
543355
549181
557881
534979
557836
534948
543368
528879
506488
514233
520761
514252
520733
528889
477801
484857
463233
469980
477752
484891
463268
485192
499587
478285
492370
485134
499654
478340
470989
456785
464476
450630
470954
456809
464497
492362
514970
499715
507211
499739
507209
492332
477816
469978
484878
463225
484898
463265
477786
485214
492428
499662
478322
499702
478365
485163
470985
450600
456714
464415
456789
464488
470911
420506
426418
406297
411951
420475
426445
406314
428705
442735
422971
436810
428680
442760
422982
414776
400797
409215
395476
414752
400809
409227
434657
455441
440804
448980
440787
448981
434681
420529
411965
426494
406341
426470
406331
420553
428704
436779
442713
422949
442747
422963
428710
414788
395481
400814
409225
400820
409226
414798
364409
369324
350448
354361
364430
369313
350224
373182
387006
368193
381846
373179
387018
368189
359463
345494
354738
341247
359466
345355
354715
378306
397812
383496
392390
383490
392372
378311
364390
354544
369270
350384
369298
350398
364362
373215
381853
387043
368210
387035
368212
373223
359464
341459
345548
354672
345575
354705
359439
715569
731866
704140
718792
715944
731505
703887
708450
718574
692102
703123
708664
718450
691975
699266
688521
683168
672924
699522
688329
683128
724925
753248
741882
737202
742022
737202
724839
715284
718628
731036
703641
731209
703721
715124
708191
702679
717943
691799
718000
691803
708123
699136
672890
688178
683139
688214
683133
699060
665739
678637
652524
664781
665731
678610
652502
664915
677216
650932
662453
664923
677108
650924
652668
640063
639439
627479
652643
640075
639474
678738
705817
692248
691569
692278
691634
678701
665759
664763
678616
652497
678626
652502
665729
664903
662454
677066
650919
677073
650915
664876
652689
627499
640066
639445
640088
639471
652660
612732
623423
599438
609514
612756
623366
599416
614694
627471
603248
615545
614708
627475
603264
601991
589196
591107
578786
602002
589189
591142
625970
650961
637140
639260
637119
639264
625974
612719
609479
623357
599391
623337
599389
612721
614695
615571
627478
603266
627485
603274
614695
601990
578803
589183
591162
589185
591170
601990
559499
568326
545803
554464
559400
568399
545856
563484
576441
553938
566621
563434
576471
553989
550437
537016
541353
528186
550400
537020
541302
572881
595806
582158
586173
582109
586147
572890
559538
554567
568503
545919
568477
545909
559538
563496
566651
576485
553908
576500
553952
563477
550463
528262
537066
541270
537045
541275
550450
504837
512349
491535
498791
504761
512504
491581
510269
523510
502508
515454
510151
523602
502607
497320
484378
490005
477453
497221
484438
490089
518405
540608
526576
532180
526511
532124
518448
504907
498865
512667
491630
512625
491624
504919
510363
515549
523743
502667
523720
502692
510355
497383
477488
484482
490155
484477
490141
497397
452094
458234
438803
444653
452114
458230
438781
458851
471724
452442
465112
458866
471745
452436
445991
432942
439918
427037
446012
432918
439913
465275
485330
471686
478488
471727
478506
465233
452068
444613
458142
438666
458210
438738
452006
458839
465136
471751
452395
471762
452426
458802
445965
426970
432815
439827
432875
439875
445912
398633
403891
385199
390278
398651
403888
385182
406627
419894
401175
414254
406656
419873
401137
393428
380111
388159
374894
393459
380085
388132
411995
431041
417404
425355
417428
425414
411967
398607
390275
403865
385156
403873
385166
398591
406584
414202
419779
401061
419829
401091
406558
393396
374874
380053
388084
380063
388104
393378
345220
349914
332226
336269
345239
349907
332069
353589
366886
348722
361889
353589
366883
348732
340434
326925
335823
322583
340434
326793
335829
358445
376802
363319
371819
363309
371822
358442
345209
336487
349890
332289
349909
332278
345181
353611
361895
366880
348767
366881
348756
353622
340441
322791
326986
335804
327015
335830
340428
651719
667312
641731
657062
651625
667379
641724
644466
652485
626857
637285
644205
652622
627215
636577
625640
620854
609965
636452
625586
620960
660137
684997
675578
670251
675560
670120
660162
651804
657097
667490
641803
667455
641756
651860
644613
637401
652601
627504
652530
627432
644659
636669
609969
625516
620918
625543
620943
636640
611978
626039
601553
614576
612228
626041
601447
606387
617085
589956
600719
606826
616788
589512
597680
587655
583216
572246
598153
587239
582679
621867
647450
636466
632167
636464
632199
621806
611795
614532
625929
601148
625970
601250
611703
606049
600615
616581
589251
616604
589212
605941
597349
572015
586773
582212
586913
582275
597141
568540
579981
556935
567977
568492
580054
556966
566947
578647
553793
564507
566929
578438
553757
557212
545074
545120
533448
557159
545063
545177
579729
603461
591506
590715
591530
590789
579673
568561
567980
580073
556926
580111
556983
568523
566970
564316
578158
553724
578267
553808
566949
557211
533585
545039
545153
545039
545267
557151
522316
531909
510418
519239
522380
531821
510470
523300
535477
511986
523954
523454
535219
511773
513106
500895
503315
491108
513056
500946
503138
533904
556356
543897
545606
543933
545668
533855
522306
519311
531848
510536
531834
510537
522225
523142
523796
535010
511685
535075
511698
523086
513112
491207
500880
503025
500923
503041
513046
475503
482749
463340
470363
475384
482841
463407
478601
490780
468675
481141
478520
490945
468849
468034
455480
459054
446449
467913
455517
459074
487282
507477
494913
499276
494927
499291
487336
475577
470387
482934
463530
482902
463464
475605
478653
481104
491017
468900
491065
468967
478643
468071
446651
455338
459099
455482
459099
468061
427555
433843
415024
421030
427602
433823
414950
432375
445060
423844
436485
432472
445054
423794
421290
407941
413825
400469
421350
407898
413678
439525
458518
445905
451841
445929
451834
439524
427503
420975
433748
414865
433793
414886
427450
432263
436415
445002
423834
445032
423830
432164
421196
400547
407721
413553
407815
413595
421138
376922
382744
363823
369478
376864
382743
363931
382905
396703
376105
389707
382789
396721
376107
371327
357251
365143
351709
371215
357408
365175
389712
408569
395434
402586
395463
402625
389680
376951
369480
382720
363947
382732
363976
376935
382948
389599
396704
376219
396717
376192
382953
371411
351802
357613
365205
357542
365237
371430
326783
331282
314231
317736
326726
331329
314146
333125
346464
327348
340791
333073
346532
327338
322247
309302
317214
304607
322220
309302
317121
338969
356865
343875
351676
343855
351658
338966
326802
317957
331343
314303
331354
314366
326770
333151
340684
346680
327475
346630
327446
333215
322223
304933
309610
317006
309638
317037
322229
)
;

boundaryField
{
    inlet
    {
        type            zeroGradient;
    }
    outlet
    {
        type            fixedValue;
        value           uniform 0;
    }
    seabed
    {
        type            zeroGradient;
    }
    top
    {
        type            zeroGradient;
    }
    side1
    {
        type            zeroGradient;
    }
    side2
    {
        type            zeroGradient;
    }
    submarine
    {
        type            zeroGradient;
    }
}


// ************************************************************************* //
