/*--------------------------------*- C++ -*----------------------------------*\
  =========                 |
  \\      /  F ield         | OpenFOAM: The Open Source CFD Toolbox
   \\    /   O peration     | Website:  https://openfoam.org
    \\  /    A nd           | Version:  10
     \\/     M anipulation  |
\*---------------------------------------------------------------------------*/
FoamFile
{
    format      ascii;
    class       volScalarField;
    location    "5.1";
    object      p;
}
// * * * * * * * * * * * * * * * * * * * * * * * * * * * * * * * * * * * * * //

dimensions      [0 2 -2 0 0 0 0];

internalField   nonuniform List<scalar> 
12920
(
393981
704749
607941
607589
545204
507137
451566
412567
364600
328067
287359
253427
216574
184639
151744
122388
94142.9
68871
49468
33210.5
1.0966e+06
857230
673341
619502
545933
506495
445889
408452
358934
324408
283452
250313
214293
182900
150339
121088
92854.9
67366.8
47825.2
31672.5
1.00947e+06
873942
662090
612524
537184
496113
439812
401800
353659
318459
277931
245120
209566
178705
146985
118276
90182
64737.6
45462.2
30089.2
730653
810868
665891
603298
525543
482685
422793
388206
340861
307815
268394
236464
201834
171797
141148
113386
86235.8
61523.1
43040.6
28789.7
474108
678528
579980
560225
496209
455386
404989
369980
326714
294248
256327
225176
191946
163243
134268
107594
81800
58276.4
40868.2
27852.8
554400
686157
545406
545225
465581
432377
380080
347764
306393
275161
240219
210442
179689
151904
124717
100034
76366.5
54399.5
38574
26946.7
438156
635674
457565
475972
423393
397544
354708
324455
285819
256227
222974
195096
165709
139912
113927
91652.3
70482.9
50429.8
36188.6
26207.5
635048
590951
498339
469164
400253
372123
342288
307354
273199
242145
212052
184447
157570
132856
102416
82763.7
63934.8
45889.4
33577
25271.6
264575
512465
403665
407983
351394
348571
322422
288089
253164
223709
196391
170524
145632
123261
96537.2
73486.9
57312.4
41016.2
30729
24177.6
649742
581284
420674
401022
331711
317968
287390
254351
223688
196789
172861
149904
128343
109461
86535.4
64410.3
50456.8
36064
27534.9
22821.3
734225
635021
367747
362922
283500
281721
247967
217375
191061
167675
147082
128534
111208
94857.1
73944.6
55298.7
43538.9
31117.6
24459.9
21633.6
576521
558285
341585
325292
251636
246960
206834
173547
154359
136628
120581
106164
93372.9
79365.7
63162.5
46924.3
37105.1
26492.2
21647.7
20561.6
215368
431256
186589
213543
160574
159885
152596
129390
108854
99347.9
88906.4
80309.5
71834.7
63461.2
49394.9
40263.9
31536.9
22715.1
19150.1
19714.4
300887
326933
151024
165939
97297.8
107181
76960.6
79967.2
62289.8
60806.2
54284.5
53834.3
50861.8
47885.7
41078.8
33792.3
26682.1
19249.1
17038.1
19026.5
-9018.62
133685
-52199
23999.2
6665.4
34420.4
36135.8
44407.8
43887.3
44845.9
42841.8
42703
40332.9
37630.9
33472.6
28180.1
22466.7
16336.9
15388.7
18538.7
-653613
-140167
-141875
-56770.4
-51219.6
-16297.1
-9882.65
11185.2
16166.3
26245.5
28928.4
31849
30634.1
29270.6
26583.9
22995.4
18628.5
13843.3
13984.4
18163.4
-767246
-311313
-276697
-167212
-127138
-70881.6
-45857.3
-17039
-3735.54
10730.4
16616.9
21530.1
22270.6
22721.1
21331.5
18844.4
15715.9
12057.7
13119.9
18062.2
-586272
-344818
-352865
-233489
-178768
-112097
-78377.7
-42322.8
-24049
-4713.96
3875.61
11952.2
14607.5
16757.6
16317
15070.4
12964.7
10356.4
12633.8
18192.8
-1.0049e+06
-525103
-476440
-296474
-226082
-144390
-100854
-57463.2
-35590.4
-13967
-3311.84
6362.86
10233.4
13250
13511
12622.7
11085.4
9352.72
12209.9
18514.2
-722266
-521460
-455851
-308938
-239018
-157757
-111767
-67194.2
-42834.2
-19602.9
-7855.69
2710.89
7429.16
10961.6
11695.6
11193.9
9888.58
8646.56
12304.7
19250.8
493858
718785
608231
608608
544816
507450
451550
412664
364585
328159
287305
253463
216632
184714
151754
122392
94025.2
68680
49267.6
32962.2
987849
833557
667726
617994
545905
506622
446087
408741
359146
324645
283515
250469
214290
182923
150362
121134
92769
67146.2
47486.4
31232.3
809331
856935
660932
611015
537484
495821
439668
401994
353758
318649
277960
245189
209524
178802
147067
118301
90131.8
64519.2
45071.6
29485.9
632706
793409
665580
603712
525668
482560
422635
388294
340695
307885
268229
236454
201824
171908
141150
113415
86188.8
61292.9
42602.7
28125.6
398896
676973
580792
561333
495356
455506
404550
369966
326466
294230
256264
225239
191919
163232
134173
107597
81741.3
58013.6
40382.6
27115.6
579732
690833
543748
544286
465580
432623
380153
347658
306132
275157
240213
210506
179664
151898
124680
100034
76305.9
54132.6
38061.8
26187.5
363116
605473
454245
473218
422789
397777
355261
324790
285970
256359
222981
195160
165659
139874
113967
91703.7
70470.1
50185.3
35698.3
25453.9
536573
575341
494080
468217
400879
372705
341646
308394
273311
242268
212186
184475
157750
132833
102488
82832.1
63914.2
45633.6
33064.7
24556.8
313237
483736
401098
408093
350830
349631
322558
287769
253490
224064
196428
170522
145735
123460
96570.5
73645.1
57286.6
40731.1
30220.7
23480
591889
556464
418660
399621
331575
319893
288056
254545
223794
196967
172765
149915
128210
109510
86468.5
64561.9
50436.5
35782.8
27042.5
22188.7
637988
623942
365852
362294
283443
281918
248103
217941
191164
167627
146944
128516
111081
94859.3
73862.6
55471
43537
30868.6
23929.9
20891.9
654228
556368
343070
326213
251596
247072
206790
175274
154665
136632
120548
106130
93481.9
79441.2
63083.4
47119.2
37097
26212.6
21058.7
19740.4
267855
435907
190059
218261
160181
160282
152149
128869
109543
99077.9
88571.2
80217.8
72009
63481.3
49524
40345
31510.9
22370.2
18551.4
18839.9
308164
335615
155767
161919
97340.7
107437
77306.9
79978.3
62109.9
61206.2
54552.8
54592.7
51347.3
47945.7
41100.5
33827.1
26628.4
18872.7
16422.5
18130.2
-55968.5
101809
-50060.1
23144.6
4996.78
34811.5
34023.3
44133.6
42923
44445.7
42693.1
42712.2
40416.6
37688.6
33540.7
28223.8
22399.5
15970.7
14766.9
17601.5
-516475
-139452
-136240
-58122.2
-51836
-14773.2
-9930.42
11229.9
15951.9
26253.8
28365.1
31335.8
30212.7
29265.8
26658.8
23029.8
18570.3
13505.2
13368.1
17288.1
-615734
-290871
-278167
-167917
-128265
-71108.1
-46109.7
-16730.5
-3763.12
10747.1
16608.3
21465.9
22151.9
22686.4
21308.3
18873.3
15693.7
11741.2
12499.9
17195.9
-501443
-334047
-350464
-231014
-178797
-112010
-78795.4
-41757
-24010.2
-4640.1
3865.42
12015.7
14621.1
16792.4
16363.2
15088.2
12930.7
10078.4
12037.7
17452.8
-1.06047e+06
-522437
-479708
-294297
-227379
-143622
-100977
-57700.8
-35631.9
-13807.7
-3289.67
6445.13
10253.2
13290.9
13573.1
12653.2
11018.9
9006.47
11724.7
17919.5
-748676
-512380
-462531
-309225
-239209
-157886
-111680
-66954.3
-42684.4
-19371.8
-7759.97
2789.06
7409.36
10906.9
11603
11109.8
9756.82
8392.02
11934.3
18786.7
509265
770721
603483
608257
545079
507849
451568
412846
364562
328193
287242
253530
216642
184770
151785
122384
93918.8
68438.2
48920.2
32489.1
865399
812822
664620
616592
546300
507155
446703
409667
359680
325074
283707
250738
214320
183036
150401
121189
92642.4
66782.3
46901.2
30332.6
874395
864152
664717
609696
538025
495778
439730
402451
353945
318952
277982
245310
209514
178952
147089
118376
90042.9
64126.2
44359.4
28431.9
801341
796147
672992
607583
525189
482562
422079
388365
340446
308034
268032
236498
201806
172009
141204
113474
86110.7
60915.7
41830.9
27018.8
640111
701463
591352
563809
495474
456048
404451
370107
326267
294297
256192
225377
191901
163269
134093
107630
81663.4
57618.4
39581
25970.3
669703
700352
550671
545393
464372
433017
380205
347648
305899
275257
240215
210640
179612
151916
124696
100037
76208.6
53709.5
37238.3
25018.6
478428
596829
466194
478019
423741
398205
355837
325376
286210
256579
222918
195194
165685
139957
114081
91782.3
70441.3
49789.3
34897.6
24287.6
559377
553946
489870
468007
400868
373432
341574
309259
273806
242628
212440
184534
158000
132994
102614
82962.6
63869
45216.5
32261
23403.8
210434
449956
403147
411301
351941
352361
322699
287965
254186
224638
196573
170756
145775
123808
96989.3
73845.1
57209.8
40243.3
29355.8
22365.2
434902
530431
420226
397986
333525
321800
289580
254992
224287
197240
172797
149804
128578
109675
86670.6
64792.2
50389.1
35247.1
26187
21059.1
816861
621294
373699
359137
283669
282087
249374
218602
191376
166595
146559
128726
111073
94832
74063.2
55711.3
43546.7
30394.6
23030.4
19689.7
699920
571624
347387
326515
251275
246310
206582
176902
155242
136615
120206
106050
93211.7
79538.9
63551.8
47421.5
37093
25664.8
20098.6
18490.3
306059
451083
195137
222640
160949
160277
151047
128897
110649
99052.4
88446.7
80320.6
72161.3
63642.7
49746.8
40470.7
31473.3
21786.2
17564.7
17512.1
211968
334957
153900
156541
100161
105796
79703.8
80342.8
62052.4
61314.4
54777.7
55034.5
51505
47950
41148.2
33889.1
26546.7
18276.9
15385.6
16732.2
-102801
96370.1
-46283.2
20473.8
4927.68
35446.2
31637.8
43722.5
41878.5
44099.2
42484.4
42686.8
40434.6
37750.7
33641.7
28281
22284.3
15376
13707.7
16177.5
-452183
-133020
-134967
-60487.8
-51272
-12596.1
-9350.52
11649.4
15117.2
26097
27699.3
30912.1
29900.3
29279.6
26738.5
23086
18433.3
12915.8
12303.4
15846.1
-515751
-295836
-279286
-167602
-128342
-69787.8
-46257.6
-16276.3
-3836.44
10828.2
16353.1
21324
21973.4
22664.2
21335
18907.5
15549.4
11146.9
11430.3
15735.6
-598353
-339919
-354279
-227519
-179376
-111108
-79181.1
-41223.8
-23955.8
-4416.83
3847
12126.9
14636.7
16845.1
16445.6
15146.7
12838
9549.74
11012.2
16078.3
-1.04735e+06
-508725
-479244
-290272
-229116
-143508
-101391
-57519.7
-35560.4
-13512.4
-3230.82
6654.68
10432.4
13401.6
13661.3
12711.6
10850.3
8500.2
10837
16729.8
-738540
-484146
-462392
-308312
-239120
-157349
-111404
-66397.3
-42379
-18928.5
-7614.08
2894.18
7244.97
10841.8
11478.6
11010.5
9630.07
8005.46
11309.6
17917.9
722804
758836
611086
606180
544606
508007
451803
413151
364525
328399
287159
253623
216652
184829
151769
122383
93815.3
68158.8
48479
31860.7
687536
790211
655210
613091
546945
507961
447669
410775
360078
325453
283783
251015
214333
183223
150476
121288
92525.5
66364.2
46141.1
29087.4
708292
865661
660752
607815
538469
496046
439995
402911
353978
319288
277950
245477
209517
179121
147026
118381
89961.9
63633.2
43471.2
27093.1
676440
773671
676645
606835
524911
482572
422124
388506
340133
308213
267870
236582
201789
172123
141287
113567
86027.9
60478.7
40892.6
25639.4
629393
695290
592821
564331
495622
456578
404341
370291
326147
294538
256137
225560
191895
163319
134074
107676
81601.6
57181.3
38632.6
24588
536587
697430
557814
543636
464639
433451
379284
347754
305766
275457
240221
210796
179607
151971
124734
100139
76105.1
53223.2
36267.3
23598.7
424095
615014
465965
482596
424523
398625
356414
326080
286447
256807
222848
195245
165727
140169
114247
91920.3
70422.3
49337.9
33908.9
22872.2
461789
527913
485589
466590
399704
374156
341872
309956
274688
243051
212838
184708
158250
133331
103187
83196
63828.6
44728.4
31243.2
21954.9
259138
442423
405101
410276
355480
354534
323013
289018
255126
225282
197004
171105
145998
124076
97340.3
74171.3
57076.8
39663.3
28271.6
20900.6
373997
500135
419795
395461
335142
323412
291199
255570
224942
197644
172943
149775
128736
109852
87108.2
65153.2
50314.4
34596
25090.4
19519.1
815730
623825
371249
355537
286067
283190
251172
219240
191704
167179
146695
128416
111031
94740.8
74611.2
56074
43554.3
29777.9
21917.9
18151.2
703464
572947
349343
321514
249615
244244
206943
178387
155881
136676
120000
105958
93019.7
79714.6
64518
47923.7
37105.9
25056.8
18946.8
16913
267610
462447
198515
223545
162973
158993
150523
129461
112563
99426.6
88698.2
80616.4
72442.7
64068.6
50048.8
40634.9
31402
21125.5
16400.4
15889.2
474432
339299
164339
153656
104344
105300
81309.6
80611.1
63646
61202.9
55167.2
55072.6
51299.9
47823.2
41164.2
33944
26378.9
17592.8
14176.2
15058.1
-202772
81792.4
-44786.7
16282.8
5714.23
35289.2
31601.6
43546.7
41290.3
44138.3
42294.6
42625.8
40359.6
37780.7
33745.8
28289
22051.2
14675.5
12431.6
14470.9
-456105
-126361
-132451
-63887.8
-50401.6
-11913.2
-9077.21
11658
13518.1
25927.5
27190.5
30709.1
29729.3
29328.4
26779.7
23073.9
18231
12199.6
11005
14076.4
-580209
-314917
-282232
-169269
-129685
-69329.2
-46530.4
-15713.5
-3920.54
10939
15994.2
21261.2
21951.9
22695.3
21339.4
18884.7
15322.7
10397.9
10110.2
13946.6
-609907
-337678
-345005
-223567
-179441
-110215
-79220.6
-40441.1
-23892.8
-4230.95
3598.16
12176.5
14646.9
16910.4
16576.7
15228.8
12714.6
8880.14
9701.31
14284
-1.10065e+06
-467090
-479327
-286429
-230212
-143073
-101501
-56965.6
-35427.8
-13185.1
-3185.38
6821.63
10397.2
13521.2
13662.8
12693.2
10686.4
7816.98
9592.01
14921.4
-882797
-489358
-468329
-309363
-239229
-156545
-111027
-65606.7
-42023.9
-18415.4
-7671.32
2908.7
6972.3
10818.7
11417.7
10952
9503.87
7538.55
10467.3
16715.8
826952
779104
613440
605357
545252
508338
451961
413487
364409
328515
287088
253734
216644
184912
151713
122412
93770.1
67961
48136
31103.5
620180
786024
650218
612033
547825
508717
448210
411578
360134
325912
283704
251264
214307
183432
150512
121367
92426.8
65945.5
45461.2
27723.5
778340
864268
663719
605562
538558
496189
440023
403270
353885
319677
277895
245766
209524
179396
147084
118536
89922.9
63103.9
42622.7
25667.4
887240
784248
676900
607898
524476
482366
422519
388597
340133
308401
267917
236680
201799
172216
141359
113640
85992.2
60149.1
39921.1
24155.2
563348
694271
597470
565722
496092
457222
404611
370625
326088
294987
256095
225807
191918
163387
134098
107729
81606.4
56843.9
37680
23127
487597
698225
559362
543294
464936
432960
378536
347770
305955
275632
240301
210932
179741
152062
124848
100260
76064.8
52852.6
35312.7
22076.7
380841
572039
464521
487712
424961
399228
357262
327046
286437
257010
222908
195347
165796
140461
114471
92069
70455.1
48973.2
32868
21369.8
416285
512323
483782
465189
399567
374677
342152
310661
275401
243363
213410
184940
158534
133820
103978
83388.3
63865.2
44323.4
30131.5
20354.9
258894
431081
406781
410376
358553
355531
323481
290204
256306
226060
197734
171513
146652
124534
97864.8
74629.2
56968.6
39173.4
27132.9
19255.1
285829
488137
420329
393987
335667
324353
292507
256202
225600
198023
173055
149900
128880
109988
87786.7
65585
50286.1
34033.4
24016.5
17772.7
664882
613717
370824
353250
287468
283252
253026
219831
192095
168168
147216
128529
110910
94733.9
75493.5
56453.7
43592
29325.3
20838.7
16388.5
752776
584258
349354
319815
248254
241732
208120
179731
156557
136899
120072
105830
92820.1
79851.7
65905.1
48494.9
37093.6
24654.6
17897.8
15105.8
219524
416484
197994
222675
165336
157788
150093
130546
114047
100490
89341.1
80870.6
72857.8
64603.9
50228.9
40769.4
31291.3
20673.2
15383.7
14081
374039
332382
156482
151873
105676
106283
83588
79828.9
65361
61535.8
56569.4
55023.5
51004.1
47490.3
41117.7
33920.3
26247.9
17134.3
13173.6
13268
-192502
76843.7
-44179.4
12978.8
7080.75
34378.2
33629.8
43544.1
41950.6
44442.9
42306.5
42481.2
40039.1
37750.6
33818.9
28246.8
21883.6
14173
11369.9
12663.3
-472914
-127461
-132365
-68848.6
-50145.8
-12756.2
-9146.7
11279.1
13497.6
26033.2
26992.5
30718.7
29683.9
29348.7
26718.3
22929.8
18057.3
11674.5
9874.68
12240.1
-595478
-319968
-279283
-173562
-128200
-69249.3
-45360.3
-14919.9
-4029.63
11051.2
15861.6
21396.5
22165.3
22739.3
21214.6
18736.7
15091.1
9816.56
8921.01
12048.9
-606786
-357763
-343504
-224642
-177643
-109707
-78136.4
-39458.8
-23792.1
-4215.52
3179.46
12071.6
14468.8
17033.5
16674.1
15255.4
12647.3
8374.57
8469.26
12244.3
-966271
-476124
-478581
-286569
-227502
-141803
-100890
-56343.5
-35259.3
-12971.5
-3206.61
6836.88
10144.8
13497.3
13533.5
12601.3
10506.4
7188.09
8351.76
12916.8
-860596
-479496
-467445
-308654
-239478
-155781
-110642
-64665.8
-41722.5
-17823.5
-8011.12
2929.13
6741.04
10833.7
11383
10924.2
9378.23
6999.67
9555.99
15292.5
178806
174282
159281
197514
179001
174313
159536
155463
153898
138771
172932
155439
154019
138981
151520
144550
131206
166808
151638
144608
131049
134714
127022
115384
146602
134783
126867
115333
297697
298151
271165
322819
297651
298692
271341
262231
262826
238909
287779
262514
262971
239008
231519
231414
210367
253345
231806
231499
210412
204098
203769
185184
223921
204154
203901
185133
177734
179027
161133
196423
177731
178992
161081
152475
155225
138419
170527
152539
155272
138161
129304
132910
118017
145721
129450
132650
118037
106909
113124
98887.6
123361
106837
113196
98737
262516
257517
234529
287802
262590
257894
234994
230980
227481
206181
254455
231047
227740
206259
203297
199551
180956
223724
203277
199606
181003
178803
175131
158812
196895
178764
175162
158834
155557
153639
138775
172791
155543
153627
138754
133755
133981
119803
149931
133407
133970
119741
114141
115299
102746
128163
114157
115408
102773
95300
98640.2
85597.2
109488
95154.1
98656.9
85486.6
224183
218243
191338
248144
224600
218461
192179
197398
184959
169007
217779
197480
185910
169303
173201
164024
149281
191124
173208
164145
149280
151957
144616
131352
167652
151937
144590
131375
133047
127279
115498
147010
133034
127283
115485
115347
111764
101361
128521
115333
111759
101446
98838.7
98104.9
86912.5
111108
98847.6
98071
86836.7
82165.6
83340
72278
94857.2
82018.6
83366
72061.9
179434
175306
153635
206945
180467
175187
153202
158696
146540
127838
174804
159114
145926
127825
140941
124090
115270
154544
140932
124312
115224
124333
111909
102808
136625
124313
111875
102515
109636
99668.5
91824.4
120575
109550
99478
91540.5
96418.3
88963.4
81540.3
106133
96528.7
88806.2
81304.7
83085.6
78963.2
71182.1
93515
82840.2
78821.1
71228.2
68743.4
68293.3
58748.4
79418.2
68539.9
68311.3
58542.7
297612
298734
271396
322853
297297
299770
271590
262716
263058
239082
287810
263245
263363
239434
231996
231591
210517
253995
232417
231997
210787
204168
203979
185111
224498
204264
204226
185116
177711
178981
161105
196533
177767
179032
161127
152526
155304
138057
170694
152481
155295
137859
129496
132619
118059
145769
129619
132803
118186
106964
113238
98767.3
123737
107028
113408
98756.7
262658
258274
235193
289248
262955
260200
235769
231118
227882
206312
254868
231455
228260
206580
203341
199663
181031
224144
203632
199866
181037
178747
175144
158870
197184
178771
174337
159246
155540
153618
138796
172763
155483
153886
139396
133309
133976
119775
149812
133216
133877
119904
114179
115436
102792
128483
114292
115505
102833
95175.9
98671.5
85544.3
109625
95095
98708.2
85522.7
224794
218297
192512
249124
225496
218028
193560
197530
186246
169431
218435
197742
187279
169857
173220
164219
149272
191320
173190
164501
149285
151905
144581
131367
166977
151554
144565
131278
133082
127266
115462
146614
133614
127114
115391
115318
111758
101457
128488
115347
111744
101275
98853.6
97963.8
86826.1
111069
98845.9
97738
86811.3
82056
83366.3
72084.3
94849.3
82018.9
83367.3
72011.5
180956
174997
152934
206676
182303
174905
152389
159312
145703
127858
176517
159885
145424
128172
140926
124426
115195
155088
140929
124873
115040
124281
111871
102325
136627
124066
111707
101620
109503
99374.2
91419.1
120319
109342
98867.8
90982.4
96542
88739.5
81240.1
106075
96422.6
88446.8
81040.7
82815.5
78809.9
71176.2
93257.5
82793.6
78750
71037.1
68589.2
68305.6
58583.4
79509.4
68561.3
68294.9
58490.3
297366
299875
271675
323095
297742
300710
272014
263458
263483
239587
288681
264104
263900
240111
232534
232158
210886
254885
232917
232702
211258
204294
204311
185151
225118
204488
204659
185381
177771
179080
161121
196881
177937
179266
161084
152445
155287
137813
171022
152320
155254
137901
129644
132860
118252
145909
129716
133032
118454
107225
113476
98881
123996
107326
113693
99047.3
263081
260755
235966
290892
263521
262671
236549
231597
228394
206663
255414
232087
228827
206951
203710
199930
180929
224771
204034
200198
181008
184517
190959
190345
197299
184332
191007
190455
160635
167000
166460
172861
160705
167012
166485
133293
134114
119949
149786
133508
134198
119984
114340
115526
102827
128711
114489
115533
102753
95170.7
98703.3
85629.4
109813
95226
98639.8
85708.4
225736
217956
193911
250742
226408
218728
194944
197822
187617
170004
219087
198090
188584
170462
173072
164608
149287
191607
173126
164969
149389
152996
162556
158994
168156
153834
162765
158509
136050
141389
140344
145178
136000
139844
140215
115359
111737
101217
128785
115307
111702
101068
98827
97686.8
86813.6
111057
98744.1
97566.9
86843.8
82094
83373
72137
94756.6
82185.1
83418.6
72277.7
182710
174724
152240
206760
183865
174581
152356
160077
145543
128360
178019
160652
146484
129234
140933
125109
115014
155717
141012
126021
114993
123952
111689
101413
136642
123698
111687
100907
109288
98747.7
90896.9
120013
109167
98528.1
90702.5
96358.2
88452.9
80995
105983
96172.7
88584.8
80798
82796
78757
71028.4
93075.1
82853.5
78752.7
71021.2
68703.8
68323.8
58624.5
79663.4
68932.1
68508.6
58858.1
297928
300806
272145
323502
298336
301374
272591
264330
264060
240302
289965
265038
264573
240885
233016
232899
211410
256050
233370
233507
211852
204543
204802
185454
225879
204793
205185
185549
177950
179307
161079
197585
177973
179416
161126
152276
155246
137964
171409
152414
155326
138207
129744
133087
118490
146454
129763
133283
118536
107517
113754
99233.4
124341
107621
113876
99428.3
263686
263219
236731
292314
264174
264820
237222
232258
228975
207058
256051
232760
229395
207382
204179
200307
181261
225445
204533
200618
181617
179020
174573
159517
197939
179081
175684
159346
155432
154044
139409
173017
155501
153894
138909
133566
133906
119964
149849
133702
134020
119910
114519
115519
102740
128844
114613
115460
102681
95387
98619.7
85876.3
109958
95638.5
98596.1
86158
226610
219045
195275
252713
227149
220469
196196
198189
188886
170616
219680
198493
189713
171082
173369
165098
149458
191993
173698
165505
149664
151772
144666
131048
168053
152260
144831
131111
133574
126867
115297
147132
133164
126943
115237
115279
111677
101023
128569
115198
111595
100883
98719.1
97531.9
86856.4
110948
98697.2
97469.2
86939.4
82344.7
83443.2
72479.1
94725.4
82673.1
83557.1
72742.7
184229
174317
152446
208095
185308
174398
153178
160843
146858
129620
179440
161409
147735
131098
141059
126401
115017
156382
141208
127684
115247
123673
111756
100819
136820
123683
112183
100795
109143
98554.4
90656.2
120038
109056
98824.9
90521.4
96101.1
88620.1
80704.6
105856
95879.7
88717.2
80501.3
82884
78747.9
71043
92879
82919.9
78814.4
70975.7
69174
68604.7
59116.3
79833.6
69472.3
68867.4
59577.3
298449
301413
272730
323768
299178
301369
273004
265249
264740
241054
290523
266029
265069
241375
233467
233681
211987
256672
234069
233998
212294
204846
205300
185600
226174
205356
205553
185744
177967
179464
161159
197861
178246
179552
161217
152487
155378
138327
171455
152982
155441
138484
129811
133357
118563
146793
130146
133450
118620
107826
113912
99658.7
124576
108289
113979
99980
264317
265099
237374
292415
264649
264893
237827
232906
229529
207491
256502
233218
229869
207846
204634
200723
181720
225948
204893
201090
182019
179117
175798
159344
198250
179206
176050
159360
155549
153917
138860
173150
155621
153967
138854
133767
133993
119892
149963
133775
133921
119732
114634
115427
102661
128853
114647
115265
102718
95865.4
98604.9
86410.6
110065
96263.6
98658
86711.4
227321
220724
196470
253180
227866
220608
197043
198601
189956
171243
220236
198989
190456
171679
173809
165651
149743
192486
174144
166087
150031
152337
144897
131137
168436
152431
145144
131228
133085
126972
115227
147328
133071
127062
115208
115171
111567
100815
128438
114994
111501
100607
98695
97407.1
86939.9
110733
98731.7
97218
86935.4
82910.7
83581.3
73035.6
94801.7
83197.9
83636.2
73354.5
185642
174064
153379
207983
186319
173278
153751
161625
147940
131544
180202
162081
148168
132617
141279
128019
115380
156963
141609
128273
115882
123720
112340
100943
137177
123861
112336
101567
109037
98933.9
90487.5
120169
109037
98932.8
90738.4
95799.9
88675
80437.2
105778
95629.1
88444.9
80667.9
82911.1
78841.2
70866.2
92660.8
82910.6
78690.6
71015.7
69740.5
68900.5
59935.5
79914.1
70123.1
68818.2
60329
178357
184809
172387
178866
178230
184863
172480
175814
182004
170532
174923
176084
181847
171448
171091
165719
164794
160911
171020
165969
166599
184621
197389
191192
190586
191086
190537
184610
178440
178944
185012
172564
184936
172551
178454
175934
174977
182184
170789
181894
171679
176366
171198
160930
165914
165071
166038
166604
171251
154686
161202
149493
155450
154925
161198
149308
155391
160274
148461
155284
155046
160555
149456
150703
145148
142821
137522
150352
145185
144233
160633
172919
167003
166553
167009
166527
160716
154661
155443
161176
149456
161187
149289
154852
155426
155254
160404
148500
160588
149395
155096
150644
137527
145327
142717
145230
144123
150352
149104
157013
144867
150206
149450
156055
144682
147725
152473
139913
144541
147595
152563
139882
142834
138208
135506
131120
142810
138158
135454
153031
168381
162826
159072
163097
158528
154054
149127
150264
157119
144924
156076
144666
149566
147774
144561
152577
139912
152610
139883
147696
142845
131067
138137
135429
138133
135429
142825
132775
136402
128146
131287
132211
133465
128500
129078
133693
122983
126929
129290
133571
122900
124588
120958
119140
115367
124996
120669
119092
136006
145180
141369
140284
139842
140153
135915
132777
131120
136254
128222
133160
128579
132199
129000
126879
133536
122834
133524
122851
129121
124500
115348
120894
119045
120616
119058
124830
328672
333505
313714
342381
328844
333880
313998
292619
297907
278244
307873
292646
297631
278252
259655
262648
244870
273220
259646
262734
244959
229634
232471
216177
242148
229673
232650
216132
200324
203956
188170
212106
200345
203994
188100
173352
177396
161862
184465
173355
177429
161870
146988
151657
137168
157635
147037
151686
137151
123048
128508
113793
132804
123039
128664
113742
332406
335599
312789
349091
333016
336146
313360
305964
315714
316346
322282
315733
316188
305998
270690
279973
280796
287953
279908
280741
270749
238152
246679
246975
253165
246710
247011
238148
210282
218091
217987
223734
218111
218063
210278
184118
191217
191619
196400
191232
191641
184132
158996
165458
166410
170527
165462
166413
159030
135358
141013
142313
145650
141031
142391
135320
114551
118868
120916
123259
118912
121157
114498
90410.5
93967.7
82546.1
96492.8
90378.6
93938.4
82485.7
291108
302992
273612
318957
291769
303249
274366
269639
278832
279083
287427
278913
279221
269511
237963
246246
245877
254353
246245
245898
237955
209074
216668
215871
223668
216644
215857
209094
183697
190674
189618
196791
190696
189631
183663
161031
167090
166590
172849
167074
166578
161048
139454
144488
144648
149919
144494
144657
139454
119336
123287
123881
128288
123283
123842
119218
101531
104951
105912
109465
104954
105915
101522
77603.1
80281.7
72747.4
86484.5
77593.4
80236.1
72733.5
252405
263051
235822
281848
252911
263345
235740
229505
238677
238335
247818
238666
238302
229275
200742
210624
207089
217470
210674
207204
200663
176547
184895
182389
191071
184903
182397
176540
154928
162241
160086
167672
162224
160079
154938
136065
142326
140583
147074
142310
140574
136070
118819
124041
123017
128535
124031
123024
118816
102751
106897
106955
111159
106855
106897
102815
87222.9
90842.2
91096.4
94855.5
90846.3
91090.9
87225
66917.3
68090.7
60828
73869.5
66898.6
68034.6
60799.6
211113
218939
192612
247140
211302
219250
192895
187296
195264
198773
206941
195441
198672
187184
158503
167900
164706
173842
168205
164689
158456
140548
149912
144767
154383
149914
144847
140528
124541
132343
128864
136624
132334
128855
124548
110255
116864
114026
120584
116851
114025
110270
97272.3
102773
100765
106152
102762
100744
97302.9
85595.6
90187.9
88821
93416.8
90198.1
88844.2
85575.6
72267.6
75959.9
76001.2
79372.3
75994.4
75952.3
72248.4
54195.2
55340.4
52438.9
63092.1
54120
55224.7
52421.2
140103
127599
121489
152623
139820
127633
121591
111373
108982
98467.5
129189
111192
109017
98448.7
101001
91256.8
87219.4
109173
100921
91029.5
87131.3
90489.8
82181.3
78070.7
99218.1
90057.6
82000.3
77533.6
81645.6
73889.9
71847.9
88765.9
81398
73674.5
71772.4
72775
68094.6
65115.4
80271.2
72651.5
67991.6
64910.7
64481.7
61557
58992.1
71931.2
64290.6
61494.3
59081.1
54722.6
55529.8
53089.9
63443.1
54600.6
55600.7
52987.6
329024
333678
314115
341879
329282
334211
314476
292879
297686
278345
308758
293103
298064
278473
259781
262937
245155
273533
259962
263412
245316
229751
232942
216099
242397
229824
233205
216067
200373
204060
188028
212333
200437
204209
187988
173370
177498
161848
184486
173403
177602
161781
147148
151729
137077
157901
147241
151812
137013
123186
128803
113840
132900
123084
128927
113734
333337
336598
313792
351429
333779
338617
314542
305812
315606
316528
322799
305825
315627
316918
270579
279842
280533
287710
270568
279836
280491
238573
247201
247397
253629
238439
247380
247568
210410
218357
218460
224204
210376
218462
218604
183982
191275
191731
196463
184012
191306
191768
158955
165449
166461
170565
158932
165474
166541
135064
141095
142474
145764
135160
141123
142462
114890
119183
121737
123569
114802
119281
121868
90624
93994.4
82591.3
96717.9
90548.7
94214.7
82516.3
292569
302816
274158
321078
293657
303566
274793
270766
279242
280288
288448
270475
279448
280770
238253
246462
246100
254645
238157
246569
246194
209179
216729
215964
223890
209118
216818
216037
183918
190812
189837
197045
183848
190849
189940
160902
166956
166492
172750
160941
166925
166470
139169
144369
144603
149878
139249
144283
144521
119606
123645
123980
128295
119574
123741
124059
101587
104979
105954
109541
101567
104996
105980
77741.9
80279.9
72937.8
86551.2
77765.3
80362.1
72942
253085
263318
235192
282313
253160
263752
234524
229703
239199
238553
248476
229615
239476
238723
201327
210947
207721
218103
201173
211054
207936
176641
184995
182468
191213
176608
185040
182509
154695
162138
159964
167616
154784
162200
159878
135978
142091
140495
146845
136007
141867
140453
118805
123971
123046
128446
118813
123940
123045
102587
106870
106742
111065
102604
106878
106699
87212.7
90869.8
91067.3
94860.7
87213.3
90875.5
91059.3
67104.1
68031.6
61008.5
73939.2
67133.5
68134.5
60988
210999
219066
192481
247056
211072
219261
192249
186994
195497
198780
206765
187063
195547
198866
159357
169450
165437
175711
159111
169799
165784
140745
150003
145183
154798
140680
150062
145327
124436
132295
128861
136636
124481
132271
128868
109958
116751
113953
120496
110094
116691
113853
97097.2
102771
100562
106123
97129.9
102768
100521
85630.9
89974.4
88902.2
93387.7
85686.7
89884.6
88904.8
72296.2
76046.9
75905.3
79462.9
72293.2
76050.4
75916.1
54231.7
55161.9
52627.4
63251.8
54138
55208.2
52587
139269
127156
121629
151928
138376
127037
121396
110998
108959
98584.4
128860
111109
109169
98823.1
100842
90958.7
87032.7
110012
100790
91003.6
86987.7
89480.6
81794.2
76709.6
99016.6
88971.4
81569.4
76234.2
81092.6
73351.1
71641.9
88469.2
80880.4
73082.6
71499.9
72388.9
67893.9
64791.8
80196.8
72050.5
67923.9
64877.4
64060.4
61569.8
59260.2
72085.7
63878.4
61690.2
59388.6
54617
55696.8
53063.8
63545.5
54396.7
55775
52883.1
329496
334028
314661
342027
329759
334551
315097
293589
298501
278678
309540
293947
299128
278981
260267
263854
245500
274209
260607
264358
245714
229913
233491
216053
242835
229998
233780
216052
200516
204432
187983
212626
200683
204716
188018
173399
177706
161682
184613
173406
177810
161565
147321
151931
136996
158127
147388
152093
136994
123351
129133
113962
133113
123286
129423
113856
334024
339717
314857
353697
334237
341548
315296
305640
315647
317225
322897
305631
315729
317527
271003
280335
280649
288120
270848
280553
280807
239181
247997
248143
254408
239017
248225
248364
210642
218768
219015
224798
210568
218888
219160
183998
191365
191926
196659
183962
191422
192024
158872
165489
166850
170855
158899
165532
166918
135042
141135
142446
145807
135026
141169
142458
115120
119522
122189
123869
115090
119578
122257
90837.7
94565.9
82725
97116.5
90750.5
95072.7
82631.9
294645
304623
275888
322937
295828
305712
277412
271818
280048
282033
290052
271548
280275
282496
238728
246932
246540
255126
238603
247062
246671
209597
217189
216351
224440
209484
217329
216481
144327
149804
144288
139084
144154
139074
144139
119747
123920
124255
128642
119715
123954
124298
101684
105096
106070
109724
101662
105135
106094
78044.4
80490.3
73296.4
86861.6
78124.9
80687.9
73319.4
252838
263098
233136
282977
253147
263249
232394
230401
240321
239242
249844
230155
240650
239609
201936
211420
208584
218768
201788
211545
208785
176758
185169
182664
191440
176723
185220
182728
123118
128504
123124
118809
123971
118815
123884
102522
106876
106623
111072
102522
106865
106616
87222.4
90871.5
91027.8
94807.8
87220
90859.9
91015
67451.7
68271.4
61338.7
74284.6
67500.4
68493.4
61361.3
210986
218479
191991
245668
211015
217957
192214
186963
195875
198690
206600
186927
196125
198615
160498
170784
166884
177278
160190
171103
167265
141150
150306
145890
155398
141051
150400
146096
132141
136608
132094
124161
128856
124238
128850
116383
120106
116289
109396
113445
109497
113340
106027
96984.7
102707
100387
97014.9
102681
100343
85425.7
89721.6
88863
93168
85458.6
89692.5
88836.1
72438.4
76121.8
76005.1
79574.5
72383.6
76167.4
76063.5
54324.5
55493.6
53003
63987
54195.9
55944.7
53221.7
137214
126227
120821
150964
136744
125643
120348
111705
109593
99367.4
129116
112619
109975
100188
100830
91318.4
87067.4
111485
100996
91905.8
87358.8
88517.7
81539.5
76085
99172
88125.4
81655.5
76091
80727.7
73058.5
71455.5
88503.8
80625.6
73165.3
71486.3
71734.9
67977.9
65052.3
80468.3
71541.6
68047.1
65097.3
63780.7
61820.7
59467.3
72278.1
63725
61921.2
59461.4
54513.2
55863.2
53052.7
63823.2
54304.2
55932
52890.9
330203
334375
315265
342293
330573
334883
315261
294363
299697
279321
310423
294628
300301
279657
260943
264943
245954
275221
261312
265518
246218
230092
234084
216054
243188
230218
234371
216092
200857
205024
188060
213201
201042
205389
188007
173400
177947
161453
184815
173444
178143
161364
147491
152322
137023
158398
147589
152643
137040
123695
129681
114197
133584
123626
129934
114155
334227
342703
315422
355493
334125
344024
315547
305715
315948
317824
323204
305680
316053
318037
271847
281480
281560
289339
271610
281790
281883
239925
248845
249099
255438
239733
249083
249397
211000
219207
219675
225482
210904
219328
219907
184272
191626
192472
197201
184226
191768
192634
158905
165529
167113
171207
158884
165531
167191
135149
141323
142621
146122
135107
141405
142753
114938
119709
122267
124134
115039
119711
122222
91238
95710.5
82880.4
97550.9
91275.8
96225.7
82740.2
296931
305922
278978
324230
298131
306606
280372
272769
280898
283724
291657
272551
281089
284198
239270
247495
247103
255731
239127
247649
247258
210177
217813
216909
225112
210035
217990
217048
191295
190564
184512
184463
197759
191373
190568
167012
166580
160830
160906
172960
167032
166603
144366
139206
144135
149780
139157
144164
144424
119814
124001
124376
128769
119799
124018
124400
101778
105270
106131
109888
101756
105308
106143
78549.4
80986.2
73711
87437.4
78694.8
81363.6
73756.8
254013
262885
232515
283548
255403
263133
233545
231570
241615
240741
251723
231250
241925
241290
202500
211918
209353
219389
202363
212038
209530
177106
185466
182990
191801
177005
185563
183087
161973
159620
154495
154797
168226
163060
159949
141624
140325
135889
135943
146864
141547
140431
123063
118781
123969
128381
118792
123973
123066
102555
106830
106561
111004
102547
106826
106536
87280
90845.6
90989.6
94730.2
87260.7
90855.5
90992.9
67861.5
68795.8
61733.8
75033
67908
69192.7
61777.5
210603
216893
192091
243066
209765
216423
192098
187559
197253
198179
207398
187329
197652
198134
161849
172047
168469
178756
161497
172348
168903
141580
150722
146699
156047
141470
150840
146916
132049
123923
128886
136714
123951
132054
128929
116185
109206
113215
120001
109229
116182
113226
96799.5
102574
100269
105931
96866.1
102516
100265
85287.2
89620.5
88733.6
92962.5
85323.4
89593.5
88681.1
72772.1
76370.5
76319.8
79762.9
72681.1
76441.9
76413.7
54479.9
56444
53935
65161.9
54356.7
56999.3
54145
136602
124898
120149
150673
136754
125261
120293
113621
110084
100788
129876
114723
110145
101464
101285
92646
87905.5
113431
101681
93487.5
88552.5
87893.9
81930.1
76185.9
100026
88073.8
82473.4
76594.3
80553.1
73306.4
71577.3
89016.9
80510.9
73598
71793.2
71327.7
68128.6
65175.1
80758.8
71249.9
68267.8
65229.3
63759.4
61980.4
59382.1
72633.3
63804.5
62130.7
59414.5
54499.9
55967.7
53192.6
64349
54154.7
56025
53070.5
331030
334582
315311
342399
331249
334720
315270
295192
300402
280074
310841
295616
300731
280373
261594
265930
246310
275522
261893
266176
246748
230485
234604
216260
243200
230804
234498
216573
201126
205760
187938
213432
201310
206071
187987
173540
178377
161278
184877
173857
178520
161442
147739
153008
137042
158537
147795
153337
137053
124195
130179
114626
134040
124193
130477
114646
333962
343972
315706
355861
334609
344224
316184
305817
316202
318281
323705
305794
316233
318542
272679
282634
282830
290312
272510
282848
283015
240455
249616
250373
256477
240385
249710
250543
211295
219647
220593
226158
211217
219750
220702
184260
192028
193137
197839
184270
192055
193237
158787
165701
167479
171559
158827
165777
167548
135646
141828
143388
146784
135444
141941
143594
114739
119942
122303
124627
114685
119981
122429
92045.1
96646.8
82954.4
98202.7
92035.5
96641.4
82948.8
299208
306662
281243
324842
299760
306999
281711
273562
281464
285138
292845
273306
281679
285273
239770
248083
247694
256332
239668
248189
247812
210659
218461
217462
225726
210551
218581
217577
184578
191562
190681
198112
184524
191641
190747
161180
167153
166701
173089
161126
167195
166736
139412
144350
144599
149943
139386
144400
144635
119821
124084
124440
128893
119844
124083
124404
101902
105437
106223
110015
101868
105478
106236
79260.1
81802.4
74248.5
88113.6
79300.9
81975
74447
256553
262827
234551
283455
257462
262895
235533
232881
242883
242683
253380
232555
243219
243044
203068
212397
210050
219991
202917
212523
210229
177521
185842
183406
192207
177408
185941
183530
155324
162645
160437
168264
155224
162737
160555
136107
142312
140616
147278
136075
142412
140653
118702
123991
122987
128489
118743
123963
122941
102479
106765
106445
110857
102528
106731
106373
87378.5
90903.3
91037.4
94759.2
87359.1
90932.3
91048.6
68309.7
69670.4
62190.7
75659.6
68424.7
69959.3
62267.1
209376
215217
191671
241483
209503
214805
191014
188554
198907
197969
208350
188284
199229
198147
163206
173186
169980
179959
162936
173428
170168
142066
151218
147605
156707
141923
151351
147784
124116
132190
129223
137003
124030
132278
129325
109193
116203
113416
120110
109182
116216
113509
96476.9
102364
100339
105808
96540.5
102314
100382
84855
89496.3
88520.8
92751
85003.6
89440.5
88505.7
72923.1
76606.2
76560.1
79873.6
72970.3
76630.9
76561.1
54839.4
57489.8
54801
66198.2
55054.2
57774
54871.8
136931
125085
120215
149859
137147
124938
119683
115988
109601
101558
130772
117340
109539
101665
102046
93939.5
89110.7
114274
102501
94239.5
89603.1
88696.5
82776.2
77130.7
100465
89264.5
82947.8
78018
80521.9
73985.5
72127.4
89282.2
80635.3
74275.8
72503.5
71467.3
68419.4
65374.3
80730.4
71732.8
68399.3
65642.8
63868.8
62235.4
59596.4
72776.7
63945.5
62316.4
59841.7
54460.9
56001.5
53477.6
64580.9
54519.5
55941.5
53405.9
298360
305863
288393
297697
305719
288326
298396
296707
305459
288599
298103
305307
288695
296658
288379
279354
279771
271209
279342
279857
288373
306018
322531
315787
316745
315823
316309
306063
298357
297719
305456
288104
305599
288235
298303
296770
298291
306034
288984
305528
288791
296926
288408
271272
279348
280055
279345
279951
288447
263216
269853
253881
262237
269799
253869
263210
262435
271191
254515
262841
271210
254546
262418
254704
246474
246594
238924
246457
246651
254666
270626
287887
279805
280602
279893
280673
270585
263289
262412
269859
253963
269868
253902
263396
262474
262892
271292
254688
271247
254607
262529
254770
238957
246523
246805
246470
246719
254863
231747
237449
223628
231553
237460
223655
231695
231181
239068
224107
231407
239064
224083
231166
224223
217028
217069
210359
217045
217054
224191
238220
253261
246996
247240
246868
247112
238314
231872
231678
237651
223822
237559
223723
232018
231237
231437
239193
224168
239110
224111
231322
224302
210373
217191
217146
217092
217087
224408
204647
209571
197008
204112
209571
196988
204610
204007
210741
197509
203784
210785
197518
204005
197877
191183
191239
185175
191177
191250
197863
210311
223819
218260
218316
218184
218184
210341
204710
204127
209601
196915
209575
196950
204769
204036
203838
210963
197567
210873
197544
204073
197900
185159
191134
191287
191159
191272
197919
178752
182825
171378
177738
182838
171344
178731
178713
185253
173063
179024
185249
173050
178715
172767
166333
166972
161109
166314
166968
172781
184090
196401
191272
191700
191245
191669
184052
178771
177721
182860
171226
182839
171282
178788
178694
179008
185221
172978
185235
173017
178663
172748
161085
166262
166952
166282
166959
172732
154045
157360
146770
152499
157394
146765
154019
154383
160684
149544
155227
160674
149556
154380
148797
142679
143853
138387
142700
143857
148784
158954
170510
165471
166428
165435
166412
158938
154075
152503
157484
146737
157438
146758
154115
154392
155243
160682
149558
160668
149568
154416
148803
138288
142643
143788
142685
143846
148796
131101
133700
124366
129357
133753
124314
131093
131668
137488
127602
132823
137457
127550
131724
126460
121314
122479
118018
121456
122577
126512
135340
145662
141061
142472
141042
142446
135303
131096
129378
133888
124437
133817
124333
131092
131624
132728
137337
127525
137400
127488
131614
126463
118026
121654
122875
121585
122742
126626
110763
111817
103413
106848
111910
103362
110754
111723
116842
108468
113139
116840
108472
111721
106787
101281
103592
98842.4
101227
103576
106794
114620
123267
119089
121602
118993
121419
114698
110809
106888
112087
103249
112007
103345
110859
111740
113163
116956
108492
116881
108481
111764
106797
98812.3
101129
103568
101209
103570
106809
261997
270888
253878
262516
270911
253919
261913
258953
267684
249231
257456
267595
249236
258878
251987
244207
241956
234612
244303
242051
251926
269899
287520
279118
279914
278977
279493
270210
262135
262539
271009
254070
270942
253984
262292
259193
257601
268400
249736
267876
249434
259583
252124
234796
244604
242423
244447
242205
252415
230360
238514
222975
230965
238519
222966
230361
229144
236755
220206
227537
236794
220231
229134
221813
214628
213164
206190
214628
213180
221806
238006
254389
246364
246016
246289
245946
238074
230396
230991
238636
223040
238564
222991
230455
229190
227630
236953
220348
236864
220283
229259
221849
206219
214706
213256
214657
213214
221905
202481
209883
196031
203261
209852
195990
202528
201220
207782
193142
199554
207774
193142
201239
194847
188510
186973
180949
188490
186970
194886
209068
223687
216667
215907
216644
215873
209080
202447
203259
209853
195992
209840
195983
202434
201216
199573
207829
193193
207793
193157
201223
194822
180971
188502
187053
188492
186989
194807
177924
184653
172282
178796
184661
172276
177916
176610
182324
169536
175146
182334
169541
176598
171019
165565
164108
158804
165553
164092
171024
183752
196838
190774
189755
190740
189689
183796
177936
178785
184685
172253
184678
172266
177943
176610
175172
182415
169513
182391
169526
176586
171009
158811
165548
164088
165550
164071
171002
155440
161213
150037
155545
161199
150045
155445
154831
160135
148629
153639
160125
148619
154835
149583
144398
143671
138769
144422
143672
149566
161006
172820
166995
166520
167035
166550
160977
155437
155542
161167
150044
161183
150051
155427
154824
153636
160099
148564
160112
148598
154817
149607
138770
144488
143665
144450
143676
149644
134161
139049
128995
133648
139028
128943
134212
134328
139328
129226
133981
139333
129214
134343
129277
124323
124501
119783
124275
124479
129357
139424
149931
144450
144650
144493
144662
139347
134066
133524
138842
128757
138950
128851
133966
134277
133984
139352
129123
139348
129181
134213
129202
119758
124168
124385
124216
124438
129134
114955
118710
110415
114139
118806
110414
114981
115261
119514
111076
115351
119520
111086
115196
110939
106572
106941
102750
106574
106946
110949
119461
128216
123516
123907
123386
123832
119535
114940
114144
118871
110426
118844
110417
114943
115294
115383
119642
111116
119586
111100
115313
110943
102760
106596
106970
106583
106956
110950
96934.8
100161
92210
95254.6
100149
92155.9
96946.4
98033.9
102259
94494.1
98641.2
102262
94498.4
98018.2
93479.3
88769.9
90200.2
85548.9
88715.8
90183.8
93490.7
101538
109473
104966
105935
104960
105923
101550
96921
95231.2
100118
92070.8
100131
92156.2
96920.6
98045.1
98647.2
102282
94513.6
102270
94502.9
98054
93467.3
85553.4
88658.6
90186.9
88719.5
90175.3
93464.5
221404
231566
213829
224255
231604
213944
221305
218069
227330
207490
218289
227455
207551
217889
210119
202595
198978
191525
202703
199091
210023
229580
247934
239020
238620
238786
238464
229615
221533
224425
231902
214258
231728
214086
221658
218211
218382
227764
207753
227636
207657
218296
210311
191845
203163
199514
202938
199288
210467
194608
204041
188398
197413
204065
188411
194580
190094
196014
179131
185208
196172
179342
189957
184467
178884
173959
169085
178908
174087
184383
200870
217621
210847
207525
210755
207349
201019
194667
197442
204145
188477
204100
188439
194742
190284
185565
196635
179938
196393
179628
190497
184600
169188
179027
174518
178961
174283
184750
170893
178975
165391
173200
178984
165389
170887
167904
173345
159031
164045
173350
159037
167897
162569
157409
154075
149284
157411
154079
162562
176561
191094
184954
182435
184924
182412
176580
170906
173204
179041
165380
179006
165387
170921
167917
164088
173398
159088
173368
159059
167939
162581
149284
157405
154119
157411
154098
162596
149983
157018
145223
151957
157005
145221
149988
147504
152375
140056
144614
152377
140037
147509
142798
138328
135590
131371
138330
135592
142799
154902
167667
162164
160025
162194
160062
154855
149968
151952
156984
145189
156992
145210
149941
147489
144600
152361
140009
152374
140020
147472
142790
131378
138313
135596
138325
135596
142780
131648
137668
127284
133041
137670
127299
131635
129730
133964
123304
127286
133962
123304
129731
125543
121453
119334
115501
121457
119341
125535
136051
147053
142198
140529
142272
140556
136029
131661
133045
137634
127356
137667
127322
131677
129726
127289
133935
123285
133952
123298
129710
125545
115498
121446
119333
121456
119342
125539
114766
119650
110825
115341
119643
110825
114768
113542
117423
108151
111759
117422
108153
113539
109781
106194
104655
101383
106202
104686
109776
118819
128534
123994
123037
124016
123031
118817
114764
115338
119608
110831
119627
110830
114759
113548
111759
117410
108178
117419
108166
113549
109792
101419
106214
104757
106209
104725
109802
98735.6
102837
94895.3
98839.2
102849
94895.8
98712.9
98713
102604
94642.9
98141.3
102610
94612.4
98825.8
94577.1
90799.6
90886.8
86870.1
90831.8
90727.3
94639.8
102671
111130
106860
106787
106851
106838
102625
98746.5
98843.4
102873
94892.9
102861
94897.6
98737.6
98578.8
98162.7
102418
94331.1
102510
94471.7
98438
94534.6
86847.4
90826.7
90442.9
90833.9
90547.1
94505.5
83180.1
86572.7
79011.9
82114.9
86550
78955.7
83208.9
83477.7
87156.4
79838.8
83352.2
87151
79834
83483.9
79489.7
75426
76167.8
72212.9
75368.7
76133.5
79518.9
87218.8
94856.9
90862
91075.8
90855.5
91085.3
87213.8
83158
82084.8
86537.8
78833.8
86541.8
78915
83141.8
83466.2
83362.8
87127.7
79824.9
87141.9
79829.4
83457.1
79460.1
72165.5
75238.3
76087
75327.1
76110.2
79440.3
178804
186864
170695
179632
187002
170723
178768
175123
188390
168230
175200
188297
168182
175204
170676
160718
160456
153544
160709
160457
170696
187293
206961
195530
198797
195528
198719
187194
178885
179990
187446
170927
187201
170795
178928
175156
175185
188454
168041
188328
168120
175225
170664
153378
160729
160180
160741
160322
170660
153264
163131
148197
158780
163351
148301
153057
148344
156858
139894
146416
156782
139795
148506
144185
137214
132738
127820
137206
132638
144401
158655
174306
169072
165101
168644
164789
158874
153545
158931
163975
148636
163658
148470
153810
148113
146163
156434
139530
156639
139662
147957
144055
127812
137317
132197
137242
132439
144087
136776
145372
132342
140938
145382
132337
136755
130372
135409
121835
124136
135479
121875
130347
128182
123145
117440
115264
123128
117442
128148
140585
154448
149958
145058
149930
144949
140629
136811
140936
145439
132329
145409
132332
136847
130420
124215
135730
122036
135593
121948
130481
128236
115256
123088
117483
123111
117469
128295
121027
128233
117044
124336
128248
117042
121018
116163
121162
109484
111897
121193
109473
116193
113933
109327
104932
102774
109303
104907
113913
124527
136620
132310
128849
132322
128847
124506
121044
124331
128263
117022
128258
117041
121049
116135
111904
121279
109420
121237
109470
116095
113962
102702
109193
104794
109266
104900
113973
107108
113181
103545
109618
113177
103526
107113
103206
107659
97715.1
99641.2
107693
97685.8
103238
101332
97096.9
93651.7
91771.1
97043.3
93622.9
101314
110227
120583
116797
114000
116829
114021
110176
107095
109591
113147
103391
113169
103487
107051
103167
99624.4
107709
97551.5
107725
97655.1
103072
101337
91694.4
96747.4
93504.9
96939.6
93608.5
101274
94516.6
99500.2
91308.7
96465.2
99528.9
91317.3
94515.2
91360.1
95699.8
87108
88934.3
95687.1
87073.9
91425.3
89838.8
85772.3
83359.8
81501.6
85702.3
83312
89852.6
97231.8
106139
102769
100626
102764
100701
97175.2
94522.2
96504.9
99621.6
91334.3
99578.1
91328.1
94511.7
91250.3
88908.2
95556.1
86908
95640.7
87024.3
91127.1
89818.1
81426.2
85589.1
83122
85639.7
83251.6
89805.1
82675.4
86800.3
79205.7
82988.3
86729.6
79122.7
82686.1
80465
84727.5
77076.7
78933.2
84758
77034.9
80467.2
79073
74472.4
73269.3
71185.6
74452.4
73240.5
78968.3
85655.3
93477.1
90072.7
88891.4
90178.5
88871.5
85704.6
82636.9
82886.8
86488.4
78827.6
86601.1
78974.2
82589.8
80465.5
78886.3
84917.6
76939.6
84822.5
76990.4
80479
79174.4
71216.9
74198.4
73222.2
74343.1
73233.4
79216.9
69045.4
72387.9
65171
68670.1
72374.6
65088.7
69059.6
68025.7
73286.2
65610
68284.3
73229.1
65607.4
68206.6
65929.1
60131.4
61513.1
58688.6
60066.8
61466.2
65947.9
72288.6
79393.7
76036
75908.4
76024.3
75919.9
72291.8
69059.6
68648.6
72359.7
64956.2
72374.9
65075.4
69071.5
67837.5
68310.4
72995.3
65708.6
73085.7
65661.1
67698.2
65915.1
58675.2
59920.6
61419.1
60055.5
61432.1
65894.6
298017
305259
287914
297416
298122
305097
287748
297047
306018
289017
299194
296904
306464
289161
288490
279332
280117
271456
288443
279320
280234
305693
322646
315649
317256
315593
316912
305686
297927
297389
305003
287595
305048
287640
297891
297091
299374
307012
289376
306625
289252
297188
288513
271517
279366
280404
279329
280309
288573
263656
269962
254057
262861
263522
270001
254165
262674
271333
254779
263152
262595
271384
254877
255100
246608
246904
239179
254975
246715
247015
270631
287773
280098
280544
279979
280494
270720
263812
263067
270248
254430
270133
254293
263990
262773
263253
271547
255093
271454
254981
262888
255240
239297
246984
247270
246842
247136
255391
232382
237808
223936
232136
232187
237954
224036
231568
239308
224256
231707
231436
239442
224364
224677
217306
217234
210603
224538
217400
217336
238717
253809
247800
247942
247592
247751
238863
232586
232274
238328
224218
238133
224127
232779
231712
231845
239763
224621
239595
224486
231866
224830
210691
217606
217623
217500
217455
225013
204897
209629
196888
204200
204830
209678
196871
204156
211058
197597
204060
204115
211149
197628
197978
191121
191303
185097
197946
191120
191320
210453
224344
218671
218877
218556
218739
210507
204972
204219
209794
196871
209722
196864
205058
197708
204205
204143
211354
211246
197665
204265
191387
198020
185097
191155
191130
191347
198075
178829
182860
171175
177731
178805
182893
171146
178606
185214
172940
178983
178627
185222
172919
172726
166254
166950
161118
172721
166264
166957
183959
196481
191351
191859
191312
191808
183952
178859
177721
182955
171164
182905
171133
178905
172948
178601
178999
185282
185243
172919
178620
167046
172746
161124
166359
166305
166984
172788
154184
157476
146695
152529
154152
157476
146637
154421
160720
149526
155308
154424
160778
149470
148748
142573
143709
137975
148773
142519
143638
158949
170594
165485
166763
165456
166651
158930
154199
152492
157457
146494
157449
146565
154210
154402
155303
160851
149364
160815
149412
154380
148719
137914
142448
143534
142480
143584
148689
131205
133932
124549
129554
131130
133995
124659
131763
137273
127642
132658
131680
137216
127773
126977
121703
122952
118090
126818
121753
123015
135028
145754
141126
142443
141111
142448
135020
131306
129580
134090
124809
134037
124745
131414
131821
132737
137186
127998
137172
127902
131879
127088
118133
121865
123150
121808
123079
127164
111052
112175
103319
106919
110953
112258
103246
111870
117050
108516
113288
111814
117135
108547
106899
101189
103578
98715.6
106851
101138
103604
114971
123658
119444
122091
119369
121984
115035
111153
107071
112419
103255
112350
103331
111251
111940
113345
117282
108644
117211
108593
112007
106963
98782.4
101202
103686
101228
103637
107021
262590
271095
254161
262744
262439
271209
254260
260369
268800
250050
258957
259941
269391
250435
252987
244757
242665
235388
252714
244909
242938
271025
288804
279859
281669
279638
281194
271299
262733
262843
271486
254488
271339
254368
262882
260759
259532
270486
251199
269874
250802
261166
253206
235576
245191
243511
245051
243219
253428
230628
238717
223115
231213
230535
238813
223208
229440
237052
220423
228010
229343
237161
220506
222063
214774
213308
206380
221978
214856
213371
238362
254752
246807
246416
246685
246299
238481
230730
231327
239049
223411
238924
223307
230831
229549
228131
237401
220758
237276
220617
229665
222161
206484
215056
213589
214952
213470
222268
202516
209905
196062
203459
202458
209984
196188
201306
207883
193263
199742
201255
207951
193321
194878
188567
187103
181063
194824
188626
187157
209267
224008
217055
216232
216929
216125
209372
196387
202628
203552
210214
210082
196294
202762
201367
199805
208109
193433
208027
193378
201444
188709
194982
181115
187247
188683
187212
195043
177989
184696
172248
178742
177958
184713
172257
176517
182427
169521
175143
176552
182422
169649
171001
165551
164132
158949
170996
165564
164256
190926
190182
184144
184011
197120
190889
190057
184772
172323
178116
178037
178749
184739
172279
182254
169251
176325
176477
175488
182418
170111
165644
164389
171008
171004
159051
165587
164415
155364
161150
150023
155527
155409
161134
149956
154825
160090
148522
153628
154816
160092
148442
149794
144556
143676
138650
149708
144634
143536
166943
166453
160792
160851
172748
166909
166455
161186
149718
155157
155294
155504
161153
149868
160184
148750
154925
154861
153675
160117
148263
144833
144290
150085
149915
137984
144649
143022
133810
138741
128698
133238
133882
138657
128674
134108
139357
129091
133866
134165
139335
129030
129025
124155
124348
119816
129072
124223
124329
144374
139114
149839
144180
144221
144450
139078
133759
133202
138557
128823
138594
128743
133744
139295
134068
133745
129040
139303
129025
134072
129002
119860
124346
124374
124280
124347
129017
114985
118901
110444
114211
114960
118938
110470
115357
119700
111135
115459
115333
119759
111155
110983
106614
106986
102811
110964
106635
107004
119643
128382
123873
124202
123814
124141
119680
115017
114249
119025
110539
118978
110503
115052
115384
115482
119842
111192
119805
111175
115410
111005
102829
106681
107028
106660
107019
111025
96930.1
100105
92137.4
95107.5
96920
100108
92064.9
98086.5
102302
94528.3
98688.4
98070.7
102324
94545.2
93473.6
88720.1
90185.9
85481.1
93460.9
88665.2
90204.1
101612
109580
105055
106041
105024
106010
101635
96939
95148.2
100130
92090.3
100110
92143.2
96956.3
98102.6
98701.8
102359
94570.2
102344
94561.1
98110.6
93472.7
85572.8
88695.7
90224.2
88739.3
90209.1
93483
221953
232080
214448
225016
221782
232314
214665
218419
227678
207801
218241
218322
227743
207881
210823
203403
199746
192857
210620
203670
200013
229802
248702
240036
239110
239731
238815
229976
222144
225252
232846
215143
232565
214897
222371
218510
218028
227726
208112
227634
207966
218662
211049
193208
204245
200612
203951
200299
211309
194918
204204
188529
197592
194826
204274
188591
190973
196896
180250
186590
190730
197172
180557
185057
179107
174768
169569
184903
179197
175015
201482
218267
211295
208375
211171
208157
201636
195016
197664
204450
188740
204358
188662
195120
191216
186936
197742
181146
197455
180855
191450
185211
169711
179399
175470
179295
175248
185364
170968
179086
165373
173240
170944
179135
165363
168009
173443
159133
164304
167973
173498
159183
162645
157399
154149
149273
162620
157402
154182
176671
191265
185127
182608
185086
182557
176697
165300
170981
173271
179198
179178
165349
170978
168046
164399
173629
159296
173561
159237
168084
157416
162666
149280
154248
157410
154215
162682
149850
156983
145155
151851
149900
157008
145109
147446
152349
140000
144577
147454
152349
139990
142764
138298
135594
131351
142770
138280
135588
161593
159477
154302
154572
167993
162437
159774
156708
144959
149639
149775
151762
157032
145049
152395
139950
147489
147453
144576
152366
139976
138234
135549
142773
142763
131324
138261
135575
131749
137608
127417
133013
131715
137351
127477
129640
133914
123257
127236
129686
133885
123213
125469
121421
119310
115431
125519
121370
119273
141609
140378
135935
135954
146744
141532
140417
137305
127698
131836
131750
132311
136513
127524
133791
123075
129467
129576
127186
133850
123157
121194
119178
125253
125393
115406
121303
119228
114741
119592
110784
115318
114750
119584
110753
113537
117395
108189
111754
113546
117367
108195
109798
106192
104781
101425
109805
106125
104794
123067
118805
128356
123957
123933
123052
118809
114735
115330
119606
110722
119593
110734
114730
117279
113520
111750
108185
117333
108193
113492
109784
101342
106030
104775
106072
104793
109764
98707.4
102885
94886.7
98858.6
98725.3
102892
94877.2
98248.9
102336
94218.6
97875.9
98319
102262
94125.9
94440.6
90812.8
90393.2
86818
94470.4
90796
90363.9
102561
111065
106884
106638
106883
106663
102537
98684.6
98856.6
102865
94848.2
102885
94864.5
98661.4
98207.5
97800.1
102147
94014.8
102197
94058.5
98191.5
94417.8
86813.2
90763.2
90335.5
90778.9
90346
94400.6
83127.6
86532
78848.8
82006.6
83130.6
86535.2
78786.4
83444.5
87113.9
79827.2
83365.8
83449.9
87101.5
79831.1
79419.2
75262.6
76078.8
71995.3
79423.5
75197.2
76080.7
87215.7
94858.4
90876.4
91040.1
90879.3
91050.4
87215.9
83127.1
82052.9
86535.6
78788.1
86531.4
78824.8
83134.1
83440.3
83365.5
87077.9
79855.3
87089.3
79842.1
83438.6
79413.4
72070.7
75213.1
76115.5
75245.7
76091.7
79421.4
178981
187761
171141
181429
178952
188177
171390
175280
188398
167886
175030
175240
188556
167797
170604
160643
159916
152751
170620
160580
159734
186929
206667
195724
198840
195608
198837
186920
179095
181876
189043
171946
188608
171656
179317
175302
174876
188706
167628
188565
167657
175358
170586
152511
160609
159390
160560
159500
170597
154348
164285
148807
159506
154075
164592
148998
147948
156344
139410
145529
147903
156404
139353
144382
137421
132096
127928
144206
137551
132088
159620
176122
170462
166512
170135
166143
159898
154633
159696
165194
149432
164896
149210
154926
148072
145391
156938
139445
156640
139353
148259
144589
128032
137875
132279
137703
132150
144824
136928
145473
132330
140924
136887
145514
132340
130622
135880
122138
124548
130549
136041
122241
128427
123061
117522
115138
128359
123033
117546
140837
154940
150216
145695
150134
145507
140938
136989
140926
145618
132347
145563
132349
137063
130702
124703
136407
122527
136216
122368
130793
128501
115083
122957
117635
122997
117598
128577
120970
128258
116974
124231
121029
128235
116870
115975
121317
109366
111810
116049
121336
109240
113866
109050
104704
102082
113949
108845
104518
132193
124381
136635
128864
132237
128869
124313
128143
120897
124159
116593
128197
116744
120811
115880
111780
121342
108939
121348
109112
115751
113765
101873
108354
104149
108608
104365
113634
106851
113116
103269
109452
106966
113075
103138
102693
107640
97442.8
99185.3
102915
107518
97250.4
101015
96534.5
93420.3
91246.2
101167
96352.7
93250.9
116492
109799
120418
113580
116606
113722
109633
112945
106732
109402
102927
113019
103025
106623
102464
99053.3
107209
96910.6
107369
97095.7
102266
100899
91119.4
96069.9
92940.9
96202.7
93113.3
100825
94468.8
99650.4
91348.9
96531.9
94492.1
99661.7
91361
90955.6
95509.4
86818
88617
91034
95485.6
86693.4
89826.6
85554.2
83085.1
81155.6
89781.2
85534.2
82985.1
97072.1
106104
102730
100432
102751
100479
97043.9
94445
96489.8
99641
91361.8
99658.2
91371.4
94408.6
90902.7
88535.6
95458
86534.2
95472.3
86616
90862.7
89921.4
81105
85511.4
82828.1
85523.5
82903.8
90010.7
82498.2
86393.1
78733.9
82800.9
82540.9
86331.9
78703.5
80527.5
85052.4
76919.2
78771
80505.9
85179.6
76872.8
79211.5
74097.6
73209.7
71097.8
79227.9
73987.5
73160
85555.9
93312
89760.4
88882.7
89812.9
88898.1
85499.8
82471.1
82794.7
86300
78680.6
86306.8
78688.4
82455.7
80536.1
78766.9
85281.9
76817.7
85248.5
76850.8
80509.1
79172.9
71064.4
73803.6
73086.1
73878.1
73128.1
79136
69105.6
72379.8
65006.7
68509.3
69083.4
72396.5
64911.7
67569.4
72951.1
65755.6
68286.7
67612.6
72929.1
65761.3
65900.9
59957.8
61424.7
58477.2
65890
59854.2
61409.9
72315.7
79485.2
76082.4
75962.3
76064.4
75935.7
72340.3
69138
68599.3
72461.5
64951.1
72425.5
64996.2
69181.5
67566.7
68290.1
72933.2
65812.5
72920.8
65792
67583.1
65937.5
58542.6
59864.7
61424
59917
61412.3
65994.3
297906
305041
287588
297414
297871
305092
287631
297302
307109
289451
300243
297229
307446
289572
288733
279433
280499
271776
288637
279530
280618
305642
322893
315914
317845
315806
317587
305672
297981
297590
305356
287860
305218
287727
298102
297356
300400
307870
289800
307579
289672
297437
288844
271890
279791
280884
279651
280743
288976
264401
270437
254582
263660
264189
270620
254748
263167
271668
255215
263613
263020
271814
255346
255730
247143
247419
239754
255555
247317
247579
271183
288394
281139
281262
280858
281009
271384
264633
263878
271110
255111
270857
254923
264894
263330
263751
272173
255645
271983
255490
263509
255920
239928
247699
247933
247503
247752
256129
233170
238507
224304
232673
232978
238706
224394
232199
239945
224764
232329
232027
240141
224917
210992
225350
217716
217777
225181
217834
217933
239368
254623
248663
248839
248423
248594
239553
233364
232779
239108
224585
238886
224484
233568
232385
232511
240567
225271
240348
225086
232588
211116
225531
218103
218258
217963
218090
225727
205263
209859
196890
204358
205152
209958
196929
197758
204407
197827
204421
211471
204334
211599
191437
185204
191504
198228
191193
198142
191251
210722
224943
219109
219480
218984
219310
210813
205388
204404
210171
197047
210046
196981
205530
204523
198032
197919
204520
211897
211740
204633
185278
191689
191590
198332
191418
191327
198451
179057
182979
171207
177850
178968
183047
171230
173023
179139
173071
178748
185340
178665
185419
167084
161107
167095
172928
166377
172857
166380
184057
196743
191557
192315
191460
192156
184153
179161
177870
183223
171211
183095
171225
179274
179201
173090
173084
178831
185620
185514
178880
161093
167096
167095
172967
166364
166369
173008
154233
157455
146426
152424
154219
157478
146366
155278
154361
160876
149327
154365
160892
149297
148634
142421
143489
137803
148658
142408
143452
158856
170924
165551
167044
165540
166979
158862
154255
152369
157507
146328
157484
146331
154291
155266
154364
160917
149256
160903
149272
154375
148617
137842
142433
143411
142411
143424
148611
131578
134133
124853
129673
131506
134184
124876
131995
137224
128052
132917
131943
137279
128094
127266
121914
123216
118330
127221
121955
123275
135061
145843
141259
142532
141204
142482
135081
131629
129693
134294
124822
134235
124866
131658
132034
132975
137422
128174
137347
128135
132061
127300
118401
122012
123370
121986
123325
127322
111445
112521
103392
107201
111348
112562
103316
112154
117355
108706
113550
112082
117432
108770
107149
101351
103739
98881
107089
101355
103804
115135
123939
119675
122302
119652
122293
115110
111531
107347
112628
103322
112615
103398
111578
112233
113623
117568
108902
117503
108840
112299
107219
99029.6
101546
103948
101521
103871
107294
263298
271646
254622
263217
263083
271816
254768
261874
270979
251568
261422
261518
271586
251962
253908
245386
243794
236165
253663
245597
244071
272069
290408
280707
283359
280482
282882
272327
263527
263364
272181
255070
271996
254917
263737
262187
262021
272658
252700
272092
252332
262499
254152
236360
245955
244603
245778
244339
254395
231066
239188
223526
231754
230943
239336
223655
229912
237533
220871
228534
229787
237670
220983
222490
215162
213681
206752
222377
215274
213775
238857
255266
247345
246952
247201
246807
238990
231198
231918
239654
223948
239492
223798
231339
230041
228678
237986
221219
237807
221099
230175
222608
206848
215514
213977
215392
213874
222730
196463
203791
196523
202925
210353
202851
210481
201619
208200
193482
200002
201545
208301
193532
188679
180747
188626
195092
187275
195071
187291
209734
224603
217641
216767
217479
216622
209885
203897
196729
196609
203024
210760
210613
203152
201712
200092
208568
193713
208433
193606
201838
180740
188860
188677
195158
187439
187337
195284
133802
138540
128902
133381
133763
138531
128973
139388
134162
139450
134159
129106
134109
129124
129133
124410
124424
119979
129062
124471
124457
149798
144323
144283
139102
144126
144130
139126
133861
133447
138582
129093
138537
129037
133928
134194
139489
139491
134201
129178
129136
134224
129202
119988
124547
124474
124516
124463
129245
115116
119085
110572
114386
115087
119138
110601
115448
119878
111200
115535
115434
119904
111196
111042
106691
107022
102810
111038
106690
106991
119770
128684
123983
124352
123968
124329
119785
115131
114437
119195
110636
119170
110622
115144
115453
115534
119930
111178
119919
111187
115454
111037
102784
106669
106943
106681
106966
111025
96994.6
100147
92182.1
95136.9
96970.4
100181
92150.8
98109.6
102365
94574.6
98687.5
98115.6
102359
94571.4
93486.8
88767.8
90229.4
85599.9
93480.2
88736.6
90243.4
101709
109771
105223
106123
105179
106111
101732
97019
95231.3
100265
92264.3
100215
92263.6
97058.1
98102.1
98664.1
102327
94565.9
102345
94568.6
98092.5
93485.7
85709.6
88826.3
90275.4
88826.4
90252.6
93502
222890
233131
215393
225970
222616
233431
215649
219065
227709
208289
218190
218830
227954
208552
211898
204545
200941
194260
211589
204851
201297
230657
250221
241306
240348
240970
239893
230955
223179
226194
234034
216156
233732
215904
223484
219321
218360
228527
209181
228142
208844
219620
212222
194604
205459
202041
205156
201663
212562
195337
204545
188823
197906
195227
204643
188912
191882
198028
181433
187948
191672
198309
181712
185666
179507
175684
170155
185516
179621
175892
202081
218929
211795
209170
211671
208980
202224
195450
197996
204845
189106
204743
189007
195564
192082
188271
198837
182229
198579
181978
192274
185815
170309
179862
176293
179740
176095
185963
165208
172991
165106
170952
179232
170964
179289
168173
173703
159359
164722
168124
173784
159429
157414
149297
157417
162716
154283
162697
154322
176817
191516
185368
182894
185285
182804
176904
173003
165291
165132
170989
179379
179336
171082
168238
164844
173977
159602
173876
159509
168322
149331
157524
157455
162758
154448
154376
162829
114709
119604
110713
115351
114721
119564
110699
117206
111721
117129
113428
108170
113460
108148
109715
105994
104753
101167
109741
105959
104728
128509
123140
123135
118815
123992
123871
118821
114707
115331
119564
110649
119544
110678
114694
111709
117178
117114
113418
108115
108131
113431
109690
101119
105892
104663
105925
104700
109658
98625.7
102837
94829.3
98801
98641.9
102812
94809
98192
102115
93991.2
97643.8
98189.6
102091
93980.2
94380.1
90752.5
90332.1
86820.4
94388.2
90747
90338.1
102540
111070
106839
106586
106858
106605
102549
98610.9
98772.3
102763
94779.5
102788
94792.9
98591.9
98196.1
97603.2
102045
93970.8
102069
93971.6
98218.6
94377.6
86831.7
90751.9
90371
90746.5
90350.7
94382.3
83163.6
86534.9
78878.7
82077.4
83144
86542.5
78870.2
83451.8
87068.8
79877.5
83383.4
83443.7
87063.2
79902.3
79461.8
75308.9
76145.9
72112.7
79435.4
75307.8
76191.3
87232
94780.6
90842
90993.3
90850
91002.4
87242.7
83187.6
82168.5
86567.4
79006.9
86546.9
78982.2
83223.5
83469.8
83399.1
87067.1
79970.3
87062.2
79936
83492.9
79491.5
72269.1
75447
76301.1
75418.6
76242.9
79535.1
180041
189481
172249
183105
179663
189927
172566
175471
188695
167519
174778
175390
188849
167382
170697
160692
159240
152235
170589
160827
159136
186978
206575
196885
198354
196491
198437
187150
180431
183490
190825
173217
190377
172889
180844
175464
174610
188883
166978
188839
167123
175359
170930
152225
161269
158874
161009
158949
171221
155545
165481
149653
160269
155229
165756
149877
148775
157259
139569
145799
148504
157618
139790
145422
138062
132475
128606
145092
138273
132747
160819
177649
171735
168055
171419
167655
161152
155874
160461
166286
150328
166023
150101
156213
149082
146121
158447
140522
158015
140104
149421
145797
128908
138775
133542
138505
133102
146208
140945
137193
145674
132342
137125
145734
132338
130988
136609
122714
125374
130883
136854
122905
128762
122911
117721
114986
128654
122859
117823
141253
155556
150609
146492
150501
146292
141361
140971
137269
145881
132340
145803
132338
137353
131112
125688
137420
123331
137128
123117
131233
128881
114991
122763
118078
122820
117961
128990
128074
123838
128004
120619
116423
120715
116252
115445
121330
108815
111652
115603
121318
108671
113372
108117
103981
101200
113499
107914
103776
136617
132054
132066
124083
128860
128851
124008
123750
127912
127949
120528
116027
116123
120450
115301
111672
121339
108503
121319
108582
115179
113283
101046
107622
103534
107752
103640
113237
112876
109231
112806
106447
102838
106528
102757
101982
107081
96787.7
98618.9
102112
106993
96666.7
100727
95953.1
92840.3
90812.5
100776
95856.7
92753.3
120045
116200
116231
109321
113229
113270
109266
109194
112735
112765
106389
102649
102695
106352
101877
98563.7
106945
96547.2
106953
96601.2
101798
100689
90759.8
95702.4
92696.5
95775.3
92720.7
100674
94309.6
99614.2
91328.8
96302.7
94359.1
99583.2
91275.5
90802.2
95443.1
86500.7
88482.3
90832.5
95427.5
86464.1
90151.6
85486
82784
80937.6
90091.1
85443.5
82738.3
106005
96951.4
102621
100284
102653
100308
96912.6
94274.2
96243.3
99496.7
91142.4
99545.9
91214.1
94235.7
90765.5
88551.8
95432.8
86432.2
95414.5
86453.7
90721.4
90175.3
80879.1
85300
82668.3
85383.6
82705.9
90180.1
82457.2
86302.5
78690.9
82801.9
82451.7
86309.3
78705.7
80438.7
85293.5
76804.4
78753.3
80475.1
85295.6
76787.5
79134.3
73756.5
73071.6
71019.9
79122.4
73749.6
73064.1
85391.4
93123.9
89643.4
88774
89664.8
88807.2
85356.6
82462
82822.4
86322.9
78755.3
86317.5
78729.7
82472.5
80399.4
78757
85290.8
76781.4
85293.3
76782.9
80357.5
79169.7
71013.9
73840
73104.1
73783.3
73076.6
79227.1
69309.5
72517
65087.7
68702.1
69237.7
72576.7
65090
67674.4
72967.2
65854.9
68362.7
67621.4
73028.5
65900.4
66171.5
59993.6
61472.2
58621.2
66074.9
59987
61530.3
72511.4
79617.2
76292.8
76226.2
76230.5
76140.7
72587.9
69410.9
68896.4
72736.1
65324.9
72653.5
65279.5
69528.2
67751.7
68424.5
73257
66025.2
73123.2
65959.7
67850.4
66298.8
58809.5
60177
61710.7
60151.6
61603.3
66461.4
298436
305526
288015
298088
298250
305709
288184
297563
307942
289900
301072
297490
308193
290016
289265
279940
281025
272285
289114
280098
281170
305746
323221
316211
318277
316129
318072
305784
298644
298251
306071
288501
305911
288351
298859
297612
301156
308475
290194
308264
290104
297665
289418
272436
280394
281447
280249
281309
289578
265506
271410
255308
264571
265186
271726
255516
263906
272380
255810
264228
263702
272602
255982
256604
247906
248121
240498
256357
248123
248315
272086
289675
282381
282540
282115
282216
272313
265849
264797
272352
255916
272034
255721
266210
264113
264400
273069
256328
272834
256158
264315
256866
240695
248551
248700
248341
248511
257132
234041
239301
224688
233153
233784
239534
224806
233015
240800
225467
233104
232796
241054
225667
226155
218252
218433
211563
225934
218409
218610
240107
255729
249473
250073
249265
249731
240273
234321
233248
239950
225045
239735
224925
234592
233224
233310
241583
226060
241321
225869
233413
226382
211712
218720
218961
218566
218788
226603
205840
210280
197116
204639
205680
210419
197195
198150
204864
212066
204939
204750
212246
198252
191777
198682
191519
185483
198572
191605
191843
211083
225673
219533
220389
219424
220150
211155
205999
204700
210656
197322
210529
197268
206158
204961
205066
212603
198416
212427
198337
205039
198778
185511
191679
191963
191657
191900
198875
179486
183329
171184
177983
179387
183447
171152
173101
178955
185728
179341
178917
185832
173122
167100
173102
166365
161084
173052
166371
167113
184279
197378
191967
192984
191861
192807
184280
179587
177976
183622
171072
183533
171114
179691
178991
179376
186005
173186
185920
173151
179021
173157
161100
166390
167161
166381
167133
173218
154414
157525
146339
152286
154342
157568
146348
154422
160937
149258
155254
154394
160970
149283
148668
142473
143426
138026
148625
142527
143476
158901
171306
165614
167377
165565
167279
158881
154509
152333
157687
146362
157621
146357
154627
154456
155281
161088
149405
161021
149334
154485
148748
138096
142650
143674
142587
143558
148866
131753
134362
124744
129756
131685
134431
124647
132118
137496
128203
133144
132080
137571
128220
127328
122003
123389
118502
127332
121984
123404
135211
146280
141639
143137
141515
142927
135307
131867
129766
134592
124536
134514
124562
132047
132177
133209
137786
128301
137660
128255
132259
127345
118522
121997
123430
121978
123405
127393
111560
112653
103431
107487
111591
112672
103335
112372
117622
108968
113801
112351
117644
109024
107463
101764
104029
99246.6
107387
101779
104116
114830
124218
119804
122200
119768
122193
114719
111516
107647
112822
103282
112760
103392
111527
112394
113844
117682
109139
117680
109086
112407
107523
99424.6
101941
104300
101949
104205
107566
264163
272413
255268
263853
263950
272631
255455
263021
273102
253026
263818
262767
273605
253333
254866
246132
244858
236904
254633
246304
245105
272943
291916
281362
284969
281233
284551
273110
264369
264014
273045
255783
272843
255637
264568
263224
264298
274433
253849
273970
253596
263421
255089
237067
246613
245568
246466
245341
255307
231628
239818
224101
232429
231483
239983
224251
230453
238161
221341
229120
230306
238334
221463
222983
215639
214084
207167
222853
215780
214194
239412
255892
247950
247554
247803
247408
239547
231770
232598
240302
224539
240147
224398
231906
230602
229260
238611
221698
238478
221583
230735
223127
207276
216041
214412
215915
214304
223258
196836
203391
210912
204313
203278
211058
196923
202094
208691
193827
200413
201970
208810
193933
189026
195527
187545
181442
195415
189124
187643
210310
225281
218319
217332
218159
217189
210434
203493
204430
211327
197076
211196
197001
203589
202208
200516
209042
194127
208926
194031
202317
195626
181522
189328
187797
189222
187722
195720
185073
172553
178393
178360
179030
185113
172544
182515
169545
176629
176842
175724
182729
170358
165918
164705
171330
171378
159427
165914
164860
184460
197854
191495
190628
191435
190591
184482
178360
179050
185190
172582
185149
172561
178371
176993
175606
183043
170104
182887
170170
177121
171421
159380
165948
164656
165928
164745
171457
161174
149661
155082
155228
155435
161184
149794
160354
148818
155020
154961
153884
160313
148384
144948
144302
150111
149938
138117
144732
143045
160981
172984
167107
166660
167066
166628
161058
155324
155459
161241
149999
161206
149893
155416
154978
153877
160330
148731
160313
148605
155008
149888
138785
144626
143801
144669
143638
149836
134031
138654
129141
133621
133980
138722
129185
139407
134255
129146
133858
134231
139392
129171
129299
124567
124464
119946
129272
124584
124461
139267
149805
144282
144545
144215
144479
139332
134084
133668
138850
129254
138782
129224
134136
134285
133972
139388
129203
139390
129182
134312
129328
119930
124610
124458
124599
124455
129346
115177
119230
110651
114549
115163
119265
110678
115463
119945
111168
115502
115455
119955
111159
111010
106661
106923
102718
111015
106658
106905
119830
128806
124067
124436
124041
124421
119843
115197
114578
119328
110719
119296
110706
115211
115467
115483
119955
111126
119959
111146
115465
111012
102704
106649
106863
106655
106887
111007
97145.9
100316
92435.2
95418.8
97097.8
100380
92459.5
98093.8
102313
94568.8
98606.7
98091.7
102304
94574
93567.3
88976.3
90302
85906.6
93520.8
89021.7
90341.8
101807
109925
105389
106192
105348
106163
101832
97200
95614
100509
92689.7
100440
92657.1
97269.4
98105.8
98599.7
102304
94590.2
102300
94586.1
98122.1
93611.4
86113.6
89275.9
90441.2
89228.6
90385.4
93667.1
224106
234327
216399
226801
223792
234619
216632
220237
228852
209517
219548
219918
229349
209877
213256
205753
202417
195597
212906
206037
202792
231877
252163
242510
242334
242207
241769
232200
224415
226980
235190
217064
234905
216853
224719
220536
219976
230266
210550
229763
210216
220844
213601
195905
206564
203495
206309
203153
213941
195794
204949
189208
198289
195678
205053
189313
192634
199079
182468
189176
192457
199307
182696
186256
179986
176486
170769
186109
180113
176677
202637
219534
212276
209875
212157
209703
202775
195912
198390
205265
189537
205158
189422
196034
192806
189452
199735
183122
199524
182914
192975
186404
170924
180382
177048
180244
176864
186553
165463
171297
179455
173542
171194
179542
165592
168520
174083
159706
165229
168418
174193
159815
157603
162993
154530
149528
162910
157677
154615
177204
191896
185746
183292
185655
183186
177303
171385
173605
179683
165805
179612
165695
171474
168625
165365
174427
160046
174306
159928
168735
163073
149595
157829
154795
157750
154702
163157
157010
145031
149783
149961
152079
157564
145171
152541
139948
147590
147584
144724
152561
139978
138131
135437
142769
142772
131063
138187
135452
154960
167999
162536
160294
162546
160128
155101
150066
152188
157379
145358
157399
145275
150150
147609
144777
152647
140047
152598
140008
147655
142800
131085
138284
135499
138236
135472
142835
137268
127798
131847
131790
132390
136515
127673
133577
122844
129264
129380
126885
133658
122864
121125
119023
125081
125215
115269
121215
119018
135985
147009
142176
140569
141928
140505
136035
131733
133101
137640
127449
137380
127545
131696
129470
126910
133769
122908
133722
122883
129533
125288
115248
121316
119032
121271
119021
125345
114641
119562
110614
115252
114665
119554
110583
117231
113459
108092
111652
113453
117272
108058
109632
105863
104618
100978
109637
105838
104558
118774
128548
124000
123024
123988
123050
118765
114625
115226
119531
110538
119543
110558
114589
113450
111623
117283
107972
117282
108016
113432
109608
100933
105797
104418
105817
104490
109552
98619.6
102740
94768.7
98719.6
98607.2
102724
94770.8
98250.2
102022
93970.9
97505.5
98242.1
102004
93961.7
94460.8
90764
90402.1
86885.5
94402
90783.1
90431.2
102557
110977
106796
106485
106815
106512
102549
98634.4
98708
102703
94814.9
102719
94791.6
98642.6
98259.9
97486.2
101975
93942.3
101988
93954.7
98260.3
94494
86920.1
90855.2
90455.2
90825
90449.6
94510.5
83321.5
86594.3
79193.1
82402.6
83267.6
86646.1
79249.7
83566.7
87076.7
80013.2
83477.5
83528.3
87091.8
80055.9
79660.6
75621.8
76361.9
72501.9
79589.4
75685.2
76429.2
87309
94723.9
90884.3
91024.2
90871.4
91004.6
87332.5
83380.6
82618.9
86746.2
79515.4
86694.1
79466.2
83447.5
83611.5
83518.4
87146.3
80143.6
87111.2
80107.2
83650.5
79732.3
72725.5
75980.1
76589.2
75916.7
76504.8
79809.8
181660
191259
173542
184584
181253
191684
173874
175273
188634
166811
174493
175276
188445
166818
171786
161595
158802
152698
171493
161933
158874
187809
207724
198535
198049
198109
197970
188056
182035
184937
192509
174595
192096
174233
182360
175370
174333
188001
166936
188122
166831
175591
172010
152890
162639
159017
162252
158901
172139
156912
166545
150550
161031
156558
166798
150771
150271
158903
140941
147241
149824
159330
141398
147178
139043
134070
130124
146653
139342
134590
162209
179111
172904
169696
172633
169331
162597
157273
161217
167290
151273
167046
150999
157665
150701
147469
160031
142209
159729
141847
151094
147685
130609
140146
135601
139729
135091
148159
137540
145964
132339
141107
137442
146052
132334
131445
137729
123570
126806
131340
138065
123814
129239
122705
118222
115051
129103
122658
118375
141684
156213
151084
147364
150960
147137
141789
137645
141153
146240
132372
146142
132338
137762
131552
127270
138759
124343
138413
124086
131698
129402
115122
122690
118746
122640
118552
129593
127892
120397
115958
123665
120403
127892
115908
115043
121392
108487
111840
115095
121488
108497
113279
107513
103507
100759
113238
107422
103522
123926
136760
132128
129099
132081
129000
123956
120430
123671
127950
115877
127913
115880
120503
115019
111987
121801
108723
121631
108576
115038
113363
100751
107315
103709
107353
103594
113493
112711
106340
102608
109119
106335
112698
102573
101696
106970
96535.7
98608.8
101740
107031
96539.9
100720
95632.2
92701.8
90609
100683
95557.9
92724.6
109192
120014
116191
113331
116183
113264
109185
106363
109085
112689
102484
112692
102531
106405
101658
98706.1
107259
96623.9
107129
96572.6
101625
100785
90561.1
95377.3
92811.4
95470.2
92761.3
100881
94128.8
99426.2
91058.1
96035.2
94189.6
99346
90958.2
90584.3
95469.5
86414.9
88649.1
90663.3
95517.5
86388.3
90141.3
85187.8
82629.4
80627.3
90168.2
85052.1
82605.3
96712.6
105895
102414
100294
102464
100276
96623.2
94068.4
95969.1
99208.1
90684.5
99274.7
90835.6
94057
90471.5
88690.5
95634.7
86331.6
95562.7
86357.5
90330.6
90093.8
80549.4
84691.6
82565.4
84889.1
82577.1
90001
82474.5
86325
78774.9
82900.8
82474.2
86330.3
78806.9
80218.3
85288.7
76780.9
78756.7
80303.6
85283.9
76785.2
79342.9
73881
73124.7
71092.8
79299.1
73872.8
73154.7
85241.6
92917.4
89539.2
88542.5
89569.9
88621.5
85155.6
82459.5
82920.2
86322
78782.1
86329.4
78809.5
82433.6
80080.7
78758.8
85222.1
76791.1
85257.7
76776.2
79908
79371.1
71057.5
73796.8
73142.1
73838.7
73151.5
79390.3
69814.4
72834.7
65598.7
69211.7
69667.5
72948
65647.8
68182.4
73425.8
66072.3
68716.9
67993.3
73621
66109.3
66904.5
60406.4
61836.2
59185.5
66668.4
60453.4
61985.3
72866
79806.6
76565.9
76531.2
76514.6
76492
72934.6
69981.8
69459.2
73145.2
65924.7
73054.2
65899.2
70134.8
68384.1
68792.5
74016.8
66239.1
73823.4
66144.7
68493.1
67182.9
59458.8
60815.9
62379.4
60741.3
62147.5
67487.2
299264
306257
288622
298499
299068
306284
288715
297704
308486
290253
301637
297684
308726
290316
289884
280528
281569
272848
289734
280645
281674
305887
323592
316542
318395
316271
318435
306048
299373
298765
306372
289167
306286
288910
299470
297700
301447
308442
290393
308425
290330
297822
289973
272919
280902
281754
280738
281721
290048
266727
272638
256087
265465
266529
272845
256303
264630
273300
256482
264901
264496
273493
256602
257559
248734
248867
241186
257379
248899
248991
272924
290349
283594
283160
283109
283085
273135
266800
265643
273088
256741
272894
256520
266874
264774
264994
273685
256775
273609
256678
264932
257673
241289
249183
249172
249040
249094
257741
234917
240106
225151
233568
234805
240199
225270
233655
241811
226222
233807
233564
241959
226336
226941
218858
219118
212124
226799
218977
219246
240555
256572
250130
250576
249841
250615
240735
234952
233767
240288
225619
240237
225425
234916
233723
233908
242098
226518
242061
226419
233839
227040
212215
219188
219434
219066
219348
227083
206441
210774
197348
204953
206308
210895
197417
205212
212766
198506
205410
205113
212909
198610
199120
191717
192036
185669
198990
191807
192124
211382
226157
220150
220642
219875
220723
211556
206473
205076
210915
197642
210924
197493
206383
205287
205490
213026
198722
213005
198671
205375
199190
185709
191940
192221
191879
192181
199207
179855
183686
171034
177955
179791
183694
171038
179062
186090
173224
179510
179045
186169
173260
173340
166394
167194
161187
173284
166397
167225
184307
197869
192328
193112
192144
193232
184434
179850
178050
183610
171259
183670
171108
179717
179083
179544
186189
173289
186202
173282
179121
173356
161208
166458
167258
166419
167251
173326
154885
157763
146406
152546
154761
157816
146474
154502
161162
149479
155421
154500
161224
149533
149119
142708
143787
138412
149002
142757
143868
158838
171533
166091
167379
165898
167525
158974
154923
152734
157784
146849
157826
146648
154820
154515
155445
161203
149554
161242
149559
154535
149190
138467
142907
143926
142834
143926
149179
132483
134697
124567
129823
132285
134733
124667
132414
137974
128346
133411
132369
138160
128384
127657
122041
123461
118586
127499
122031
123478
135821
146848
142276
143588
142078
143661
135977
132561
129958
134628
125015
134716
124833
132486
132452
133439
138297
128403
138272
128394
132503
127754
118602
122122
123512
122064
123502
127773
111809
112918
103420
107789
111663
112929
103444
112452
117722
109200
113941
112438
117827
109224
107754
102150
104369
99639.7
107629
102076
104448
114882
124665
120212
122343
120102
122448
115092
111853
108149
112904
103980
112951
103837
111784
112461
113963
117914
109259
117903
109246
112498
107850
99935.5
102397
104577
102324
104505
107911
264955
273211
255907
264431
264759
273372
256022
263925
274683
254130
265320
263665
274936
254385
255733
246753
245787
237545
255520
246908
246021
273767
292547
282022
284676
281856
284888
273950
265085
264553
273543
256267
273478
256147
265175
264143
265029
274578
254727
274713
254574
264345
255861
237689
247179
246260
247048
246159
255952
232135
240442
224667
233023
232028
240552
224780
230944
238737
221809
229662
230848
238856
221913
223470
216163
214517
207602
223371
216269
214616
239854
256424
248359
247988
248275
247902
239940
232218
233121
240727
224976
240646
224877
232304
231035
229772
239053
222111
238958
222005
231128
223557
207707
216470
214827
216356
214712
223650
203778
211451
197158
204737
203684
211562
197245
202530
209156
194227
200834
202425
209264
194327
195909
189434
187877
181820
195815
189535
187959
210745
225832
218766
217795
218665
217668
210857
203863
204814
211762
197399
211654
197314
203977
202622
200940
209501
194557
209362
194420
202751
195995
181913
189728
188163
189625
188043
196116
178423
185238
172609
179155
178393
185297
172635
177332
183177
170143
175889
177236
183285
170193
171542
165974
164648
159350
171500
166000
164658
184631
198181
191739
190880
191694
190807
184677
178470
179189
185387
172674
185343
172661
178515
177420
175970
183471
170313
183382
170257
177487
171591
159352
166039
164714
166022
164684
171634
155525
161282
150075
155593
155479
161322
150129
155057
160355
148787
153938
155034
160377
148834
149778
144597
143803
138860
149796
144586
143820
161201
173130
167232
166788
167223
166763
161208
155542
155615
161362
150138
161349
150142
155554
155063
153948
160417
148867
160396
148849
155071
149748
138852
144532
143807
144551
143803
149739
134150
138920
129265
133804
134158
138964
129246
134310
139377
129200
133967
134324
139355
129179
129307
124595
124449
119850
129340
124551
124416
139402
149963
144401
144628
144414
144637
139368
134133
133807
138960
129145
138980
129211
134093
134287
133942
139308
129114
139331
129152
134249
129272
119803
124430
124328
124503
124380
129220
115197
119353
110730
114641
115218
119343
110734
115427
119938
111096
115380
115452
119892
111067
110986
106642
106832
102683
110997
106665
106830
119793
128879
124051
124318
124072
124366
119762
115182
114644
119325
110728
119334
110733
115171
115399
115331
119784
111000
119845
111031
115365
110971
102702
106692
106820
106683
106823
110971
97412.1
100593
92938
95877
97339.3
100684
92960.8
98194.7
102318
94608.8
98626
98154.4
102360
94624.6
93791.6
89506
90487.2
86410.3
93714.2
89500
90544.9
101931
110042
105525
106267
105515
106250
101940
97458.1
96226
100846
93256.1
100757
93263.8
97513.6
98236.2
98645.2
102419
94660.7
102396
94658.5
98250.4
93851.4
86700.7
89819.2
90632.4
89797.6
90585.1
93936.4
225291
235462
217270
227519
225008
235728
217490
221529
230572
210866
221011
221200
230995
211142
214533
206798
203799
196699
214266
207037
204032
233128
253230
243720
242748
243484
242832
233353
225463
227685
235998
217848
235880
217666
225602
221810
220721
230878
211575
230880
211353
222113
214695
196878
207400
204301
207218
204168
214843
196295
205375
189659
198720
196161
205489
189791
193320
199940
183322
190167
193144
200141
183521
186863
180528
177229
171412
186705
180685
177408
203207
220127
212753
210508
212640
210377
203327
196418
198835
205717
190069
205593
189914
196544
193476
190327
200444
183831
200301
183689
193621
187007
171551
180961
177700
180830
177566
187136
171669
179762
165920
173918
171570
179844
166032
168975
174557
160170
165804
168850
174698
160305
163355
157918
154896
149840
163250
158016
155017
177631
192323
186194
183822
186044
183653
177786
171761
174022
180057
166249
179929
166129
171899
169089
165944
174993
160546
174837
160427
169233
163458
149928
158209
155260
158102
155141
163596
150283
157439
145422
152390
150224
157486
145470
147803
152712
140099
144979
147725
152790
140168
142937
138330
135537
131175
142882
138372
135590
155413
168349
162888
160759
162818
160655
155489
150334
152411
157555
145517
157522
145492
150378
147867
145054
152956
140289
152863
140225
147934
142987
131201
138431
135692
138404
135637
143039
131638
137678
127371
133067
131663
137711
127315
129608
133808
122936
127003
129576
133840
122961
125370
121330
119043
115214
125363
121328
119049
136121
147301
142494
140686
142459
140666
136136
131627
133063
137744
127267
137724
127282
131632
129628
127033
133896
123002
133867
122982
129645
125379
115209
121325
119076
121327
119062
125395
114475
119508
110483
115121
114541
119465
110408
113358
117270
107926
111535
113403
117244
107874
109405
105730
104349
100740
109483
105643
104283
118664
128460
123896
122883
123934
122907
118621
114419
115068
119368
110256
119423
110338
114358
113319
111518
117215
107793
117228
107833
113276
109346
100675
105487
104174
105569
104231
109287
98616.1
102678
94817.8
98705
98646
102677
94815.3
98198.4
101919
93915.8
97329.2
98245.2
101838
93864.2
94481.4
90867
90452.8
86936.4
94511.4
90866.5
90426.6
102427
110803
106657
106238
106688
106308
102394
98591.4
98719.1
102665
94821.8
102669
94818.1
98581.3
98149.5
97264.8
101713
93783.3
101770
93815.4
98114.8
94455.7
86931.3
90866.5
90395.6
90867.2
90403.1
94447.2
83576.6
86786.3
79770.8
82889.7
83506.2
86853.5
79737.1
83727.3
87169.3
80183.1
83598.7
83693.1
87194.5
80204.9
79973.6
76253.1
76680.7
73003
79892.3
76217.9
76755.9
87410.8
94786.2
90979.5
91070.6
90977.3
91060.5
87411.5
83632
83171.1
86995.5
80057.2
86911.3
80035.6
83685.2
83773.2
83619
87248.2
80253.5
87221.9
80243.7
83777.8
80037.5
73308
76528.9
76869.4
76485
76807.6
80108.5
182774
192844
174935
185932
182631
193095
175219
176097
187662
166893
174047
175853
187586
167027
172286
163026
159076
153632
172212
163373
159194
188811
208159
199795
197588
199566
197877
189017
182827
186154
193345
175581
193243
175427
182847
176301
173669
186797
166837
187143
167017
176538
172266
153813
163741
159132
163587
159247
172174
158247
167542
151556
161833
157992
167742
151824
151923
160174
142558
148150
151525
160258
142922
148692
140536
135939
131992
148516
140917
136299
163409
180099
173715
170235
173595
170224
163530
158323
161981
167979
152207
167878
152032
158339
152187
148216
160141
143114
160219
143128
152356
148779
132421
141584
136579
141323
136568
148753
138019
146354
132457
141390
137896
146465
132565
132025
139029
124560
128292
131858
139227
124804
129893
122787
118907
115546
129751
122935
119087
142204
156833
151592
147950
151468
147874
142328
138114
141505
146687
132845
146573
132690
138225
132297
128384
139200
124956
139202
124957
132421
129868
115766
123358
119031
123190
119160
129907
120740
128006
115900
123774
120619
128087
115982
115283
121955
108881
112502
115144
122058
109064
113819
107364
103896
101152
113679
107504
104081
124208
137105
132430
129444
132370
129398
124327
120865
123817
128208
116192
128162
116062
120883
115459
112456
122010
109413
122006
109241
115607
113907
101363
107921
104190
107685
104170
113931
106523
112687
102443
109028
106462
112692
102432
101640
107398
96688.4
99067.9
101604
107489
96795.2
101073
95299.8
92839.5
90538
100992
95330
92884.8
109206
120147
116267
113577
116237
113603
109292
106588
109026
112719
102517
112710
102433
106560
101713
99058
107438
96981.2
107539
96894.9
101915
101128
90617
95602.4
92773.1
95403
92870.1
101028
94086
99146.6
90524.5
95727.4
94065.5
99090.4
90407.3
90144
95741.1
86303.4
88666.1
90208
95771
86390.5
89855.5
84487.7
82551.9
80477.2
89911.2
84397.2
82639.4
96425.8
105799
102247
100347
102276
100417
96461.4
94107.9
95660.6
98996.3
90355.3
99047.8
90322.9
94035.2
90143.5
88598.6
95588
86553.6
95754
86474.4
90301.2
89851.6
80519.9
84544.8
82471.1
84383.9
82596.4
89702.5
82385.9
86298.9
78749.3
82902.8
82381.5
86275.1
78658.7
79573.9
85142.6
76770.7
78891.5
79719.8
85062.5
76822.5
79304.9
73685.4
73058.9
70855.2
79375.5
73622.7
73043.7
84735
92699.7
89370.7
88413.1
89389.9
88496
84747.5
82398.3
82900.6
86244.1
78611.6
86259.8
78579.2
82337.1
79506.2
78831.8
84767.3
76965.6
84963.4
76873.8
79625.6
79233.8
70875.7
73780.9
72883
73618.3
72976.3
79045.3
70266.5
73206.2
66220.7
69700.9
70220.5
73279.8
66210.3
68405
74129.1
66320.2
68967.6
68472.6
74122.1
66444.1
67894.3
61219.5
62554.8
59943.6
67768.5
61257.1
62661.4
72862
79903.1
76686.9
76539.8
76669.9
76594.2
72884.7
70339.9
70009.3
73451
66592
73372.7
66491
70360.3
68386
68932.2
73840.6
66680.6
74041.6
66552.3
68504.6
67878.5
60231.6
61865.3
62546.4
61652.8
62604.4
67723.9
)
;

boundaryField
{
    inlet
    {
        type            zeroGradient;
    }
    outlet
    {
        type            fixedValue;
        value           uniform 0;
    }
    seabed
    {
        type            zeroGradient;
    }
    top
    {
        type            zeroGradient;
    }
    side1
    {
        type            zeroGradient;
    }
    side2
    {
        type            zeroGradient;
    }
    submarine
    {
        type            zeroGradient;
    }
}


// ************************************************************************* //
