/*--------------------------------*- C++ -*----------------------------------*\
  =========                 |
  \\      /  F ield         | OpenFOAM: The Open Source CFD Toolbox
   \\    /   O peration     | Website:  https://openfoam.org
    \\  /    A nd           | Version:  10
     \\/     M anipulation  |
\*---------------------------------------------------------------------------*/
FoamFile
{
    format      ascii;
    class       volScalarField;
    location    "8.6";
    object      p;
}
// * * * * * * * * * * * * * * * * * * * * * * * * * * * * * * * * * * * * * //

dimensions      [0 2 -2 0 0 0 0];

internalField   nonuniform List<scalar> 
12920
(
-92197.9
298123
252100
295692
297556
322730
317119
313798
295125
279483
255195
232776
205701
179020
149513
120222
89209.8
58469.8
27641.6
1885.43
206320
291288
271735
311295
313679
334072
323638
319341
299835
283352
258075
234851
207004
179924
150335
121018
89838.3
59003.1
27923.6
2016.96
136003
335969
284096
347579
334743
354583
335686
330125
307416
289977
262928
238815
209897
182198
152047
122461
91065.2
59889.3
28412.8
2245.35
180977
368258
352516
397498
373089
379180
355354
343968
317760
297361
268793
243541
213979
185304
154669
124649
92790.9
61075.7
29040.1
2590.21
520835
503637
438409
456099
409231
410365
377041
360699
329648
306215
275501
248825
218201
189028
157763
127190
94794.1
62499.2
29714.9
2976.01
490165
561456
509393
513142
461756
446147
404428
378725
343740
314872
283038
253821
222855
192770
161335
130052
97093.7
64158.7
30616.3
3476.32
1.0658e+06
756956
601523
585000
498262
475497
426315
396348
356281
324793
290376
259701
228028
197804
165376
133120
99497.1
65852.8
31746.5
4070.59
778212
792504
657352
635129
549219
509530
456765
417113
375419
338277
302949
270883
239214
208455
170498
136338
101880
67606.2
32710
4725.87
947582
887449
681898
665135
564560
538887
485265
438201
393591
351883
313609
279069
247414
215831
178896
139443
103676
68993.3
33495.2
5487.32
1.09108e+06
981840
707329
694841
590774
562427
507385
454574
406790
362277
321006
283308
250160
218145
180932
139540
104619
69860.8
34027.4
6078.37
871257
951688
733765
700743
594686
575584
519728
466672
417415
371371
328490
287325
254422
221955
181975
139904
105174
70334.8
34375.5
5975.23
1.17044e+06
1.00164e+06
760258
719396
615335
584951
529606
474210
425656
379835
336677
295841
257713
222630
184582
141774
105837
70949.1
34486
6401.67
718680
820718
657475
692111
598085
562113
518504
471925
425836
382906
339257
297929
258238
221598
177688
143227
107891
71919.2
34843.2
6777.37
767147
822188
702187
697826
593129
564154
493193
459639
410209
371355
327194
291570
251087
218373
181386
146987
109849
73016.5
35272.4
6407.72
527781
682700
577577
607863
562468
540794
489543
455071
408181
370306
330932
294002
255928
222307
185189
149133
111149
73360.9
35396.7
4965.67
497965
687436
609722
615712
544682
534327
472215
449217
400658
369957
329402
297255
258621
223420
185652
149499
111208
73394.6
35187.2
4011.38
441659
536278
494032
550499
498739
504050
461846
441300
400509
369591
330702
296832
258999
223000
185500
149224
111114
73211.3
35120.9
3489.04
604449
582058
544218
550830
500561
505433
453483
437880
394749
367092
328163
295921
257842
222598
184885
148847
110697
72903.7
34801.8
3301.66
293648
448321
420767
510184
466571
489374
444251
429529
390068
362498
325121
292890
255979
220949
183695
147633
109815
72209.3
34553.7
2940.48
516778
541389
466931
550818
483616
495838
445020
428739
389300
361581
324648
292339
255679
220782
183547
147370
109524
72001.4
34590.7
2668.59
-85983.7
291867
242200
293119
296923
323241
316480
313655
295172
279462
255022
232770
205707
179136
149526
120229
89165
58398.8
27555.7
2075.11
199649
282489
263399
310268
313078
334289
323300
319571
299734
283382
257924
234839
206918
179918
150257
120971
89757.3
58937.4
27924.1
2294.62
24762
261919
269780
348449
333348
354968
335278
330372
307264
290062
262789
238814
209826
182240
152014
122497
91062.9
59900.3
28450.2
2621.76
234286
355201
348081
396506
371723
379563
354999
344327
317547
297557
268769
243562
213821
185326
154643
124690
92810.8
61120.8
29061.2
3035.26
645885
498892
435331
455464
408565
410958
376539
361170
329388
306403
275386
248949
218154
189085
157726
127252
94821.2
62547.8
29668.1
3417.78
508693
565132
509313
513751
459562
446817
404031
379113
343600
314956
283028
253872
222891
192806
161315
130121
97124.8
64214.2
30555
4010
987987
744135
598228
583915
495404
476371
425519
396621
356183
324886
290271
260026
228164
197836
165323
133134
99518.2
65908.3
31754.8
4696.8
800219
778259
652829
635257
548013
509780
455923
417495
375590
338922
303548
271346
239610
208833
170589
136299
101904
67674.5
32684.7
5391.22
936294
864568
683626
663040
563482
540002
485004
438285
393574
352116
314225
279941
247549
215748
179041
139356
103698
69105.9
33507.1
6244.54
982535
958967
711227
691296
590669
562029
507749
454548
406702
362119
321023
283549
250297
217877
180795
139508
104632
69990.7
34074.4
6837.16
947978
949200
737912
696991
598503
573714
519703
466598
417223
371128
328489
288171
254309
221771
181858
139896
105163
70454.3
34380.6
6675.33
1.11677e+06
988913
763886
720527
617974
584516
528387
473828
425478
379718
336713
295990
257551
222412
184738
141818
105732
71071.6
34370.4
7355.65
759653
828114
662265
692090
598598
562936
518698
471145
426431
383391
339491
298083
258287
221726
177523
143096
108060
72036.7
35045.1
7485
721744
822387
706634
697526
593584
563177
494523
459113
410471
371419
327595
291432
250500
217649
180924
146641
109679
73022.8
35293.2
7245.19
490211
659595
577109
608454
562484
541885
489205
455088
408769
372915
331264
293789
255424
220948
184934
149227
111224
73423.8
35358.3
5642.19
533629
690137
608905
618635
543572
536609
471665
450530
401008
370427
329236
297143
258632
223311
185620
149583
111236
73430.5
35063.1
4658.8
482691
554851
494649
549266
495769
504658
461105
442202
400356
369859
330571
296928
258973
222994
185408
149272
111137
73260.2
35062.2
4090.01
529585
566318
538176
548728
498447
506380
452812
438804
394425
367280
327864
295995
257710
222591
184796
148826
110730
72998
34781
3815.28
223429
438345
420893
503272
465145
490735
443591
430159
389876
362762
325047
293013
255952
220987
183669
147653
109819
72230.3
34561
3381.34
423408
534576
462515
547794
482381
495709
444833
428756
389150
361592
324592
292389
255689
220843
183503
147398
109503
71998.4
34631.8
3013.47
-120919
299345
224957
293763
297464
323463
315772
313593
294880
279337
254634
232780
205782
179423
149599
120306
89110.4
58313.3
27412.7
2577.83
72473.2
268819
254976
310898
311739
334576
322718
320041
299513
283435
257651
234873
206811
179979
150137
120940
89590.6
58879.1
27946.6
2963.72
-73764.1
272035
261153
351539
331675
355721
334638
330887
306976
290167
262476
238818
209671
182271
151947
122538
91057.4
59959.2
28592.8
3464.05
186301
356033
345380
395896
369736
380187
354390
344992
317205
297886
268753
243632
213669
185381
154598
124760
92850
61239.8
29175.2
3965.92
543974
495989
430018
454925
407611
412013
375688
362043
328816
306795
275185
249206
218049
189211
157670
127370
94881.7
62679.4
29666.1
4353.96
538823
558702
504708
515589
457769
448149
403372
379941
343293
315162
282853
253968
222884
192844
161275
130241
97204.9
64383.9
30522.9
5061.79
747272
706463
587554
583066
492070
477688
424399
397029
356322
325222
290340
260201
228146
197707
165143
133053
99503.6
66021.6
31957.6
5822.59
789429
746232
649309
637131
546680
510823
455348
417123
375960
339151
303758
270942
238889
207899
169840
135958
101774
67691.8
32982.6
6228.88
881433
832156
681285
661301
565680
538642
485220
438483
393807
352754
314780
280201
247041
214783
178011
138846
103415
69016.2
33866.7
6667.76
926666
925823
714264
685991
591875
561486
507572
454284
406445
361998
321674
284830
250553
217186
180101
139336
104550
69967.3
34485.2
6996.5
982960
945366
738548
694824
601447
572588
518232
465942
416822
369648
328549
290022
254186
220710
181737
140086
105257
70501.6
34676.9
6952.85
1.13515e+06
981822
770540
722216
618351
584312
527481
472732
425036
379510
336886
296206
257489
222235
185232
142186
106008
71213.2
34909.8
7197.74
690042
819670
669320
689923
599274
564582
519283
470632
424770
383492
339956
298439
258579
222229
178282
143565
108393
72242.7
35187.3
6932.06
936627
832484
713647
695840
595835
560244
496282
458671
411022
371487
328264
291526
250955
217127
180514
146380
109524
73076
35287.4
6776.38
581134
656626
588384
614450
563035
542420
488839
456833
409937
373308
331655
294034
255371
219875
184017
148719
111103
73428
35672
6371.43
732681
712471
616202
620816
544958
537384
472561
451687
401267
370801
328685
296464
257966
222827
185545
149592
111203
73601.4
34875
5888.94
508931
574293
498306
546124
493608
504189
460786
443004
400106
370073
330097
296924
258832
222907
185181
149274
111272
73467.8
35005.9
5232.63
445793
563297
538028
546384
496735
507636
452864
439351
394090
367409
327395
296233
257429
222561
184621
148897
110872
73245.7
34739.6
4965.31
197256
428743
416562
497631
462907
489042
442479
431242
389698
363191
324927
293235
255907
221075
183610
147748
109851
72312.9
34651
4337.84
274228
497862
461171
544698
480305
495277
444396
428925
389009
361657
324491
292480
255705
221022
183503
147446
109447
71998.6
34759
3755.23
88171.2
295264
222328
293040
296698
323597
315167
313601
294471
279107
253899
232798
205919
179958
149703
120378
89027.3
58215.8
27226.1
3477.97
-84778.9
241951
244006
310861
310236
335455
322052
320856
299272
283624
257281
234898
206617
180033
149939
120857
89287.1
58822.2
28213.1
4244.26
-195815
231959
249277
348892
329278
355992
334016
331336
306587
290297
262018
238847
209547
182377
151928
122624
91103.9
60122.4
28979.5
4646.64
36924.6
326932
333910
394184
367404
380675
354263
345714
316872
297912
268690
243665
213595
185452
154595
124821
92936.4
61436.3
29654.4
4918.48
430962
466675
420872
453615
405759
412806
374989
363151
328180
307333
274783
249561
217884
189435
157640
127517
95019.5
62945.4
30031.2
4797.72
435479
535678
498379
515211
456250
448514
402113
381133
343099
315714
282830
254332
222837
192892
161216
130136
97211.6
64498.2
30939.7
4850.94
705741
687330
573784
577980
491660
477019
424532
397253
356349
325462
290378
260256
227969
197525
164971
132928
99475.4
66131.9
32206
5104.68
556384
690486
646614
635982
546829
509991
455122
416908
375720
339311
303789
270769
238367
207150
169589
135715
101679
67735.8
33264.3
5215.36
764998
789722
676842
657787
567197
537528
484907
437959
393443
353120
315132
280453
246918
214264
177398
138789
103267
69024.4
34148
5407.56
757137
917876
716741
681870
593018
561224
506762
453559
406328
362746
322523
285606
250772
216834
179910
139484
104491
70009.5
34739.2
5608.09
951935
929092
742119
695439
602788
572576
517894
464278
416280
370559
329595
291000
254278
219962
181841
140383
105340
70468.9
34956.5
5645.51
1.16169e+06
975353
772785
722646
619057
584372
527852
471485
424055
379260
337007
296478
258136
222369
185406
142612
106203
71368.5
35297.6
5679.77
932583
829198
679788
688512
601804
563660
519084
470482
424238
381961
340048
299052
259398
223299
178915
143635
108272
72463.6
35724.2
5405.84
1.02384e+06
836785
721341
693690
598104
558340
497783
458303
411363
371910
329121
291763
251525
217042
180579
146239
109559
73139.5
35797.4
5262.78
547337
647562
587625
614805
564222
541748
489077
456922
410584
373320
332108
294168
255689
219911
183771
148329
111002
73514
36064.9
5253.91
676296
727916
613982
619070
547824
535461
474580
451419
401980
370930
329107
295867
257492
222240
184851
149188
111170
73820.5
35647.6
5495.66
584020
601249
502300
540957
493806
503720
460599
443502
399925
370291
329687
296309
257871
222533
184872
149317
111496
73841.1
35599.6
5574.63
439859
569222
539632
545487
496896
508675
452897
439986
393721
367736
326856
295643
256645
222245
184415
148843
111045
73633.7
35134.9
5933.76
120172
407171
410547
492585
462481
487428
440695
430755
389473
363324
324812
293259
255783
221121
183549
147770
109888
72467.7
34967.6
5647.09
371455
518486
459696
540923
477893
494457
443943
429273
388892
362001
324459
292735
255785
221341
183462
147517
109303
71973.6
34908.7
4903.95
124780
303372
219469
293588
296551
323868
314696
313692
293934
278776
252600
232850
206202
180952
149973
120656
89148.4
58362.1
27474.3
3262.4
-69244.4
238494
236657
312757
308871
336662
321050
322234
299123
284019
257189
235165
206769
180405
150085
121120
89558.5
58993.8
28405.9
2925.88
-303531
218400
251659
348279
329891
356525
333885
331655
306427
290474
262034
239105
209563
182482
151978
122697
91174
60203.5
29214.2
3256.89
70892.6
326948
327624
397271
368019
381308
354508
345763
317279
297906
268709
243718
213610
185498
154627
124851
93000.2
61521.7
29929.7
3402.17
419392
462271
417950
454159
405665
412041
375877
362636
328753
307070
275195
249380
218048
189324
157709
127447
95079.4
63011.6
30467.9
3360.63
305885
511999
492685
512628
456462
446815
403179
380688
343502
315746
283038
254311
222882
192847
161236
130072
97287.5
64634
31382.8
3435.9
721471
677056
563901
574768
493200
474767
425982
397299
356897
325679
290611
260334
227946
197397
164962
132878
99559.4
66302.6
32566.7
3670.33
521669
667940
647060
633118
547799
508178
455278
417165
375670
339540
303761
270574
238036
206804
169611
135648
101721
67904.5
33579.7
3847.67
807745
759247
676372
656730
567479
536504
484663
437829
393382
353404
315452
280447
246817
213976
177241
139008
103271
69153.2
34431
4041.99
766949
885838
716734
678714
593236
560183
506914
453270
406306
363111
323028
285942
250942
216896
180073
139820
104474
70099.5
34993.4
4219.79
1.02175e+06
928637
742954
696448
603074
572505
518222
463815
416035
371575
329996
291185
254412
219827
182070
140712
105352
70571
35269.5
4298.21
1.17841e+06
974225
775438
723522
619729
584082
528135
471540
423505
379044
336907
296827
258760
222720
185521
143105
106371
71572.1
35643.7
4345.51
891023
822828
685025
688353
604091
562693
518668
470310
424028
381619
339242
298891
259816
223366
179271
143643
108229
72616
36090.7
4171.08
963124
836089
719902
692809
598748
557525
498804
458013
411788
372078
329651
292164
252428
217698
180800
146158
109597
73273.6
36249.6
4053.94
597042
654942
592409
615329
565876
540817
489768
455894
410830
373084
332235
294234
256352
220009
183773
148110
110972
73642.1
36412
3999.77
626471
723105
614156
617674
550565
533764
476334
450576
403002
370850
329522
295791
257609
221997
184666
148971
111216
73900.7
36107.1
4285.72
724656
619263
504550
536320
495206
502031
461742
442848
400550
370012
329941
296002
257863
222342
184856
149141
111521
73934.6
36035.1
4469.08
81599.3
536247
526493
544383
498321
508120
454585
439367
394576
367446
327175
295281
256755
222100
184370
148764
111032
73625.2
35539.7
4808.89
235737
417066
410319
491320
463227
485008
441148
430332
389529
363366
324837
293245
255768
221134
183531
147771
109994
72528.7
35159.9
4807.44
374913
508027
456767
541072
475347
494600
443542
429775
388780
362400
324423
293119
255909
221932
183394
147633
108977
71839.2
34978.7
6583.39
331299
368049
337202
362605
332014
368746
337985
293641
326662
297816
322361
294364
327480
298988
339224
377397
345247
369843
339990
377262
345308
300039
334949
304339
329378
300932
335098
304551
450782
502691
463090
485262
450612
502959
463082
405767
450974
415242
438222
405567
450950
415174
362891
403950
370515
393559
362675
403902
370384
323519
359948
328995
352014
323339
359886
328965
286952
319269
290899
313975
286621
319342
290898
253927
282225
256888
279732
253805
282371
256965
222081
249321
225149
247662
221819
249453
225043
190485
217501
192211
215937
189935
217446
191971
467122
517430
476850
507675
467101
517900
476873
418299
463980
426859
454576
418272
464004
426785
373093
414951
380304
406739
372963
414840
380120
330921
369137
336961
362169
330915
368996
336931
292298
326527
296038
321010
292313
326503
296077
257985
286250
261268
283405
258085
286554
261397
226251
253526
229921
250226
226141
253427
229705
192943
221186
194527
218042
192798
221063
194385
479495
526822
485296
519912
479464
526883
485172
429397
472753
435772
466631
429295
472671
435644
382571
423827
388979
417289
382386
423709
388855
339014
377835
345237
371231
338992
377745
345216
297465
334732
303830
328491
297663
334726
303940
262302
293757
265524
287898
262377
293969
265479
230936
256720
231243
254335
230700
256582
230935
195052
222467
195624
221863
195022
222271
195533
486523
525677
488564
529074
486221
526122
488863
437381
476766
440890
474042
437245
477143
440836
390814
428828
396101
425551
390691
428941
395939
347191
384366
353057
379756
347129
384401
353031
305818
341043
311101
336688
305884
341027
311112
266857
299719
271246
295936
266753
299750
271168
231231
260461
233225
257581
231009
260371
233140
195857
223409
197239
222472
195678
223391
197062
450475
502959
463027
485370
449929
503740
462721
405489
450924
415111
438691
405032
450778
414843
362495
403860
370318
393799
362107
403721
370103
323209
359862
328953
352611
323376
359852
329055
286668
319388
290950
314717
287805
319839
291810
254024
282524
257152
280090
254647
283402
257569
221911
249509
224998
247113
222183
249702
224738
189682
217277
191882
214955
189615
216839
191418
467056
517938
476818
508158
466787
516822
476378
418235
463975
426735
454370
418015
463715
426482
372893
414778
380004
406515
372659
414509
379467
330905
368880
336925
361989
330997
367780
337064
292378
326491
296159
321415
293277
326588
297803
258247
286822
261484
284500
258675
288349
261840
226014
253403
229493
250497
225603
253347
228480
192684
220925
194344
217358
192101
220077
193944
479414
526991
485027
518563
478801
526286
484143
429239
472587
435558
466275
428967
472061
435174
382278
423637
388791
416941
381810
423320
388518
338988
377700
345217
370083
339113
377488
345236
297767
334750
303998
328570
299106
334883
304242
262450
294054
265477
289543
262801
294347
265482
230515
256539
230822
254240
229491
256438
230493
194983
222196
195499
221019
194694
221988
195266
485911
526232
488985
527520
485127
526145
489397
437139
476909
440682
473129
436695
476212
439820
390627
429018
395823
425167
390356
428874
395308
347119
384437
353023
379565
347101
384577
352930
305896
341049
311106
336831
306004
341196
310994
266734
299804
271163
296150
266677
299895
270965
230922
260387
233150
257483
230675
260313
233053
195592
223461
196987
222263
195208
223661
196459
450038
503706
462560
485335
450217
502946
462174
404923
450718
414733
438043
404841
450424
414494
362443
403679
370078
393522
363198
403600
370571
323557
359905
329348
353049
324188
360526
330013
288161
320089
292131
315031
288901
320741
292821
254742
283693
257690
280409
255072
284315
258022
222183
249765
224634
246929
222228
249948
224461
189595
216699
191274
214355
189407
216439
190822
466625
516357
475873
506971
465856
515972
474480
417918
463514
426362
453691
417656
462141
425839
372626
414396
379334
406337
373069
414061
379609
353998
351405
364356
362189
353666
351667
364550
313816
312048
323311
321932
313554
312334
323575
258805
288883
261973
285506
259139
289751
262249
225457
253292
228214
250716
225198
253341
227682
191968
219797
193850
216858
191539
219180
193470
478217
526078
483579
517969
476796
526023
482358
428836
471771
435007
464500
428189
470297
434202
381688
423183
388403
416394
381702
422577
388136
361150
360564
372442
371357
361613
361942
372216
321060
317917
331010
329080
320778
318113
331231
262934
294457
265512
290927
263179
294825
266055
229197
256441
230406
254186
228587
256977
230316
194579
221922
195226
220032
194175
221721
195287
484796
526025
489412
527798
483978
526289
489371
436508
476069
439441
471564
435560
475667
438819
390240
428400
395048
424351
389856
426698
394391
347098
384644
352867
379398
347086
384165
352323
306048
341303
310966
337036
306116
341674
310543
266661
300017
270958
296400
266701
300316
270727
230608
260365
232941
257885
230748
260933
232490
195127
223804
196306
222314
195484
224556
196807
450196
502656
462081
484925
450227
502604
461904
404900
450320
414459
437886
405189
450102
414425
363359
403584
370677
393407
363960
403581
370918
324423
360630
330182
353335
325019
360889
330591
289066
320907
292969
315411
289457
321317
293319
255220
284444
258121
280481
255572
284734
258351
222280
250007
224462
246873
222431
250154
224495
189543
216420
190888
214059
189729
216411
190856
465717
515871
474308
507008
465465
516022
474001
417593
461930
425676
453305
417495
461539
425420
373178
413996
379817
406296
373411
413850
380207
332179
368703
338039
363036
332569
369489
338290
294478
327702
299515
322921
294773
328112
299068
259229
289773
262300
285873
259429
289823
262410
225188
253360
227641
250914
225231
253422
227559
191602
219120
193526
216868
191590
219007
193409
476632
525949
482280
518359
476353
526154
482384
427971
470134
433879
463893
427673
469928
433379
381916
422337
388102
416076
382272
421900
388049
340022
377268
345338
371501
340140
377288
345419
300745
335117
304670
329906
300531
335198
304886
263225
294959
266305
291159
263284
295187
266644
228545
257188
230333
254448
228466
257550
230577
194263
221707
195411
219856
194217
221883
195508
483897
526211
489276
528192
483899
526618
488852
435163
475591
438792
471542
434776
475163
438842
389769
426425
394239
423577
389594
425971
394084
347035
383792
352000
379070
346926
382966
351613
306122
341826
310382
336910
306275
340945
310402
267053
300607
270676
296768
267662
300539
271615
230839
261340
232797
258656
231175
261829
233683
195653
224641
197236
222638
195844
224770
198126
450264
502409
461884
484513
450643
501860
461921
405237
450070
414442
437663
405553
450035
414541
364172
403602
370992
393486
364380
403686
371198
325219
360961
330701
353485
325940
361139
330992
289577
321425
293405
315527
289738
321650
293565
255670
284798
258401
280362
255775
284862
258481
222495
250182
224508
246645
222648
250169
224526
189987
216414
191047
213772
190500
216368
191417
465430
515860
473949
506320
465371
515019
473767
417488
461451
425364
453172
417566
461137
425295
373479
413823
380285
406411
373680
413848
380505
332671
369561
338368
363317
332923
369759
338572
294850
328218
299131
323268
294984
328440
299245
259467
289841
262435
285991
259461
289833
262330
225255
253496
227495
250912
225294
253493
227483
191797
218937
193547
216932
192246
218925
193927
476312
526077
482406
518055
476186
525653
482435
427604
469884
433307
463575
427473
469650
433167
382347
421821
388041
416016
382562
421568
388094
340203
377294
345447
371767
340366
377356
345517
300587
335228
304910
330178
300691
335278
304832
263334
295135
266721
291171
263260
295156
266775
228434
257641
230651
254425
228309
257739
230726
194385
221936
195683
219736
194707
222041
196097
483978
526663
488816
527793
484147
526481
489125
434726
475071
438889
471523
434612
475037
439346
389563
425898
394081
423339
389547
426029
394148
346933
382729
351630
378989
346942
382595
351740
306298
340647
310579
336817
306280
340387
310904
267771
300547
271874
296815
267928
300461
272364
231271
261843
233922
258923
231433
261795
234442
196049
224813
198516
222870
196551
224859
199264
343730
341390
333251
331571
343460
341628
333529
354891
365872
358347
369338
354856
365950
357796
345312
334999
348066
337352
345175
335256
348351
354298
362393
352127
364957
351956
364752
354466
344017
331824
342064
333989
341887
333802
344167
355273
369637
366469
358974
366131
358217
355791
345614
337512
335724
348656
335529
348326
345887
304393
302864
294822
293997
304113
303189
295179
315580
324945
316192
326748
315201
325264
315971
306861
296813
306560
297482
306227
297271
307366
314067
322175
312763
324031
312581
323830
314286
304650
294216
303588
295601
303430
295415
304858
315834
326924
325737
317028
325553
316126
315957
307068
297988
297711
307244
297614
307387
306968
351762
350246
341365
339837
351731
351010
341542
364370
375358
366391
377320
364365
375338
366314
353752
343256
355809
345266
353760
343299
355788
361291
371538
361397
372553
362282
372212
361942
351914
340224
351041
341858
351464
341704
352217
364369
377275
375313
366305
375318
366280
364410
353751
345287
343477
355830
343367
355795
353914
312030
308341
301134
298345
311321
307895
301835
322716
332924
324650
335021
322615
333016
324742
312501
302254
314529
304427
312476
302286
314652
321360
329393
318777
331561
318450
331437
321405
312208
298659
308941
302202
307743
302269
311947
322831
335076
333207
324830
333108
324808
322948
312628
304498
302816
314820
302526
314746
312852
439765
472075
448247
456659
439668
472003
447988
398784
428427
404800
417173
398717
428463
404599
358388
384968
361962
375497
358173
385049
361688
321805
345317
323512
338482
321663
345513
323301
286785
308725
287220
303179
286695
309037
286858
255245
275746
254587
271141
255054
276023
254334
223433
244002
222633
239395
223193
244263
222285
193850
212672
191839
208615
193563
212893
191533
508985
554090
517741
539194
508744
554349
517444
478831
474845
492991
485162
474807
492999
478849
431002
428377
443560
438171
428386
443544
431017
386205
384312
398120
393563
384299
398109
386235
344366
343288
355517
351911
343288
355558
344389
305786
305780
316372
313673
305791
316437
305810
270361
271057
280864
279200
271032
281009
270432
238270
239329
249149
247526
239249
249302
238394
206487
207668
217601
215920
207595
217707
206622
163746
181875
160028
179039
163483
181994
159736
527299
569575
533525
562449
527064
569662
533139
497069
493270
511383
507409
493287
511420
497039
445400
442147
457936
454588
442146
457974
445348
398064
395368
409610
406777
395341
409596
398094
353725
351586
364581
362251
351557
364553
353744
312869
311220
322767
321008
311221
322766
312874
275535
274515
284368
283314
274514
284370
275530
243480
242212
251226
250168
242212
251229
243484
210504
209773
218971
218139
209757
218959
210520
162502
181373
163374
180927
162385
181316
163268
536845
581084
540832
575088
536351
580371
540310
507660
505560
521966
519736
505570
521930
507711
456395
453980
469097
466657
453960
469072
456423
407889
405619
419760
417382
405583
419726
407926
362536
360344
373611
371339
360315
373575
362571
320232
318115
330632
328494
318128
330638
320212
279888
278440
289179
287493
278407
289370
279884
247393
246728
255221
254398
246701
255192
247456
213333
213019
222364
221946
213011
222338
213340
164020
182285
164006
181919
163921
182227
163905
540822
579490
542560
584823
540814
578841
542862
514024
513337
530951
529394
513265
530887
514071
462627
461497
475570
474194
461478
475502
462685
415362
413745
427353
425637
413711
427332
415401
370595
368763
381784
379812
368734
381770
370625
327925
326180
338644
336660
326156
338619
327958
287607
285894
297687
295865
285903
297716
287594
249260
248547
258822
257657
248492
258778
249313
213839
213670
223045
222584
213634
223018
213875
164005
182383
168260
184627
163806
182455
168117
490786
513773
491180
518677
490792
514051
491956
444669
469068
447400
471724
444375
468287
447009
400346
423809
403575
426207
400099
423845
403119
358710
382754
362591
383105
358674
383072
362532
316289
338312
320125
339340
316204
338401
320102
276260
297636
280525
297983
276195
297695
280479
237653
257811
241900
258261
237546
257816
241803
201435
222063
206499
221655
201295
222107
206343
439599
471539
447596
456012
439761
471685
447235
398580
428696
404311
417782
398330
429001
403869
357711
385261
361197
375871
357727
385595
360818
321426
345863
323002
339089
321542
346248
323202
286767
309659
286949
303661
287444
309824
287682
254663
276004
254451
271068
254840
275902
254601
222882
244176
222293
239271
223049
243739
222585
193135
212628
191055
208476
192643
212030
190955
508181
554786
516886
539702
507405
554144
515962
478540
474625
493056
485213
478606
474589
493436
430616
428244
443629
438378
430763
428131
443692
385835
384220
398180
393618
385963
384166
398230
344055
343169
355770
352285
344169
343094
355919
305532
305570
316952
314511
305587
305509
317250
270823
271176
281877
279990
270478
271481
282008
238475
239092
249391
247368
238305
239213
249246
206180
207151
217464
215479
206162
207119
217206
163031
181936
159358
178605
162738
181445
159318
526705
568838
532300
562004
525482
568369
531776
497025
493272
511894
508096
497053
493273
512189
445335
442078
457952
454503
445395
442024
457901
397842
395207
409500
406649
397918
395137
409442
353597
351436
364410
362067
353630
351390
364361
312895
311231
322745
321065
312856
311282
322766
276204
274747
284616
283841
275877
275075
284947
243267
242207
251309
250366
243329
242204
251346
210000
209498
218710
217705
210231
209304
218460
162205
181188
163130
180399
162129
181011
163014
535334
578810
539394
572999
534899
578415
539805
506779
505239
521725
519411
507333
504881
521389
456176
453877
468967
466540
456261
453813
468889
407612
405401
419554
417142
407703
405314
419468
362275
360161
373360
370940
362376
360114
373226
320404
318148
330674
328495
320339
318147
330712
280679
279028
289994
288529
280441
279437
290223
246906
246364
255079
254287
247046
246212
255057
213183
212855
222152
221620
213251
212743
222029
163811
182174
163822
181803
163665
182151
163692
541283
578919
543605
584596
542485
579126
544789
513317
513146
529571
527924
513744
512781
529055
461708
461156
474925
473551
461926
460959
474966
415022
413527
427176
425388
415132
413431
427108
370447
368627
381719
379672
370490
368578
381695
328003
326227
338651
336743
327977
326265
338680
287582
285985
297767
296042
287597
286014
297794
249092
248318
258725
257524
249128
248263
258715
213584
213456
222917
222356
213655
213378
222896
163507
182616
167957
184935
163112
182890
167671
491873
514279
493036
519467
492118
514276
493426
443247
467813
446817
470709
442541
467638
446819
399646
423160
402887
425915
399015
422786
402897
358599
382756
362423
383730
358454
381481
362181
316108
338648
320055
339695
315937
338996
319907
276080
297820
280412
298222
275916
297990
280254
237305
257860
241570
258373
236984
257953
241134
201058
222208
206107
221903
200650
222423
205738
440456
471110
448027
455991
440636
471708
448040
397810
428403
403191
416872
397978
428202
403128
358758
385707
361609
375933
359159
385716
361923
321566
346614
323169
339220
322002
346762
323631
287969
309999
288314
303799
288330
310111
288596
254936
275918
254522
270829
254989
275921
254700
223271
243497
222694
238614
223418
243347
222775
192775
211624
190882
207436
192622
211312
190571
506291
553071
514806
538287
506568
552918
514777
478163
474339
493999
485504
478036
474472
493986
430045
427639
443961
438283
430033
427488
443811
385611
383981
398543
393707
385425
384131
398409
344514
343439
356401
352903
344284
343606
356529
306654
306253
317748
314842
306389
306482
317892
271890
272195
282445
280290
271708
272309
282643
238687
239323
249091
246963
238677
239314
249085
205879
206895
216595
214630
206007
206756
216463
162879
180895
159545
177665
162811
180594
159448
525038
567542
532002
561688
525701
567472
532680
495369
492708
510956
507222
496000
492247
510799
444903
441740
457605
454172
445048
441609
457408
397490
394893
409192
406383
397561
394836
409108
286023
285149
286390
277414
275936
277125
276178
243013
242153
251458
250601
243079
242121
251492
209183
208770
217798
217012
209372
208611
217601
162226
180833
163154
179937
162126
180730
163041
535445
578020
540413
572860
536365
578232
541201
504569
503054
520082
518173
504782
502831
520132
455276
453380
468194
465429
455670
452998
467650
407138
404971
419129
416690
407264
404854
418994
291291
290406
291724
282192
280613
281838
280883
246469
245709
255085
254158
246592
245589
255073
212437
212072
221282
220434
212660
211842
221051
163860
182169
163971
181692
163852
182346
164110
544077
579546
546090
584506
545607
579765
547391
512522
511486
528579
527607
512483
511463
528639
460571
460238
474262
472244
460949
459820
473809
414349
413037
426849
424884
414559
412869
426708
368394
379463
368330
370182
381617
370267
381601
326426
336944
326483
328115
338824
328096
338892
296265
287568
286106
297904
287565
286139
297957
249050
248160
258745
257527
249063
248146
258814
213297
213149
222855
222232
213350
213109
222897
163153
183356
167800
185235
163595
183683
168329
491996
513174
493407
519527
491883
512537
493345
442514
467902
446950
470535
442687
467843
447177
398829
422226
402994
424382
398632
421876
403098
358153
380843
361133
382436
357649
380390
360701
315678
339238
319653
340236
315289
338458
319444
275703
298296
280103
298741
275452
298275
279937
236520
258231
240691
258922
236047
258522
241067
200466
222878
205874
222770
201068
222810
206281
440334
471038
447688
455737
440234
471292
447293
398170
428193
403190
417183
398748
428650
403581
359439
385608
362115
375662
359714
385522
362226
322484
346890
324047
339396
322862
347009
324373
288618
310161
288830
303790
288862
310164
289044
255278
275932
254949
270647
255532
275883
255113
223623
243246
222897
238192
223818
243171
222995
193162
211112
190879
206933
193271
210980
190754
507218
552348
515673
537554
508216
552469
516721
478199
474426
493333
484972
478192
474451
493343
429985
427578
443507
437920
429995
427639
443435
385920
384361
398285
393422
385869
384422
398277
345149
344147
356850
353198
345013
344294
356942
307455
307157
318314
315240
307284
307402
318449
272428
272745
282970
280486
272332
272849
283050
238854
239396
249163
246913
238808
239445
249194
205701
206575
216228
214192
205701
206596
216185
163247
180482
159847
177253
163270
180471
159840
526629
566768
533621
561092
527578
566443
534258
494735
491535
510291
506922
494771
491461
510418
444096
441142
456564
453456
444225
441054
456443
397635
395013
409003
406312
397618
395022
408979
352275
365054
354555
354644
362859
352406
365130
312917
324201
314477
314639
322669
313056
324350
286837
277947
276622
285695
277856
276722
286920
243054
242178
251635
250826
243029
242212
251683
208859
208371
217325
216831
208873
208361
217315
162554
180676
163306
179933
162521
180710
163214
537512
577771
542325
572825
538451
577830
543219
504531
502452
520400
518078
504416
502492
520629
453847
451884
466430
464124
454028
451719
466275
406812
404712
418474
416197
406860
404688
418348
360546
372976
362333
362552
371278
360950
373213
319365
331606
321479
321541
329686
319459
331657
292309
282839
281490
291055
282759
281589
292385
246639
245677
255365
254381
246570
245719
255442
212015
211412
220637
219924
212042
211361
220625
164171
182538
164547
181940
164075
182682
164602
546812
579483
548318
584530
547462
579595
549124
512676
511581
528769
528002
512628
511625
528906
459823
458815
473126
471498
459886
458736
472906
413391
412250
425657
423802
413605
412058
425400
368146
369676
381287
379145
369816
368068
381058
326553
327964
339093
336965
328052
326489
338916
287809
286301
298229
296605
287641
286489
298327
249708
248748
259363
258382
249390
248929
259661
213851
213352
223227
222454
213691
213436
223351
164191
184241
169139
185432
164376
184337
169362
491619
511150
493248
519061
491516
510739
493200
443037
467805
447362
470432
443460
467776
447549
398608
421569
403194
424185
398602
421366
403287
356605
380185
360751
381713
356304
380034
361267
314827
338135
319548
339526
314922
337761
319668
275302
298117
280043
298966
275620
297847
280266
236668
258705
241551
259693
237091
258673
241892
201825
222767
206982
223358
202078
222648
207183
440129
470638
447161
455534
440201
470490
447211
399033
428549
403933
417316
399328
428010
404123
359892
385416
362249
375670
360096
385312
362404
323312
347142
324800
340027
323802
347254
325110
289061
310147
289186
303655
289229
310186
289211
255748
275861
255343
270630
256062
275867
255523
223988
243074
223106
237861
224158
243010
223059
193897
210848
191185
206800
194271
210749
191278
508380
551459
517385
536446
508552
550869
517054
478316
474428
493114
484830
478248
474582
493206
430069
427865
443369
437856
430011
427961
443347
386186
384564
398316
393436
386107
384724
398348
345613
344697
357180
353463
345500
344873
357252
307907
307873
318754
315486
307828
307941
318809
272685
273044
283158
280410
272633
273076
283164
238974
239530
249251
246749
238949
239559
249225
205745
206661
216101
213890
205727
206699
216056
163794
180499
160347
177397
164083
180755
160431
527893
565168
534002
559343
527295
564187
532839
494735
491465
510326
506972
494699
491532
510290
443836
440918
456228
453258
443875
440910
456175
397725
395089
408940
406336
397685
395137
408961
354941
352707
365303
363181
354868
352792
365363
315132
313407
324710
323121
315035
313496
324804
278194
276958
287165
285979
278163
276996
287203
243146
242295
251783
250953
243132
242309
251791
209078
208445
217442
216920
209024
208474
217494
163062
180872
163599
180397
163166
181263
163652
538833
577394
543771
572415
538816
577187
543782
504848
502610
520693
518320
504696
502616
520851
453468
451378
465997
463747
453532
451289
465958
406702
404640
418123
416010
406710
404647
418082
362920
360924
373530
371631
362854
360978
373595
321838
319988
331836
330071
321776
320086
331893
282955
281790
292544
291202
282965
281799
292553
246723
245713
255545
254450
246742
245659
255473
212011
211280
220621
219768
212008
211224
220631
164479
182826
165025
182339
164534
183133
165085
547692
579025
548999
583669
547291
578927
548964
513039
511746
528977
528208
512888
511831
529116
459861
458606
472831
471573
459832
458541
472969
413168
411830
425100
423450
413189
411790
425045
369450
368033
380809
379025
369474
368032
380729
327830
326438
338642
336895
327840
326429
338581
288262
286822
298454
296859
288203
286865
298467
250349
249309
260067
258842
250210
249394
260140
214398
213701
223665
222787
214275
213764
223736
164853
184469
169894
185776
165021
184597
170053
491811
510412
493503
518650
492460
510293
493488
443799
467547
447425
470282
444004
467339
447365
398575
421244
403352
423778
398758
421185
403384
356426
379865
361764
381442
356687
379837
361947
315014
337554
319852
338914
315133
337499
319906
275954
297913
280665
298867
276264
297944
281016
237433
258702
242272
259847
237706
258478
242474
202582
222637
207770
223316
202772
222613
207925
467113
460693
454113
450735
460661
454095
467125
484121
498124
488802
502705
498127
488815
484092
471609
458841
475968
463106
458834
475986
471607
478764
485118
474754
493199
474735
492969
478726
467114
450664
460593
453993
460598
454062
467146
484098
502697
498354
488813
498118
488779
484104
471615
463103
458781
476018
458822
475994
471626
420447
415508
408225
405704
415447
408166
420473
434995
447189
438726
450969
447187
438706
435030
423586
411880
427000
415234
411846
426988
423606
430951
438179
428314
443585
428361
443560
430874
420442
405644
415387
408019
415418
408102
420447
434958
450961
447178
438648
447185
438681
434907
423580
415213
411741
426957
411806
426974
423572
376113
371684
364598
362860
371663
364552
376134
389526
400963
392560
403941
400956
392542
389545
378783
367762
381535
370481
367724
381516
378803
386144
393553
384265
398149
384287
398126
386063
376122
362775
371578
364365
371616
364472
376126
389489
403927
400940
392452
400954
392508
389441
378758
370439
367601
381445
367669
381487
378736
335318
331695
324524
323499
331715
324480
335276
347022
357639
349377
359930
357643
349352
347045
337160
326995
339163
328988
326970
339155
337161
344321
351936
343234
355673
343255
355603
344260
335376
323424
331810
324320
331740
324411
335464
346992
359911
357648
349281
357646
349321
346952
337168
328981
326903
339144
326941
339151
337185
297708
294892
287136
286881
294925
287057
297623
307803
317627
309553
319288
317660
309556
307801
298808
289293
300235
290894
289274
300249
298775
305737
313797
305687
316723
305780
316555
305669
297834
286749
295125
286825
294991
286938
298030
307799
319312
317783
309558
317712
309556
307792
298861
290886
289219
300315
289238
300270
298948
264340
261719
253712
253825
261828
253606
264190
272090
281246
273374
282243
281297
273368
272107
264493
255660
265234
256883
255642
265257
264434
270280
279439
271005
281561
271006
281246
270273
264571
253719
262248
253625
262015
253523
264804
272082
282285
281537
273419
281390
273374
272119
264601
256900
255684
265432
255633
265318
264745
232906
230189
221865
221961
230242
221735
232791
239996
248817
241075
249346
248879
241066
240025
232849
223977
233467
225132
223937
233488
232807
238167
247684
239041
249478
239147
249468
238191
233005
221817
230397
221668
230327
221648
232973
239963
249393
249039
241074
248967
241057
239964
232900
225095
223850
233493
223887
233507
232912
200761
198523
189393
190385
198561
189275
200692
208115
217102
208972
217506
217139
208949
208166
200655
191289
200999
192171
191224
201006
200635
206311
216017
207289
217652
207466
217746
206194
200827
190196
198612
188834
198603
189082
200782
208034
217499
217140
208819
217168
208900
207940
200654
192091
190951
200933
191105
200993
200607
483959
480231
470742
467120
480241
470751
483966
500413
514781
503187
517509
514849
503240
500376
487285
473948
490157
476866
473971
490178
487265
497056
507412
493305
511783
493270
511465
497099
483964
467119
480255
470725
480247
470750
483982
500401
517587
515202
503152
514891
503200
500412
487287
476880
473933
490192
473984
490199
487289
433228
430149
421273
418295
430161
421280
433194
448411
461054
451313
463989
461078
451313
448392
436129
424088
438980
426841
424082
438971
436123
445432
454587
442125
457982
442142
457994
445434
433248
418292
430148
421261
430162
421280
433245
448431
464008
461097
451309
461105
451319
448434
436137
426819
424051
438946
424074
438965
436130
386701
384166
375578
373062
384134
375546
386733
400639
412299
403230
414922
412277
403194
400673
389161
377926
391658
380266
377891
391622
389196
398027
406763
395265
409546
395309
409577
397979
386661
373022
384050
375438
384098
375502
386606
400598
414888
412211
403090
412251
403149
400543
389116
380207
377754
391512
377836
391576
389053
343184
341130
332913
330926
341125
332909
343195
355837
366800
358156
369106
366766
358133
355867
345213
334865
347433
336955
334857
347425
345227
353704
362216
351482
364462
351525
364514
353666
343174
330926
341104
332880
341119
332898
343156
355789
369070
366632
358033
366714
358094
355709
345198
336944
334811
347413
334838
347422
345168
303116
301670
293605
292295
301676
293599
303117
314518
324577
316284
326526
324573
316284
314520
304596
294817
306120
296045
294819
306135
304588
312858
321008
311216
322747
311217
322757
312851
303117
292292
301709
293612
301682
293595
303134
314510
326515
324541
316273
324558
316277
314507
304618
296058
294878
306226
294832
306165
304672
267104
266170
259042
257986
266179
259052
267095
276377
285342
277078
286299
285355
277148
276358
268014
260077
269058
261288
260102
269144
267987
275570
283338
274595
284460
274532
284392
275665
267149
258011
266318
259185
266219
259092
267263
276447
286395
285505
277590
285400
277304
276612
268108
261331
260300
269465
260186
269293
268339
235600
234388
227403
226241
234396
227385
235605
244847
252424
246030
253494
252421
245920
244875
236956
228594
238364
229893
228549
238297
237000
243457
250193
242203
251274
242205
251243
243393
235566
226208
234369
227251
234397
227342
235482
244758
253458
252387
245618
252405
245774
244586
236868
229832
228328
237834
228460
238122
236689
201959
201480
193533
192928
201466
193512
201981
211180
219918
212278
221191
219859
212296
211234
202579
194051
203183
194476
194036
203182
202619
210458
218113
209633
218850
209714
218924
210371
201910
192888
201356
193391
201428
193476
201829
211122
221151
219695
212227
219790
212279
211059
202502
194446
193895
203182
193994
203201
202415
495061
492799
481836
479488
492777
481810
495128
509583
524050
511584
526814
524032
511588
509592
496872
483660
498720
485287
483652
498721
496886
507585
519748
505435
522071
505505
521967
507513
495032
479480
492769
481762
492771
481788
495015
509517
526792
524134
511384
524040
511532
509405
496855
485248
483592
498682
483630
498710
496838
443993
441588
431796
429370
441566
431766
444021
458372
471022
460143
472743
471009
460124
458394
446041
433873
447938
435746
433841
447918
446067
456364
466645
453918
469016
453943
469047
456322
443961
429338
441513
431673
441544
431727
443916
458345
472720
470956
460045
470988
460098
458302
446012
435707
433746
447846
433802
447894
445965
396234
393991
384823
382529
393954
384786
396270
409986
421861
411993
423799
421828
411959
410022
398349
386954
400390
388945
386920
400358
398384
407843
417342
405475
419625
405537
419683
407780
396187
382471
393845
384666
393908
384736
396124
409943
423763
421732
411861
421788
411918
409884
398307
388907
386822
400273
386878
400322
398251
351778
349587
341177
339010
349578
341169
351795
364692
375744
366811
377809
375718
366786
364722
353846
343238
355994
345219
343213
355965
353861
362509
371302
360221
373457
360277
373528
362450
351772
339001
349568
341157
349575
341166
351749
364664
377782
375651
366727
375689
366760
364629
353844
345220
343193
355935
343210
355951
353828
309864
307812
299419
297526
307851
299511
309814
322271
332669
324296
334708
332672
324306
322254
311989
301616
314049
303859
301679
314077
311960
320253
328491
318143
330652
318134
330640
320292
309940
297597
307978
299755
307903
299626
310040
322289
334718
332690
324350
332682
324326
322320
312032
303897
301847
314159
301760
314113
312088
271378
270320
263266
262309
270342
263253
271444
281876
291475
283959
293813
291590
284011
281705
272832
264281
274623
265497
264225
274636
272780
280036
287683
278706
289781
278497
289574
280225
271317
262332
270519
263266
270404
263249
271361
282042
293889
291872
284160
291729
284081
282202
272916
265485
264222
274715
264217
274671
273008
240010
239546
231466
230895
239454
231396
240074
247795
255945
248014
256671
255894
247952
247954
240004
231429
239939
231152
231331
239785
240214
247298
254366
246503
255113
246622
255154
247178
239860
230822
238989
231155
239262
231292
239616
247629
256628
255737
247799
255817
247883
247494
239785
231047
231074
239525
231209
239649
239564
204337
204077
195478
195072
204059
195451
204342
213435
222436
213510
222413
222394
213485
213448
204496
195496
204552
195607
195487
204541
204506
213318
221921
212930
222239
212987
222302
213289
204324
195076
203962
195383
204018
195442
204284
213418
222348
222269
213406
222339
213452
213389
204490
195591
195439
204490
195484
204524
204476
501334
500326
487529
486489
500311
487442
501509
513290
530988
512849
525738
531019
512995
513319
503020
487455
500825
488519
487369
500812
502854
514080
529217
513058
530277
513041
530598
513966
501380
486425
500138
486937
500272
487258
501615
513174
525899
530987
513541
531044
513175
512971
503116
488525
486970
500752
487174
500820
503242
450921
449556
438715
437362
449550
438662
450934
463191
477600
465335
476859
477621
465278
463332
452543
439093
451728
440908
438977
451791
452592
462469
474156
461325
475023
461428
475279
462207
450772
437321
449456
438458
449521
438571
450544
462992
477115
477987
465128
477776
465213
462752
452618
440902
438766
452079
438864
451923
452780
404000
402270
392505
390783
402243
392473
404021
416499
429331
419142
428840
429306
419154
416578
405952
393676
405747
396072
393630
405719
405969
415303
425605
413606
427239
413668
427293
415225
403970
390744
402168
392367
402212
392427
403928
416417
428873
429296
419168
429298
419165
416329
405922
396012
393474
405612
393559
405670
405882
359921
358010
348998
347162
357988
348969
359942
372152
383994
375116
384363
383998
375108
372188
362015
350425
362315
353044
350387
362299
362027
370564
379788
368668
381740
368704
381757
370528
359909
347145
357952
348924
357970
348944
359899
372112
384385
384011
375113
384005
375116
372070
362013
353041
350312
362289
350347
362300
362013
317739
315973
307462
305836
315992
307473
317737
329431
340747
332219
341027
340730
332213
329467
319590
308717
319676
311115
308693
319665
319604
327935
336670
326195
338630
326176
338620
327951
317780
305866
316067
307526
316025
307503
317820
329413
341022
340756
332238
340737
332219
329404
319616
311118
308699
319660
308705
319659
319646
277881
276347
268102
266806
276317
268050
277903
288960
299490
291364
299718
299513
291360
288962
279540
269173
279623
271236
269121
279619
279532
287614
295894
285957
297748
285933
297740
287606
277879
266774
276335
267970
276320
268007
277881
288941
299745
299564
291341
299541
291364
288911
279563
271231
269006
279601
269068
279638
279566
240251
239863
231415
231164
239832
231386
240297
249982
260248
252236
260432
260228
252212
250036
241254
231288
241156
233204
231299
241118
241271
249210
257616
248382
258736
248442
258752
249165
240234
231093
239764
231323
239804
231364
240239
249928
260433
260201
252141
260214
252210
249864
241252
233189
231327
241004
231312
241091
241247
205171
204908
195972
195816
204896
195910
205205
213739
223787
215814
223395
223783
215803
213776
205860
195310
205190
197201
195258
205181
205898
213787
222533
213524
222952
213586
222985
213722
205127
195788
204829
195698
204874
195844
205072
213669
223358
223786
215734
223781
215788
213594
205800
197182
195048
205145
195190
205182
205737
467263
460537
453888
450333
467176
460569
453751
484018
498326
488753
503304
484039
498652
488749
471646
458713
476013
462955
471623
458631
476020
478405
485115
474350
493944
474453
493526
478239
467360
450122
460768
453345
460616
453564
467516
483935
503429
499090
488546
498740
488649
483850
471661
462851
458389
475980
458520
476001
471684
420494
415378
407912
405363
420463
415359
407770
434741
447166
438592
450886
434836
447154
438514
423548
411667
426921
415037
423562
411577
426877
430426
438539
427765
443914
427986
443791
430198
420550
405214
415407
407359
415383
407585
420634
434622
450834
447134
438300
447140
438416
434482
423537
414949
411345
426771
411469
426828
423528
376181
371521
364222
362311
376142
371519
364053
389281
400921
392389
403815
389376
400889
392316
378687
367514
381401
370235
378713
367430
381351
385680
393688
383995
398435
384080
398312
385507
376261
362079
371678
363723
371539
363857
376400
389175
403766
400862
392160
400865
392237
389076
378684
370165
367275
381262
367343
381304
378708
335780
331909
324207
323093
335592
332090
324079
346863
357660
349240
359844
346908
357692
349205
337290
326869
339147
328950
337225
326842
339165
343933
352502
343252
356358
343015
356127
344001
336019
323122
332360
324234
332332
324002
336148
349212
346825
359838
357844
357751
349187
346830
339304
337390
328969
326970
326847
339210
337528
298652
295353
286790
286941
298304
295651
287028
307811
317880
309572
319464
307789
318014
309618
299279
289245
300397
291093
299082
289396
300543
305680
314708
305990
317640
305654
317566
306060
298896
287389
296060
287904
295878
287447
299062
310073
307910
319595
318402
318191
309736
308280
301121
299549
291469
290175
289815
300799
299833
264885
262374
253846
254293
264886
262368
254129
272629
281737
273549
282790
272270
281977
273890
265060
255908
265634
257305
264897
256084
265842
271214
280000
272038
282248
271820
282079
271491
264938
254517
262435
254453
262387
254331
265029
272928
283100
282496
274459
282234
274187
273189
265219
257443
256338
266216
256224
266038
265366
232663
230325
221760
222045
232846
230169
221888
240151
249013
241133
249572
240081
249023
241168
232750
223900
233434
224925
232813
223894
233381
238599
247205
239326
249103
239300
249141
238653
232528
222157
229972
221943
230042
221952
232456
240198
249636
249088
241207
249050
241192
240226
232702
224836
223798
233273
223856
233328
232660
200349
198526
188665
189570
200609
198312
188585
207796
216951
208711
217125
207881
216783
208574
200215
190852
200780
191752
200452
190773
200581
206199
215166
207023
216743
207114
216931
206119
200027
189607
197734
188582
198022
188622
199745
207689
216981
216502
208281
216636
208431
207567
200015
191616
190519
200228
190679
200400
199836
483967
480245
470679
466995
483972
480234
470616
500231
515276
503019
517804
500328
515352
502826
487246
473890
490152
476736
487270
473829
490115
496887
508240
493033
511629
493182
512005
496611
483930
466905
480168
470390
480208
470521
483850
499991
517074
514276
501605
514734
502260
499360
487174
476603
473574
489499
473727
489985
487003
433173
430121
421224
418178
433219
430080
421171
448356
461063
451277
463922
448406
461008
451222
436059
424011
438909
426668
436105
423954
438853
445258
454442
441855
457733
441951
457828
445163
433108
418104
429957
421012
430027
421099
433026
448283
463838
460817
451025
460929
451140
448188
435993
426584
423792
438679
423881
438777
435908
386451
383988
375357
372803
386536
383920
375256
400393
412158
403017
414702
400475
412091
402931
388877
377649
391436
379856
388974
377511
391344
397753
406585
394973
409283
395056
409368
397655
375076
386358
372727
383782
383850
375164
386258
400297
414612
411920
402710
412012
402829
400187
377214
388764
379690
391106
377367
391236
388635
343139
341092
332866
330902
343142
341088
332862
355482
366526
357958
368711
355608
366399
357886
345104
334784
347413
336938
345134
334766
347445
351335
364308
353575
353574
362022
351351
364327
341168
332968
343229
343158
330919
341103
332884
366064
357327
355108
355330
368687
366266
357903
334820
347558
345095
345088
336972
334768
347533
303293
301773
293670
292534
303184
301908
293809
314557
324527
316272
326489
314517
324529
316278
304971
294992
306344
296431
304781
295229
306555
311741
323055
313292
313004
321167
311410
322844
302522
294500
303841
303529
292910
302180
294155
324684
316398
314921
314655
326495
324565
316221
296220
307665
305739
305260
296539
295681
306574
267749
266534
259333
258394
267512
266753
259471
277315
285720
277979
287278
276956
286143
278374
268827
260418
269670
261589
268583
260538
269898
285649
276516
284169
275663
275376
285290
276825
267973
258538
267158
259741
266962
259606
268196
287023
277669
287797
279139
286582
278752
278027
269071
261709
260798
270425
260665
270149
269326
235137
234265
227055
225881
235298
234169
226854
244309
252380
245457
253385
244440
252379
245300
236146
228116
237470
229142
236400
227793
237139
243206
250434
242178
251424
242195
251386
243143
234989
225744
233987
226463
234078
226657
234844
244187
253371
252385
244997
252383
245150
244072
235918
228785
227263
236612
227513
236852
235693
201532
201231
193299
192481
201707
201025
193137
210843
219565
212142
220715
210974
219359
212011
202198
193805
203124
194232
202320
193640
203029
209782
217531
208938
218006
209119
218225
209570
201315
192314
200640
192713
200828
192945
201106
210629
220383
218888
211541
219108
211820
210427
202018
194133
193240
202703
193472
202893
201840
494809
492715
481704
479324
494966
492620
481598
508799
524024
511144
527016
509156
523811
511195
496579
483520
498550
484820
496756
483381
498373
506014
518714
503520
520394
504210
520644
505243
494277
479152
491664
480952
492252
481393
493641
508322
526547
523782
510650
523708
511022
508024
496192
484541
482783
498096
483145
498296
495561
443773
441468
431604
429166
443854
441405
431517
458135
470900
459958
472457
458232
470814
459839
445808
433672
447772
435449
445897
433579
447673
456059
466441
453585
468575
453720
468769
455900
443670
429076
441216
431289
441322
431413
443542
458006
472274
470512
459499
470692
459688
457838
445694
435321
433339
447399
433468
447549
445554
395955
393771
384578
382142
396047
393685
384471
409725
421661
411787
423547
409812
421574
411697
398102
386755
400212
388714
398183
386676
400137
407507
417048
405097
419254
405213
419368
407390
384197
395846
381995
393465
393585
384345
395720
409626
423441
421357
411471
421473
411591
409513
386473
398010
388623
399948
386582
400048
397906
351718
349579
341157
339003
351731
349627
341168
364550
375606
366687
377644
364592
375553
366636
353800
343188
355919
345221
353815
343188
355899
359787
372773
361920
362149
370903
360184
373063
349784
341267
351719
351718
339039
349739
341198
375413
366485
364412
364488
377573
375491
366570
343217
355843
353765
353784
345227
343197
355874
310358
308085
299917
298052
310175
308248
300132
322397
332706
324385
334782
322356
332733
324430
312218
301939
314198
304068
312149
302033
314243
318205
330877
320628
320489
328500
318098
330771
308956
300677
310954
310592
298049
308252
300353
332839
324561
322524
322448
334827
332775
324487
302214
314410
312408
312301
304146
302117
314310
271765
270692
263324
262549
271510
270913
263421
282510
292016
284241
294143
282356
292162
284324
273219
264236
274765
265475
273109
264255
274816
290785
280963
289031
280249
279845
290481
281406
272121
262670
271453
263678
271173
263542
272451
292480
282670
294241
284488
292316
284407
282842
273334
265475
264357
274918
264286
274867
273452
238931
238653
230986
230224
239297
238311
230761
247279
255667
247726
256497
247382
255611
247670
239145
230937
239404
230709
239347
230793
239283
246748
254268
245848
255071
246039
255054
246688
238632
229827
237748
230053
238016
230401
238383
247207
256461
255681
247569
255591
247646
247189
238969
230598
230406
239075
230629
239171
238788
204151
203893
195355
194885
204225
203806
195263
213295
222196
213357
222124
213351
222118
213300
204397
195440
204448
195408
204448
195380
204406
213086
221383
212317
221556
212580
221852
212930
204058
194827
203554
195090
203695
195206
203939
213227
222054
221891
213178
222026
213243
213132
204328
195357
195290
204300
195367
204354
204256
501726
500223
486805
485589
501711
500395
486761
512814
530633
513783
526240
512764
530266
513990
503072
486770
500753
489195
503307
486805
500754
512858
527545
511796
528664
512305
528717
512531
501405
485354
499825
486418
500248
486643
501053
512759
526106
529921
514297
529971
514158
512860
502867
489325
486560
500745
486637
500753
502642
450271
449366
438329
437010
450380
449259
438181
462131
478097
465020
476562
462446
477884
464769
452952
438642
452184
440437
452899
438471
451958
461528
473328
460518
474671
460748
474958
461324
450184
436862
449003
437849
449138
438025
450092
461910
476385
476966
464306
477426
464439
461571
452806
440150
437918
450804
438232
451467
452389
403808
402110
392293
390550
403874
402039
392205
416094
429285
419132
429089
416225
429319
419051
405776
393371
405523
395694
405832
393248
405440
414892
425284
413186
426952
413317
427035
414740
403731
390459
401860
391978
401955
392100
403647
415929
429066
429446
418623
429391
418869
415709
405719
395510
392920
405261
393100
405332
405668
359888
357934
348906
347111
359892
357914
348889
371974
384019
375119
384472
372025
384028
375106
362031
350278
362290
353006
362019
350244
362289
368461
370398
379621
381641
368523
381668
370338
357875
359886
347105
348857
357894
348874
359887
371909
384525
384067
375011
384043
375084
371821
362048
352980
350158
362303
350205
362298
362075
317906
316109
307537
305922
317864
316154
307542
329411
340787
332261
341080
329406
340828
332284
319725
308694
319675
311075
319683
308682
319681
326367
328037
336784
338767
326313
338719
328071
316277
317955
305959
307549
316210
307546
318006
329417
341140
340947
332325
340882
332317
329420
319775
311062
308635
319726
308664
319723
319828
277888
276355
267938
266715
277886
276375
267905
288837
299593
291353
299806
288879
299623
291310
279554
268941
279632
271071
279561
268869
279579
287572
296096
286075
297861
286044
297826
287565
277897
266696
276421
267847
276397
267876
277913
288794
299886
299706
291278
299660
291334
288746
279555
271066
268713
279577
268795
279622
279569
240285
239706
231274
230837
240271
239656
231210
249726
260199
252139
260325
249799
260206
252054
241282
231298
240973
233119
241250
231233
240906
249078
257499
248160
258718
248222
258713
249092
240308
230754
239567
231056
239610
231137
240315
249658
260350
260266
251964
260228
252042
249601
241324
233116
230959
240826
231110
240890
241368
204948
204771
195585
195445
205008
204709
195388
213442
223798
215681
223505
213521
223821
215582
205692
194939
205106
196815
205702
194745
205055
213512
222303
213220
222849
213300
222866
213431
204901
195353
204624
194960
204655
195199
204875
213347
223577
223929
215412
223859
215497
213210
205706
196677
194345
205037
194581
205021
205762
467606
460815
453197
450132
467671
460862
453277
483566
499189
488343
503448
483702
499054
488095
471675
458254
475944
462375
471696
458216
475893
478213
485247
474540
493750
474501
493735
478214
467584
450180
460764
453318
460807
453298
467521
483459
503003
498641
487551
498690
487818
483345
471636
462290
458125
475589
458168
475715
471609
420411
415203
407154
404845
420623
415000
407131
434298
447123
438170
450656
434331
447065
438049
423394
411224
426709
414636
423505
411169
426629
430014
438149
427555
443597
427514
443703
430007
420244
404774
414745
407050
414831
407019
420153
434245
450530
446931
437881
446998
437973
434194
423298
414564
411049
426430
411106
426527
423210
376629
371839
363955
362799
376516
372028
364217
389079
400869
392097
403631
388999
400818
392097
370240
378867
367306
381262
378766
367535
381334
385757
393582
384328
398309
384230
398342
385817
376795
363008
372256
364615
372191
364451
376844
389148
403603
400778
392202
400790
392129
389219
370405
379007
367887
381565
367766
381438
379083
336353
332432
324494
323716
336229
332523
324680
349376
360143
349587
347255
357969
347053
358139
339528
329600
339752
337876
327222
337698
327436
344684
352975
343985
356758
343793
356663
344856
336489
323944
332756
325085
332633
324871
336626
360394
349965
349819
347449
358445
358330
347605
329824
340141
339974
338051
327816
327625
338208
299561
296298
288261
288487
299298
296544
288572
310371
320331
310639
308855
318620
308588
318833
301429
292441
301722
300396
290502
300119
290810
306881
314928
306922
318177
306688
318038
307091
299742
288712
296804
288991
296701
288795
299879
320555
311071
310878
309089
319205
319030
309289
292651
302132
301951
300618
291202
291023
300792
265222
262488
254534
254813
265126
262546
254581
283973
273635
282755
274710
273423
283005
274944
265641
256438
266389
257805
265505
256528
266559
272055
280357
272612
282881
272460
282778
272205
265306
254933
262631
254818
262590
254688
265385
284165
273801
283327
275227
283183
275101
273931
265763
257916
256752
266824
256637
266699
265875
232384
229936
221901
222176
232412
229915
221839
240250
249131
241213
249824
240242
249174
241212
232578
223727
233215
224526
232620
223647
233154
238710
246938
239349
249135
239306
249109
238756
232363
222191
229866
221842
229904
221823
232336
240280
249886
249287
241260
249229
241230
240323
232565
224478
223615
233132
223617
233133
232563
199370
197534
188524
189503
199541
197370
188382
207324
216375
208135
216552
207444
216248
207991
199540
190400
200070
191079
199678
190228
199923
205754
214463
206567
216286
206601
216362
205705
199210
189482
197127
188192
197217
188301
199127
207223
216479
216127
207833
216172
207891
207171
199427
190967
190016
199719
190137
199797
199351
483098
480079
470191
466383
483587
479753
469823
498163
513794
501012
516239
498654
513661
500745
485956
473322
488904
475335
486461
472807
488319
495043
506966
491624
510452
491761
510514
494899
482629
466127
479215
469082
479462
469449
482410
497976
515919
513430
500402
513374
500571
497842
485500
474765
471957
487819
472309
488005
485282
432815
429875
420911
417820
432930
429785
420805
447903
460641
450862
463029
448066
460298
450590
435668
423689
438556
426218
435803
423570
438391
444653
453923
441249
456721
441435
457063
444419
432642
417734
429508
420586
429642
420690
432481
447557
462577
459532
449816
459923
450196
447246
435440
426020
423281
437820
423418
438090
435231
375009
372727
375059
386087
383720
386156
383726
399983
411819
402581
414276
400074
411719
402466
377058
379266
376964
388403
390982
388501
390893
397514
406351
395006
409016
394909
409052
397561
372875
375463
375223
386237
384024
383858
386421
399967
414155
411570
402419
411632
402418
399992
379405
377442
377147
388465
390996
390916
388592
268626
267360
259874
258927
268417
267551
259996
287498
289481
287993
278754
279511
278393
279857
269817
260935
270727
262082
269595
261054
270938
285360
286748
286614
277611
276506
276363
277751
268784
259038
267828
260197
267702
260103
268906
289714
288304
288228
278963
280238
280086
279078
269972
262176
261241
271187
261157
271085
270079
234546
233894
226264
225305
234699
233795
226053
243840
252376
244824
253288
243958
252400
244619
235224
227035
236402
227973
235463
226815
236179
242999
250658
242146
251587
242124
251538
243010
234479
225232
233746
225875
233756
225942
234451
243802
253309
252479
244538
252436
244547
243798
235130
227768
226647
236089
226688
236105
235099
200722
200467
192573
191780
200910
200304
192369
210052
218687
211298
219540
210240
218499
211065
201490
193119
202525
193678
201663
192926
202362
209014
216910
208400
217361
208475
217441
208917
200553
191692
200081
192114
200157
192282
200463
209868
219294
218237
210720
218318
210842
209773
201327
193610
192725
202090
192867
202210
201248
492459
491051
480342
477621
492979
490539
479721
507719
523688
510182
526081
507750
523757
509952
494561
482200
497743
483076
495026
481640
497396
504466
517921
502491
520366
502661
520085
504425
492160
477052
490087
478904
490270
479158
491949
507742
525987
523800
509932
523709
509930
507742
494381
482600
480817
497007
481092
497140
494331
443157
441082
431140
428671
443380
440895
430955
457267
470193
459263
471226
457611
469648
458940
445143
433190
447217
434816
445380
433017
446978
454805
464948
452155
466662
452578
467145
454356
442751
428421
440190
430400
440519
430684
442380
456780
470741
468647
458011
469135
458444
456342
444740
434584
432447
446156
432797
446587
444348
384041
381677
383922
395466
393357
395586
393296
409260
421229
411336
423029
409390
421087
411189
386353
388290
386240
397686
399839
397796
399727
407021
416533
404717
418639
404765
418846
406925
381696
383970
383863
395374
393278
393272
395394
409126
422845
420687
410849
420924
411029
408983
388194
386168
386155
397587
399506
399616
397523
273041
271739
263827
263031
272751
271954
263972
292656
294568
292843
283327
284569
283033
284656
273928
264597
274977
265580
273614
264804
275049
290676
292226
292071
282478
281353
281116
282651
273202
263112
272234
264120
272108
264066
273321
294684
293365
293131
283587
284949
284753
283841
274182
265808
265208
275448
265006
275143
274430
237995
237495
229773
228931
238174
237250
229530
247151
255818
247533
256511
247158
255958
247641
238559
230184
239016
230346
238656
230015
239034
246458
254140
245627
255289
245586
255192
246504
237836
228684
237070
229218
237106
229298
237818
247154
256761
256196
247908
256102
247757
247208
238481
230319
229766
239107
229880
239065
238446
203620
203341
195005
194396
203770
203161
194853
212817
221645
213112
221820
212981
221461
213031
204047
195245
204251
195211
204170
195144
204212
212257
220171
211485
220688
211650
220851
212100
203487
194338
202869
194662
203005
194793
203368
212688
221758
221164
212958
221306
212985
212581
203955
195278
195092
204193
195145
204192
203896
500527
499462
486087
484410
500733
499124
485844
513049
529774
514374
526111
512959
529833
514480
502332
486511
500704
489432
502457
486466
500675
512554
527638
511559
528757
511511
528629
512578
500373
484108
498847
485531
498957
485667
500247
513132
526069
529901
514664
529796
514545
513201
502237
489406
486380
500598
486419
500631
502151
449546
448843
437650
436288
449950
448604
437402
460885
476723
464222
475932
461121
476513
464116
451074
437585
450340
439049
451742
437213
450034
460152
471808
458980
473339
459398
473550
459980
449106
435998
447695
436561
448116
436969
448675
460694
475800
476180
463993
476338
464012
460515
450656
438863
436380
449640
436755
449814
450394
390116
403462
401756
391836
403557
401649
391673
415042
429424
418249
427788
415417
429123
417871
405601
392697
405204
394747
405630
392421
405165
414111
424692
412460
426028
412680
426483
413850
389986
403355
401421
391304
401540
391491
403188
414641
427167
428075
417124
428646
417467
414423
405536
394536
391983
404609
392114
404910
405224
357859
347096
357855
359909
348837
359894
348808
371534
384110
374891
384700
371700
384174
374692
362181
350092
362331
352747
362117
349997
362357
379429
368217
368272
370079
381550
381589
369956
347095
357885
357867
359930
348700
348765
359934
371301
384576
384056
374075
384230
374408
371006
362276
352593
349638
362454
349854
362428
362374
316352
306082
316428
318117
307549
318063
307530
329386
341030
332356
341389
329413
341132
332323
319945
308593
319792
310841
319882
308528
319792
336995
326547
326526
328121
339043
338967
328103
306104
316557
316489
318168
307479
307510
318227
329327
341552
341430
332183
341266
332313
329217
320030
310764
308280
319913
308423
319880
320146
277989
276454
267824
266652
277942
276503
267806
288648
299771
291314
300053
288701
299871
291249
279672
268627
279643
270860
279606
268529
279638
296328
287579
286216
298118
286173
298028
287597
278063
266659
276705
267832
276578
267803
278173
288586
300230
300173
291177
299997
291276
288495
279785
270833
268279
279873
268419
279756
279968
240394
239546
230978
230578
240331
239569
230912
249500
260330
251961
260362
249558
260436
251916
241560
230813
240918
232775
241443
230645
241023
249031
257648
248469
259087
248172
258918
249054
240486
230660
239836
231097
239689
230893
240662
249397
260620
260866
251912
260582
251928
249246
241733
232586
230513
241456
230476
241190
241997
204938
204620
194810
195226
204879
204662
194851
212875
224050
215349
224003
213049
224243
215270
206095
194160
205142
196184
205888
194048
205335
213347
222266
213265
223104
213190
222986
213524
205046
195402
204810
195409
204725
195173
205180
212834
224298
224700
215421
224506
215242
213059
206273
196426
194643
205761
194300
205626
206329
467411
460668
453321
450201
467454
460633
453320
483262
498343
487454
502661
483287
498385
487394
471464
458079
475464
462004
471527
458042
475364
478212
484855
474487
493270
474414
493205
478238
467380
450179
460531
453307
460569
453311
467362
483259
502511
498316
487369
498227
487363
483280
471411
461942
458008
475210
458018
475281
471375
420029
414679
407089
404962
420086
414666
407110
434108
446850
437800
450231
434148
446779
437733
423090
411037
426358
414436
423145
411031
426300
429985
437900
427768
443366
427703
443392
429989
420004
405070
414726
407218
414667
407165
420008
434079
450158
446686
437645
446724
437679
434068
423048
414420
411071
426233
411039
426252
423024
376937
372291
364751
363545
376884
372361
364874
389305
400766
392226
403574
389263
400763
392248
379186
367991
381627
370763
379134
368088
381679
385973
393382
384515
398289
384442
398277
386037
376992
363743
372491
365108
372419
364992
377047
389352
403574
400782
392311
400765
392278
389407
379241
370842
368275
381786
368181
381733
379295
336905
332892
325288
324636
336766
333028
325469
350093
347877
358546
360725
347747
358642
350209
340290
338498
327998
330336
338358
328164
340425
345272
353264
344559
357103
344420
357027
345390
337028
324820
333280
325771
333154
325622
337136
347996
360811
358814
350412
358733
350314
348108
338622
330471
328443
340648
328308
340544
338731
300121
296900
289159
289210
300002
297001
289300
311239
309631
319367
321059
309469
319519
311391
302287
301086
291361
293100
300945
291504
302427
307602
315330
307769
318677
307616
318573
307723
300235
289340
297188
289516
297103
289417
300329
309776
321195
319777
311646
319656
311526
309905
301214
293217
291739
302665
291628
302554
301324
265540
262673
254943
255351
265463
262721
255051
274152
283451
275350
284558
274047
283562
275464
266088
256862
266937
258211
265984
256963
267040
272502
280495
272991
283150
272922
283120
272569
265613
255474
262820
255201
262775
255135
265672
274256
284655
283721
275652
283650
275566
274351
266182
258288
257121
267208
257049
267132
266258
232302
229828
221873
222332
232314
229798
221902
240411
249343
241296
250062
240368
249394
241334
232578
223628
233143
224471
232568
223645
233160
238891
246899
239507
249251
239479
249226
238919
232300
222383
229755
221939
229777
221923
232300
240446
250113
249476
241396
249439
241368
240471
232590
224484
223665
233193
223659
233178
232599
199042
197076
188289
189543
199077
197029
188240
207146
216101
207809
216413
207154
216086
207797
199288
190094
199682
190808
199311
190026
199667
205705
214124
206631
216135
206616
216158
205699
199029
189710
196980
188320
196997
188372
199023
207149
216411
216068
207805
216076
207801
207144
199289
190923
190095
199692
190158
199678
199288
482086
479069
468902
465610
482249
478946
468763
497760
513365
500365
515983
497717
513503
500383
484960
471766
487670
474167
485106
471609
487538
494742
506877
491474
510465
491480
510343
494721
482017
465512
478765
468599
478851
468629
481935
497774
515917
513672
500352
513506
500365
497773
484916
474055
471458
487391
471496
487472
484842
432229
429412
420496
417549
432333
429337
420429
446864
459351
449562
461773
447013
459215
449403
434912
423159
437577
425571
435038
423074
437428
443993
453364
440946
456286
440977
456330
443930
432144
417514
429239
420339
429276
420377
432077
446742
461633
459017
449154
459093
449271
446643
434813
425488
422957
437212
423009
437313
434729
375581
386553
384087
373264
386502
384134
375667
400075
411537
402464
413937
400054
411502
402468
377648
388837
391127
379992
388749
377790
391192
397646
406301
395056
408946
395039
408959
397660
386598
373341
384225
375800
384181
375738
386640
400086
413888
411451
402457
411472
402461
400095
388900
380111
377988
391256
377898
391226
388950
342218
334142
344281
344388
332326
342355
334275
366797
358195
356131
356379
369325
367020
358724
335908
348373
346084
346234
338134
336061
348508
354722
362954
352618
365246
352519
365190
354795
344480
332455
342578
334496
342474
334392
344564
356549
369399
367271
358864
367157
358776
356694
346347
338211
336308
348546
336192
348511
346448
303713
295776
305059
305204
294580
303827
295903
325906
317646
316120
316268
327839
326051
317776
297660
308923
306986
306998
298918
297642
308260
314787
322802
313302
324603
313185
324483
314921
305343
294682
304036
296157
303935
296037
305466
316416
327986
326307
318195
326185
318026
316547
307056
299112
297684
308599
297673
308662
307097
269092
267936
260277
259308
269006
268032
260345
288344
279216
280340
289784
279152
288387
280414
270225
261308
271259
262341
270158
261361
271319
278030
285790
276894
287094
276814
287009
278105
269167
259376
268186
260445
268115
260401
269229
279277
289813
288464
280549
288426
280489
279333
270284
262378
261444
271411
261407
271370
270332
234450
233753
225841
225194
234443
233770
225835
243796
252521
244579
253357
243796
252559
244642
235116
226644
236099
227621
235101
226643
236116
243081
250874
242273
251760
242245
251726
243109
234469
225210
233814
225906
233791
225856
234498
243813
253381
252628
244677
252595
244682
243866
235135
227599
226610
236098
226627
236118
235166
200420
200050
192152
191524
200423
200044
192070
209694
218197
210657
219084
209728
218171
210607
201200
192812
202033
193452
201213
192756
201997
208879
216845
208400
217374
208377
217327
208940
200449
191645
200101
192143
200067
192164
200507
209669
219050
218110
210509
218141
210569
209644
201204
193511
192814
201914
192874
201962
201211
491682
489940
478745
476503
491787
489817
478617
507700
523793
509907
526055
507706
523955
509886
494140
480686
496910
482292
494265
480605
496795
504549
518156
502567
520766
502523
520588
504600
491743
476394
489713
478504
489774
478499
491755
507726
526042
524188
509929
523966
509917
507722
494012
482337
480531
496518
480530
496639
493970
441862
439896
430124
427848
442035
439730
429979
455774
468433
457642
470053
455967
468297
457462
443790
432154
445745
433618
443961
431929
445562
453716
463989
451471
466063
451588
466149
453603
441738
427753
439501
429780
439608
429871
441634
455643
469993
468098
457242
468185
457340
455537
443672
433478
431688
445353
431792
445445
443576
384151
395479
393370
382071
395457
393404
384239
408770
420485
410687
422125
408866
420314
410545
386206
397460
399411
388082
397484
386249
399335
406767
416130
404648
418181
404664
418254
406733
395482
382178
393419
384355
393412
384303
395484
408697
421997
420109
410381
420198
410452
408641
397430
388063
386284
399225
386269
399273
397407
350634
341905
352288
352327
340054
350667
341940
375352
366350
364494
364599
377277
375409
366387
343590
355874
354066
354115
345354
343644
355906
362674
371387
360869
373452
360812
373348
362776
352351
340086
350523
342023
350534
341978
352385
364642
377283
375443
366443
375430
366418
364669
354147
345386
343731
355965
343688
355937
354171
310018
302083
311876
311838
300296
309755
302051
333292
324840
323052
323132
335132
333348
324852
303060
314836
313034
313150
304792
303211
314877
321622
329806
319861
331777
319704
331715
321703
311862
300507
310168
302119
310081
302084
311892
323214
335165
333460
324919
333404
324886
323292
313250
304847
303439
314940
303337
314910
313334
273443
272320
264218
263226
273402
272379
264354
293521
284018
285118
295106
283949
293625
285281
274642
265349
275720
266444
274563
265445
275907
282897
291122
281752
292511
281682
292455
282942
273445
263250
272468
264466
272427
264432
273470
284048
295163
293758
285466
293702
285340
284024
274752
266548
265591
276085
265532
276005
274804
237904
237070
229216
228520
237852
237078
229243
247383
256293
248039
257330
247290
256389
248163
238561
229775
239194
230407
238489
229829
239301
246692
254437
245750
255541
245746
255502
246722
237947
228495
237065
229284
237077
229268
237973
247481
257447
256551
248385
256477
248280
247575
238644
230496
229956
239504
229896
239409
238726
203326
202807
194747
194190
203331
202779
194693
212545
221161
212956
221757
212542
221199
212988
203887
195168
204206
195389
203869
195122
204250
212012
219890
211292
220619
211328
220622
211994
203335
194292
202748
194727
202767
194781
203345
212574
221822
221261
213086
221241
213040
212596
203925
195512
195220
204372
195240
204308
203970
500040
498756
485415
483821
500131
498670
485342
513289
529872
514739
526388
513249
530075
514939
502065
486333
500524
489149
502089
486295
500494
512735
528056
511709
529038
511670
528917
512802
499960
483804
498538
485310
498612
485305
499922
513306
526424
530090
515188
530077
515010
513384
502079
488957
486221
500549
486256
500488
502087
448449
447327
436172
434952
448524
447168
436067
460333
476054
463958
475457
460349
475907
463979
450094
436282
449544
438788
450223
436245
449525
459771
471508
458637
472808
458676
472848
459823
448375
434849
446980
435965
447067
436014
448316
460329
475274
475807
464018
475846
463998
460413
450034
438761
436186
449509
436208
449491
450010
402768
401239
391185
389683
402959
401093
391050
414011
427606
416872
426252
414159
427388
416787
404732
391858
404375
394170
404943
391723
404193
413293
423670
411887
425171
411959
425265
413230
402647
389632
400930
390928
401000
390980
402550
413945
426074
427136
416654
427243
416704
413897
404576
394133
391612
403958
391660
404070
404462
357817
359647
348604
346982
359804
357762
348424
370597
383701
373768
383488
370844
383411
373420
361869
349340
362174
351801
362202
349187
361747
369562
379101
368040
380883
368045
380961
369512
359491
346923
357701
348226
357712
348239
359421
370510
383255
383113
373290
383243
373355
370469
361609
351637
348948
361241
348943
361492
361485
316617
318264
307439
306183
318281
316582
307424
328817
341600
332041
341530
329035
341453
331799
320441
308079
320059
310141
320302
307855
320129
327896
336914
326441
338692
326445
338746
327853
318246
306251
316579
307490
316581
307444
318228
328755
341213
341026
331552
341198
331671
328683
320324
310283
308013
319861
307933
320030
320255
278571
276962
267844
267372
278329
277258
268155
288255
300423
291135
300676
288371
300686
290967
280530
268132
280121
270864
280253
268250
280455
288078
296729
286753
298396
286659
298417
288133
278814
267534
277444
268609
277362
268430
278905
288478
300650
300702
291344
300659
291171
288688
280731
271324
268715
280690
268537
280668
280747
241118
240004
231297
230950
240895
240131
231491
249613
261232
251916
261594
249269
261440
252274
242537
230875
241788
233163
242248
231171
241996
249890
258533
249200
259963
249074
259837
250056
241260
231067
240365
231796
240254
231653
241383
249906
261801
261752
252840
261661
252603
250133
242672
233437
231588
242226
231390
242158
242780
205499
204919
195748
195655
205337
204987
195873
213608
224802
215769
224720
213364
224960
216010
206655
194991
205991
197532
206483
195207
206194
214005
222548
213619
223571
213531
223465
214143
205634
195810
205138
196213
205058
196116
205759
213839
224751
225155
216487
225059
216271
214039
206784
197918
195689
206407
195526
206317
206907
467307
460487
453308
450443
467351
460588
453392
483354
498107
487375
502583
483307
498298
487397
471347
458019
475159
461889
471349
458060
475153
478449
484669
474754
492667
474634
492984
478465
467249
450526
460582
453431
460538
453479
467213
483513
502226
497600
487457
497945
487464
483616
471323
461921
458256
475034
458163
475099
471285
420170
414745
407272
405469
420049
414893
407338
434120
446666
437633
450074
434079
446679
437660
423137
411114
426229
414479
423045
411182
426248
430156
437637
427884
443207
427739
443280
430184
420002
405366
414768
407466
414705
407428
419864
434179
450063
446607
437701
446657
437687
434230
423088
414519
411292
426259
411243
426260
423032
377148
372544
365205
364335
377102
372592
365278
389547
400802
392357
403634
389471
400822
392413
379399
368369
381841
371065
379349
368467
381897
386314
393396
384973
398266
384839
398318
386411
377105
364340
372640
365435
372573
365386
377074
389613
403665
400821
392519
400831
392461
389700
379434
371137
368706
381988
368571
381949
379440
337327
333396
325910
325474
337235
333527
326044
348321
358889
350505
361027
348217
358954
350589
338918
328570
340742
330807
338826
328697
340838
345735
353429
345208
357191
344984
357240
345837
337375
325746
333650
326306
333560
326183
337298
348422
361087
359011
350748
358999
350672
348532
339003
330909
328982
341007
328827
340936
339037
300418
297238
289599
289643
300392
297248
289659
310130
319877
311753
321516
310022
319957
311842
301477
291839
302760
293475
301412
291931
302833
307947
315487
307940
318790
307918
318884
308063
300433
289681
297199
289806
297167
289684
300341
310226
321594
320040
311977
320025
311912
310370
301515
293515
292138
302919
292000
302882
301517
265710
262839
255272
255739
265703
262824
255332
274506
283773
275721
284841
274434
283812
275770
266344
257184
267265
258437
266311
257243
267299
272705
280358
273063
283067
273050
283180
272817
265720
255750
262773
255479
262763
255354
265616
274547
284856
283794
275790
283827
275770
274640
266360
258462
257401
267289
257304
267306
266332
232255
229722
221968
222555
232286
229677
221993
240508
249496
241418
250196
240491
249497
241429
232580
223667
233202
224520
232597
223673
233203
238951
246667
239582
249082
239572
249206
239051
232230
222601
229639
222115
229600
221996
232119
240523
250192
249439
241429
249484
241430
240570
232557
224525
223746
233137
223697
233184
232501
199005
196988
188524
189996
199026
196968
188489
207159
216056
207830
216412
207153
216033
207842
199293
190300
199738
190998
199299
190268
199763
205741
213796
206762
215890
206751
216029
205851
199026
190321
197009
189113
196935
188754
198931
207189
216400
215928
207870
216005
207865
207231
199327
191237
190797
199798
190547
199799
199282
481861
478717
468554
465441
481863
478745
468534
497840
513503
500376
515825
497763
513470
500373
484804
471400
487333
473959
484780
471374
487376
494644
506659
491486
509344
491525
509894
494481
481680
465416
478516
468350
478634
468459
481484
497785
515439
512801
500214
513172
500296
497714
484632
473865
471140
487047
471272
487197
484488
432005
429216
420318
417509
432034
429211
420317
446494
458936
449053
461367
446561
458859
448960
434612
422919
437125
425324
434662
422901
437050
443797
453217
440899
456024
440903
456104
443760
431992
417540
429210
420357
429215
420333
431978
446432
461257
458631
448747
458756
448869
446362
434576
425304
422909
436923
422901
436988
434541
386730
384273
375860
373546
386683
384325
375920
400149
411439
402459
413814
400113
411444
402482
389048
378066
391285
380353
388997
378138
391328
397772
406375
395242
409039
395190
408998
397823
386781
373616
384432
376050
384380
375985
386840
400190
413823
411504
402558
411467
402515
400239
389102
380425
378290
391438
378213
391378
389161
344723
342673
334591
332765
344644
342763
334678
356923
367367
358954
369618
356817
367451
359034
346629
336412
348598
338441
346541
336504
348656
355021
363251
352955
365505
352878
365431
355094
344806
332855
342923
334833
342852
334765
344880
357023
369684
367616
359184
367534
359114
357108
346718
338514
336658
348786
336591
348724
346794
305651
304124
296254
294911
305568
304197
296327
316752
326414
318327
328306
316659
326507
318430
307205
297737
308677
299203
307151
297780
308760
315212
323203
313632
324958
313570
324890
315271
305714
294946
304298
296400
304252
296368
305764
316828
328381
326653
318562
326589
318507
316884
307246
299228
297811
308834
297790
308794
307284
269290
268237
260477
259484
269273
268264
260486
279391
288504
280587
289857
279374
288528
280601
270369
261469
271437
262435
270363
261472
271441
278174
285982
276985
287212
276984
287201
278162
269270
259477
268231
260422
268254
260463
269240
279371
289845
288502
280547
288504
280582
279345
270341
262401
261388
271354
261443
271409
270299
234547
233832
225951
225275
234528
233843
225983
243945
252655
244695
253529
243916
252661
244757
235281
226633
236055
227471
235229
226691
236084
243147
250943
242310
251751
242312
251779
243137
234557
225291
233842
226015
233846
226006
234560
243953
253525
252610
244770
252646
244780
243941
235306
227490
226733
236095
226725
236100
235310
200709
200167
192374
191762
200629
200213
192368
209732
218109
210439
218890
209664
218168
210396
201338
193036
201883
193472
201255
193028
201870
209134
216937
208526
217550
208516
217533
209154
200785
192059
200310
192808
200277
192646
200830
209796
218918
218226
210456
218213
210443
209811
201423
193762
193511
201984
193340
201938
201469
491781
489665
478477
476344
491754
489693
478467
507853
524129
509961
526173
507732
524215
510054
494085
480504
496467
482426
493945
480469
496534
505048
518254
502638
520477
502597
520763
505138
491649
476277
489394
478313
489521
478392
491594
507974
525969
523765
510143
524031
510122
508024
494136
482454
480395
496522
480396
496519
494150
441466
439405
429700
427549
441545
439316
429632
455447
468040
457202
469787
455488
467977
457153
443438
431604
445290
433255
443501
431538
445241
453405
463664
451116
465813
451205
465896
453337
441401
427509
439118
429501
439229
429574
441336
455395
469656
467834
457054
467911
457107
455338
443383
433215
431418
445125
431483
445190
443325
395506
393432
384398
382416
395491
393465
384448
408575
420036
410326
421752
408600
419981
410287
397393
386298
399191
388046
397393
386320
399172
406713
416005
404706
418056
404670
418061
406737
395542
382490
393571
384567
393513
384507
395591
408570
421678
419905
410248
419941
410264
408578
397414
388068
386404
399175
386362
399171
397444
352465
350539
342071
340259
352423
350566
342119
364744
375462
366464
377308
364702
375491
366490
354235
343775
355988
345475
354199
343819
356014
362993
371699
361103
373726
361043
373667
363042
352521
340319
350657
342214
350610
342180
352559
364801
377341
375579
366543
375542
366533
364831
354288
345507
343894
356055
343869
356057
354310
311960
310252
302153
300649
311927
310323
302181
323415
333515
324948
335254
323360
333564
324971
313444
303511
314966
304917
313400
303546
314974
321881
330132
320200
331973
320155
331941
321907
311978
300681
310391
302172
310366
302185
311986
323453
335272
333630
324968
333606
324978
323473
313454
304890
303441
314844
303522
314941
313443
273548
272495
264450
263376
273503
272497
264405
284042
293790
285526
295120
284027
293791
285542
274748
265630
276139
266776
274808
265635
276181
282900
291194
281722
292476
281773
292528
282785
273518
263351
272377
264376
272458
264420
273408
284046
295117
293627
285501
293740
285515
284025
274701
266799
265578
276159
265578
276192
274702
238007
237029
229297
228353
237998
236942
229310
247710
256611
248477
257704
247647
256660
248540
238851
230002
239587
230695
238789
230032
239644
246668
254458
245671
255459
245675
255450
246691
237977
228310
236941
229276
236926
229288
237981
247741
257744
256658
248589
256666
248582
247733
238888
230721
230051
239672
230056
239676
238871
203387
202751
194904
194285
203372
202717
194841
212671
221294
213138
221989
212641
221326
213181
204083
195448
204443
195666
204029
195438
204507
212020
219724
211225
220617
211204
220621
212019
203412
194542
202770
195248
202727
195086
203443
212716
222031
221360
213249
221358
213232
212715
204154
195928
195894
204621
195749
204581
204172
499908
498454
485360
484066
499932
498472
485458
513675
529927
515315
526851
513524
530053
515442
502115
486356
500589
488873
502112
486515
500638
513125
528044
511927
528632
511906
528958
513132
499932
484137
498458
485613
498476
485564
499934
513802
526767
529711
515466
529923
515482
513877
502064
489047
486646
500687
486656
500687
502028
448132
446924
435941
434694
448243
446853
435917
460698
475753
463966
475072
460511
475708
464053
450213
436218
449519
439146
450054
436274
449578
459827
471537
458459
473160
458476
473101
459863
448001
434664
446680
435887
446771
435914
448035
460888
475028
475621
464101
475674
464101
460993
450200
439210
436431
449550
436343
449539
450134
402384
400875
390885
389545
402468
400831
390856
413882
427063
416601
425892
413870
427006
416582
404298
391578
403874
394089
404377
391583
403729
413155
423402
411722
424853
411758
424980
413159
402287
389542
400751
390835
400795
390840
402129
413928
425982
426839
416573
426962
416613
414015
404229
394197
391660
403568
391621
403607
404100
359309
357697
348229
346942
359364
357696
348235
370442
383015
373296
382619
370436
382928
373291
361379
348960
361086
351642
361412
348976
361006
369433
379013
368042
380430
368039
380625
369415
359245
346946
357674
348239
357702
348241
359055
370468
382648
382678
373321
382848
373360
370492
361380
351733
349049
360981
349001
360988
361182
318177
316580
307539
306314
318205
316577
307586
328651
340909
331521
340443
328658
340824
331482
320124
308096
319736
310646
320184
308170
319573
327827
336868
326361
338338
326408
338491
327833
318132
306295
316506
307693
316553
307627
318091
328646
340436
340578
331487
340746
331531
328717
320096
310821
308451
319626
308209
319586
319983
279020
277518
268761
267859
278973
277561
268897
288904
300670
291554
300477
288820
300633
291719
280777
268866
280748
272077
280771
269012
280766
288302
296854
286856
298427
286869
298458
288329
279035
267914
277566
269074
277580
269003
279028
288953
300478
300457
292038
300582
291921
289044
280752
272261
269352
280807
269169
280788
280655
241568
240467
231935
231340
241489
240538
232055
250526
261829
252986
261823
250350
261870
253126
242953
231755
242311
234126
242883
231925
242349
250444
258899
249481
260159
249453
260174
250520
241623
231398
240615
232245
240591
232160
241637
250682
261814
261816
253357
261880
253273
250874
242988
234335
232281
242432
232082
242406
242945
205966
205221
196466
196058
205877
205296
196533
214374
225248
216682
224823
214216
225297
216845
207103
195992
206533
198650
207024
196099
206608
214516
222847
213861
223815
213825
223796
214597
206050
196353
205425
197095
205378
196837
206090
214523
224853
225277
217142
225331
217041
214768
207191
199051
196770
206746
196445
206676
207143
)
;

boundaryField
{
    inlet
    {
        type            zeroGradient;
    }
    outlet
    {
        type            fixedValue;
        value           uniform 0;
    }
    seabed
    {
        type            zeroGradient;
    }
    top
    {
        type            zeroGradient;
    }
    side1
    {
        type            zeroGradient;
    }
    side2
    {
        type            zeroGradient;
    }
    submarine
    {
        type            zeroGradient;
    }
}


// ************************************************************************* //
