/*--------------------------------*- C++ -*----------------------------------*\
  =========                 |
  \\      /  F ield         | OpenFOAM: The Open Source CFD Toolbox
   \\    /   O peration     | Website:  https://openfoam.org
    \\  /    A nd           | Version:  10
     \\/     M anipulation  |
\*---------------------------------------------------------------------------*/
FoamFile
{
    format      ascii;
    class       volScalarField;
    location    "6.8";
    object      p;
}
// * * * * * * * * * * * * * * * * * * * * * * * * * * * * * * * * * * * * * //

dimensions      [0 2 -2 0 0 0 0];

internalField   nonuniform List<scalar> 
12920
(
1.17299e+06
1.15043e+06
1.0117e+06
939597
832115
766828
680431
612243
537922
476007
413717
358741
305081
255376
207387
161914
117333
73302.4
28464.1
-15807.7
1.33113e+06
1.19151e+06
1.02052e+06
937084
827482
757110
672086
604414
531587
471068
409602
355129
301971
252807
205365
160538
116610
73165.4
28985
-14571.1
1.29973e+06
1.19195e+06
1.04671e+06
942198
827488
752065
663713
596683
522979
462682
401367
347883
296065
247993
201664
157930
115159
72612.7
29567.2
-13105.1
1.23347e+06
1.14896e+06
982247
912107
792003
721145
637199
573759
505545
447582
390223
338827
288722
242058
196829
153998
112418
71259.4
29456
-12450.8
1.18315e+06
1.12969e+06
965003
884732
773954
701442
617272
553188
486247
431829
376842
328027
279844
234897
190935
149124
108234
68710.1
28124.3
-12781.9
985939
1.0716e+06
877640
818988
710174
649424
575167
519527
461516
411282
361188
315056
269813
226889
184463
143800
104026
64981.1
25799.8
-13951.8
906895
953786
786306
756399
660019
603832
535563
487979
433783
388238
341432
299158
256944
217239
177025
137802
99477
61657.5
23407.3
-15126.3
707379
807471
711043
687410
586240
548003
510263
465658
418105
374287
331649
291381
252130
214736
168326
130812
94198.4
57952.3
21069
-16061.6
867661
718182
634872
620450
523492
518545
480112
434732
391483
350852
312220
275179
239268
204644
163693
122154
88189.8
53765.4
18403.6
-16987.6
763388
630098
548409
518490
445299
457060
427535
388574
351573
316469
282625
249912
218271
187337
152373
112497
81608.2
49397.7
15641
-18152.7
157719
399902
347355
388925
342831
377950
364535
337795
309238
280498
251953
224152
197014
170002
139227
104105
75592.4
45180.6
12946.9
-19370.2
396600
307968
266231
278775
243124
286674
286465
273742
257861
239959
222001
199596
177458
155016
128167
96810.6
69975.7
41226.2
10409.9
-20261.1
-256990
-9209.33
-7434.52
109256
119276
173212
182433
192643
191711
187450
179122
167975
153278
135872
110295
88529.1
64218
37451.2
8195.46
-20917.5
-87224.2
-85585.5
-31290
84169.5
68524.5
120014
117615
143368
139921
148342
142370
138710
127642
115845
98952
80462.1
58438.8
33826.5
6134.54
-21244.4
-396224
-279088
-169520
6404.86
3091.22
66991.9
79333.9
107337
113262
121345
121950
120939
113055
103399
89070.3
72654
52856.2
30054.3
4095.31
-21345.6
-611308
-406719
-257519
-63305.8
-36398
33547.6
48385.3
86811.5
88460.5
104196
103069
106397
99307.6
92620.2
79551.4
65239.4
47076.7
26095.5
1683.22
-21924.3
-684173
-374515
-242938
-108613
-66771.2
7654.37
25180.7
65457.7
71210.5
88444
89013.1
93133.6
87777.7
82270.4
70915.4
58063.9
41440
21850.8
-1158.19
-23119
-261928
-282039
-267972
-117123
-89780
-13512.9
339.962
45561
52369.4
73113.7
74848.2
81006.8
76757.9
72812.5
62748.5
51319.5
35877.3
17445
-4505.82
-25044
-655118
-290600
-260002
-119970
-99007.9
-24393.1
-12299.2
31003.9
39444.2
61279.6
64952.7
71920.2
69038.5
65888.6
56792.2
45954.8
31223
13487.7
-7860.01
-27423.8
40527.9
-136368
-211307
-109247
-97483.6
-28853.4
-15811.7
25023.8
34714.8
55469.6
59893.3
67030.9
65009.8
62191.9
53509.1
43020.1
28470.5
10963.6
-10061.8
-29554.1
1.20088e+06
1.14325e+06
1.00522e+06
938650
832563
764822
679240
612274
537877
476060
413874
358834
305144
255416
207407
161886
117285
73277.8
28477.9
-15765.6
1.20137e+06
1.18565e+06
1.01884e+06
937114
826759
756959
671765
604548
531468
470810
409627
355262
302049
252852
205352
160486
116560
73134
29035.6
-14237.6
1.34056e+06
1.19869e+06
1.04051e+06
939533
827053
752015
663528
596448
522672
462456
401300
347847
296043
247967
201617
157886
115113
72633.6
29770.8
-12529.6
1.08255e+06
1.14799e+06
977966
910433
791721
721328
637416
573726
505389
447831
390355
338911
288749
242046
196806
153994
112461
71331.7
29751.4
-11676.6
1.13724e+06
1.14246e+06
962232
885057
773547
700433
616560
553219
486500
431964
376910
328078
279831
234863
190903
149133
108353
68857.9
28476.9
-11981.2
1.00702e+06
1.08653e+06
873703
820458
709782
649337
574696
519801
461704
411413
361275
315109
269829
226828
184371
143749
104092
65234.3
26192.1
-13135.3
886398
945888
788087
757431
659073
604486
536053
488232
434075
388488
341650
299331
257028
217188
176892
137751
99530
61843
23841.6
-14323.2
726501
806372
710765
687079
585725
548476
510295
466186
418438
374653
331855
291548
252128
214576
167992
130720
94263.6
58185.9
21461
-15212.3
804410
706784
637008
620048
522771
519275
480618
435128
391798
351167
312450
275294
239356
204822
164093
122201
88306.3
54017.5
18779.8
-16141.3
726044
620019
548316
515104
445499
458044
427939
388451
351470
316396
282547
249817
218182
187385
152191
112561
81747.6
49634.8
16018.6
-17358.4
250742
403811
351074
387471
343238
378456
364929
337526
308698
279790
251572
223937
196808
169797
139359
104261
75723.2
45381.4
13278.4
-18538.2
473505
316796
267749
277960
243271
285911
285797
273305
257687
240185
220917
199227
177389
154987
128246
96966.7
70120.8
41404.7
10778.4
-19386
-323422
-14900.8
-10185.8
106830
117230
172481
181698
192132
191035
186899
179171
167973
153121
135743
110355
88618.8
64341.2
37669.4
8542.09
-19997.6
-140255
-96026.3
-29006.1
81050.9
67783.8
119829
117226
143198
140020
148808
142792
139029
127827
115943
99067.8
80596.1
58570.8
34000.3
6472.39
-20253.9
-390035
-285719
-173148
5665.99
1758.87
66449.5
79520.2
107124
113336
121380
122180
121154
113292
103592
89256
72824.2
53018.2
30242.5
4461.21
-20331.8
-514718
-398795
-262788
-68771.8
-37175.8
33349.2
49219.5
86941.8
88545.1
104315
103172
106623
99554.3
92855.1
79775.7
65434
47267.1
26302.8
2068.4
-20891.1
-659432
-418676
-261216
-107995
-67055.1
8188.3
26447.7
65582.3
71428.7
88390.4
89169
93255.1
87999.4
82455.1
71122.6
58248.1
41634.9
22057.7
-797.013
-22150.6
-270456
-283039
-275890
-115956
-90186.6
-12997
566.996
45742.2
52371
73224.9
74985.7
81030.4
76745.4
72736.6
62698.8
51327.5
35949.3
17554.5
-4220.88
-24228
-642733
-299473
-268141
-119679
-98652.9
-23748.9
-12119
31264.8
39568.8
61282.6
64787.5
71751.8
68866.6
65756.4
56706.9
45828.7
31148.9
13522.2
-7750.07
-26972
-61936
-152481
-217674
-107995
-97019.8
-28130.3
-15507
25381.5
34773.5
55512.5
59817.1
66946.3
64961.5
62143.2
53390.4
43003.6
28510
10993.6
-9981.9
-29366.8
1.12112e+06
1.13791e+06
1.00076e+06
941146
835776
768044
679440
612685
537753
476180
413994
358926
305231
255450
207425
161818
117205
73226.4
28538.6
-15286.1
1.33501e+06
1.1766e+06
1.02001e+06
936252
828467
757805
671563
604874
531510
470784
409487
355204
302045
252869
205301
160454
116558
73097.5
29264.6
-13427.6
1.27584e+06
1.19497e+06
1.03646e+06
937738
826647
752097
663556
596335
522481
462373
401395
348074
296131
248032
201598
157810
115046
72673.5
30155.9
-11443.6
1.15077e+06
1.14156e+06
975532
906831
791067
721391
637617
573868
505431
447984
390484
339039
288804
242046
196783
154011
112524
71481.6
30308.8
-10294.2
1.09164e+06
1.1348e+06
963191
885812
773371
699802
616206
553294
486619
432145
377053
328197
279851
234833
190862
149163
108562
69146.6
29161.1
-10548
988663
1.08042e+06
878005
822978
709478
649659
574685
520144
461969
411586
361461
315241
269873
226766
184256
143717
104223
65571.6
26898.4
-11634.2
872643
927355
787700
759813
656995
604804
536466
488738
434569
388943
342049
299643
257163
217141
176753
137685
99665.9
62199.6
24564.7
-12824.4
783707
814193
712444
687835
584550
549335
510563
466961
418912
375209
332172
291812
252161
214468
167563
130650
94449.9
58574.8
22197.2
-13672.7
657494
673358
631623
615914
521838
520955
482162
435809
392207
351524
312675
275462
239499
204812
164039
122174
88594.9
54423
19534.3
-14618.6
695636
606338
547197
509472
445235
459556
429312
388363
351181
316052
282297
249715
218143
187380
151806
112627
82053.3
50017.4
16722.1
-15758.4
354122
417766
361191
386577
342829
378890
365844
336733
307518
279032
250222
223265
196427
169632
139327
104410
76041.7
45781.1
13949.8
-16882.1
351238
312267
263047
274562
243089
285323
284791
272218
256834
238850
219621
198698
177174
154903
128117
97180.2
70429.1
41838.2
11407.8
-17693.9
-376786
-33874.3
-14943.8
105922
115928
172150
180099
191594
189929
187196
179417
167864
152956
135573
110323
88812.7
64632.2
37984
9168.87
-18226.8
-56122.2
-90746.7
-26853.6
80166.9
67336.1
119397
117248
143061
140413
149325
143193
139488
128083
116108
99281.3
80839.3
58825
34315.3
7132.97
-18396.2
-303255
-265589
-169303
4282.07
30.2807
65813.6
80080.7
107172
113654
121743
122534
121418
113662
103878
89550.3
73112.7
53309.8
30588.1
5170.39
-18447.8
-478197
-393915
-265265
-73448.5
-38547.5
32284.3
49838.4
86627.7
88650.1
104338
103414
106906
99944.6
93225.9
80096.8
65727.7
47596.4
26673.4
2791.65
-19010.6
-695408
-392054
-268677
-108735
-67590.5
7981.46
27559.5
65247.6
71624.9
88079.2
89476.1
93376.4
88354.3
82751.1
71471.2
58555.7
41980.3
22434.5
-105.959
-20321.3
-304567
-298903
-277153
-119688
-90102.5
-12360.2
1330.04
46186.5
52195.4
73390.1
75082.2
81063
76668.5
72505.8
62433.5
51121.2
35921.7
17690.2
-3673.57
-22546.5
-597368
-317559
-267573
-117755
-97175.7
-22537.7
-11459.6
31929.9
40085.2
61332.2
64662.3
71526.7
68639.4
65636.2
56629.7
45887.8
31244.6
13611.5
-7499.22
-26006.8
-78870.3
-167339
-221905
-104944
-96621
-27033.4
-15221.4
25994.9
34822.6
55592.8
59681.3
66824.2
64900.5
62139.7
53412
43012.7
28600.9
11141.4
-9800.41
-28889.2
1.02578e+06
1.10607e+06
993105
939659
836260
768166
679304
612866
537735
476255
414030
358981
305276
255446
207308
161684
117042
73130.3
28598.8
-14575.6
1.19594e+06
1.16291e+06
1.01605e+06
935119
828142
757987
671525
605069
531560
470888
409532
355252
302058
252875
205247
160336
116431
73072.5
29511.8
-12038.2
1.31815e+06
1.21986e+06
1.03327e+06
936338
826069
752145
663652
596349
522313
462367
401475
348266
296221
248111
201568
157766
115016
72723
30616.7
-9408.63
1.05246e+06
1.14153e+06
971496
905005
790107
721704
637827
574118
505500
448156
390598
339158
288839
242031
196743
154025
112608
71674.6
31033.9
-8087.62
1.15064e+06
1.14993e+06
959569
886015
772333
699295
615988
553317
486877
432342
377231
328331
279899
234803
190822
149202
108770
69472.2
30102.2
-8239.85
1.02742e+06
1.09572e+06
872223
824277
707895
650224
575032
520462
462302
411839
361728
315391
269938
226694
184130
143683
104377
65951.4
27809.1
-9229.5
718254
923449
790552
763335
655404
604840
536515
489271
435096
389478
342552
300019
257329
217119
176673
137647
99833.1
62609.3
25480.7
-10361.7
858108
831766
712609
688440
582407
550024
510858
467830
419252
375826
332412
292145
252245
214499
167429
130685
94688.1
59037
23163.6
-11180.1
582568
679336
630907
611866
520652
522873
483762
436308
392412
351671
312755
275534
239535
204609
163681
122369
88980.2
54940
20541
-12166.6
672937
609069
547154
505343
443879
460554
430903
388254
350824
315764
282164
249639
218086
187032
151141
112889
82447.2
50548.2
17615.2
-13274.2
393184
405775
365587
383578
340580
378063
366157
335520
306237
277285
249752
222849
196072
169608
138951
104655
76452
46313.6
14842.8
-14273.5
211765
293162
260409
271769
242500
284504
284384
270781
255385
237439
218559
198035
176859
154655
127627
97538.9
70886.6
42303
12278
-15029.4
-396437
-36524.6
-14985.5
106864
114276
171202
178085
191385
189344
187501
179364
167711
152799
135345
110258
89133.1
64989.3
38383
10028.1
-15439.5
-195451
-76580.6
-30511.9
76476.1
66069.6
119233
117685
143076
140739
149340
143127
139998
128390
116434
99594.2
81168.9
59166.1
34719.6
8053.92
-15452.9
-234727
-277163
-170755
275.312
-2609.72
65090
80738.6
106823
114121
122006
122845
121499
114094
104187
89921.1
73488.5
53697.6
31043.6
6175.57
-15421.6
-506850
-402572
-263382
-79090.6
-39921.8
29430.5
49802.4
85639.1
88529.3
103684
103519
106933
100453
93622.1
80497.2
66020.1
48029.7
27170.2
3727.38
-15980.9
-694620
-399264
-280645
-112686
-68924.4
4989.6
28421
63699.6
71272.2
87272.2
89793.7
93271.7
88769.6
82808.6
71723.2
58728.6
42423.6
22957.3
750.397
-17290.5
-383003
-315495
-286852
-127844
-90431.6
-12558.8
2682.31
45652.9
52007.1
73448.3
75024.5
80903.8
76447.2
72379.4
62381.5
51114.6
36007.7
17868.3
-3109.16
-19765.6
-665434
-351353
-264707
-116278
-95633.8
-21156.7
-10786.5
33204.5
40350.6
61606.7
64577
71370.2
68645.4
65652.4
56626.9
45974.8
31387.2
13788.3
-7115.91
-24155.2
-131306
-195846
-222304
-100813
-95920.3
-25556.8
-14936.2
26768.9
35034.9
55691
59743.3
66901.7
64832.5
62104.5
53440.8
43065
28695.6
11285.3
-9603.79
-28035.5
997719
1.10364e+06
989307
941287
838313
769231
679803
613200
537762
476339
414051
359007
305256
255431
207174
161513
116895
73006.7
28652.4
-13337.6
1.20947e+06
1.14639e+06
1.01163e+06
935150
828491
758637
671957
605390
531558
470968
409590
355326
302096
252874
205169
160215
116305
73009.9
29657.2
-10026.5
1.39702e+06
1.20549e+06
1.03265e+06
936719
825412
752371
663944
596487
522278
462411
401553
348402
296295
248141
201527
157719
114956
72755.9
31023
-6751.95
1.26081e+06
1.14908e+06
968368
904575
789358
722781
638266
574445
505639
448324
390722
339245
288865
242007
196697
154020
112674
71835.9
31642.9
-5353.51
1.30379e+06
1.15283e+06
960402
887216
771368
699234
616063
553391
487268
432570
377483
328487
279975
234789
190800
149240
108953
69686.4
30835.8
-5489.15
1.11745e+06
1.08588e+06
877405
823244
707606
651272
575743
520774
462774
412098
362046
315566
270041
226660
184034
143682
104532
66279.6
28588.1
-6404.19
786678
936169
787700
764938
653398
604610
536557
489899
435575
390080
343101
300455
257599
217206
176715
137672
100006
62941.5
26207.3
-7470.2
860076
844193
712894
687739
580326
550625
511550
468638
419229
376402
332551
292524
252504
214865
167744
130808
94922.2
59425
23977
-8231.04
517367
686545
625976
606350
519555
523640
485311
436489
392429
351630
312744
275591
239535
204423
162993
122880
89398.1
55364
21331.7
-9179.32
604681
602107
543483
502399
440937
459253
432186
388118
350595
315592
282118
249535
217966
186768
150149
113411
82873.3
50984.5
18344
-10225.7
422570
405298
367230
381959
338392
376062
365631
334248
305331
277166
249455
222206
195863
169551
138013
105253
76903
46785.9
15565.2
-11134.2
204257
283255
257319
271036
242338
282782
284662
269514
254038
236554
217828
197487
176513
154359
126468
98223.2
71374
42742.6
12968.4
-11817.8
-455851
-49578.7
-17590.4
108950
113176
170815
177020
191602
188713
187623
178901
167501
152422
134985
110474
89579.2
65357.2
38752.7
10709.8
-12105.7
-193415
-81417.6
-29715.4
74905.2
64132.1
119957
117786
142824
140401
148541
142607
140413
128751
116979
99985.5
81501.7
59517.9
35096.8
8792.78
-11935.3
-263416
-259668
-167071
-2657.05
-4386.87
64412.5
80547.3
105975
114565
121630
123173
121480
114582
104403
90296.4
73901.2
54100.7
31477.2
6943.2
-11737.3
-367232
-378276
-255682
-80554.5
-41009.8
27433.1
49339.7
83731.5
87689.4
102440
103499
106685
101025
93733.7
80914.8
66210.7
48479
27639.6
4458.98
-12146.8
-653265
-384831
-282450
-113734
-69843.6
3482.09
27679
60922.9
70470.7
86296
90074.3
93072.1
89080
82837.4
71903.9
58789.1
42819.1
23386.2
1479.76
-13375.2
-448764
-334158
-290548
-131926
-90143.6
-15393.2
3381.3
43349.9
51614.8
73403.1
75312
80931.7
76563
72442.6
62498.4
51236.7
36286.8
18149.5
-2683.98
-16112
-646152
-367626
-262276
-116882
-94835.9
-20253.2
-10328.1
34963.8
40505.2
62008.5
64543.6
71412
68607
65666.6
56629.6
46047.8
31512.8
13931.5
-6903.08
-21288.5
-236033
-218791
-221883
-95056.8
-95743.3
-23747.6
-14785.5
27560
35168.1
56058.4
59746.9
66979.1
64767.5
62105.8
53455.5
43129.1
28779.4
11384.2
-9511.19
-26877.6
290668
287099
266691
315804
290518
286714
266242
257840
258983
236630
282165
257760
258503
236090
257414
249510
233297
278662
256682
248242
232344
230444
227684
210644
249496
229802
226810
210049
447817
443532
410842
480411
448174
443919
410806
403883
400662
371402
434991
404142
400601
371376
362506
361874
334402
391706
362702
361851
334352
323322
325336
298922
351081
323548
325305
298949
285934
290203
264831
312399
286078
290213
264814
249890
256424
231913
275261
250011
256394
231873
215463
223775
199908
239323
215530
223734
199938
181649
191923
169051
204766
181635
191990
169016
398195
382596
358715
427831
398107
382951
358651
360655
351031
327793
388477
360590
350897
327556
325120
320091
297114
351510
325081
319835
296836
291035
289510
267030
316436
290989
289230
266849
258015
259602
237731
282578
257962
259421
237617
226122
230507
209166
249846
226049
230347
209016
195037
202143
181042
218201
195020
201986
180914
164866
174053
153421
187339
164857
173917
153480
344749
309573
295934
364772
344682
309190
295534
316372
291517
277668
337630
316077
291162
277224
287717
272643
257135
308907
287320
272292
257077
259038
252065
236213
280083
258771
251894
235211
231041
230100
211707
251727
230922
229291
211407
203734
205623
188033
224011
203626
205439
188002
176705
182246
164538
196878
176602
182189
164482
150005
158606
141085
169872
150033
158569
141182
277383
218292
219110
286060
277046
217799
218831
262209
217607
217569
273490
262078
217381
217074
244393
213036
209092
257781
244677
212792
208518
226902
204908
199715
240252
226587
204749
199782
205414
194230
185417
221301
204942
194565
185160
182964
180490
169036
199353
182946
180307
168879
160764
163248
149896
177422
160714
163146
149835
138129
144194
130511
154998
138234
144132
130487
448321
444017
410806
481906
448898
445157
410878
404269
400593
371360
435669
404697
400585
371269
362784
361831
334329
392134
363082
361722
334198
323634
325288
298952
351462
323924
325178
298881
286132
290208
264808
312645
286328
290139
264783
250062
256385
231869
275435
250223
256366
231881
215548
223732
199982
239475
215484
223748
200020
181648
192054
169048
204830
181322
192043
168667
398095
383142
358615
429055
398143
384153
358401
360548
350821
327407
388386
360371
350441
326781
325040
319676
296652
351270
324801
319016
295887
290958
289023
266748
316162
290765
287657
266594
257937
259318
237596
282380
257862
259015
237648
226024
230265
208936
249736
225969
229816
208640
195044
201910
180846
218147
195112
201629
180628
164900
173839
153631
187434
164638
173685
153670
344633
308876
295302
365690
344269
308302
294369
315886
290941
277032
336984
315084
290021
276297
287068
272133
256863
307849
286111
271343
255447
258595
251533
234786
278358
257854
250005
233621
230864
228934
211251
250776
231276
227956
210783
203558
205335
187966
223643
203283
205017
187762
176535
182131
164454
196535
176302
181932
164370
150140
158553
141278
169637
150155
158498
141185
276829
217663
218663
285075
275976
217381
217867
261973
217255
216872
272532
261380
216729
216450
244614
212662
208371
257090
243872
212387
208005
226209
204707
199805
239252
225093
204961
199764
204752
194633
184998
219906
204199
194664
184545
182926
180207
168810
198831
182786
179899
168605
160692
163099
149805
177235
160612
162948
149663
138300
144107
130539
154935
138203
144001
130496
449032
445408
410915
483629
449425
446706
411041
404803
400585
371230
436244
405100
400586
371108
363142
361669
334138
392407
363279
361508
333978
323980
325120
298840
351675
324139
324969
298775
286365
290101
264775
312764
286440
290049
264772
250255
256363
231891
275535
250303
256372
231910
215416
223754
199963
239540
215145
223730
199718
181286
191954
168593
204669
180689
191641
167991
398166
384423
358281
430640
398227
385292
357807
360293
350264
326530
388286
360041
349638
325762
324689
318756
295699
350905
324422
317996
295016
298494
307581
306767
315943
298692
307480
306562
266500
274107
274429
282215
266601
274047
274263
225960
229393
208537
249657
225947
228922
208264
195086
201533
180588
218111
194879
201312
180554
164602
173682
153763
187117
164073
173685
153463
344070
308050
294003
366255
343303
307630
292824
314763
289650
275967
335842
313770
288443
274693
285923
270926
254921
306532
285084
269458
253527
263208
271771
269426
279088
263085
269852
269266
236152
242975
243069
248394
236365
240901
242983
203175
204905
187679
222745
202827
204388
187368
176259
181859
164336
196146
176240
181593
164184
150244
158469
141216
169644
149960
158318
140873
275653
217102
217488
284485
274611
216794
216716
261099
216508
216298
271150
260237
216326
215951
243463
212217
207826
255785
242271
211757
207338
224774
204957
199662
237748
223902
204859
199406
204028
194594
184391
218810
203460
194371
183975
182717
179805
168556
198212
182463
179589
168463
160578
162918
149625
176947
160417
162865
149483
138216
143979
130569
154740
137861
143909
130459
449423
446888
411075
485233
449467
447940
411131
405153
400581
371071
436511
405294
400539
371000
363259
361460
333938
392469
363180
361346
333832
324154
324933
298782
351669
324166
324824
298798
286425
290056
264781
312769
286348
290070
264803
250292
256378
231907
275575
250202
256387
231875
215044
223704
199640
239531
214749
223610
199456
180630
191544
167917
204459
179851
191295
167113
398238
385405
357617
432047
398239
385625
356993
359964
349413
325526
388152
359792
348757
324952
324372
317774
294834
350637
324229
317237
294579
290523
286701
265761
315632
290491
287109
265045
257732
258172
236823
282132
257654
257639
236024
225936
229167
208189
249576
225874
228850
208042
194809
201265
180560
217993
194640
201178
180579
164020
173679
153470
186818
163269
173669
152787
343002
307405
292420
365838
342007
307230
291322
313458
288037
274234
334560
312683
286907
273015
284736
268990
253148
305512
284293
267821
252278
256805
247902
232044
277257
256480
247137
231394
230248
226512
209801
249548
229101
225842
209189
202720
204174
187248
222323
202469
203640
186922
176218
181490
164114
195899
176176
181190
163890
149983
158246
140848
169556
149352
158023
140120
274251
216400
216462
284657
273269
216542
215847
259918
216273
215838
269785
258891
216197
215470
241928
211613
207118
254319
241126
211295
206518
223646
204803
199339
236723
223083
204717
199118
203260
194303
183848
217968
202760
194163
183465
182369
179555
168478
197593
182111
179570
168482
160343
162883
149461
176589
160111
162975
149290
137823
143917
130550
154408
137111
143902
129941
449320
447985
411130
486022
449338
448335
411092
405230
400516
370997
436405
405177
400464
370974
363073
361324
333803
392541
363079
361291
333740
324092
324788
298802
351650
324071
324721
298732
286273
290068
264793
312827
286219
290002
264662
250137
256367
231862
275669
250162
256268
231821
214636
223582
199416
239625
214553
223545
199384
179724
191233
167058
204354
178853
191182
166237
398224
385323
356760
432437
398105
384891
356183
359761
348547
324814
388000
359681
348069
324529
324187
317104
294476
350506
324089
316831
294282
290477
287030
264926
315494
290375
286873
264899
257605
257533
235902
282012
257480
257555
235878
225852
228768
208025
249452
225853
228839
208178
194602
201168
180584
217958
194579
201299
180631
163246
173666
152761
186734
162435
173692
151953
341628
307041
291029
365196
340938
306922
290571
312488
286596
272688
333623
312114
286098
272144
284163
267527
252079
304982
283942
267062
251808
256391
246962
231255
277014
256339
246712
231085
228959
225694
209054
249427
228904
225533
208924
202420
203519
186839
222227
202536
203419
186837
176176
181108
163837
195970
176219
181090
163836
149345
157980
140079
169572
148537
157981
139291
273011
216515
215667
284855
272623
217428
215733
258586
216182
215275
269065
258043
215814
214846
240940
211203
206365
253611
240676
211175
206387
222963
204753
199027
236292
222788
204369
198553
202642
194153
183371
217644
202518
193746
183497
182044
179664
168487
197392
182014
179373
168401
160061
163054
149257
176462
160062
162686
149360
137083
143980
129886
154364
136270
143687
128989
290244
299045
282472
290572
290474
298932
282275
290094
297497
282019
287363
290095
297294
285122
281971
274438
274156
268325
282184
274128
275750
298384
315857
307372
306400
307409
306427
298375
290151
290521
298855
282224
298869
282190
290196
289968
287221
297001
281621
297115
285059
289694
281830
268081
274081
273673
273999
275452
281851
258733
265903
251009
257820
258763
265860
251029
258584
266615
251539
260417
258933
266265
252833
250976
243681
243814
236687
251225
243563
243729
266427
282171
273993
274195
274007
274182
266386
258663
257792
265796
250845
265822
250980
258552
258432
260246
266268
251099
266134
252682
258599
250818
236461
243367
243221
243458
243444
250899
256493
264474
249800
255548
256434
262565
249762
252994
259447
244178
249050
253459
258946
243768
247215
241589
238751
232992
247546
241340
238398
262987
278992
271210
268491
269741
268979
262194
256198
255231
263762
248981
262175
249462
255581
252639
248627
258245
243033
258542
243387
252379
246871
232672
240666
237707
241023
238047
246546
229350
236328
223576
230907
229749
233991
223333
229293
235508
222066
227421
229438
235306
221843
223347
217305
216335
210492
223368
217278
216152
235857
248039
242341
242273
240538
242674
235614
229040
230719
235577
222929
233514
223111
228999
229024
227127
234652
221274
235010
221575
228661
223097
210290
216731
215634
217071
215913
222689
493120
494000
470891
510328
493229
494144
471016
445131
446691
425237
465838
445215
446826
425401
399419
401637
381517
418237
399480
401777
381645
355842
359544
340510
374418
355935
359700
340676
314485
319355
301267
331734
314539
319480
301385
274714
280992
263624
291446
274747
281084
263721
236695
243947
227375
252138
236686
243972
227390
200551
208549
193308
214663
200383
208483
193108
495036
493655
465200
518735
495186
493961
465340
458350
471172
471061
479918
471223
470988
458319
413682
425330
423885
434761
425376
423894
413664
372414
382665
381893
391526
382707
381917
372395
333562
342428
342521
350905
342479
342545
333531
296467
304188
305012
312264
304232
305036
296444
260884
267523
269092
275195
267551
269096
260877
226489
232215
234355
239275
232242
234350
226483
193385
198575
200615
204671
198566
200652
193330
152203
158419
145133
163940
152087
158405
144967
433067
422607
398966
457489
433428
422816
399293
403722
417848
414255
427487
417851
414253
403685
367332
379109
376303
388541
379096
376291
367347
332615
342651
341168
351561
342657
341150
332628
299325
307968
307478
316459
307970
307472
299328
266983
274365
274975
282616
274359
274960
267001
235634
241933
243392
249897
241914
243366
235661
205209
210506
212784
218247
210483
212756
205234
175318
179716
182771
187313
179706
182744
175352
137324
144887
131696
152316
137363
145033
131682
362546
338982
321828
378062
362775
339069
321662
341804
358252
348887
364497
358278
348801
341799
317547
330672
323951
337756
330627
323897
317607
291663
302091
298211
309180
302024
298152
291744
264790
273301
271726
280428
273243
271631
264867
237758
244915
244526
251919
244881
244469
237806
211337
217324
217870
224123
217295
217840
211359
185499
190231
192000
196981
190206
191987
185526
159591
163258
166102
169972
163232
166074
159606
126300
133711
121844
139297
126263
133775
121803
278746
241167
232220
286454
278330
241194
232167
262792
283907
267193
286319
283861
267145
262824
252840
270045
255565
273706
270018
255494
252840
239659
253408
243130
257863
253500
243135
239623
225093
235792
228696
240151
235927
228740
225001
208349
216956
212785
221923
216794
212799
208357
188460
194043
193509
199550
194019
193449
188488
167689
172027
172747
177456
172016
172742
167694
146175
149402
151551
155014
149409
151548
146169
117919
122885
114111
128235
117891
122944
114102
188959
155084
161024
181935
188597
154425
160732
195351
166171
173346
192448
195189
166026
173227
189770
168403
169897
191416
189417
168494
170030
186757
169795
171382
187039
186799
170316
171529
174549
165338
162361
179033
174653
165687
162396
163073
157602
154391
167989
163040
157667
154372
145718
145013
138342
153211
145673
145029
138310
128132
129235
122885
135820
128106
129231
122936
493428
494279
471262
510960
493712
495056
471630
445468
447160
425760
466554
445768
447522
426159
399603
402044
381879
418712
399766
402316
382111
356095
359950
340934
374924
356290
360208
341224
314628
319674
301551
332041
314753
319868
301724
274791
281220
263862
291690
274850
281362
264007
236650
244014
227379
252156
236592
244045
227342
200280
208334
192956
214515
199940
208138
192530
495732
494346
465740
520207
496438
495149
466411
458996
471852
471482
481061
458751
472159
471928
413909
425732
424044
435314
413835
425914
424123
372616
382989
382063
391925
372560
383118
382120
333792
342755
342671
351281
333728
342881
342720
296642
304455
305164
312531
296593
304550
305209
260997
267713
269148
275350
260959
267788
269174
226623
232399
234393
239401
226585
232453
234419
193373
198473
200804
204837
193424
198414
200819
152164
158215
144971
164067
151741
158068
144548
433943
423246
399911
459019
434687
424259
400723
404053
418110
414648
428328
403878
418289
415108
367162
379009
376206
388428
367224
378970
376166
332369
342570
340994
351415
332461
342508
340905
299155
307893
307369
316336
299227
307839
307278
266803
274291
274828
282504
266858
274257
274758
235429
241832
243224
249788
235490
241803
243166
205085
210439
212635
218166
205115
210434
212591
175403
179836
182717
187424
175390
179848
182750
137566
145221
131888
152055
137299
145311
131748
363382
338515
321047
379084
363818
338299
320545
341899
358526
349127
365222
341882
358654
349315
316852
330294
323568
337384
317102
330107
323366
290589
301502
297533
308448
290946
301238
297204
263841
272704
270852
279372
264145
272369
270482
237191
244613
244026
251372
237384
244465
243807
211137
217114
217663
223888
211195
217036
217586
185277
190044
191834
196727
185348
189963
191763
159477
163076
165941
169722
159499
163041
165890
126407
133792
121923
139383
126311
133778
121801
277656
241099
232130
285801
277254
241311
232019
262211
283378
266651
285620
262382
283163
266457
252464
269708
255163
273080
252625
269521
254972
239563
253421
243055
257540
239665
253282
242958
225061
235868
228677
239986
225142
235544
228583
207682
215671
212444
220554
207916
215344
212211
188150
193836
193094
199093
188241
193759
192952
167572
171913
172699
177343
167613
171864
172667
146167
149418
151514
154975
146173
149411
151496
118011
122987
114251
128223
117924
122980
114168
188147
153632
160250
181464
187632
153452
159744
195065
166093
173175
191862
194972
166201
173052
189142
168615
170103
190490
189038
168954
170095
187015
170897
171789
187007
187406
171400
172092
174711
166049
162425
179319
174693
166361
162405
162999
157782
154415
167927
162981
157899
154493
145605
145079
138294
153033
145526
145139
138247
128199
129260
123139
135667
128139
129274
123183
493831
494932
471841
511503
494185
495809
472103
446053
447866
426558
467398
446344
448179
426941
399908
402553
382321
419159
400051
402722
382462
356443
360449
341499
375524
356603
360651
341747
314827
320027
301879
332351
314953
320134
302000
274875
281492
264132
291986
274907
281596
264234
236514
244054
227296
252215
236426
244039
227213
199873
207947
192481
214468
199505
207793
192081
497167
495589
467098
522173
498038
496549
468074
459980
473112
472937
482696
459715
473442
473445
414188
426380
424368
435988
414127
426535
424447
372765
383410
382258
392298
372745
383496
382283
333958
343157
342824
351598
333933
343235
342836
296777
304728
305295
312721
296751
304778
305312
261165
267959
269245
275497
261125
268008
269267
226697
232514
234483
239520
226695
232502
234496
192997
198197
200709
204770
193113
198086
200637
151640
157835
144488
163880
151012
157534
144017
435515
424710
401518
460438
436463
425337
402322
404773
418857
416061
429850
404573
419104
416540
366803
378828
375998
388340
366907
378774
375928
331828
342241
340540
351087
331977
342143
340399
243032
249698
243004
235217
241738
235261
241725
204995
210440
212479
218139
205017
210431
212451
175263
179713
182734
187296
175330
179612
182683
137381
145249
131888
151519
137026
145082
131537
363926
337508
320118
378720
363888
337217
319688
341062
358834
349104
366074
341332
358849
349026
315443
329336
322458
336455
315842
329027
322077
288908
300273
296003
307181
289341
299930
295571
217243
223148
217096
210744
216691
210862
216599
184948
189686
191490
196324
185030
189601
191387
159440
163059
165807
169640
159460
163062
165793
126483
133675
121977
139195
126186
133509
121750
277059
240897
231870
285180
277294
241014
231719
261338
282386
265950
284666
261539
282142
265913
251576
268722
254244
271879
251825
268387
253968
238787
252586
242427
256548
239009
252215
242189
234367
238460
234004
224078
227872
224341
227597
214527
219350
214285
206770
211497
206990
211266
198550
187723
193478
192531
187838
193357
192394
167370
171714
172519
177106
167427
171654
172458
146040
149349
151408
154860
146088
149300
151358
118113
122976
114456
127934
117943
122859
114280
186909
152666
159013
179677
186323
152886
158284
194969
166501
172999
191434
195054
166733
172824
188995
169421
169986
189578
188830
169835
169664
187798
171907
172421
187370
188119
172355
172639
174613
166632
162332
179436
174483
166835
162140
163008
158067
154679
167791
163091
158211
154839
145460
145250
138246
152885
145379
145344
138140
128286
129327
123524
135477
128102
129295
123414
494036
495189
472007
511984
494238
496141
471989
446503
448379
427268
468370
446663
448539
427569
400071
402790
382519
419425
400124
402779
382502
356651
360789
341966
376208
356652
360855
342154
314923
320179
302071
332582
314934
320174
302096
274842
281661
264317
292397
274748
281682
264392
236304
243995
227132
252381
236115
243931
227033
199510
207615
192154
214642
199058
207460
191804
498581
496778
468846
524106
499394
497396
469661
460747
474146
474345
484328
460564
474409
474804
414376
426785
424623
436408
414340
426858
424654
372756
383564
382299
392452
372767
383576
382289
333997
343309
342815
351684
333990
343323
342792
296845
304811
305330
312771
296835
304806
305325
261311
268074
269314
275546
261286
268072
269316
226558
232373
234467
239530
226605
232304
234435
192495
197664
200372
204549
192620
197514
200278
150875
157100
144019
163422
150185
156603
143608
437252
425037
402883
460812
437947
424653
403057
405358
419720
417498
431379
405238
419903
417880
366372
378598
375690
388221
366474
378543
375609
331371
341889
340015
350751
331464
341823
339910
307349
306421
298442
298409
315722
307316
306405
273980
274179
266312
266231
282156
273964
274136
242780
235017
241699
249623
235067
241691
242701
204862
210325
212359
218056
204895
210282
212329
174949
179306
182495
186953
175033
179202
182438
137157
144774
131693
150714
136866
144384
131364
363650
336125
319255
377702
363399
335621
319029
339841
358564
348582
366135
340134
358331
348525
313755
328041
320817
335196
314171
327720
320385
287405
299038
294350
305968
287732
298795
293998
270644
268119
261789
261495
277152
270303
267870
242920
242055
235501
235395
249726
243020
241892
216524
210003
216097
222762
210195
215948
216337
184644
189433
191078
196007
184726
189396
190978
159245
162989
165710
169575
159323
162936
165650
126364
133237
121900
138575
126055
132833
121478
277579
240677
231543
284103
277945
240889
231341
260529
281434
265669
284476
260730
281240
265718
250435
267329
253075
270425
250718
266992
252778
237542
250971
241329
254999
237853
250593
241018
233068
223168
226826
237166
223363
232825
226606
213542
205940
210602
218335
206127
213324
210413
187301
192944
191981
197870
187392
192812
191852
167114
171433
172264
176768
167186
171349
172200
145767
149078
151154
154565
145855
148979
151073
118133
122730
114505
127140
117858
122392
113896
185653
152047
157262
177881
185329
152233
156235
195209
167017
172574
191546
195433
167274
172259
188595
170132
169221
189058
188341
170306
168585
188364
172774
172720
187581
188514
173040
172486
174312
166986
161833
179182
174128
167055
161362
163242
158405
154998
167621
163437
158541
154702
145316
145477
138060
152657
145235
145539
137878
128263
129384
123700
135172
128079
129513
123300
494274
495584
471733
512686
495092
496080
471779
446419
448510
427718
468497
446587
448227
427459
400024
402673
382424
419358
400171
402458
382236
356343
360814
342208
376460
356267
360518
342085
314727
320078
302048
332859
314640
319903
301829
274446
281628
264451
292864
274208
281430
264420
235716
243835
226994
252959
235209
243691
226954
199037
207342
192075
215413
198836
207284
192351
499448
496401
470002
523709
499959
495860
469968
461049
474719
475389
485960
460996
474951
475792
414453
426803
424654
436634
414435
426841
424649
372779
383439
382246
392565
372752
383482
382253
334036
343157
342684
351733
334010
343150
342655
296919
304665
305269
312844
296895
304641
305246
261371
267941
269242
275697
261348
267877
269202
226443
232027
234299
239627
226451
231910
234248
192147
197054
200003
204464
192211
196878
199914
149934
155899
143752
162790
149462
155055
143890
438181
423162
402480
458387
437528
422574
401630
405509
420288
418427
432564
405522
420379
418653
366093
378422
375393
388086
366143
378398
375332
331093
341671
339673
350564
331146
341638
339621
298157
307204
306246
315558
298214
307174
306194
265997
273907
273995
282094
266045
273863
273958
234888
241627
242523
249482
234900
241595
242500
204778
210177
212264
217947
204788
210159
212260
174692
178957
182303
186735
174750
178892
182280
137149
143804
131590
149536
137405
143116
131733
363012
334076
318666
375116
362369
333463
318144
338712
357326
348054
365661
338968
357071
348064
312321
326874
319126
333919
312642
326615
318774
286465
298208
293172
305181
286639
298070
292979
260844
270254
267324
277080
260957
270182
267197
234914
242568
241489
249396
235002
242496
241403
209448
215570
215802
222148
209534
215525
215706
184415
189300
190732
195848
184453
189289
190687
159077
162862
165549
169553
159118
162831
165540
126337
132218
121681
137358
126540
131559
121767
278160
240018
231087
282541
277912
240400
230697
259791
280734
265383
284870
259937
280620
265403
249515
266084
251992
269292
249704
265855
251787
236596
249706
240180
253811
236767
249514
239961
222653
232308
226056
236418
222742
232204
225922
205416
212832
209952
217722
205511
212730
209841
187069
192513
191540
197405
187107
192453
191464
166886
171111
172003
176451
166931
171058
171947
145487
148774
150848
154335
145540
148731
150805
118209
122041
113801
125715
118503
121580
113437
185521
151529
155918
177993
186917
151568
156712
195515
167240
171954
191455
195087
166139
171615
188258
170519
168346
188569
188800
170416
169212
188458
172867
171996
187656
187790
171324
171496
174048
167058
161091
178762
174290
166616
161579
163591
158523
154155
167492
163229
157491
153806
145244
145527
137870
152220
145409
145112
138126
128340
129736
123016
135009
128344
129458
122690
446217
457775
435337
447867
457807
435329
446202
445251
456287
431867
443470
456221
431850
445248
434028
423156
421228
410820
423149
421210
434024
458456
480097
471601
471376
471373
471077
458620
446292
447989
458113
435480
457930
435388
446404
445314
443623
456595
431994
456328
431899
445428
434042
410814
423170
421251
423150
421224
434094
402651
413093
392740
403927
413142
392762
402634
402211
412468
390742
400635
412456
390727
402225
391937
382061
380944
371389
382068
380931
391940
413720
434835
425598
423977
425453
423929
413773
402689
404005
413361
392866
413221
392807
402747
402212
400622
412442
390705
412451
390719
402216
391946
371386
382095
380916
382082
380927
391955
362024
371090
352789
362543
371131
352810
362008
362508
372038
352623
361866
372044
352620
362499
352824
343554
343395
334381
343555
343386
352819
372455
391592
382891
382009
382775
381960
372506
362053
362601
371279
352895
371181
352849
362097
362518
361862
372069
352601
372058
352614
362526
352833
334367
343573
343357
343564
343376
352839
323662
331580
314861
323373
331631
314893
323630
324989
334071
316485
325324
334072
316488
324976
315742
306822
307601
298932
306847
307609
315721
333606
350975
342658
342624
342546
342579
333668
323705
323440
331802
314995
331696
314936
323764
325012
325317
334097
316491
334084
316492
325036
315771
298941
306907
307621
306876
307618
315800
286980
293764
278612
285964
293791
278626
286966
289044
297712
281709
290207
297733
281710
289034
280196
271674
273167
264826
271672
273165
280192
296500
312310
304384
305119
304292
305069
296547
287000
286005
293870
278679
293813
278648
287032
289059
290211
297786
281707
297758
281709
289078
280204
264819
271682
273157
271675
273161
280215
251679
257334
243636
249914
257343
243641
251680
254519
262916
248218
256413
262910
248206
254527
245980
237735
239980
231895
237724
239964
245992
260899
275213
267657
269125
267588
269106
260926
251684
249949
257393
243681
257353
243655
251702
254517
256402
262914
248186
262910
248194
254523
245976
231881
237728
239941
237721
239950
245980
217466
221982
209843
215480
221991
209860
217467
221128
229256
215813
223755
229244
215793
221139
212833
204818
207799
199897
204818
207783
212838
226511
239286
232347
234371
232284
234354
226546
217484
215502
222057
209933
222016
209896
217514
221131
223741
229253
215782
229243
215783
221145
212848
199907
204888
207788
204846
207781
212873
184357
188166
176849
181676
188149
176866
184365
188654
196512
184128
191906
196536
184150
188609
180519
172380
176326
169028
172378
176369
180524
193427
204714
198509
200759
198547
200712
193444
184374
181766
188160
176956
188162
176962
184373
188708
191934
196670
184266
196600
184220
188755
180543
169074
172424
176431
172450
176412
180564
394555
407996
385347
398151
407968
385336
394564
388953
397008
373828
382594
396994
373884
388925
380678
372170
366466
358701
372149
366464
380689
403720
427576
418008
414586
417908
414283
403810
394551
398135
408005
385302
407982
385319
394571
388984
382664
397323
374048
397046
373927
389102
380682
358675
372110
366492
372132
366460
380708
358516
369795
349817
360642
369786
349799
358532
355414
363810
343266
351000
363781
343229
355443
347135
338908
335539
327750
338878
335499
347164
367310
388513
379043
376240
379076
376270
367272
358489
360623
369737
349714
369769
349767
358443
355372
350957
363702
343083
363749
343169
355308
347086
327671
338739
335323
338823
335427
347009
324135
333796
315769
325116
333805
315765
324139
322520
330702
312408
320045
330673
312354
322548
314417
306422
304746
297063
306395
304697
314445
332582
351541
342611
341063
342639
341117
332532
324108
325105
333761
315712
333789
315749
324064
322461
319959
330527
312137
330614
312265
322374
314360
296973
306270
304470
306345
304604
314279
291157
299449
283062
291026
299450
283051
291160
290584
298467
281994
289464
298443
281955
290607
282753
275015
274465
266995
274996
274428
282774
299309
316454
307934
307430
307959
307461
299278
291129
291010
299400
282975
299433
283020
291082
290555
289372
298329
281800
298398
281888
290512
282720
266934
274898
274269
274956
274362
282673
259033
266124
251213
258004
266115
251192
259053
259580
267270
252248
259567
267247
252216
259605
251949
244441
244934
237704
244410
244900
251978
266951
282599
274319
274884
274341
274927
266909
258998
257984
266074
251118
266096
251158
258954
259534
259507
267138
252089
267202
252164
259471
251898
237664
244294
244767
244359
244847
251831
227957
233976
220377
226100
233956
220343
227989
229428
236916
223344
230476
236883
223314
229462
222031
214735
216215
209132
214691
216194
222069
235595
249873
241861
243280
241889
243328
235546
227915
226074
233902
220255
233929
220302
227864
229375
230421
236752
223187
236826
223260
229304
221978
209082
214570
216081
214637
216147
221910
197702
202746
190228
195018
202725
190204
197727
200067
207409
195079
202101
207371
195047
200096
192797
185559
188060
181009
185528
188036
192827
205180
218223
210448
212679
210464
212720
205148
197677
195013
202706
190163
202712
190183
197651
200027
202052
207264
194947
207323
195005
199977
192762
180971
185450
187946
185494
188001
192716
168066
172246
161252
164861
172291
161282
168066
171058
178326
167029
174022
178295
166998
171092
163959
156749
160113
153370
156811
160048
163991
175314
187312
179799
182706
179752
182722
175361
168120
164914
172357
161310
172335
161350
168145
171025
173984
178212
166872
178260
166948
171002
163991
153476
156896
159958
156934
159997
164028
336241
351757
330109
344725
351740
330071
336281
324105
328443
304151
309581
328301
304216
324162
319629
314494
300274
295879
314393
300252
319732
341796
364531
358434
349023
358313
348812
341863
336226
344705
351788
329987
351746
330038
336230
323996
309374
328139
303790
328175
304034
323860
319481
295722
313957
299894
314235
300081
319207
311139
323549
304679
316321
323502
304631
311194
303631
309190
286962
291454
309111
286904
303709
298069
292365
282347
277539
292347
282268
298128
317448
337705
330442
323719
330553
323826
317301
311031
316222
323280
304337
323412
304519
310862
303472
291335
308686
286629
308941
286793
303239
297924
277391
292005
281982
292227
282148
297702
285110
294933
278530
287648
294862
278430
285208
280819
286640
267450
272542
286601
267426
280919
274937
269127
262237
257149
268975
262238
275053
291498
309068
301726
297808
301901
298018
291253
284916
287515
294541
277950
294730
278231
284641
280623
272426
286183
267273
286447
267364
280310
274704
257147
268225
262144
268667
262207
274330
257971
266145
251280
258993
266093
251217
258039
256299
262980
247238
252097
262776
247152
256424
249913
243644
241896
235988
243550
241737
250017
264638
280292
272950
271177
273127
271443
264417
257839
258904
265836
250928
265991
251099
257645
256045
252068
261994
246581
262425
246946
255699
249698
235625
243100
240956
243360
241401
249399
231065
237938
224467
231016
237902
224440
231104
230726
237218
224008
229926
237138
223879
230792
224323
218004
217853
211649
217968
217754
224374
237671
251844
244733
244213
244827
244365
237543
230993
230978
237771
224315
237858
224390
230888
230596
229634
236757
223375
236976
223651
230418
224224
211545
217807
217372
217900
217581
224088
204886
210514
198441
203717
210494
198434
204904
205457
211695
199692
205592
211667
199671
205477
199322
193227
193813
188026
193213
193806
199337
211302
224077
217185
217743
217249
217801
211252
204857
203682
210399
198363
210456
198410
204813
205423
205528
211554
199578
211618
199628
205382
199305
188022
193182
193758
193208
193785
199277
179015
183456
172503
176685
183451
172493
179035
180919
187103
176401
182235
187105
176392
180937
174691
168476
170496
164528
168468
170483
174708
185465
196937
190113
191899
190168
191955
185410
178987
176655
183370
172432
183424
172475
178940
180885
182229
187028
176320
187084
176368
180833
174670
164507
168417
170417
168453
170457
174629
153244
156654
147101
149981
156618
147097
153259
156109
162301
152651
158598
162285
152657
156114
150024
143939
146796
141096
143947
146807
150027
159562
169937
163127
165995
163191
166047
159525
153236
150039
156560
147159
156585
147168
153234
156097
158585
162232
152657
162264
152655
156084
150030
141182
144012
146846
144015
146825
150041
260522
280875
258182
277318
280810
258074
260622
241360
241465
218984
218110
241480
218949
241352
239725
239257
217149
219069
239146
217102
239754
262690
286171
283605
266940
283761
267013
262569
260416
277209
280542
257871
280706
257987
260288
241323
217895
241625
218654
241559
218809
241290
239646
218965
238849
216983
239008
217065
239531
249854
266177
246580
262188
266146
246615
249866
236066
237009
219334
217546
236903
219209
236097
233518
231766
216416
217474
231729
216367
233560
252816
273623
269853
255318
269957
255426
252745
249820
262147
265999
246682
266089
246677
249756
236032
217466
236590
218919
236756
219043
235960
233425
217289
231715
216219
231700
216292
233312
236110
248816
232530
244579
248958
232559
236069
226380
228366
213566
212975
228309
213429
226409
222847
220951
208995
208853
220903
208895
223005
239731
257840
253498
243116
253527
243139
239724
236107
244663
249014
232546
249015
232584
236056
226373
212879
228185
212992
228253
213174
226302
222711
208649
220602
208727
220755
208788
222583
221254
231473
217292
226931
231497
217339
221173
214828
217292
204856
204819
217107
204713
214886
211046
208438
200559
199692
208433
200555
211093
225160
240244
235992
228738
235990
228761
225179
221293
226861
231408
217363
231510
217364
221285
214854
204737
216869
204471
216974
204525
214843
211056
199704
208475
200720
208436
200595
211067
203601
211342
198922
205293
211069
198754
203655
200412
203569
192595
194270
203571
192626
200420
195433
192235
187345
185403
192160
187520
195491
208319
221674
216027
212658
216420
212801
208141
203418
205128
210451
198388
210751
198572
203198
200462
194381
203515
192633
203524
192639
200413
195434
185282
191900
187725
192042
187655
195391
183196
188445
178097
182970
188435
178099
183207
183158
187051
177722
180454
186995
177624
183214
177886
173598
172647
169000
173582
172604
177909
188402
199466
193910
193227
193975
193348
188325
183167
182959
188377
178064
188413
178086
183124
183073
180388
186804
177331
186911
177474
182969
177838
168943
173508
172474
173549
172544
177776
162372
166392
157065
160754
166379
157063
162380
163562
167979
159347
163226
167963
159321
163569
158080
153578
153866
149886
153580
153857
158078
167674
177441
171957
172719
171995
172731
167647
162352
160737
166318
157031
166356
157047
162319
163550
163193
167909
159237
167938
159284
163528
158074
149869
153553
153816
153568
153842
158056
140669
143725
135437
138141
143730
135457
140655
143252
147930
140066
144182
147921
140050
143256
137599
132881
134490
130497
132882
134473
137615
146174
155006
149414
151527
149410
151537
146174
140683
138241
143768
135513
143749
135525
140699
143240
144161
147873
139996
147899
140029
143229
137597
130521
132914
134450
132927
134463
137597
446678
458271
435575
448523
446524
458480
435690
445767
456666
432067
444412
445568
457073
432230
434289
423209
421299
410820
434188
423258
421371
459217
481385
472850
472695
472492
472193
459495
446838
448693
458915
435906
458676
435793
447015
445971
444653
457800
432594
457305
432374
446225
434404
410845
423366
421554
423307
421452
434531
402887
413493
392933
404426
402813
413655
393006
402252
412457
390694
400588
402233
412477
390681
391991
382111
380903
371336
391973
382124
380886
413984
435468
426246
424290
426064
424202
414058
402960
404552
413962
393151
413799
393080
403027
402275
400585
412538
390649
412506
390666
402295
392009
371306
382136
380835
382132
380863
392021
362188
371357
352944
362897
362140
371463
352993
362535
372081
352580
361803
362532
372088
352547
352845
343581
343331
334296
352845
343584
343292
372667
392020
383335
382222
383218
382174
372712
362229
362981
371635
353074
371540
353037
362264
362538
361768
372091
352450
372097
352503
362530
352841
334252
343568
343181
343580
343239
352831
323882
331888
315059
323746
323822
331999
315119
325077
334110
316484
325262
325058
334119
316470
315848
306937
307616
298942
315826
306961
307603
333849
351364
343087
342799
342978
342763
333897
323934
323826
332182
315206
332084
315162
323981
316408
325088
325226
334116
334122
316446
325089
307544
315862
298915
306965
306962
307579
315868
287095
293907
278713
286210
287063
293971
278749
289110
297810
281701
290195
289095
297827
281691
280238
271692
273149
264801
280227
271704
273138
296684
312578
304688
305273
304612
305244
296720
287124
286264
294054
278817
294006
278784
287147
281652
289121
290171
297836
297834
281675
289127
273104
280247
264792
271728
271715
273123
280254
251754
257426
243713
250126
251725
257480
243749
254547
262923
248179
256378
254533
262935
248174
246006
237740
239935
231870
245990
237758
239931
261038
275386
267914
269225
267847
269200
261080
251785
250174
257575
243822
257523
243785
251817
254565
256371
262965
248173
262949
248172
254585
246026
231873
237800
239935
237778
239931
246049
217582
222103
209965
215550
217550
222148
209980
221187
229269
215788
223735
221165
229290
215799
212936
204931
207805
200022
212906
204958
207825
226659
239439
232512
234465
232488
234442
226682
217607
215531
222213
209953
222189
209976
217613
221207
223740
229333
215820
229312
215811
221219
212955
200038
204922
207844
204954
207841
212955
184291
188211
176994
181506
184347
188204
176838
188764
196725
184299
192094
188795
196738
184310
180532
172493
176430
168938
180576
172366
176416
193302
204848
198280
200764
198359
200803
193212
184214
181498
188183
176602
188211
176785
184128
188686
192092
196622
184178
196699
184277
188571
180428
168866
172139
176219
172316
176338
180297
394657
408060
385286
398106
394595
408132
385279
389387
397480
374143
383500
389207
397864
374290
380797
372087
366514
358568
380742
372066
366554
404198
428562
418683
415791
418453
415295
404399
394721
398122
408298
385260
408216
385269
394802
389551
383776
398578
374544
398148
374410
389750
380857
358495
371998
366582
372037
366571
380921
358308
369699
349647
360497
358383
369653
349564
355129
363650
342970
350721
355229
363584
342829
346790
338631
335188
327225
346911
338498
335021
367088
388407
378879
376062
378927
376118
367002
358218
360439
369538
349351
369598
349465
358116
355011
350594
363407
342464
363503
342659
354875
346649
327015
338171
334607
338344
334826
346491
323900
333718
315652
324980
323995
333656
315563
322119
330413
311972
319483
322260
330273
311773
314025
306163
304297
296420
314167
306024
304087
332254
351346
342337
340675
342427
340798
332123
315284
323779
324900
333473
333572
315439
323632
321952
319261
329929
311292
330110
311545
321765
305633
313854
296149
303573
305845
303845
313653
290940
299359
282921
290908
291021
299305
282850
290375
298237
281684
288697
290455
298107
281526
282516
274826
274146
266648
282604
274739
274003
307684
306984
298904
299050
316258
307770
307151
299150
282640
290682
290831
290844
299237
282757
297720
281486
290181
290271
288169
297928
281170
274555
273911
282305
282412
266564
274640
273831
258855
266046
251074
257911
258904
266016
251033
259306
267058
252000
259205
259393
266964
251910
251669
244222
244674
237674
251754
244145
244614
274167
274568
266683
266744
282449
274216
274673
265944
250986
258778
258811
257886
265982
251001
266756
251673
259099
259213
259089
266861
251827
243911
244171
251410
251572
237921
244057
244742
227749
233874
220204
226001
227808
233847
220151
229122
236664
223101
230183
229218
236565
223003
221738
214494
215999
208844
221829
214411
215905
243064
235368
249760
241755
241777
243111
235311
227689
225983
233804
220051
233823
220099
227633
236328
229019
230083
222754
236453
222892
228913
221643
208744
214238
215695
214324
215802
221548
197609
202708
190153
195079
197628
202718
190156
199857
207196
194877
201822
199919
207122
194797
192612
185402
187881
180766
192666
185356
187804
205058
218154
210439
212512
210435
212549
205036
197596
195107
202744
190176
202732
190169
197589
199795
201727
206973
194620
207046
194710
199735
192560
180689
185307
187638
185326
187721
192514
168154
172361
161375
164802
168153
172348
161273
171023
178170
166818
173763
171022
178145
166782
164025
156991
159969
153612
164038
156957
160015
175401
187446
179798
182763
179852
182765
175374
168128
164788
172227
161132
172310
161284
168087
171013
173711
178131
166805
178138
166789
171008
164026
153739
156996
160098
157070
160057
164035
336121
351810
329893
344553
336196
351825
329750
323186
327798
303525
308710
323524
327563
303287
318425
313589
299661
295027
318819
313185
299401
341774
365414
358805
349273
358730
349281
341588
335932
344430
351738
329277
351795
329544
335678
322873
308444
327176
302750
327296
303009
322620
318066
294711
312328
298806
312757
299107
317735
310357
323106
304092
315653
310636
322891
303791
302604
308368
286416
290673
302946
308002
286157
297072
291699
281775
276823
297415
291311
281528
316555
337203
329624
322806
329882
323110
316216
310032
315383
322356
303061
322639
303444
309669
302224
290364
307185
285525
307604
285858
301814
296679
276581
290398
280959
290871
281252
296235
283921
294301
277609
286764
284304
294021
277224
279422
285821
267139
271932
279894
285391
266929
273348
267730
262002
256474
273861
267209
261740
290194
308162
300614
296428
300939
296832
289774
276395
283508
286428
293371
293708
276812
283078
278918
271673
284423
266210
284920
266626
278398
266141
272817
255978
260826
266676
261329
272279
257139
265628
250720
258379
257407
265365
250485
254856
261522
246107
251047
255295
261020
245602
248667
242797
240480
234372
249046
242475
240008
271827
269715
263264
263528
278778
271939
270083
264836
249997
256617
256864
258122
265055
250237
259978
244624
253935
254399
250523
260502
245102
241853
239135
247901
248279
233980
242154
239556
230607
237669
224223
230943
230758
237615
224132
229994
236502
223085
228585
230212
236232
222800
223759
217697
217148
211092
223929
217579
216925
243875
243307
236678
236960
251109
244269
243563
237449
223922
230168
230433
231393
237833
224070
235719
222288
229588
229780
228257
235965
222532
217352
216515
223444
223591
210934
217460
216711
204683
210330
198296
203476
204752
210249
198220
205280
211479
199522
205230
205338
211395
199461
199169
193119
193730
187908
199230
193043
193683
217411
211069
223844
216827
216941
217535
210974
204602
203383
210054
198056
210155
198137
204510
211222
205211
205124
199305
211308
199391
205131
199093
187838
192877
193535
192962
193617
199006
178816
183305
172379
176453
178884
183224
172316
180710
186960
176269
182067
180775
186886
176214
174524
168377
170374
164427
174580
168333
170330
185199
196636
189783
191589
189876
191680
185115
178741
176371
183047
172205
183136
172255
178668
180642
182001
186729
176102
186810
176159
180572
174468
164399
168256
170242
168293
170287
174412
153246
156554
147263
150138
153232
156575
147238
156064
162201
152659
158537
156075
162173
152656
150054
144093
146857
141220
150045
144064
146869
159472
169665
163043
165825
163038
165850
159463
153246
150226
156619
147218
156596
147303
153246
156059
158519
162127
152632
162149
152651
156042
150051
141269
144024
146844
144112
146861
150044
259927
280328
257705
276572
260119
280090
257500
241091
241475
218521
217610
241186
241487
218330
239204
238663
216856
218463
239381
238453
216687
261995
285298
282657
266132
282905
266215
261775
259701
276283
279549
256987
279825
257257
259455
240944
217447
241356
217883
241384
218102
240804
238982
218183
237926
216266
238202
216483
238738
249518
265874
246632
261825
249653
265710
246538
235695
236441
218741
217126
235846
236269
218581
233047
231708
216098
216724
233189
231649
216010
252270
272820
269026
254506
269293
254750
252057
249357
261626
265247
246252
265501
246409
249177
235514
216929
235844
218159
236066
218342
235316
232889
216568
231404
215769
231539
215880
232722
235835
248946
232465
244486
235963
248804
232348
226027
228090
212763
212583
226181
227979
212594
222307
220458
208634
208281
222459
220331
208540
239418
257336
252858
242644
253084
242822
239229
235666
244238
248327
231957
248613
232198
235468
225860
212476
227717
212255
227857
212385
225695
222118
208105
220058
208373
220202
208367
221870
221052
231093
217202
225817
221231
230707
216975
214859
216763
204441
204814
214835
216615
204495
211020
208549
200921
199897
211054
208464
201132
234753
224860
239646
228143
235153
228391
224609
229936
220814
225442
216465
230314
216722
220559
214837
204882
216437
204471
216528
204489
214707
210946
199820
208138
201311
208318
201224
210834
202751
210172
198202
204561
202974
209911
198013
200127
203472
192504
194707
200285
203408
192384
195178
191741
187707
184854
195302
191575
187661
214777
207443
220216
211732
215048
211971
207213
209441
202533
204376
197648
209668
197828
202323
199953
194692
203189
192062
203317
192211
199770
195033
184690
191242
187478
191405
187569
194875
183016
188338
178033
182894
183071
188295
177996
182742
186680
177181
180107
182858
186543
177048
177628
173462
172400
168738
177706
173412
172325
188052
198962
193584
192669
193678
192809
187946
182952
182846
188164
177892
188239
177948
182878
182627
179999
186262
176795
186399
176914
182512
177547
168670
173309
172187
173362
172254
177463
162237
166279
157011
160668
162280
166239
156987
163461
167873
159192
163043
163499
167830
159132
157990
153529
153793
149754
158028
153499
153752
167529
177291
171768
172577
171816
172627
167481
162192
160642
166161
156926
166200
156959
162144
163418
162997
167731
159019
167783
159079
163369
157945
149715
153426
153679
153464
153721
157895
140694
143779
135572
138250
140697
143782
135533
143206
147845
139972
144070
143218
147817
139934
137586
132965
134450
130501
137593
132931
134438
146155
154958
149377
151444
149402
151473
146121
140672
138284
143734
135498
143761
135567
140641
143189
144042
147738
139871
147784
139910
143162
137563
130544
132899
134417
132957
134434
137535
447360
459097
436002
449208
447187
459320
436105
446723
458077
432759
445953
446454
458623
432994
434812
423434
421645
410958
434667
423506
421774
460201
483042
474046
474231
473734
473719
460435
447512
449287
459666
436289
459471
436199
447652
446921
446175
459453
433409
458888
433192
447150
434928
411000
423642
422022
423575
421898
435058
403147
414088
393211
404921
403092
414219
393262
402328
412575
390629
400586
402313
412611
390607
392036
382139
380804
371189
392031
382136
380769
414245
436102
426739
424577
426625
424515
414296
403198
405001
414431
393344
414316
393306
403240
402341
400587
412680
390560
412647
390585
402351
392040
371148
382126
380694
382132
380732
392040
362292
371686
353101
363215
362284
371752
353115
362488
372082
352388
361614
362513
372067
352326
334077
352786
343550
343119
352812
343527
343056
372775
392342
383578
382303
383531
382298
372775
362288
363241
371800
353121
371768
353121
362273
362462
361560
372026
352217
372048
352269
362436
334023
352759
343481
342945
343503
342997
352731
324046
332244
315244
324051
324018
332317
315277
316359
325060
316308
325066
334102
325080
334083
307500
298799
307449
315864
306964
315869
306962
333973
351632
343310
342830
343270
342837
333982
324062
324090
332407
315335
332355
315307
324066
325009
316241
316268
325053
334046
334064
325046
298776
307392
307404
315843
306974
306963
315842
287180
294073
278846
286408
287166
294103
278874
281624
290066
281599
289134
297834
289130
297833
273082
264769
273063
280267
271741
280260
271755
296801
312735
304821
305330
304796
305323
296820
287190
286424
294120
278924
294106
278902
287192
290048
281589
281586
289142
297849
297838
289155
264768
273052
273052
280277
271792
271772
280291
251879
257617
243859
250283
251852
257663
243893
256363
254634
262984
248177
254609
263005
248185
246102
237823
239942
231901
246075
237844
239952
261207
275514
268066
269300
268038
269286
261247
251905
250297
257739
243943
257700
243921
251925
256366
254662
263053
248207
263028
248195
254687
246126
231908
237864
239970
237858
239962
246145
217578
222230
209914
215333
217606
222227
209856
221206
229350
215819
223753
221221
229359
215803
212882
204865
207823
199886
212931
204790
207781
226681
239533
232431
234487
232474
234497
226649
217531
215243
222194
209712
222217
209787
217470
221177
223746
229337
215733
229354
215774
221137
212821
199801
204623
207659
204708
207724
212753
183924
188184
176550
181048
184035
188124
176329
188323
196526
184059
191848
188451
196426
183933
180015
172079
176085
168360
180158
171864
175950
192874
204727
197814
200466
197963
200556
192745
183798
180980
187956
175975
188052
176249
183663
188202
191743
196217
183692
196322
183814
188076
179869
168268
171519
175665
171778
175808
179722
394963
408405
385245
398189
394880
408526
385225
390109
398890
374648
384775
389926
399323
374747
381025
371946
366569
358141
380978
371881
366542
404941
430109
419538
417278
419314
416832
405112
395036
398210
408754
385165
408642
385198
395103
390260
385008
400023
374847
399631
374809
390399
381059
357982
371714
366419
371803
366491
381077
357882
369472
349226
360209
358003
369400
349094
354563
363297
342247
350068
354725
363173
342014
346138
337987
334369
326271
346319
337795
334119
366693
388314
378657
375772
378716
375852
366582
357758
360124
369251
348831
369325
348960
357634
354394
349858
362902
341525
363041
341771
354224
345954
326013
337421
333611
337604
333864
345773
315106
324579
314930
323309
333365
323470
333259
321360
329736
311023
318493
321563
329539
310754
305404
295517
305185
313213
303283
313433
302995
331690
350993
341964
340133
342049
340261
331569
324488
314720
314794
323170
333087
333165
323065
321171
318237
329171
310281
329348
310502
321007
295266
304881
304993
313023
302564
302744
312886
227536
233789
220009
225956
227581
233780
219973
236185
229096
236064
228723
222614
228819
222483
221378
214158
215593
208441
221461
214088
215492
249678
242869
242951
235170
241706
241715
235118
227495
225952
233769
219910
233774
219941
227457
228923
235881
235958
228636
222249
222357
228557
221304
208348
213972
215270
214026
215382
221238
197554
202738
190163
195028
197578
202709
190127
199638
206907
194534
201446
199683
206849
194461
192447
185288
187570
180568
192478
185267
187522
204966
218129
210368
212391
210407
212421
204931
197515
194954
202601
190022
202660
190076
197471
199599
201371
206754
194376
206798
194409
199567
192418
180563
185220
187470
185244
187485
192394
167938
172120
161124
164391
168020
172005
160928
170976
178124
166828
173689
171008
178109
166830
163971
157074
160109
153626
164012
156937
160104
175191
187206
179405
182556
179512
182621
175109
167842
164329
171753
160638
171881
160891
167737
170940
173694
178052
166808
178081
166835
170892
163915
153665
156751
160024
156958
160074
163846
335039
351645
328943
343841
335372
351526
328568
322104
326960
302467
307939
322354
326873
302206
317065
311910
298491
293621
317401
311493
298173
340756
366152
358732
348779
358811
348839
340450
334679
343584
351188
327744
351372
328166
334303
321832
307714
326603
301671
326676
301928
321568
316716
293226
310640
297521
311069
297847
316362
308862
322048
302652
314431
309275
321723
302227
300930
306755
285165
289257
301381
306317
284786
295265
289905
280645
275589
295758
289403
280305
315026
336156
328371
321248
328702
321671
314598
308437
314097
321059
301379
321391
301799
308011
300464
288853
305428
284030
305874
284401
299974
294767
275154
288414
279542
288903
279938
294272
275999
285714
275629
282222
293010
282645
292649
277355
283912
265716
270448
277873
283398
265196
265622
254419
265132
271237
260292
271748
259765
288488
306849
299306
294733
299603
295144
288094
285437
274889
275252
281817
292081
292335
281446
276856
269950
282411
264190
282895
264681
276389
253953
264296
264686
270758
258801
259264
270321
204294
209947
197947
203064
204399
209839
197830
211143
204769
211047
204926
199205
205040
199083
198796
192784
193440
187586
198910
192679
193331
222976
216711
216914
210590
216253
216441
210394
204140
202941
209550
197568
209698
197699
203983
204594
210620
210866
204767
198765
198934
204571
198656
187482
192429
193067
192560
193206
198495
178545
182969
172168
176243
178602
182915
172139
180427
186643
176043
181779
180500
186551
175978
174304
168222
170195
164295
174358
168185
170143
184871
196229
189475
191180
189534
191283
184798
178496
176242
182860
172085
182882
172113
178449
180350
181690
186344
175824
186451
175905
180266
174246
164245
168090
170011
168142
170082
174181
153201
156620
147284
150102
153233
156605
147126
155988
162103
152607
158430
156024
162074
152565
149972
144071
146797
141080
150017
143904
146733
159420
169646
163035
165747
163063
165774
159378
153142
150152
156506
146950
156564
147151
153062
155948
158380
161987
152440
162035
152515
155886
149892
141067
143702
146568
143914
146654
149810
258905
279257
256692
275318
259184
278962
256381
240368
241149
217578
217046
240588
241074
217340
238186
237625
216027
217211
238463
237323
215826
261139
284500
281665
265789
281889
265784
260945
258614
274968
278357
255737
278658
256060
258319
240105
216793
240749
216790
240852
217037
239855
237901
216924
236741
215409
237023
215566
237619
248742
264954
246063
260806
248974
264635
245837
234899
235607
217939
216412
235106
235376
217778
232390
231252
215627
216181
232554
231090
215536
251303
271520
267678
253379
268034
253679
251013
248482
260524
263993
245330
264309
245586
248212
234690
216341
234926
217494
235147
217606
234484
232225
216045
230726
215455
230914
215457
232050
243047
234890
247944
231674
235195
247524
231375
225389
227548
212071
212081
225540
227342
211937
221540
219875
208356
207697
221699
219676
208375
238492
256183
251378
241648
251800
241951
238174
242646
234574
246697
230785
247103
231074
234261
225236
211863
226851
211546
227089
211728
225011
221368
207496
219258
208268
219467
208318
221178
229583
224475
229253
220050
216213
220302
215972
214354
216318
204328
204960
214535
216175
204219
210559
207947
201324
199576
210700
207773
201357
238090
233349
233664
223823
227067
227326
223583
224183
228639
228937
219804
215511
215737
219570
214174
204899
215847
203969
216016
204073
214004
210414
199485
207458
201365
207611
201362
210270
209227
203853
209016
201919
197475
202119
197309
199400
203037
191896
194526
199585
202872
191747
194546
191089
187370
184250
194714
190941
187268
219079
213783
214036
206549
210814
211038
206331
203662
208559
208791
201718
196975
197143
201517
199223
194444
202528
191446
202699
191590
199054
194379
184108
190666
187069
190801
187163
194216
182708
188074
177830
182640
182797
187975
177764
182311
186130
176687
179721
182407
186006
176591
177305
173254
172138
168508
177382
173200
172098
198387
187606
193084
192117
193224
192256
187494
182616
182555
187755
177622
187867
177692
182526
182223
179650
185776
176442
185888
176513
182146
177234
168486
173121
172088
173156
172088
177172
162038
166117
156888
160535
162095
166065
156840
163278
167676
158976
162887
163323
167621
158925
157777
153386
153654
149571
157844
153332
153618
167312
177030
171513
172328
171587
172394
167250
161975
160482
165933
156723
166004
156786
161906
163226
162878
167519
158845
167570
158891
163182
157703
149534
153237
153582
153282
153602
157649
140536
143688
135516
138087
140594
143631
135405
143098
147695
139854
143946
143134
147645
139820
137454
132921
134426
130510
137498
132837
134407
145988
154806
149154
151225
149240
151290
145920
140463
138059
143469
135216
143557
135384
140378
143065
143934
147534
139783
147591
139814
143024
137395
130565
132700
134376
132833
134409
137332
447834
459737
436350
449494
447745
459900
436403
447541
459631
433575
447363
447329
460176
433751
435291
423700
422130
411103
435177
423750
422231
460858
484616
474803
475401
474561
474963
460980
447893
449442
460103
436472
459943
436441
447960
447703
447521
460860
434008
460344
433881
447883
435390
411122
423816
422386
423788
422313
435485
403302
414507
393377
405227
403275
414609
393410
402363
412708
390535
400572
402359
412727
390511
392040
382123
380659
371039
392040
382125
380628
414403
436430
426891
424671
426855
424669
414423
403322
405244
414768
393485
414665
393443
403334
402367
400558
412742
390471
412739
390490
402370
392043
371014
382154
380583
382133
380602
392050
362217
371776
353115
363256
362249
371782
353105
362390
372005
352170
361415
362412
371985
352128
352675
343458
342898
333901
352703
343438
342855
372745
392428
383523
382261
383523
382274
372744
362177
363199
371758
353087
371741
353095
362139
362373
361377
371961
352061
371969
352091
362364
352649
333866
343404
342776
343419
342814
352627
324071
332417
315363
324182
324067
332462
315391
316221
325035
334027
324898
325041
334006
316198
307389
315855
306989
298789
315848
307007
307383
334003
351653
343262
342725
343279
342761
334006
324069
324168
332521
315454
332465
315420
324061
325025
324861
333963
316145
333984
316172
325017
315859
298794
307049
307358
307027
307373
315862
287176
294104
278944
286415
287187
294105
278965
281598
289190
297864
290063
289172
297878
281609
273058
280326
271817
264792
280308
271836
273066
296860
312750
304743
305295
304766
305313
296878
287161
286379
294109
279002
294090
278984
287141
289210
290068
297904
281627
297892
281619
289230
280342
264801
271863
273069
271853
273071
280354
251924
257769
243953
250272
251928
257803
243956
254725
263078
248219
256387
254706
263094
248233
246164
237863
239977
231899
246154
237862
239981
261326
275548
268012
269280
268045
269304
261338
251914
250239
257878
243964
257832
243958
251899
254738
256392
263103
248244
263104
248243
254749
246168
231887
237859
239970
237859
239979
246170
217333
222166
209638
214943
217402
222138
209566
221045
229312
215689
223673
221092
229283
215646
212620
204541
207596
199570
212684
204466
207537
226514
239519
232141
234350
232222
234395
226478
217265
214842
222109
209447
222111
209500
217198
221004
223641
229227
215574
229254
215607
220970
212562
199508
204346
207436
204400
207484
212511
183363
187887
175919
180319
183526
187775
175595
187841
196117
183579
191453
187960
196021
183464
179415
171453
175517
167574
179572
171125
175365
192384
204491
197224
200092
197369
200183
192282
183191
180251
187560
175120
187659
175513
183007
187737
191370
195853
183260
195933
183362
187633
179258
167504
170684
175058
171070
175211
179098
395193
408854
385124
398244
395152
408945
385079
390577
400241
374835
385592
390498
400559
374791
381058
371615
366319
357417
381076
371508
366197
405436
431613
420187
418368
420048
418042
405503
395217
398244
409091
384980
409022
385030
395234
390615
385584
400927
374542
400690
374691
390626
381019
357209
371277
365868
371395
366047
380960
357409
369180
348710
359895
357516
369116
348601
353900
362761
341282
349189
354057
362620
341049
345441
337249
333369
325310
345600
337093
333143
366280
388187
378453
375458
378494
375530
366204
357315
359837
369018
348429
369061
348506
357239
353757
348969
362358
340641
362485
340834
353634
345302
325117
336841
332767
336956
332941
345186
314677
322912
333023
324324
322984
332965
314632
320738
329009
310087
317573
320865
328863
309909
304828
312687
302422
294743
312783
304779
302283
331286
350688
341713
339738
341764
339817
331211
322841
324276
332860
314514
332911
314576
322773
320621
317394
328623
309600
328734
309746
320516
312592
294671
304625
302024
304708
302149
312499
298857
282235
290238
290234
290518
298847
282207
296980
280847
289578
289419
286889
296962
280236
273962
273114
281730
281570
265435
273804
272728
298349
315677
307239
306304
307278
306362
298280
290191
290506
298799
282113
298826
282162
290138
289271
287112
296820
279880
296910
280045
289129
281424
265211
273539
272391
273661
272537
281294
265772
250676
258401
258285
257710
265749
250553
266163
250857
258503
258364
257955
266017
250743
243371
243259
250811
250714
236939
243270
243603
266160
282145
273931
274039
273948
274086
266099
258195
257686
265699
250365
265726
250451
258124
258242
257782
265780
250382
265890
250550
258133
250592
236303
243011
243086
243118
243264
250492
227384
233763
219880
225919
227420
233753
219851
235837
228397
222152
229175
228478
235748
222053
221111
213924
215160
208126
221171
213884
215065
234970
249604
241656
242569
241678
242631
234930
227350
225897
233718
219803
233739
219824
227322
228321
228987
235567
221853
235646
221943
228264
221060
208076
213833
214926
213853
214985
221024
197390
202543
189972
194745
197429
202488
189927
199523
206719
194355
201228
199542
206692
194339
192361
185201
187469
180567
192376
185186
187469
204833
218024
210206
212280
210242
212303
204807
197356
194688
202397
189855
202439
189888
197327
199508
201199
206657
194314
206671
194325
199496
192348
180574
185162
187466
185173
187468
192338
167500
171619
160596
163695
167622
171481
160275
170801
178025
166784
173676
170853
178000
166749
163675
156750
159956
153196
163765
156467
159883
174879
186881
179021
182340
179113
182386
174803
167376
163653
171205
159843
171344
160230
167245
170760
173673
177954
166691
177976
166726
170708
163580
153165
156074
159706
156443
159800
163475
333501
350964
327305
342685
333907
350704
326853
321024
326392
301401
307372
321286
326352
301162
315646
310210
297188
292028
316000
309785
296865
339537
365920
357668
348295
358019
348326
339254
333090
342353
350021
325921
350397
326388
332723
320760
307200
326222
300694
326184
300915
320530
315304
291657
308990
296264
309374
296551
314993
307201
320736
300978
313170
307595
320432
300605
299008
304979
283658
287639
299483
304531
283279
293334
287946
279107
273794
293791
287510
278673
313358
334875
327136
319540
327417
319959
312987
306836
312910
319908
299969
320154
300267
306507
298556
287258
303639
282497
304082
282887
298136
292909
273385
286761
277873
287113
278259
292524
274582
280823
291859
284550
281116
291653
274332
275575
281959
263735
268556
275961
281544
263324
263958
269582
258381
252814
269930
263661
258007
287114
305725
298378
293408
298574
293684
286857
280564
284422
291295
273907
291465
274110
280334
275233
268165
280848
262645
281173
262960
274934
269275
252524
263170
257396
263399
257678
269007
263692
248697
255234
254984
256672
263466
248484
257994
242722
252152
251932
247605
257756
242456
240353
237405
246268
246030
231787
240097
237150
261284
277288
270336
267490
270382
267676
261105
254791
256577
263391
248155
263459
248307
254628
251730
247351
257342
242038
257538
242228
251550
245825
231572
239709
236756
239884
236934
245651
236411
222902
229018
228937
230128
236561
222741
234330
220984
228327
228056
226251
234066
220724
216391
215357
222317
222031
209570
216115
215105
235256
249645
242681
241605
242837
241742
235119
228769
229405
235817
222296
236036
222488
228620
227829
226028
233663
220310
233845
220498
227642
221793
209364
215676
214697
215875
214884
221599
203650
209400
197442
202624
203813
209269
197312
210361
204163
198587
203971
204363
210121
198416
198160
192292
192920
187130
198325
192159
192779
209819
222505
215663
215942
215794
216123
209659
203499
202539
209055
197089
209151
197193
203368
203985
203789
209736
198143
209907
198264
203835
198016
187022
191928
192542
192039
192653
197883
178334
182820
172050
176187
178397
182803
172001
180086
186231
175735
181386
180177
186121
175642
174033
168032
169932
164038
174109
167967
169847
184574
195948
189326
190801
189359
190885
184508
178277
176180
182768
171913
182785
171944
178229
179992
181285
185914
175457
186012
175550
179902
173952
163963
167836
169677
167901
169762
173870
152889
156436
146958
149726
152975
156365
146692
155732
161929
152360
158168
155823
161862
152266
149627
143699
146466
140563
149718
143428
146359
159197
169563
162877
165569
162911
165599
159146
152801
149707
156207
146284
156292
146654
152699
155667
158088
161735
152114
161790
152192
155600
149527
140499
143034
146122
143395
146240
149425
257733
278058
255418
273899
258020
277767
255116
239373
240448
216399
216476
239589
240400
216144
237073
236479
215190
216273
237334
236249
215070
260320
284470
280890
265594
281047
265600
260127
257463
273568
277231
254587
277487
254838
257226
239174
216336
240410
215634
240250
215835
239024
236826
216046
235849
214876
236040
214933
236606
247710
263701
245097
259567
247948
263391
244893
234082
234706
217369
216255
234278
234494
217274
231684
230534
215475
215745
231868
230349
215539
250170
270091
266372
252233
266676
252496
249926
247487
259220
262734
244433
263058
244678
247243
233897
216219
234087
216999
234289
217148
233726
231503
215618
230011
215599
230176
215588
231318
233669
246318
230513
241622
233958
245971
230262
224509
226614
211258
211531
224761
226378
211014
220765
219052
208141
206929
220974
218859
208051
237251
254641
249954
240438
250252
240719
236990
233398
241354
245395
229831
245662
230032
233151
224265
211402
225902
210435
226142
210705
224041
220546
206719
218521
207861
218680
207942
220322
228372
219159
215302
223423
219353
228141
215117
213715
215675
203862
204757
213849
215507
203780
209982
207316
201370
199268
210123
207192
201375
223000
236928
232446
226217
232618
226402
222856
218993
223236
227788
214827
227947
214957
218849
213610
204742
215190
203629
215347
203725
213525
209859
199213
207014
201406
207092
201402
209737
208333
201140
196809
203072
201324
208121
196649
198751
202361
191305
194244
198896
202204
191162
193912
190539
186989
183719
194060
190423
186925
205776
218138
212966
210087
213131
210241
205632
200973
202904
207768
196378
207932
196504
200824
198625
194202
201924
190868
202060
191025
198522
193773
183603
190238
186880
190321
186894
193642
182359
187640
177556
182277
182437
187529
177497
182042
185672
176398
179529
182086
185578
176347
177075
173097
172130
168474
177119
173084
172174
187223
197721
192596
191630
192698
191736
187157
182290
182191
187337
177396
187428
177444
182226
182017
179548
185412
176274
185492
176329
182011
177040
168509
173088
172351
173081
172271
177007
161739
165853
156644
160264
161829
165767
156561
163116
167473
158825
162895
163146
167434
158779
157545
153195
153595
149408
157597
153152
153601
167049
176677
171180
172068
171266
172136
166984
161662
160184
165589
156410
165677
156486
161582
163095
162945
167350
158677
167396
158758
163081
157493
149386
153087
153684
153117
153649
157437
140163
143368
135190
137528
140281
143254
134895
142944
147481
139792
143895
142994
147419
139728
137146
132696
134382
130321
137255
132450
134297
145680
154482
148817
150911
148900
150995
145588
140024
137470
143009
134452
143130
134828
139877
142906
143921
147270
139596
147353
139723
142854
137013
130332
132094
134176
132418
134269
136873
448049
460059
436483
449363
447996
460279
436501
448149
460936
434081
448335
448010
461400
434141
435640
423830
422437
411127
435562
423844
422486
461015
485919
474981
476085
474703
475746
461031
448058
449109
460094
436449
460139
436475
448094
448207
448105
461515
434106
461336
434120
448223
435671
411105
423824
422511
423834
422500
435711
403354
414776
393537
405263
403342
414911
393618
402387
412741
390458
400499
402375
412750
390452
392089
382188
380572
371004
392064
382238
380566
414439
436500
426810
424656
426614
424647
414401
403353
405045
414551
393606
414691
393695
403327
402379
400476
412751
390408
412744
390430
402356
392096
370996
382238
380535
382271
380550
392099
362072
371717
353086
363051
362098
371822
353109
362376
371962
352039
361311
362364
371976
352025
352605
343396
342742
333783
352611
343396
342715
372790
392532
383548
382321
383380
382278
372765
362071
362932
371738
353079
371808
353120
362104
362372
361298
372004
351987
371991
352007
362352
352595
333761
343368
342682
343389
342695
352602
324011
332497
315497
324068
324034
332596
315558
325005
333941
316119
324760
325003
333928
316102
315862
307072
307339
298802
315859
307091
307321
334062
351713
343199
342685
343042
342650
334003
323990
323918
332357
315510
332485
315603
323979
324992
324735
333911
316042
333910
316067
324966
315836
298764
307042
307266
307075
307283
315830
287073
294111
279019
286218
287107
294213
279043
289237
297909
281629
290058
289238
297901
281614
280333
271870
273057
264761
280349
271865
273024
296924
312855
304663
305254
304544
305235
296872
287056
286109
294169
278991
294245
279058
287058
289195
290018
297857
281529
297863
281551
289168
280279
264688
271789
272946
271817
272959
280271
251858
257916
243980
250085
251879
258019
244015
254757
263096
248235
256330
254757
263077
248212
246160
237865
239953
231849
246169
237876
239930
261391
275732
267878
269198
267746
269190
261315
251845
249990
257904
243988
258022
244057
251834
254722
256276
263016
248154
263022
248165
254698
246123
231825
237842
239910
237880
239904
246120
217065
222109
209410
214530
217130
222182
209400
220942
229203
215548
223560
220947
229190
215534
212446
204308
207396
199391
212471
204289
207368
226447
239676
231935
234231
231759
234212
226415
216999
214374
222085
209382
222184
209410
217033
220941
223540
229171
215521
229179
215532
220921
212439
199384
204279
207363
204286
207356
212446
182649
187483
175038
179170
182834
187443
174554
187482
195784
183185
191187
187557
195733
183108
178831
170650
174918
166625
178955
170216
174799
192125
204426
196882
199856
196683
199827
192094
182487
178932
187167
174239
187309
174402
182496
187451
191169
195720
183063
195710
183077
187427
178735
166504
169779
174667
170102
174699
178721
395219
409142
384927
398203
395234
409185
384868
390419
400911
374268
385213
390576
400948
373947
380703
371148
365641
356472
380867
370985
365339
405348
432420
420312
418399
420363
418318
405256
395117
398139
409131
384691
409154
384752
395059
390276
384843
400641
373597
400695
373707
390165
380575
356278
370755
365062
370834
365147
380505
357136
368986
348369
359740
357182
368963
348322
353446
362239
340471
348311
353533
362119
340312
345020
336749
332623
324699
345095
336674
332500
366017
388032
378323
375185
378354
375236
365975
357076
359709
368900
348232
368927
348267
357040
353331
348146
361910
340098
361979
340162
353274
344927
324585
336544
332316
336590
332372
344879
322657
332814
314455
324153
322710
332778
314404
320349
328530
309472
316994
320425
328453
309366
312343
304542
301911
294384
312414
304471
301816
331038
350529
341572
339528
341602
339564
331000
322606
324116
332714
314320
332740
314353
322572
320274
316890
328324
309219
328372
309274
320227
312276
294319
304370
301695
304409
301739
312235
290038
298768
282068
290460
290086
298739
282029
288911
296726
279734
286947
289004
296647
279631
281109
273443
272274
264859
281186
273382
272196
298096
315519
307097
306112
307127
306143
298060
289983
290405
298668
281951
298695
281979
289954
288856
286897
296550
279590
296584
279604
288825
281076
264885
273368
272203
273376
272197
281060
258023
265659
250297
257537
258065
265597
250252
258009
265692
250258
257481
258047
265644
250194
250384
242945
242971
235829
250418
242924
242910
265965
282039
273779
273902
273801
273919
265954
257994
257491
265536
250236
265545
250228
258001
258015
257526
265661
250270
265658
250233
258028
250393
235848
242980
242963
242944
242932
250421
227301
233693
219789
225835
227303
233672
219791
228232
235521
221797
228738
228233
235511
221786
221021
213827
214893
208034
221010
213842
214895
234906
249451
241576
242520
241569
242497
234939
227334
225832
233681
219876
233663
219828
227379
228289
228785
235603
221911
235555
221844
228347
221080
208098
213968
215032
213901
214958
221144
197292
202363
189831
194579
197305
202342
189818
199490
206652
194307
201176
199488
206661
194311
192331
185156
187465
180595
192331
185156
187472
204785
217940
210160
212325
210155
212283
204809
197294
194573
202343
189832
202336
189819
197312
199510
201226
206765
194390
206706
194337
199551
192344
180613
185184
187517
185168
187489
192368
167021
171081
159801
162820
167122
170988
159359
170638
177937
166672
173670
170678
177929
166640
163297
156063
159607
152322
163375
155641
159523
174674
186723
178865
182291
178867
182276
174674
166943
162730
170900
158994
170920
159236
166922
170630
173681
177948
166629
177935
166633
170630
163248
152204
155237
159435
155543
159457
163229
332146
349608
325488
341270
332397
349312
325163
320122
326080
300455
307139
320305
326191
300253
314494
308647
296004
290795
314714
308370
295801
338481
365369
356749
347669
356883
347619
338326
331987
341041
349034
324853
349121
324951
331890
319965
306828
325731
299928
325909
300051
319859
314342
290635
308096
295595
308179
295655
314260
305949
319693
299713
312326
306213
319506
299499
297417
303230
282128
286347
297754
302921
281843
291880
286456
277525
272408
292180
286203
277229
312117
333710
326376
318458
326443
318554
312037
305774
312182
319280
299251
319345
299329
305701
297204
286179
302636
281565
302721
281655
297113
291686
272225
285931
276944
286014
277035
291600
279983
291145
273729
284053
280137
291022
273590
274488
280570
262384
267292
274683
280347
262183
268616
262980
257165
251931
268784
262837
256991
286341
305052
297897
292757
297959
292833
286275
279887
283982
290885
273472
290934
273512
279837
274356
267134
280112
261985
280189
262050
274288
268516
251846
262722
256840
262759
256887
268465
254398
263310
248032
256334
254496
263247
247940
251282
257176
241885
246828
251399
257051
241770
245401
239571
236613
231154
245509
239471
236506
260786
277036
270143
267107
270157
267134
260769
254344
256337
263229
247901
263236
247886
254341
251204
246737
256957
241669
256983
241694
251194
245327
231094
239416
236420
239409
236436
245325
228416
235686
222163
228871
228505
235615
222058
227393
233518
220160
225585
227496
233415
220050
221354
215533
214549
208952
221452
215431
214445
234870
249406
242518
241409
242488
241364
234928
228364
228867
235635
222070
235611
222006
228423
227348
225523
233397
220005
233363
219992
227388
221297
208897
215420
214406
215377
214383
221342
203194
208986
197005
202399
203264
208956
196950
203622
209596
198037
203427
203712
209493
197958
197693
191834
192450
186775
197774
191767
192380
209429
222172
215631
215751
215556
215672
209517
203191
202440
209080
197071
208996
196961
203293
203591
203382
209505
197979
209447
197929
203659
197675
186764
191861
192431
191763
192363
197765
178165
182756
171893
176182
178190
182754
171883
179771
185828
175381
181044
179828
185764
175320
173767
167791
169610
163805
173811
167764
169560
184415
195881
189372
190799
189308
190697
184492
178163
176198
182800
171920
182766
171889
178213
179752
181024
185848
175349
185754
175295
179823
173752
163799
167797
169583
167762
169541
173804
152525
156121
146255
148937
152602
156053
145826
155526
161699
152070
157960
155565
161676
152023
149269
143010
146017
139659
149337
142612
145927
159067
169563
162819
165558
162826
165542
159058
152456
148843
155988
145460
156010
145703
152430
155508
157960
161699
151996
161674
152007
155503
149212
139526
142198
145830
142505
145857
149186
256886
277009
254372
272808
257025
276836
254207
238801
240313
215321
216859
238875
240519
215104
236264
235682
214933
215466
236409
235551
215025
259676
284694
280534
265156
280528
265045
259656
256811
272673
276698
254065
276722
254103
256832
238739
217016
240479
215254
240329
215060
238704
236180
215542
235432
215164
235482
215315
236225
246744
262433
244168
258310
246971
262165
243925
233437
233890
216818
216117
233569
233693
216576
230918
229843
215562
215025
231123
229696
215451
249391
269141
265605
251587
265698
251651
249293
246591
258134
261900
243648
261993
243765
246497
233335
216111
233527
216516
233556
216451
233216
230750
214867
229462
215163
229582
215409
230656
232766
245173
229662
240799
232935
245007
229534
223700
225666
210180
211116
223850
225456
209897
219902
218401
207826
206157
220106
218328
207755
236502
253669
249337
239798
249393
239835
236456
232673
240703
244888
229427
244917
229459
232681
223594
211192
225402
209943
225378
209818
223564
219757
206212
218284
207650
218311
207862
219883
218635
227660
214729
222876
218730
227560
214660
213417
215029
203573
204693
213460
214874
203339
209475
206960
201428
198788
209609
206929
201344
222601
236321
232084
225796
232133
225840
222523
218575
222822
227461
214565
227490
214625
218539
213356
204722
214786
203257
214755
203211
213230
209353
198567
206769
200842
206903
201267
209323
200585
207631
196276
202552
200693
207523
196198
198404
201788
190734
194101
198445
201647
190548
193390
190185
186930
183226
193515
190168
186954
205361
217652
212656
209754
212667
209770
205338
200529
202506
207473
196163
207460
196162
200551
198410
194101
201532
190692
201523
190563
198352
193290
183322
190169
186631
190197
187039
193331
182118
187258
177356
181994
182168
187200
177328
182067
185332
176254
179713
182026
185248
176120
176902
173109
172484
168341
176964
173151
172525
187054
197366
192453
191431
192431
191425
187037
182100
181982
187230
177328
187185
177324
182117
182131
179812
185170
176256
185167
176115
182039
176827
168309
173165
172071
173227
172528
176821
161453
165519
156365
160035
161513
165468
156341
163103
167291
158624
163075
163081
167214
158467
157285
153091
153785
149134
157369
153122
153840
166868
176423
171065
171934
171037
171916
166869
161428
160037
165486
156355
165449
156345
161462
163164
163097
167134
158665
167124
158491
163125
157196
149168
153184
153468
153198
153894
157220
139634
142910
134420
136701
139751
142834
134010
142888
147195
139530
144023
142858
147125
139321
136613
132099
134156
129294
136738
131745
134154
145472
154337
148690
150813
148713
150797
145437
139535
136587
142738
133594
142770
133871
139513
142980
144090
147077
139420
147062
139252
142901
136496
129062
131316
133769
131644
134167
136502
)
;

boundaryField
{
    inlet
    {
        type            zeroGradient;
    }
    outlet
    {
        type            fixedValue;
        value           uniform 0;
    }
    seabed
    {
        type            zeroGradient;
    }
    top
    {
        type            zeroGradient;
    }
    side1
    {
        type            zeroGradient;
    }
    side2
    {
        type            zeroGradient;
    }
    submarine
    {
        type            zeroGradient;
    }
}


// ************************************************************************* //
