/*--------------------------------*- C++ -*----------------------------------*\
  =========                 |
  \\      /  F ield         | OpenFOAM: The Open Source CFD Toolbox
   \\    /   O peration     | Website:  https://openfoam.org
    \\  /    A nd           | Version:  10
     \\/     M anipulation  |
\*---------------------------------------------------------------------------*/
FoamFile
{
    format      ascii;
    class       volScalarField;
    location    "7.2";
    object      p;
}
// * * * * * * * * * * * * * * * * * * * * * * * * * * * * * * * * * * * * * //

dimensions      [0 2 -2 0 0 0 0];

internalField   nonuniform List<scalar> 
12920
(
928289
994778
762979
709692
565758
521219
449506
408015
361235
325505
288837
256610
224543
194619
164468
135730
107322
79501.1
51947.3
28648.3
1.05266e+06
938997
704833
670095
552250
511581
443546
403363
357864
322906
286870
255193
223438
193554
163818
135203
107198
79488.2
51881.9
28400.4
817623
759624
655386
624489
523750
487988
429844
393375
351231
317993
283382
252434
221328
191952
162639
134298
106457
78898.5
51141.8
28200.3
365364
550734
543814
556385
492736
468710
416054
382031
342575
311061
278257
248430
218273
189460
160696
132663
105504
78283.3
50570.5
28074.8
602926
503154
458735
492861
436026
425085
387109
363569
330106
302065
271203
242834
213455
185315
157337
130153
103557
76936.7
49570.4
27822.6
159150
366657
394664
432523
406697
400467
372339
350133
320435
293588
265249
236700
208497
181055
153507
127077
101343
75381.9
48628.2
27532.6
328823
421310
351470
393464
359355
367919
343851
330142
304509
282296
255115
229467
201606
174848
148915
124118
98951.4
73627.9
47498.4
27046
647589
444540
367061
373942
349291
347824
336745
321140
300093
278602
255329
230381
203814
177170
144134
120073
96033.9
71518.5
46089.4
26392.7
-45811.5
287831
266287
338529
309998
331436
321190
307760
288330
268412
247029
222534
198127
174295
147335
116325
93297
69386.5
44671.4
25697.6
306367
364736
333784
353523
320087
317021
307242
293811
275378
255274
235402
214469
192045
169236
142830
113507
90869
67468.5
43345.6
25150.9
433552
451532
289932
340606
302504
311735
298816
281780
265722
247034
226058
207180
187185
165071
139504
110526
88460.2
65630.4
42100.7
24580.6
434424
454984
377526
361951
321315
310641
293130
274350
257478
239711
221246
200315
179914
159933
136266
107165
85855.8
63792.7
40779
24027.1
314712
410030
341812
340471
302300
294734
279969
263269
244151
226753
208082
189493
170405
150809
122988
103376
83479.6
62139.7
39528.7
23611.7
170771
409877
325568
336605
302975
288999
263639
252803
229886
212713
191202
173944
154743
137032
118661
100471
81301.6
60697
38433.1
23219.4
410987
437398
326210
349487
294032
282183
254372
238921
219339
203940
185844
169234
151175
133911
116171
98168.2
79498.9
59389
37542.9
22922.5
638222
428172
342619
355022
302789
287422
259377
242911
220300
204134
184690
168443
149805
132773
114432
96520
78042.3
58314.8
36701.3
22574.1
497313
404052
322044
339001
288155
278505
249438
236138
214112
199501
181054
165289
147322
130664
112609
94873.2
76622.6
57193.5
35787.7
22093.9
207895
388007
249181
311040
277733
275930
251053
238615
216134
200966
181175
165014
146540
129645
111421
93663.3
75387.3
56179.4
35116.2
21644.4
135769
304062
226033
298299
262816
269641
242695
234171
212498
198693
179658
163787
145549
128614
110447
92687.1
74435
55270
34497.4
21056.4
166835
296271
252057
304347
268281
268504
245058
234432
213523
199087
179911
163646
145385
128348
110140
92398.4
74035.1
54924.7
34414.1
20803.8
1.05579e+06
1.02071e+06
761744
708893
563954
521186
448737
407771
361008
325367
288735
256569
224491
194566
164392
135623
107328
79359.1
51918.4
28563
1.09983e+06
952713
699676
670865
550962
511547
443107
403414
357748
322892
286866
255168
223415
193545
163830
135186
107256
79534.7
51768.6
28360.3
738481
757451
654623
625067
523086
488740
429728
393454
351181
318044
283400
252494
221351
191975
162706
134322
106494
78950.1
51068
28227.1
513624
582551
549307
557354
493548
468969
415981
382093
342511
311023
278283
248464
218305
189519
160760
132663
105503
78320.3
50501.8
28127.6
539605
503935
460942
492495
435261
425646
386564
363538
329913
301968
271083
242498
213332
185376
157351
130069
103546
76989.9
49531.2
27849.5
187601
374268
396796
432142
407515
401460
371780
349885
320559
293403
264698
236691
208395
180834
153256
127065
101340
75440.8
48571.1
27517.2
232329
422105
342421
391447
357686
367231
344115
330395
304651
282100
255366
229350
201637
174849
148864
123937
98920.5
73673.4
47451.3
27031.7
582823
423564
360691
371810
347637
347881
336335
321481
300539
279117
255169
229781
203473
177182
144269
119993
96011.4
71561.8
46053.8
26402.5
-432.435
276978
268260
340255
309469
331101
321010
308298
288359
268806
246802
222661
198263
174321
147314
116252
93273.9
69436.3
44621.9
25754.6
259161
340336
332050
355237
319664
317793
306906
293488
275284
255145
235492
214521
192052
169201
142818
113476
90840.3
67534.3
43325.3
25128.8
431420
405050
289753
343338
301444
311838
298795
281795
265791
246906
226177
207172
187037
164975
139460
110519
88461.7
65699.2
42080.3
24573.7
555748
466726
376460
362094
321007
310710
292818
274339
257384
239310
220909
200271
180265
160287
136283
107200
85841.5
63899.8
40752.7
24037.5
327974
426748
338237
340664
301916
295177
279372
262709
244101
227157
208102
189303
170281
150697
123010
103345
83484
62226.3
39485.9
23626.4
223733
433227
322017
336488
302357
288897
263633
252264
229341
212511
191397
174076
154779
137102
118725
100482
81328.2
60771.3
38367.2
23307.9
386317
445206
321392
347632
293072
282332
254233
239310
219554
204120
185813
169229
151146
133901
116184
98181.7
79532
59490.7
37504.2
22976.9
575883
433183
334886
351726
302391
287184
259198
243066
220356
204345
184801
168439
149778
132775
114436
96541.5
78099
58457.7
36679.2
22635.6
504664
398375
318273
338543
287924
278798
249423
236318
214068
199577
181008
165290
147342
130666
112627
94895.8
76684.3
57345.8
35808.6
22163.3
172856
349551
254218
312824
277444
275979
250800
238496
215943
200888
181113
164975
146500
129612
111387
93624.7
75363.1
56210.5
35054.8
21678
18977.8
288324
230231
301908
262347
269952
242417
234197
212373
198614
179544
163719
145471
128551
110401
92640.5
74413.4
55282.6
34458.3
21048
252944
298432
253565
306374
267430
268733
244699
234278
213354
198977
179849
163587
145357
128335
110116
92378
74058.6
54935.5
34394.3
20842.5
1.33443e+06
1.06454e+06
774022
711119
561717
521310
447680
407502
360698
325265
288645
256538
224491
194571
164515
135707
107515
79406.8
51771.9
28641.7
1.24941e+06
971435
701960
673492
549533
511730
442371
403308
357416
322824
286780
255145
223427
193637
163980
135310
107321
79544.1
51568.3
28323.8
952339
799566
659948
624677
523142
489299
429465
393471
351021
318047
283348
252508
221365
192054
162827
134411
106581
79035.1
50919.1
28233
624847
624989
554744
559372
494838
469534
416251
382484
342574
311114
278239
248414
218336
189619
160959
132694
105518
78400.8
50400.2
28149.9
582121
511137
463176
491494
434930
426063
385865
363468
329726
301906
270755
242192
212998
185118
157105
129989
103545
77110.6
49519.3
27879.8
199858
386822
397617
431296
407776
402050
371695
349652
320254
293080
264447
236734
208384
180751
153107
126969
101340
75594
48515.1
27520
200577
424514
338003
387403
355691
367170
343934
330090
304572
282148
255504
229402
201834
174953
148871
123733
98865.3
73762.9
47412.4
27064.3
421839
388346
348616
367692
344876
347562
335761
321945
301224
278978
254737
229473
203439
177360
144215
119845
95953.7
71663.3
46027.8
26448.3
-123008
261468
261568
343377
308548
330855
320648
308360
289014
269128
246857
222926
198510
174356
147117
116064
93226.4
69543.9
44632.7
25820.6
107892
308664
327504
356134
319641
318483
307638
292989
275038
255308
235723
214528
192080
169134
142648
113222
90771
67661.6
43307.2
25153.5
407518
392923
297149
349176
300528
312221
298929
281999
265713
245768
226258
207135
186729
164796
139382
110374
88412.2
65860.4
42171.9
24608.8
564079
479179
379228
364496
321005
310631
292343
274142
256242
238265
219834
199990
180398
160163
136259
107118
85813.4
64044.1
40868.4
24122.1
508711
466772
345343
343795
301963
294841
278731
262858
244777
227006
208015
189254
170244
150683
123007
103280
83497.8
62398.3
39497
23727
263434
445076
319921
336828
301996
289303
263613
251684
228952
212462
191550
174180
154830
137183
118762
100490
81362.3
60957.4
38403.7
23383.7
333500
454111
317338
347674
292401
282935
254200
239899
219743
204351
185790
169167
151079
133874
116196
98202.4
79585.3
59714.8
37481.3
23009.9
537605
438633
333153
348842
302317
287251
259095
243390
220660
204781
184871
168429
149707
132770
114429
96548.2
78171.7
58747.1
36679.5
22639.5
324551
386446
317860
339966
288480
279476
249330
236466
214050
199735
181037
165352
147392
130684
112651
94918.4
76772.3
57637
35881.4
22228.5
187281
333251
254794
316967
276670
276211
250537
238391
215678
200811
181091
165014
146499
129626
111377
93582.6
75310.5
56293.4
34958.3
21690
27844.3
280061
239366
305834
261564
269975
241917
234098
212079
198480
179380
163636
145391
128501
110351
92602.8
74421.6
55360.2
34441.4
21027.5
277292
338106
255483
308916
266146
268797
244386
234176
213234
198860
179800
163574
145324
128321
110094
92356.1
74076.7
54968.3
34393.4
20902.8
1.3638e+06
1.06547e+06
777101
710385
560940
520782
446291
407056
360274
325137
288529
256502
224455
194569
164576
135706
107455
79517.6
51687.6
28670.9
1.16374e+06
981749
702538
673691
548523
511764
441492
402807
356856
322657
286636
255103
223374
193694
164101
135416
107345
79534.1
51433.4
28361.4
984964
808084
661005
624100
523347
489720
429058
393182
350728
317916
283308
252529
221422
192208
162999
134480
106620
79112.8
50785.9
28137.3
689914
632765
559185
561200
496933
469915
416278
381936
342025
310739
277812
248155
218258
189759
161066
132728
105517
78521.8
50318.5
28034.6
428567
514008
456495
489101
434668
426792
385088
363649
329451
301674
270398
241962
212655
184770
156905
129913
103536
77307.5
49615.6
27739.9
187260
401223
395055
430272
407772
401703
371611
348925
319620
292795
264242
236660
208298
180659
152954
126821
101324
75809.4
48670.5
27379.4
54277.9
370184
328922
382374
354829
367553
343364
329940
304581
282192
255594
229477
201891
174952
148629
123471
98818.6
73932
47439.1
26966.2
280364
363278
340375
364102
343329
347698
335289
321615
300963
278450
254573
229441
203505
177438
144074
119617
95877.4
71834.7
46075.5
26357.4
24022.4
259015
271738
346427
308030
330317
320304
307850
289407
269087
246893
223193
198721
174339
146867
115740
93044.4
69770.5
44808
25767.3
54970
285662
330022
358134
319518
319006
307650
292654
275070
255715
235825
214543
192150
169097
142489
112725
90632.7
67858.8
43451.9
25074.1
326579
364652
305234
353293
300387
311959
298426
281878
264888
246311
226160
206726
186417
164649
139313
110036
88302.8
66079.2
42225.1
24613.9
529554
496216
380607
365767
321240
310500
291819
273294
255505
237527
219065
199837
180394
160062
136218
106739
85721.9
64287.2
40937.5
24119.6
506300
482009
333409
343942
301068
294361
277386
262869
244727
226854
207958
189268
170264
150634
122956
103140
83491
62702.1
39706.9
23686.7
333186
476836
313870
336576
301613
289784
264110
251187
228800
212400
191472
174084
154749
137186
118712
100462
81379
61306.8
38587.7
23247.4
258255
469229
309630
348140
291838
284434
254037
240402
219991
204543
185720
168997
150873
133784
116162
98131.8
79577.6
60093.7
37539.5
22758.9
515630
435654
333594
347741
302304
287927
259217
243891
220972
205132
184847
168331
149557
132682
114381
96515.8
78206.5
59149
36776.1
22390.3
375783
386563
320869
342233
288481
280905
249341
236688
214195
199978
181060
165376
147341
130681
112647
94906.2
76823.3
58018.9
36136.8
21988.7
185003
317888
264231
318871
276076
276485
250406
238365
215403
200788
181111
165070
146493
129612
111332
93496.3
75246.1
56493
35075.8
21505.7
97225.7
279165
250853
307425
261685
269901
241622
233567
211609
198262
179166
163539
145351
128519
110348
92597.9
74448.6
55515.8
34491.2
20946.1
424150
342306
260475
309786
265861
269442
244318
234170
213171
198812
179746
163570
145306
128312
110116
92381.4
74109.6
55031.1
34401.3
20964.5
1.29421e+06
1.10863e+06
786770
713026
560663
520551
445200
406868
359955
325105
288433
256499
224436
194555
164609
135766
107533
79548.8
51656.5
28605
1.13357e+06
963014
702265
675746
547785
511984
440794
402684
356457
322773
286588
255188
223423
193794
164227
135536
107371
79594.1
51350.2
28262.2
941942
814682
661145
623877
523568
490069
428615
392797
350216
317625
283111
252505
221558
192429
163183
134628
106663
79244.3
50630.4
28133.9
630646
642859
562761
562212
498728
470136
416058
381966
341741
310691
277670
248010
218053
189676
161127
132770
105536
78672.5
50179.7
27995.8
293113
512066
449010
486044
434938
427324
384810
363532
329261
301569
270243
241900
212524
184709
156856
129883
103542
77505.4
49461.2
27707.2
249259
417058
393109
429400
407363
401579
371519
348971
319538
292832
264204
236682
208251
180582
152831
126701
101321
76014.9
48536.5
27380.9
-35169.4
358829
325638
380093
354882
368221
343086
330059
304514
282239
255682
229634
202023
174947
148412
123292
98774
74130.8
47370.5
26997.8
269600
354700
337195
362221
342572
348093
335223
320492
300589
278055
254501
229427
203572
177395
143984
119439
95834.2
72026.6
45990.1
26382.6
-52097.2
256743
273984
347891
308186
330172
320143
307500
289256
268987
246923
223425
198954
174362
146761
115524
92930.2
69964.5
44686.9
25816.2
-16685.5
271147
332412
359575
319706
319366
307177
292348
275090
255904
235769
214606
192281
169097
142470
112441
90532.3
68151.4
43343.3
25167.1
314587
360076
305810
356417
303015
312496
297520
281468
264116
245493
226175
206607
186323
164586
139349
109755
88217.5
66316.1
42123.5
24709.5
679043
507996
377400
366746
321696
310148
291342
273045
255387
237295
218874
199924
180500
160065
136207
106568
85649.8
64532.6
40819.4
24197.4
434496
499172
331478
344549
301387
293410
276538
262369
244545
226825
207913
189306
170240
150676
122911
103001
83478.8
63026.3
39568.5
23700.5
419301
493611
309236
337149
301717
290589
264653
250911
228711
212406
191372
174015
154670
137126
118658
100424
81377.5
61679.7
38435.1
23187.1
221603
508693
302996
347243
293526
285208
254630
240891
220011
204653
185610
168782
150563
133639
116064
98038.9
79589.5
60494.2
37410.7
22641.9
494131
433034
332309
347467
302401
289279
259519
244437
221117
205395
184760
168250
149425
132597
114330
96443.3
78215.8
59563.6
36666.5
22257.5
455464
389081
320616
345436
288994
281661
249761
237028
214367
200235
181025
165299
147189
130669
112619
94853.2
76798.2
58430
35981.5
21827.2
176539
319977
259728
320284
275143
277540
250391
238374
215118
200771
180995
165048
146460
129647
111376
93523.2
75242.5
56753.4
34851.5
21504.9
167485
280229
253675
307318
262715
269926
240630
233035
211160
198214
179141
163591
145359
128528
110303
92561.1
74469.9
55693.5
34472.6
20858.3
277091
335222
259955
309804
265723
270010
244265
234246
213146
198851
179741
163620
145328
128341
110133
92378.4
74117.8
55095.5
34389.5
20989.8
240499
247256
233231
255624
240811
247243
233253
219978
228289
214928
235823
219960
228349
214703
231179
240974
226597
245356
231082
239717
225671
212999
221708
206645
226293
212723
220969
206425
311209
310184
299977
321104
311402
310682
300125
292449
296129
282810
308170
292051
296026
282721
272493
278158
263215
288289
272164
278073
263104
251375
258114
242921
268684
251299
257999
242960
227327
237897
221651
246810
227569
237994
221713
203131
216137
198987
222589
203336
216204
199022
179468
193365
176035
198196
179560
193378
176026
156253
170336
153025
174311
156220
170330
152979
297841
301332
288523
306913
297315
301534
288687
280065
284581
272237
293628
279984
284676
272239
260452
267837
253676
275313
260349
267827
253624
240122
248624
232773
255175
240120
248571
232836
219883
227509
213969
235451
219909
227661
213922
197679
209224
193831
214504
197687
209181
193772
174923
188327
171665
192046
174906
188284
171619
151896
166052
149317
169213
151848
166009
149282
286454
292310
279487
298823
286446
292473
279396
269905
275512
263570
281815
269971
275439
263566
251993
259590
247717
265779
251947
259685
247378
231375
243121
227786
246968
231385
242752
227633
211573
222470
206693
226140
211628
222421
206763
192522
201526
186539
207161
192402
201629
186788
170641
181691
166950
187097
170562
181980
166955
148349
161840
145738
165013
148293
161750
145520
278541
290881
274743
293064
278525
290429
274530
261555
270855
254501
274359
261491
270956
254205
244626
250653
236255
257469
244073
250715
236261
226141
233459
218067
239504
225852
233158
217909
205428
214659
198994
221066
205396
214563
198862
184843
195904
179624
200312
185016
195579
179356
164862
176329
159925
180163
165200
176090
159710
144217
156493
140057
160274
144374
156353
139944
311458
310768
300181
320796
311463
311187
300311
292088
295977
282679
308429
292515
296080
282537
272249
278029
263065
288794
272647
277879
263036
251289
257978
243002
269060
251441
258193
243231
227702
238046
221744
246831
227984
238214
221821
203469
216237
199045
222852
203794
216327
199123
179616
193393
176025
198445
179739
193457
176018
156302
170326
153013
174357
156128
170301
152780
297175
301385
288764
307716
296888
301696
288889
279948
284768
272239
293079
279762
284793
272207
260306
267816
253590
275098
260226
267755
253453
240166
248529
232872
255193
240396
248414
233157
219931
227744
213902
235659
219975
228148
213591
197694
209157
193730
214536
197712
208929
193534
174898
188249
171590
192072
174870
188091
171476
151894
165983
149318
169150
151697
165884
149210
286456
292078
279391
299052
286493
291600
279368
270000
275421
263558
281951
270039
275340
263188
251904
259700
247114
265764
251724
259050
245968
231379
242498
227531
246811
231309
241394
226928
211656
222370
206785
226264
211318
221965
206702
192338
201692
186875
207052
192109
201717
186928
170522
182050
166910
186811
170391
182030
166717
148302
161686
145488
164838
148167
161472
145312
278509
290094
274329
292717
278403
289853
273195
261461
270771
253920
274235
260899
269746
253746
243768
250529
236230
256529
242847
250514
236145
225648
233031
217857
238526
224788
232754
217726
205321
214481
198823
220113
204885
214145
198753
185076
195477
179312
200062
185160
195248
179412
165239
175990
159735
180403
165211
175944
159918
144391
156317
140010
160201
144274
156362
140106
311399
311090
300321
320508
311111
310984
300072
292722
296088
282503
307952
293104
296073
282614
272748
277842
263103
289346
272867
278006
263399
251540
258302
243321
269107
251677
258619
243509
228078
238265
221840
246886
228275
238382
221911
203902
216352
199151
223123
204124
216458
199255
179768
193483
176016
198673
179801
193581
176015
156147
170290
152803
174350
155828
170269
152515
296779
301542
288881
307838
296516
301542
288685
279716
284751
272171
292740
279690
284493
271845
260237
267715
253386
275031
260501
267415
253206
247899
250327
252782
255415
247766
250435
252854
227758
230626
232687
235791
227827
230671
232713
197720
208829
193459
214530
197766
208638
193250
174863
188030
171443
192126
174852
187861
171355
151734
165846
149247
169101
151479
165759
149094
286469
291400
279342
298718
286241
291243
279408
270004
275306
262899
281978
269470
275223
262014
251639
258647
245521
265161
251222
257672
244266
240202
240618
245330
244701
240317
238894
245227
219862
221676
224978
226252
219962
221942
224872
192027
201694
186904
206965
191768
201564
186810
170344
181997
166651
186486
170209
181883
166484
148196
161406
145332
164680
148035
161254
145162
278327
289322
272660
292129
277783
288128
271957
260561
269274
253795
273476
259928
268444
254070
242598
250437
236093
255626
241995
250327
236036
224459
232661
217694
237675
223743
232510
217681
204718
214060
198743
219182
204487
213965
198793
185157
195192
179475
199852
185141
195192
179706
165183
175948
159995
180388
165113
176051
160276
144292
156367
140255
160078
144123
156496
140335
310985
310787
299953
320367
310619
310536
299575
293214
296007
282658
307595
293163
295770
282724
272888
278083
263482
289304
272876
278235
263636
251701
258734
243539
269017
251709
258886
243529
228328
238405
221942
246922
228466
238417
222009
204181
216504
199294
223393
204350
216628
199418
179785
193621
176019
198913
179802
193757
176039
155878
170268
152610
174370
155655
170294
152315
296412
301293
288571
307467
296099
300994
288189
279697
284385
271684
292412
279665
284079
271228
260578
267252
253143
275116
260729
266762
252780
240863
248422
233280
255901
240866
247877
233209
219951
228351
213400
235791
219935
228310
213512
197791
208552
193190
214588
197885
208512
193119
174855
187812
171333
192244
174867
187773
171307
151604
165739
149174
169097
151375
165706
148960
286114
291036
279413
297859
285691
291320
279244
269228
275147
261826
281558
268669
274943
261525
251032
257464
244002
264231
250418
257134
243551
231013
239468
225482
245558
231031
239054
225139
211154
220814
206336
226194
211558
220515
206169
191689
201512
186785
206634
191539
201433
186773
170175
181856
166445
186311
170116
181843
166380
148125
161220
145242
164592
147934
161172
145052
277508
287161
271797
291643
277093
286077
271741
259801
268261
254075
273036
259656
268027
254037
241853
250256
236018
255378
241642
250111
236054
223599
232477
217681
237309
223348
232439
217713
204457
213956
198818
218885
204454
213982
198949
185146
195226
179772
199891
185210
195372
179941
165097
176103
160332
180466
165070
176257
160433
144183
156528
140490
160056
143960
156626
140276
310498
310216
299459
320903
310604
310412
299304
293157
295698
282699
307208
293320
295590
282632
272907
278220
263639
289060
273166
278178
263626
251729
258889
243503
268855
251866
258871
243433
228502
238408
222026
246922
228668
238371
222043
204393
216666
199453
223473
204642
216727
199487
179809
193798
176047
199089
179989
193848
176037
155798
170312
152446
174454
155734
170329
152078
296013
300700
288083
307362
295892
300860
287987
279630
284003
271139
292256
279564
283923
271065
260729
266663
252704
275047
260716
266582
252652
240849
247832
233205
255892
240786
247830
233246
219931
228300
213535
235714
219916
228316
213519
197923
208507
193133
214627
197977
208495
193165
174870
187794
171315
192335
174857
187843
171337
151554
165708
149108
169084
151261
165710
148784
285552
291318
279178
297747
285371
291991
279156
268569
274916
261509
281362
268467
274975
261603
250309
257111
243497
264008
250215
257212
243545
231017
239006
225086
245455
231028
239046
225069
211554
220467
206149
226165
211526
220444
206132
191545
201435
186797
206580
191565
201447
186835
170116
181866
166378
186362
170140
181918
166389
148097
161175
145223
164588
147811
161198
144974
277051
285635
271755
291654
277095
285578
271753
259660
267929
254005
273172
259746
267730
254030
241622
250006
236085
255496
241691
249748
236150
223316
232409
217740
237372
223311
232289
217837
204466
213965
198996
218900
204489
213776
199085
185236
195374
179989
199998
185270
195264
180088
165068
176262
160458
180561
165073
176128
160470
144098
156626
140457
160104
143827
156520
140182
242685
245425
237591
240624
242602
245546
237654
245900
250877
242859
246559
245617
250908
242708
240414
235181
237895
233459
240177
235352
237637
248011
255522
250641
253058
250542
252968
248093
242781
240733
245760
237896
245659
237744
242925
245970
246511
250894
242890
250897
242808
245802
240547
233382
235465
237910
235464
237550
240506
222586
225406
217651
219968
222682
225430
217564
225517
230343
223709
228564
225488
230497
224354
220337
215590
219241
215362
220573
215385
219713
227755
235821
230649
232891
230676
232758
227844
222555
219961
225400
217554
225425
217534
222622
225568
228597
230609
223770
230596
224331
225604
220298
215416
215451
219153
215342
219719
220511
234891
236077
229943
231071
235032
235504
229808
238429
243693
236213
240510
238781
243303
235762
233415
228632
231482
226261
233715
228397
231090
240008
244484
240528
244755
238741
245052
239747
234697
230907
235821
229569
235203
229648
234522
238048
240069
242414
235030
242851
235342
237637
233071
225926
227824
230412
228117
230705
232720
214581
217332
209799
213948
214736
219009
209779
218290
223554
216675
221441
218396
223382
216472
213069
208156
211676
206585
213161
208053
211547
219733
226107
221834
224665
221891
224720
219756
214505
214317
217577
209723
218798
209780
214616
218142
221171
222953
216114
223170
216257
217991
212944
206511
208015
211304
208002
211414
212910
328657
328531
322087
336783
328665
328766
321909
308247
313595
302460
321235
308194
313497
302645
287851
292536
281710
300210
287633
292649
281815
264356
271927
259939
278748
264570
271782
259683
240254
248563
235732
255336
240226
248395
235492
214637
223733
210304
230075
214671
223803
210449
188730
198672
185461
203586
188786
198722
185491
164128
173923
160719
177077
164071
173960
160650
321148
325081
316769
331375
321064
324834
316685
315297
317817
319693
321060
317893
319638
315301
298162
301526
303051
307921
301604
303009
298151
279326
282744
284515
288302
282637
284479
279360
259328
261929
264670
268454
261948
264623
259331
237041
239556
243261
246943
239514
243270
237019
213462
215259
219792
222523
215304
219810
213449
189943
191313
196107
198128
191337
196107
189935
166654
167887
172732
174293
167887
172725
166655
134429
145171
132671
147331
134377
145201
132603
306886
315981
306730
317723
307398
316302
306956
300101
303545
303063
306863
303346
302787
300084
286491
289323
291003
293782
289293
290914
286526
267869
270538
272619
275362
270514
272609
267883
247369
249950
252702
255249
249926
252694
247370
227949
230381
232640
235407
230387
232605
227958
207404
208923
212756
214474
208927
212751
207405
185114
186341
190742
192042
186337
190737
185118
162431
163491
168105
169229
163477
168095
162443
131308
141310
129913
142863
131269
141325
129860
301279
312737
301187
311751
301261
312193
301344
294062
294584
298864
298704
294551
298782
294113
274804
277212
278405
281837
277242
278456
274783
259563
261344
263691
265740
261357
263707
259533
240558
241921
245611
247028
241915
245607
240568
219583
220825
224788
226078
220866
224807
219549
200316
202500
204807
207162
202499
204848
200308
180540
181713
185791
187174
181704
185765
180568
158566
159512
164082
165059
159503
164067
158578
128199
137821
126598
139489
128158
137779
126571
297476
311917
297261
311230
297799
312946
297143
287256
287297
291313
292954
287264
291052
287303
268609
270011
273318
274358
270008
273317
268596
250871
253441
255165
257476
253438
255126
250893
232221
234873
236904
239710
234911
236868
232258
214364
215920
219187
221204
215905
219145
214441
193774
195063
198997
200323
195073
198985
193775
173423
174883
178526
179953
174932
178510
173424
153320
154751
158426
160067
154892
158405
153305
124433
135319
121467
136298
124387
135247
121646
271215
275256
264702
279933
271109
275183
264491
252505
258294
247417
262976
252245
258209
247283
234290
240008
229018
243994
234374
240168
229039
216538
223075
210312
226992
216632
222930
210382
197209
203892
192478
208101
197140
203888
192533
178662
185704
173786
189396
178581
185728
173785
159385
166861
155355
170368
159329
166878
155338
139431
148541
135698
150726
139364
148488
135626
328523
328617
321565
336390
328323
328840
321335
308489
313236
302602
321748
308901
312870
302481
287318
292624
281752
300932
287234
292430
281600
264849
271489
259563
279116
265002
271352
259600
240324
248380
235460
254877
240381
248474
235543
214820
223954
210632
229550
214863
224075
210817
188941
198813
185558
203418
189027
198920
185619
164189
174048
160964
177273
164034
174138
160771
320926
324570
316465
331233
320632
324747
316196
315216
318078
319338
320957
315258
318070
319225
298306
302109
303331
308394
298265
302292
303385
279203
282245
284356
288437
279211
282253
284333
259256
262210
264580
268893
259241
262236
264618
237335
239675
243348
246796
237245
239775
243395
213713
215604
219955
222717
213631
215707
220021
190082
191568
196191
198317
190040
191643
196239
166626
167922
172729
174335
166644
167933
172730
134395
145140
132677
147253
134137
145059
132403
307474
316260
306739
318726
308064
317115
306940
300452
303022
302890
307367
300299
303096
303256
286172
289083
290450
293334
286254
288998
290317
267695
270398
272534
275232
267732
270350
272499
247448
249918
252648
255129
247407
249988
252657
227903
230462
232566
235542
227916
230501
232585
207344
208962
212696
214534
207374
208970
212663
185069
186334
190721
192059
185082
186333
190711
162389
163438
168069
169186
162408
163407
168055
131388
141306
129943
142772
131157
141295
129741
301119
311814
300516
312426
300959
312140
299462
293847
294631
298638
298962
293907
294677
298673
275084
277511
278778
281831
275001
277627
278922
259605
261360
263820
265795
259619
261340
263843
240312
241824
245466
246819
240399
241763
245390
219828
221047
224886
226220
219758
221145
224909
200477
202429
205059
207210
200443
202390
205122
180265
181591
185593
186967
180347
181532
185516
158415
159429
163939
164931
158462
159390
163887
128185
137733
126628
139425
128005
137697
126470
297354
313162
296988
311104
297107
313988
297319
287133
287101
291030
292966
287189
287111
291167
268557
269953
273308
274324
268584
269926
273280
249978
252975
254838
257167
250227
252616
254638
231790
234684
236586
239071
231929
234475
236445
213481
215723
218616
220678
213741
215521
218384
193439
195095
198727
200212
193551
195075
198589
173584
175248
178576
180356
173549
175294
178612
153534
154999
158655
160271
153508
154971
158708
124450
135193
121950
136281
124311
135189
121957
270711
274692
264286
279437
270211
274652
264577
252058
258062
246982
262652
252147
258014
246620
234295
240292
229274
244471
234295
240195
229468
216582
222994
210559
227093
216439
223216
210783
197116
203817
192600
208047
197119
203812
192653
178479
185773
173826
189250
178430
185799
173853
159281
166933
155352
170232
159254
166966
155357
139387
148468
135699
150685
139175
148434
135570
327799
328316
320977
335813
327515
328520
320821
309433
312611
302526
321860
309606
312385
302617
287393
292366
281378
301145
287388
292432
281267
265188
271362
259634
278670
265211
271410
259683
240539
248582
235654
254620
240602
248651
235744
214975
224188
210985
229438
215061
224284
211109
189146
199046
185710
203481
189206
199166
185768
164153
174204
161115
177449
163920
174263
160876
320284
324161
315536
330795
319847
324180
314917
314855
317954
318724
320623
314970
317903
318629
298635
302522
303453
308221
298589
302532
303434
279466
282747
284446
289155
279336
282878
284583
259473
262332
264780
269157
259392
262356
264855
237619
240069
243577
246865
237565
240123
243630
214061
216046
220246
222988
213979
216133
220322
190255
191859
196413
198566
190217
191911
196475
166519
167907
172720
174360
166556
167881
172715
134169
144867
132472
147031
133693
144739
132060
308038
316884
306678
319254
308186
317700
306656
300732
303333
303554
307834
300670
303374
303853
285823
288769
290031
292909
285911
288706
289940
267522
270196
272369
274992
267569
270155
272320
212512
214519
212457
207155
208967
207203
208962
185030
186342
190669
192091
185038
186350
190659
162324
163321
168008
169120
162340
163296
167990
131295
141247
129849
142576
130903
141228
129488
300416
311530
298371
312498
299791
311506
297507
293444
294572
298298
298957
293560
294471
298262
275401
277909
279433
282042
275376
277901
279547
259129
261191
263690
265615
259357
261089
263426
205154
207261
205123
200338
202186
200400
202095
179916
181333
185255
186647
180003
181263
185164
158235
159272
163727
164755
158278
159228
163675
128121
137650
126608
139355
127791
137638
126306
296393
313674
296940
310959
296004
314212
296709
286611
286868
290630
292395
286741
286783
290637
267532
269584
272931
273964
267940
269330
272573
249316
251620
254060
256001
249444
251375
253934
233655
238045
233410
231233
236004
231357
235885
214741
219556
214486
212552
217612
212701
217432
199928
193201
194957
198213
193216
194927
198170
173686
175304
178703
180392
173656
175293
178735
153571
154860
158779
160129
153570
154825
158793
124414
135137
122213
136252
124136
135156
121875
269754
273830
264716
278474
269586
273847
265259
252516
257983
246112
263071
252827
258121
245921
234299
240020
229503
244820
234286
239904
229595
216305
223323
210911
226924
216201
223270
210979
197121
203828
192699
207988
197102
203859
192756
178415
185844
173880
189258
178400
185859
173874
159240
167008
155391
170260
159192
167038
155383
139349
148479
135699
150633
139079
148464
135397
327269
328008
320637
335673
327271
328496
320701
309816
312292
302608
321038
309822
312184
302579
287462
292481
281203
300772
287504
292449
281152
265267
271432
259748
278229
265316
271403
259771
240684
248691
235821
254562
240811
248680
235877
215152
224368
211213
229456
215309
224423
211298
189232
199272
185859
203562
189388
199347
185920
164009
174280
161186
177444
163748
174295
160909
319388
323690
314143
330677
319049
324134
313707
314169
317614
318045
320380
314357
317518
317949
298637
302461
303242
307744
298688
302375
303158
279806
283190
284909
289367
279747
283198
284967
259637
262511
265075
269053
259631
262520
265108
237737
240250
243737
246896
237722
240262
243755
214333
216361
220553
223263
214273
216418
220628
190385
192018
196656
198782
190360
192046
196715
166388
167707
172710
174350
166414
167680
172718
133748
144604
132219
146811
133362
144505
131846
307945
317513
306300
319702
307789
318264
306084
300599
303209
304019
307680
300653
303096
304182
285451
288529
289623
292569
285546
288460
289531
267522
270266
272253
275101
267522
270314
272228
250734
253092
248140
248176
255806
250827
253119
230626
232982
227907
227930
235821
230602
233020
212400
207126
209001
214559
207115
209023
212410
185044
186391
190665
192178
185032
186411
190680
162257
163249
167960
169096
162273
163233
167954
131163
141177
129628
142474
130732
141190
129166
298806
310675
296643
312549
297978
310939
296166
292595
293914
297514
298308
292841
293676
297337
275072
277620
279609
281768
275174
277504
279525
257638
260413
262352
264597
257987
260136
262058
241251
244235
239217
238916
245919
241085
243804
221413
224477
219636
219548
226225
221433
224355
204964
200060
201859
206737
200130
201798
204929
179642
181076
184922
186350
179694
181026
184862
158098
159136
163540
164624
158128
159109
163508
127976
137607
126528
139341
127520
137655
126133
295467
313715
296082
310775
295248
313673
295692
285429
286294
290093
291851
285879
286133
290118
266814
268653
271578
273153
266889
268545
271434
249029
250870
253696
255429
249077
250785
253660
232856
230957
235665
237416
230994
232729
235634
214105
212350
217222
218976
212362
214043
217208
193296
194878
198202
199840
193259
194885
198242
173805
175267
178863
180407
173778
175264
178911
153550
154748
158811
160053
153564
154724
158816
124280
135150
122108
136228
123947
135045
121623
269383
272818
265435
277270
269369
272922
265890
252907
258128
245742
262493
252802
258249
245990
234235
239659
229626
244621
234229
239585
229795
216125
223156
210980
226806
216089
223021
211008
197089
203806
192797
207928
197104
203784
192876
178388
185858
173863
189284
178406
185794
173868
159191
167000
155399
170272
159179
166905
155401
139281
148462
135548
150673
139076
148392
135193
327277
328001
320641
336154
327524
328949
320908
309834
312033
302526
320061
310076
312014
302598
287470
292351
281120
300459
287840
292313
281201
265391
271341
259757
277973
265667
271312
259772
240851
248622
235902
254482
241115
248572
235944
215402
224440
211364
229418
215734
224435
211401
189430
199371
185989
203596
189768
199365
186015
164002
174264
161301
177403
163840
174232
160995
318915
323692
313464
331676
319190
324764
313502
313492
317172
317270
320461
313598
317138
317473
298368
302204
302890
307314
298436
302162
302797
279852
283223
284972
289166
279838
283245
284939
259607
262532
265137
268931
259610
262544
265122
237791
240297
243783
246926
237768
240318
243769
214531
216553
220837
223453
214502
216612
220886
190483
192114
196900
199017
190470
192202
196955
166365
167630
172771
174399
166374
167668
172797
133561
144397
132176
146817
133380
144389
131881
307492
317885
305768
320408
307444
318835
305718
300217
302615
304027
307282
300293
302494
304232
285211
288286
289330
292303
285245
288248
289298
267423
270347
272111
275063
267455
270328
272071
248130
250900
253088
255897
248156
250886
253060
227964
230526
233057
235746
227967
230503
233050
207215
209095
212467
214626
207186
209126
212490
185138
186474
190767
192321
185106
186488
190812
162201
163201
167950
169095
162218
163177
167948
131084
141184
129411
142582
130694
141313
128984
297304
310457
296166
313528
297909
312369
296667
291544
292874
296341
297629
291753
292697
296365
274753
277226
279244
281397
274801
277169
279179
257004
259608
261569
264036
257088
259528
261493
238402
240702
243208
245450
238467
240665
243127
219303
221351
224133
226162
219349
221332
224088
199889
201665
204791
206606
199901
201661
204762
179619
181011
184812
186355
179591
181042
184843
158043
159071
163472
164588
158051
159061
163478
127799
137704
126439
139488
127371
137886
126057
295115
312120
295031
310793
295162
312523
294686
284302
285368
289477
291557
284415
285259
289490
266820
268487
271359
273083
266777
268526
271419
249003
250696
253635
255413
248986
250708
253643
230925
232554
235622
237302
230919
232542
235629
212376
213973
217226
218874
212366
213968
217226
193457
194958
198364
199965
193405
194986
198396
173898
175287
179035
180535
173876
175310
179051
153526
154665
158855
160078
153532
154649
158868
124257
134963
121765
136283
123997
134936
121283
269460
271874
265998
276666
269553
271752
265791
252693
258071
246252
262267
252638
258062
246804
234232
239473
229846
244343
234242
239372
229873
216098
223017
211042
226822
216146
222882
211166
197125
203717
192896
207845
197158
203571
192919
178448
185794
173875
189313
178493
185621
173923
159193
166888
155401
170214
159213
166680
155403
139345
148339
135426
150661
139088
148095
135198
312126
315688
307142
311257
315726
307240
312111
311553
316530
307514
310281
316450
307674
311530
307965
303391
303857
299957
303536
304000
307902
315311
321110
318010
319534
317987
319608
315296
312124
311326
315759
307492
315757
307376
312105
311554
310525
316260
308030
316342
307842
311518
308034
300047
303725
304260
303641
304116
308047
293930
297902
288937
292325
297926
288917
293950
295082
299364
291846
296103
299360
291823
295089
290582
285931
287436
282789
285914
287417
290597
298191
308051
301911
303244
301737
303100
298232
293909
292154
298089
288862
298004
288887
293895
295065
296068
299354
291751
299352
291789
295048
290562
282758
285868
287354
285893
287388
290540
274596
278412
269240
272373
278396
269208
274639
276352
281218
273320
278139
281199
273293
276380
271368
266297
268339
263186
266266
268314
271398
279282
288304
282316
284391
282489
284434
279240
274546
272217
278426
269167
278420
269177
274503
276309
278109
281125
273206
281166
273253
276257
271327
263145
266199
268234
266231
268276
271283
254359
258312
248523
251348
258323
248495
254403
256280
261354
252879
258077
261308
252839
256329
251161
245836
247953
242927
245848
247940
251191
259297
268563
262142
264547
262053
264576
259247
254319
251332
258371
248478
258363
248478
254287
256219
258035
261208
252888
261254
252848
256189
251139
242939
245912
247971
245877
247946
251131
231539
234836
225122
227371
234804
225167
231521
234913
240505
232569
237913
240523
232578
234895
229359
223569
227235
221661
223581
227243
229342
237089
246869
239547
243309
239506
243286
237156
231579
227471
234781
225343
234784
225247
231634
234958
237949
240617
232644
240565
232607
235018
229400
221685
223661
227298
223616
227267
229453
207812
210213
201500
203160
210214
201523
207814
211995
217916
210412
216148
217921
210419
211980
206212
200337
204753
198991
200351
204763
206191
213502
222553
215478
219895
215396
219846
213558
207830
203247
210284
201637
210250
201573
207863
212025
216174
217987
210464
217948
210439
212066
206247
199004
200426
204809
200383
204783
206290
184287
186091
178065
179481
186099
178069
184289
188812
194682
187552
193363
194686
187549
188808
183026
177170
181831
176030
177171
181828
183025
189968
198160
191473
196150
191405
196122
190000
184296
179521
186164
178101
186129
178083
184311
188827
193369
194724
187558
194701
187552
188850
183036
176029
177190
181837
177179
181832
183049
161207
162571
155119
156250
162583
155098
161223
165704
171540
164570
170332
171536
164562
165709
159970
154043
158970
153008
154009
158956
159985
166654
174300
167911
172725
167898
172725
166649
161195
156274
162584
155086
162573
155149
161170
165700
170333
171531
164542
171535
164556
165676
159968
153061
153980
158938
154064
158958
159926
296958
301049
294210
297701
300868
294065
297022
297286
301419
296909
301234
301256
296984
297135
293964
290675
292655
288553
290723
292703
293914
300137
306729
303046
303029
303102
302798
300254
296944
297493
300544
293895
300671
293961
296992
297381
301278
301652
297098
301361
297017
297526
294019
288603
290803
292842
290757
292757
294127
281896
284748
277280
280046
284724
277263
281920
284041
287834
280895
284570
287789
280864
284058
279387
274801
276554
272236
274791
276549
279409
286435
293718
289185
290633
289247
290787
286361
281865
280018
284644
277214
284688
277242
281809
283984
284594
287715
280855
287763
280860
283899
279360
272240
274756
276548
274778
276550
279320
262943
265562
257919
260427
265542
257900
262961
265502
270198
263290
267836
270191
263281
265521
260650
255701
258546
253668
255681
258547
260674
267832
275339
270442
272563
270481
272588
267773
262906
260391
265465
257830
265509
257874
262855
265475
267834
270151
263258
270175
263273
265439
260623
253649
255622
258518
255654
258537
260590
241973
244946
237194
240092
244950
237210
241946
245264
250554
243446
248617
250541
243441
245274
239899
234660
238102
232785
234681
238105
239894
247373
255213
249893
252655
249903
252674
247382
242020
240092
245002
237282
244969
237243
242090
245250
248600
250494
243426
250520
243435
245235
239907
232807
234780
238113
234723
238110
239918
223017
225205
217982
219884
225213
217968
223029
225481
229963
222880
227538
229982
222885
225503
220926
216140
218401
213962
216128
218378
220932
227937
235423
230429
232560
230404
232572
227926
223004
219892
225251
217917
225229
217948
222977
225464
227591
230054
222984
230012
222923
225461
220924
213944
216082
218376
216110
218367
220920
201903
203329
196353
197678
203333
196349
201904
205942
211122
204310
209218
211112
204295
205950
200580
195102
199170
193826
195096
199155
200580
207402
214488
208950
212722
208938
212741
207393
201904
197682
203353
196338
203343
196346
201900
205925
209203
211063
204233
211095
204270
205896
200573
193804
195071
199085
195087
199128
200554
179448
180658
173797
174917
180653
173791
179451
183961
189533
182800
188326
189526
182780
183966
178352
172726
177233
171657
172721
177230
178357
185108
192043
186335
190728
186337
190732
185096
179445
174913
180649
173780
180652
173788
179437
183943
188311
189510
182744
189522
182765
183921
178339
171643
172692
177175
172710
177208
178319
156817
157756
151081
151872
157736
151064
156828
161432
167078
160466
166043
167069
160463
161440
155744
150095
154942
149297
150081
154932
155753
162426
169223
163458
168077
163473
168087
162416
156819
151916
157733
151060
157738
151115
156814
161421
166031
167043
160430
167060
160449
161401
155733
149332
150055
154903
150114
154918
155721
289296
290850
283834
286442
290828
283956
289359
291104
297267
288014
292375
297265
287953
290881
285581
280610
283726
279449
280577
283643
285376
294005
298682
294601
298766
294544
298725
293977
289258
286443
290846
283990
290818
284008
289228
291158
292488
297063
287861
297132
287871
291049
285747
279412
280607
283468
280591
283493
285709
271360
273780
267611
269919
273795
267631
271325
273019
276731
271505
275477
276719
271485
273014
269361
265577
267568
263570
265606
267557
269345
274856
281843
277403
278658
277317
278555
274920
271410
269946
273879
267729
273835
267682
271461
273030
275461
276717
271440
276715
271467
273041
269387
263571
265688
267529
265646
267549
269413
255124
256753
250488
251991
256763
250494
255103
257818
261680
255722
259610
261719
255757
257777
253699
249308
251816
247673
249314
251846
253665
259592
265763
261369
263786
261368
263752
259611
255138
251977
256754
250458
256764
250486
255137
257883
259648
261847
255836
261779
255806
257947
253742
247564
249276
251761
249308
251869
253769
235343
236670
230094
231380
236669
230098
235347
239537
244567
238280
243065
244557
238219
239555
234304
229004
233208
227760
229003
233164
234313
240528
247007
241870
245533
241900
245581
240473
235326
231385
236647
230088
236663
230099
235288
239494
242941
244466
237915
244525
238092
239430
234276
227709
228970
232932
228994
233069
234230
214423
216029
209405
211570
216048
209462
214367
218434
223681
217178
222464
223691
217183
218420
213183
207983
211929
206710
208012
211941
213162
219633
226107
220972
224860
220916
224834
219692
214498
211593
216163
209686
216096
209560
214588
218453
222452
223706
217183
223702
217189
218469
213210
206736
208087
211974
208050
211960
213234
195709
197604
190849
192499
197588
190832
195714
198184
202870
196406
201549
202933
196441
198115
193466
188749
191406
186619
188790
191480
193422
200348
207156
202461
204986
202485
204912
200394
195705
192457
197513
190757
197557
190801
195687
198278
201585
203153
196607
203034
196513
198361
193535
186702
188886
191680
188845
191588
193618
175101
176182
169615
170626
176165
169601
175123
179021
183996
176748
181765
184016
176865
179043
173860
168583
171901
166986
168555
171991
173895
180489
187145
181642
185662
181682
185721
180423
175061
170598
176108
169521
176141
169569
175003
178982
181869
183990
177066
184018
176986
178933
173811
166985
168429
172076
168501
172064
173748
153091
153878
147484
148337
153864
147485
153099
157655
163148
156595
161830
163116
156544
157683
152121
146680
151320
145680
146666
151255
152150
158540
165041
159460
163990
159488
164035
158502
153072
148345
153833
147450
153850
147497
153054
157607
161798
162992
156414
163061
156485
157548
152079
145619
146570
151123
146642
151188
152022
282730
282880
277831
278528
282856
277818
282745
285852
291280
284269
290519
290943
284284
285958
281882
276442
281556
274707
276423
281520
281925
287322
292917
287176
291364
287165
291108
287370
282737
278527
282877
277828
282853
277823
282720
285943
290339
291049
283988
290929
284070
285977
281856
274631
276407
281268
276405
281417
281835
264044
265798
259401
261528
265782
259373
264050
266953
272330
264538
270833
272318
264511
266952
262560
257184
260315
254467
257156
260323
262575
268613
274361
269991
273324
270003
273323
268602
264023
261511
265762
259351
265781
259361
264005
266971
270879
272334
264302
272326
264398
266997
262537
254340
257118
260405
257137
260345
262505
246241
249471
241337
244543
249362
241297
246325
248334
253268
244964
250695
253223
244868
248345
243952
238925
241662
236255
238887
241661
243948
250739
257484
253248
255001
253424
255074
250516
246054
244342
248871
241120
249138
241225
245813
248211
250758
253036
244760
253147
244732
248058
243949
236243
238771
241660
238834
241631
243866
227723
230494
223250
226093
230547
223262
227791
230163
235323
227663
233408
235261
227628
230218
225930
220784
224277
218018
220741
224200
225980
232153
239642
234831
236709
234907
236804
232053
227637
225997
230475
223136
230556
223234
227547
230077
233288
235036
227516
235155
227578
229978
225829
217959
220569
223911
220667
224040
225713
209281
210714
204105
205430
210715
204101
209309
211851
217015
208614
214643
216962
208575
211882
207548
202206
205206
198958
202101
205167
207648
214219
221151
215825
218829
215879
219019
214004
209218
205424
210676
203896
210709
204049
209061
211748
214613
216759
208503
216879
208537
211579
207372
198904
201720
204997
201927
205096
207168
188640
189983
183500
184862
189995
183504
188650
192262
197792
189464
195820
197746
189395
192338
187461
181898
186039
179529
181910
185976
187496
193745
200326
195098
198858
195087
198946
193652
188618
184947
190096
183479
190031
183493
188588
192125
195689
197473
189209
197642
189291
191976
187394
179437
181809
185741
181860
185869
187307
168411
169926
163343
164966
170007
163348
168423
172114
177560
169931
176283
177543
169833
172093
167465
161914
166291
159823
161965
166254
167478
173458
180064
175150
178536
175042
178492
173500
168431
165103
170287
163509
170143
163425
168509
172059
176189
177452
169646
177502
169726
172008
167431
159740
161924
166106
161944
166186
167398
148411
149613
143101
144323
149763
143160
148394
152052
157586
150070
156461
157577
149972
152016
147368
141991
146411
139972
142030
146392
147391
153408
160201
155006
158567
154981
158458
153473
148523
144386
149862
143231
149843
143233
148602
152049
156396
157552
149868
157554
149881
152065
147343
139940
142102
146357
142090
146373
147398
312029
315741
307548
311532
312071
315686
307567
311449
316120
308167
310958
311479
316034
308227
308022
303821
304385
300224
308037
303893
304471
315153
320837
318001
318941
318052
319042
315081
311966
311500
315495
307517
315587
307554
311880
311389
311027
315759
308167
315877
308212
311311
307990
300263
303880
304464
303917
304494
307941
293881
298242
288848
292166
293884
298400
288844
295006
299427
291709
296012
295030
299464
291651
290491
285840
287316
282632
290516
285810
287277
298417
308457
302474
303434
302416
303417
298519
293896
292334
298793
288885
298616
288853
293960
294993
296061
299491
291579
299482
291598
295027
290470
282584
285768
287189
285784
287240
290461
274465
278517
269177
272359
274475
278620
269205
276170
281085
273154
277979
276210
281047
273100
271211
266178
268188
263036
271244
266169
268145
279218
288606
282532
284350
282378
284328
279256
274479
272530
278967
269336
278797
269250
274533
276145
277928
280996
273003
281016
273048
276139
271192
263024
266219
268083
266177
268107
271198
254275
258383
248511
251299
254272
258356
248559
256215
261198
252941
257993
256189
261249
253003
251187
245961
248016
243063
251147
246018
248080
259288
268997
262286
264717
262274
264664
259332
254299
251381
258295
248691
258339
248623
254346
253180
256261
258079
261366
261302
253083
256325
248261
251260
243142
246157
246085
248162
251359
231778
234821
225444
227796
231704
234853
225538
235165
240680
232687
238102
235091
240747
232731
229582
223714
227334
221773
229517
223772
227369
237422
246824
239976
243514
239895
243453
237497
231852
227905
234935
225709
234900
225628
231920
232812
235237
238159
240885
240816
232774
235303
227427
229647
221800
223890
223831
227400
229706
207974
210357
201713
203573
207913
210421
201788
212171
218037
210493
216270
212116
218092
210522
206395
200476
204839
199070
206341
200529
204871
213803
222792
215934
220169
215833
220095
213891
208044
203696
210590
201935
210512
201863
208119
212229
216299
218210
210579
218151
210551
212287
206452
199096
200639
204936
200584
204904
206509
184357
186214
178125
179661
184333
186258
178148
188907
194756
187567
193412
188878
194793
187577
183085
177203
181844
176023
183067
177214
181852
190129
198387
191792
196351
191727
196293
190173
184384
179703
186348
178189
186304
178170
184413
188937
193434
194877
187602
194834
187589
188965
183104
176021
177230
181870
177223
181861
183123
161100
162591
155163
156214
161145
162589
155036
165624
171528
164526
170320
165655
171518
164502
159852
154028
158910
152896
159895
153910
158888
166612
174345
167934
172725
167937
172729
166584
161063
156244
162535
154924
162556
155071
161009
165597
170311
171491
164455
171505
164480
165563
159816
152920
153784
158827
153940
158855
159764
297119
300442
293840
297071
297049
300380
293803
297695
301471
297104
301606
297570
301762
297173
294327
290838
292912
288829
294219
290871
292995
300524
307427
303281
303601
303198
303275
300644
297183
296976
300370
293712
300362
293757
297236
297751
301531
301936
297232
301695
297197
297835
294410
288870
290901
293089
290892
293049
294484
281701
284571
277180
279887
281758
284500
277137
283719
287652
280838
284805
283808
287580
280804
279231
274728
276549
272234
279277
274698
276546
286092
293185
288843
290120
288917
290212
286009
281644
279816
284386
277040
284441
277089
281587
283623
284810
287413
280684
287501
280743
283484
279185
272225
274636
276523
274667
276539
279134
262779
265416
257790
260267
262815
265365
257765
265366
270124
263235
267802
265402
270096
263207
260509
255586
258489
253552
260551
255553
258451
267656
275168
270255
272415
270303
272459
267614
257742
262745
260239
265280
265319
257748
262711
265327
267783
270034
263139
270065
263175
265283
255525
260466
253512
258357
255532
258407
260419
242284
245054
237333
240229
242178
245124
237393
245234
250473
243416
248476
245226
250472
243408
239958
234851
238113
232920
239933
234936
238112
250213
252721
247617
247523
255137
250093
252685
245314
237538
242510
242406
240306
245213
237465
250654
243554
245393
245286
248489
250526
243515
235153
238162
240086
240003
232994
235039
238141
222899
225280
217878
219953
222943
225312
217831
225494
230108
223062
227837
225473
230174
223142
220901
216044
218412
214020
220915
216014
218474
230586
232662
227873
227884
235598
230543
232618
225377
217718
222786
222842
219967
225345
217768
230340
223382
225573
225518
227937
230253
223181
215734
218424
220764
220834
213868
215914
218372
201868
203365
196327
197700
201888
203375
196312
205807
211020
204189
209157
205857
210971
204136
200482
195049
199032
193675
200524
195019
198970
212568
207303
214538
208972
208974
212619
207254
201839
197706
203386
196273
203382
196294
201804
210759
205737
209100
203960
210891
204057
205648
200424
193607
194924
198813
194977
198894
200355
179415
180647
173765
174889
179427
180645
173747
183874
189489
182712
188204
183900
189460
182672
178265
172670
177142
171553
178295
172644
177107
185058
192065
186336
190683
186333
190698
185048
179401
174879
180640
173716
180642
173730
179387
183845
188150
189384
182580
189424
182626
183814
178236
171514
172589
177031
172617
177070
178212
156785
157711
151113
151797
156799
157688
151029
161356
167021
160409
165952
161382
166997
160383
155681
150090
154881
149256
155701
150013
154862
162375
169168
163341
168023
163379
168039
162356
156765
151825
157614
150957
157652
151068
156745
161332
165919
166944
160325
166970
160356
161303
155658
149284
149952
154809
150046
154834
155632
289185
290873
283946
286477
289202
290892
283913
290336
296687
287798
291925
290722
296364
287784
285277
280611
283495
279392
285502
280622
283541
293750
298941
294650
298518
294671
298516
293673
289119
286493
290869
283947
290892
283908
289060
289868
291654
295436
287766
295811
287784
289494
285140
279384
280730
283553
280655
283555
285087
271583
273934
267782
270024
271524
273988
267828
273069
276727
271414
275401
273056
276741
271378
269466
265734
267504
263524
269442
265770
267468
275172
281891
277865
279290
277757
279096
275283
271633
270040
274065
267849
274036
267857
271660
273076
275374
276799
271271
276757
271331
273084
269475
263408
265639
267292
265771
267407
269444
255073
256730
250411
251852
255117
256694
250348
258008
261919
255733
259594
258000
261968
255479
253737
249221
251537
246774
253776
249132
251209
259562
265788
261259
263808
261307
263846
259484
250177
255001
251796
256581
256645
250269
254901
257881
259360
261705
254764
261917
255160
257621
248753
253576
246379
250430
248991
250850
253311
235163
236618
230067
231373
235233
236582
230034
239260
244389
237681
242179
239351
244292
237387
234093
228935
232749
227397
234168
228888
232513
241674
245307
240213
240239
246828
241786
245332
236468
229956
235030
235089
231375
236581
229993
243980
236628
239019
239158
241802
244170
237033
228755
231865
233893
234005
227207
228830
232218
214799
216247
209818
211793
214690
216383
209913
218486
223703
217164
222293
218480
223693
217121
213254
208126
211979
206776
213250
208182
211962
221299
224945
219934
219888
226260
221227
224924
216394
209881
214837
214877
211794
216394
209943
223639
216858
218469
218482
222178
223673
217033
208167
211787
213210
213236
206747
208181
211885
195620
197460
190702
192266
195659
197398
190637
198487
203240
196672
201722
198431
203298
196716
193726
188888
191758
186927
193689
188860
191824
205172
200474
207193
202247
202323
205161
200444
195568
192188
197249
190487
197323
190565
195508
203348
198531
201728
196747
203329
196741
198536
193718
186939
188760
191873
188815
191867
193687
174861
176066
169464
170479
174935
176016
169400
178803
183946
177082
182067
178872
183891
177067
173592
168350
172061
166851
173673
168265
172027
180179
186891
181402
185345
181469
185432
180091
174783
170436
175905
169269
175961
169335
174705
178726
182055
183760
176997
183828
177036
178645
173507
166785
168093
171921
168178
171979
173421
152989
153804
147462
148242
153018
153778
147409
157419
162916
156337
161616
157485
162839
156262
151904
146553
151049
145407
151962
146472
150991
158369
164883
159311
163780
159353
163833
158321
152949
148246
153712
147343
153745
147415
152917
157356
161543
162690
156129
162762
156194
157293
151848
145392
146362
150884
146453
150932
151795
282600
282862
277818
278493
282652
282883
277805
285738
290647
283918
290209
285812
290740
283870
281691
276401
281016
274103
281759
276375
280746
286985
292681
286989
290962
287040
290926
286898
282505
278454
282840
277699
282863
277764
282415
285567
289923
290446
283211
290470
283600
285468
281546
273659
275942
279713
276257
280291
281348
263929
265756
259311
261400
263978
265733
259166
266992
272276
264009
270563
267008
272209
263744
262325
257075
260326
253745
262439
256945
260171
268493
274290
269795
273126
269879
273221
268290
263802
261174
265476
258694
265665
258947
263555
266751
270143
271809
263303
272068
263442
266399
262127
253631
256708
259830
256818
259921
261922
245444
248519
240984
243449
245616
248141
240832
247805
252946
244777
250495
247895
252883
244895
243644
238704
241542
236220
243752
238636
241494
249775
256881
251898
254206
252232
254382
249600
245278
243135
247489
240518
247787
240672
245122
247740
250461
252765
245063
252858
244941
247686
243551
236171
238501
241366
238569
241404
243469
227277
230322
222973
225386
227426
230117
222763
229772
234915
227444
232941
229873
234805
227381
225470
220457
223775
217811
225589
220339
223668
233936
231643
238803
236144
234219
236294
231496
229587
227109
225090
222305
229870
222528
226944
229677
232835
234619
227248
234706
227305
229595
225358
217760
220122
223484
220223
223560
225264
208601
210605
203696
205187
208833
210446
203497
211155
216607
208460
214376
211370
216436
208416
206733
201497
204854
198792
206952
201296
204710
215008
213200
220389
217857
215262
218129
212923
210052
208373
205045
203080
210251
203278
208132
210973
214243
216113
208333
216259
208365
210834
206524
198764
201049
204506
201150
204585
206378
188485
190139
183463
185127
188536
190171
183454
191669
197316
189152
195396
191815
197176
189129
187140
181749
185644
179332
187223
181675
185578
193321
200140
194991
198300
195035
198441
193254
188439
185152
190202
183445
190200
183446
188412
191587
195317
196982
189130
197062
189117
191541
187080
179361
181628
185476
181635
185509
187050
168645
170384
163572
165248
168583
170413
163606
171943
177433
169610
175951
171963
177420
169634
167408
161905
166046
159794
167390
161918
166013
173608
180396
175312
178678
175311
178650
173631
168685
165236
170405
163648
170416
163627
168721
171952
175934
177479
169722
177438
169669
171988
167421
159847
162006
165953
161954
165964
167461
148680
149841
143276
144340
148648
149807
143251
152114
157599
149900
156333
152082
157657
149960
147486
142195
146356
140015
147450
142202
146353
153553
160238
154896
158763
154936
158742
153563
148692
144343
149728
143237
149764
143283
148698
152148
156344
157733
150083
157695
150014
152176
147504
140088
142237
146314
142268
146303
147514
311647
315395
307454
311323
311769
315306
307371
311039
315504
308081
311137
311185
315354
307985
307768
303817
304405
300263
307866
303732
304329
314710
320498
317768
318313
317846
318412
314552
311513
311217
315131
307153
315210
307269
311369
310856
311008
314914
307701
315086
307851
310654
307644
300176
303502
304119
303625
304232
307501
294185
298959
288991
292846
294089
299049
289139
295083
299500
291623
296089
295060
299518
291641
290549
285777
287158
282498
290488
285835
287179
298670
308099
302512
303317
302572
303382
298706
294261
292997
299186
289358
299147
289256
294311
295099
296093
299465
291642
299511
291646
295113
290598
282569
285993
287263
285918
287225
290641
274735
279118
269416
272800
274640
279224
269487
276238
281005
272972
277836
276161
281084
272975
263212
271356
266308
268085
271261
266394
268158
279574
289296
283089
284801
283013
284700
279663
274818
272855
279397
269606
279338
269553
274885
276328
277927
281271
273148
281181
273067
276413
263309
271447
266562
268357
266480
268262
271532
254461
258279
248760
251592
254405
258248
248814
253286
258408
253395
256488
261443
256402
261531
248376
243399
248507
251546
246232
251462
246303
259551
269154
262454
265024
262421
264953
259601
254513
251655
258227
248873
258247
248853
254555
258512
253593
253498
256588
261761
261635
256686
243462
248724
248630
251614
246389
246355
251669
232040
234985
225783
228146
231984
235020
225848
232844
238311
232873
235400
240952
235359
241013
227449
221858
227470
229805
223948
229760
224004
237664
246884
240216
243710
240184
243676
237697
232091
228219
235106
225962
235065
225908
232141
238350
232919
232898
235435
241090
241059
235461
221881
227524
227495
229848
224099
224055
229889
208277
210685
202005
203982
208197
210764
202071
216380
212399
218270
210607
212344
218334
210637
206623
200694
204970
199183
206567
200744
205006
214139
223059
216294
220476
216222
220399
214207
208358
204061
210935
202186
210853
202130
208438
216415
212457
218454
210712
218395
210672
212517
206683
199218
200844
205095
200794
205048
206748
184474
186389
178207
179790
184444
186430
178221
189023
194924
187618
193512
188993
194968
187636
183161
177236
181880
176015
183140
177241
181893
190294
198619
191994
196596
191957
196536
190329
184505
179794
186504
178239
186463
178232
184538
189056
193544
195057
187678
195012
187656
189086
183188
176014
177244
181928
177242
181908
183216
160908
162485
154949
155993
160965
162449
154778
165498
171475
164429
170282
165533
171459
164403
159662
153795
158785
152648
159718
153630
158753
166484
174348
167786
172708
167827
172710
166445
160858
155993
162348
154605
162384
154794
160806
165470
170275
171434
164361
171443
164382
165440
159628
152687
153487
158703
153662
158721
159581
297278
300364
293682
296696
297267
300346
293649
297892
301820
297217
301668
297851
302050
297199
294542
290886
293099
288844
294524
290847
293085
300719
307741
303317
304086
303354
303865
300716
297260
296610
300239
293526
300301
293597
297220
297866
301508
302125
297038
301975
297128
297840
294527
288777
290697
292958
290780
293035
294491
281477
284338
276994
279683
281531
284301
276948
283203
287310
280623
284672
283332
287186
280546
279005
274599
276485
272106
279078
274553
276387
285737
292829
288590
289720
288648
289838
285647
281425
279674
284265
276881
284283
276904
281370
283074
284589
286906
280321
287027
280448
282939
278883
271986
274380
276148
274490
276277
278765
257744
260293
257745
262646
265252
262678
265249
265175
269995
263093
267654
265234
269944
263026
255529
253228
255489
260312
258307
260373
258225
267491
274976
270214
272272
270153
272278
267514
260406
257876
257783
262638
265406
265316
262701
265114
267565
269806
262828
269883
262941
265065
253139
255506
255460
260261
258079
258144
260243
201735
203390
196252
197731
201767
203397
196233
210625
208803
210478
205444
203837
205546
203719
200199
194865
198728
193386
200275
194811
198638
214519
212411
212425
207124
208981
208966
207115
201715
197746
203432
196222
203410
196223
201711
208746
210440
210419
205372
203592
203631
205361
200138
193313
194745
198493
194769
198557
200106
179370
180640
173703
174856
179377
180644
173692
183759
189344
182534
187970
183786
189310
182489
178169
172564
176991
171411
178189
172545
176952
185025
192106
186373
190656
186360
190654
185026
179366
174852
180661
173680
180651
173685
179364
183736
187912
189261
182407
189279
182446
183719
178151
171380
172517
176884
172530
176915
178132
156704
157579
151010
151587
156722
157536
150884
161255
166919
160297
165812
161280
166895
160266
155579
150007
154781
149157
155608
149893
154759
162307
169109
163260
167967
163281
167974
162288
156680
151639
157474
150802
157502
150944
156667
161236
165783
166863
160213
166876
160240
161213
155557
149202
149835
154715
149967
154735
155532
288988
290827
284025
286421
289014
290759
284126
289080
294859
287695
291418
289211
294604
287625
285232
280864
283522
279321
285119
281059
283487
293277
298768
294138
297887
294315
298003
293086
288949
286346
290551
284203
290669
284204
288851
289059
291228
294285
287453
294288
287528
289154
285415
279384
281382
283554
281231
283471
285607
271487
274044
267741
269898
271596
273937
267513
273115
276939
271198
275312
273126
277091
271083
269149
265396
267123
262539
269320
265102
266895
275367
282048
277738
279662
277844
279634
275274
271323
269689
273631
266950
273803
267253
271101
273051
275281
277248
270766
277186
270921
272939
268915
262245
264403
266446
264742
266637
268681
250067
251460
249890
254581
256513
254771
256408
256813
261377
254314
258246
257250
261005
253872
248433
245058
248023
252510
249977
252955
249521
258764
265424
260682
262734
260945
263088
258384
251306
249293
249650
254275
256070
256272
253886
256344
257927
260154
253213
260570
253497
255867
244618
247028
247523
252028
248796
249107
251522
195371
197169
190405
191942
195443
197078
190321
203358
201660
203328
198476
196735
198515
196711
193589
188699
191859
186873
193642
188637
191834
207227
205021
205076
200273
201954
202012
200208
195295
191851
196906
190156
196984
190237
195217
201615
203240
203285
198427
196641
196678
198379
193533
186840
188510
191773
188572
191804
193477
174552
175848
169205
170296
174628
175793
169143
178482
183688
176949
181960
178562
183614
176898
173255
168013
171860
166589
173336
167938
171803
179833
186564
181130
184995
181194
185076
179758
174481
170251
175689
169032
175739
169085
174417
178406
181920
183472
176805
183540
176848
178337
173180
166533
167811
171704
167870
171750
173113
152843
153674
147372
148103
152876
153641
147287
157180
162622
156074
161347
157236
162559
156022
151699
146371
150835
145243
151744
146275
150797
158199
164716
159160
163580
159194
163625
158163
152802
148145
153579
147213
153604
147325
152776
157131
161297
162450
155941
162501
155979
157083
151655
145275
146186
150736
146296
150760
151621
282139
282785
277570
278216
282292
282714
277244
284926
290044
282588
289139
285227
289991
282118
280502
275440
278927
272375
280995
274886
278297
286435
292116
286487
290381
286627
290381
286243
281841
278014
282502
276324
282618
276799
281400
284473
288552
289542
281273
289656
281616
283940
279947
272089
274047
277378
274378
277717
279418
262986
265233
258497
260310
263250
264939
258329
265718
271362
263085
268964
265994
270923
263066
261562
256596
259760
253903
261722
256498
259720
267240
273741
268817
271815
269028
272160
267022
262805
260100
264538
258104
264718
258196
262685
265511
268598
270297
263014
270553
263003
265375
261427
253972
256378
259552
256422
259582
261335
242373
244854
247227
240378
244978
246992
240256
247588
252656
245109
250399
247635
252584
245161
243318
238430
241295
236074
243390
238365
241265
249218
255794
250995
253754
251164
253832
249142
242171
244750
246613
240075
246784
240156
244671
247536
250332
252475
245172
252522
245152
247485
243253
236040
238255
241193
238305
241211
243205
229268
224151
228965
226709
222133
226814
221994
229463
234543
227186
232600
229524
234481
227145
225131
220038
223412
217683
225189
219972
223366
237850
233019
233205
231132
235716
235790
231051
223918
228544
228733
226623
221792
221879
226551
229411
232538
234393
227076
234430
227099
229367
225093
217673
219900
223289
219924
223315
225074
209848
204606
209648
207791
202948
207914
202864
210675
216008
208305
214009
210734
215943
208301
206248
200980
204435
198753
206292
200943
204405
219333
214190
214310
212456
217259
217322
212395
204531
209449
209526
207725
202795
202815
207695
210643
213966
215889
208316
215904
208298
210632
206230
198763
200945
204390
200933
204382
206235
188419
190190
183451
185150
188407
190174
183465
191537
196923
189166
195173
191525
196902
189221
187075
181640
185446
179551
187048
181674
185451
199881
193204
194885
198172
194902
198160
193225
188446
185143
190155
183527
190161
183490
188488
191567
195164
196938
189352
196910
189281
191607
187118
179626
181776
185525
181721
185470
187174
168793
170386
163668
165157
168758
170366
163688
172097
177508
169777
175967
172040
177549
169860
167565
162060
165955
160098
167513
162109
166006
173719
180388
175273
178817
175281
178774
173750
168825
165134
170336
163719
170349
163706
168856
172152
175993
177666
170073
177603
169962
172205
167618
160187
162180
166127
162149
166057
167667
148688
149693
143286
144207
148694
149664
143211
152220
157761
150144
156412
152203
157783
150222
147545
142326
146344
140253
147532
142262
146373
153573
160100
154769
158807
154796
158802
153568
148677
144231
149612
143146
149635
143267
148665
152233
156445
157836
150351
157808
150296
152232
147554
140406
142228
146385
142343
146376
147554
311060
315051
307023
310866
311213
315007
306889
310191
314596
307519
310749
310422
314432
307335
307179
303366
303991
299828
307344
303221
303856
313966
320197
317355
317619
317402
317671
313786
310909
310724
314963
306629
314959
306754
310770
309951
310533
314023
306939
314128
307132
309729
307014
299700
302929
303578
303072
303715
306862
294355
299165
289467
293166
294359
299041
289496
295099
299405
291629
295930
295136
299332
291605
290733
286063
287300
282699
290691
286137
287347
298576
307673
302255
302983
302319
303071
298507
294339
293182
298913
289432
298989
289482
294302
295046
295848
299170
291505
299253
291558
294981
290733
282725
286098
287323
286124
287343
290719
274980
279436
269649
272870
274942
279430
269669
276594
281358
273225
278167
276502
281450
273295
271715
266640
268447
263559
271621
266720
268545
279828
289341
283211
284991
283215
284993
279832
275014
272873
279393
269674
279413
269673
275041
276635
278220
281492
273366
281484
273351
276645
271769
263614
266762
268646
266752
268614
271801
254610
258215
248878
251697
254588
258196
248871
253684
256785
261852
258825
256753
261907
253745
248778
251743
246404
243551
251714
246401
248807
259633
269039
262524
265139
262531
265129
259620
254623
251701
258199
248839
258195
248855
254623
256793
258868
261951
253756
261937
253762
256786
251754
243546
246361
248812
246385
248815
251750
232237
235155
226006
228373
232190
235208
226044
232935
235491
241106
238418
235481
241112
232943
227554
229962
224135
221969
229929
224168
227581
237746
246905
240284
243782
240270
243770
237753
232281
228412
235337
226112
235268
226078
232322
235496
238422
241105
232935
241111
232943
235497
229991
221991
224230
227622
224199
227602
230018
208607
211018
202240
204235
208522
211103
202290
212641
218509
210755
216549
212581
218566
210797
206890
200889
205145
199335
206819
200935
205199
214390
223329
216517
220774
216464
220703
214446
208689
204282
211266
202385
211181
202337
208766
212699
216590
218678
210873
218623
210837
212752
206961
199377
201026
205308
200981
205253
207029
184607
186533
178242
179782
184572
186581
178245
189140
195102
187701
193664
189114
195151
187726
183272
177248
181949
176025
183244
177254
181974
190409
198838
192088
196840
192054
196776
190437
184643
179753
186691
178255
186619
178247
184680
189166
193710
195250
187776
195201
187752
189195
183303
176032
177271
182031
177262
182002
183339
160751
162314
154672
155745
160780
162314
154501
165397
171428
164346
170273
165419
171429
164329
159530
153584
158698
152426
159558
153394
158689
166375
174347
167643
172752
167642
172733
166363
160727
155768
162310
154429
162293
154584
160719
165386
170282
171446
164306
171435
164321
165374
159511
152516
153300
158660
153497
158676
159488
297086
300155
293441
296304
297156
300063
293351
297670
301971
296894
301276
297752
302076
296744
294348
290601
292850
288443
294426
290500
292727
300501
307475
302788
304229
302938
304105
300412
297005
296196
299873
293187
299964
293264
296933
297550
301025
302001
296389
301921
296562
297440
294262
288312
290301
292457
290396
292591
294179
281234
284245
276844
279698
281308
284222
276798
282666
286792
280173
284275
282785
286687
280047
278502
274269
275994
271498
278641
274153
275819
285369
292487
288338
289381
288397
289450
285300
281166
279692
284152
276691
284189
276744
281105
282567
284171
286517
279851
286593
279939
282487
278398
271345
273943
275591
274035
275690
278313
257919
262757
265473
260646
262736
265534
257944
264957
269717
262673
267076
265019
269621
262506
255472
260199
257950
253025
260232
255423
257813
267517
275127
270361
272157
270356
272199
267490
262774
260709
265619
257951
265599
257962
262760
264882
266894
269429
262207
269515
262332
264814
260152
252879
255313
257544
255367
257657
260100
245861
238022
243037
243106
240881
245934
238085
250752
243534
245676
245604
248170
250621
243368
235565
238152
240540
240549
233215
235589
238131
248200
255875
250905
253117
250887
253134
248184
243145
240879
245961
238123
245958
238114
243151
245546
247943
250457
243052
250524
243137
245511
240545
233214
235605
238071
235599
238082
240544
225375
217556
222688
222723
219946
225353
217572
230694
223505
225717
225731
228291
230694
223418
215510
218370
220647
220717
213612
215630
218375
227951
235809
230551
233059
230577
233048
227963
222764
219941
225317
217631
225333
217607
222794
225733
228321
230676
223456
230686
223500
225722
220730
213701
215648
218471
215658
218544
220714
201734
203459
196231
197820
201718
203488
196246
210476
205360
203558
208584
205356
210531
203532
200087
194729
198436
193146
200094
194722
198374
207140
214574
209068
212444
209044
212427
207159
201755
197851
203557
196296
203521
196267
201781
205357
208588
210523
203472
210524
203501
205359
200085
193123
194739
198333
194724
198346
200093
179375
180673
173677
174858
179367
180688
173677
183713
189250
182374
187783
183713
189249
182353
178123
172502
176861
171319
178124
172497
176843
185060
192209
186454
190729
186432
190701
185080
179386
174862
180722
173685
180705
173680
179399
183721
187769
189275
182354
189257
182347
183738
178128
171308
172500
176841
172497
176837
178138
156627
157454
150902
151434
156648
157430
150748
161184
166852
160199
165723
161203
166840
160182
155488
149943
154696
149036
155511
149785
154683
162247
169096
163211
167951
163228
167952
162226
156605
151558
157390
150680
157409
150851
156583
161176
165712
166823
160158
166828
160171
161157
155470
149133
149730
154644
149912
154665
155445
288539
290413
284115
285976
288706
290253
283993
289305
294136
287419
291125
289242
294233
287472
285851
281473
283654
279377
285774
281447
283720
292316
297982
293140
296755
293405
296939
292042
288359
285834
289907
283716
290083
283856
288174
289297
291052
294177
287530
294095
287511
289242
285812
279315
281287
283728
281376
283771
285732
270745
273417
266632
268979
270899
273256
266412
272737
277227
270639
275069
272838
277172
270529
268359
264159
266288
261679
268506
263966
266162
274974
281660
277304
279333
277397
279430
274881
270617
268802
273023
266112
273127
266244
270510
272638
274997
277023
270397
277099
270446
272551
268234
261579
263701
266035
263813
266078
268142
248905
253123
255817
250792
253493
255561
248524
255200
259847
252983
257304
255481
259611
252803
246565
250765
248552
243799
251080
246238
248363
257394
264387
259731
261687
259900
261845
257217
252871
250567
255144
248072
255317
248261
252687
254987
257195
259295
252596
259429
252675
254829
250530
243649
245814
248138
245994
248225
250356
235975
229332
234197
233999
231077
236009
229180
241988
234801
237266
236991
239281
241685
234628
227580
230200
232420
232194
225335
227391
230042
238706
245657
240764
243330
240858
243514
238564
233857
231050
235873
228992
235915
229072
233757
236764
239144
241255
234411
241441
234499
236587
232010
225222
227115
229842
227238
229924
231864
216379
209745
214629
214626
211596
216452
209787
222751
215993
217840
217715
220689
222589
215888
207958
211203
212838
212773
206261
207916
211115
219479
226214
221380
224194
221417
224267
219410
214600
211686
216459
209720
216513
209774
214547
217616
220589
222353
215733
222459
215800
217535
212726
206206
207864
210998
207891
211046
212685
195063
196823
190079
191603
195137
196745
190013
203180
198282
196604
201470
198328
203132
196578
193380
188455
191747
186771
193423
188413
191731
199994
206712
201681
204827
201751
204882
199936
194997
191558
196640
189933
196672
189953
194953
198248
201444
203069
196562
203096
196564
198226
193352
186766
188369
191747
188383
191728
193332
174317
175646
168987
170149
174361
175612
168951
178235
183415
176771
181839
178280
183372
176745
173015
167762
171668
166414
173058
167724
171640
179599
186319
180997
184802
181002
184816
179584
174284
170131
175582
168909
175589
168925
174264
178198
181833
183324
176725
183337
176723
178184
172983
166392
167678
171609
167696
171620
172959
152719
153549
147295
147991
152740
153526
147162
157008
162407
155911
161194
157045
162372
155883
151563
146252
150710
145108
151588
146124
150694
158078
164605
159075
163473
159094
163485
158058
152695
148099
153481
147094
153503
147259
152673
156984
161177
162331
155844
162347
155864
156960
151539
145211
146064
150665
146217
150678
151522
280542
282290
275974
277324
280941
282088
275721
282890
289121
280936
286757
283342
288919
280790
278768
273803
277056
271764
279023
273646
276915
284988
291596
285645
289933
285872
289907
284636
280298
277185
281756
275479
281867
275561
280136
282575
286151
288185
280563
288432
280598
282391
278597
271713
273489
276763
273537
276789
278508
262564
264404
258045
259720
262609
264319
258002
265197
270120
262934
268197
265271
270032
262935
261228
256340
259449
254090
261259
256308
259410
266773
273071
268469
271343
268485
271361
266761
262538
259674
264277
257950
264280
257968
262531
265151
268091
269983
262866
269991
262880
265133
261209
254051
256247
259259
256275
259320
261198
244580
246485
240010
241750
244615
246401
239962
247397
252440
245142
250233
247435
252417
245140
243166
238209
241151
236030
243175
238176
241147
248998
255390
250704
253634
250732
253641
248985
244565
241682
246332
239916
246353
239931
244566
247369
250169
252394
245092
252403
245103
247354
243171
236032
238148
241132
238156
241131
243187
228389
226474
221732
223484
226501
228269
221699
229299
234371
227047
232468
229330
234365
227040
225075
219885
223260
217693
225069
219875
223258
230934
237346
232586
235618
232642
235620
230922
226465
223402
228144
221680
228189
221685
226466
229275
232453
234388
227024
234374
227027
229261
225089
217698
219858
223255
219864
223252
225105
209399
207697
202797
204443
207688
209371
202813
210628
215895
208322
213972
210629
215913
208347
206284
200966
204391
198862
206254
200989
204424
212351
218917
213983
217218
214003
217209
212358
207716
204444
209371
202856
209362
202834
207739
210628
213973
215962
208386
215936
208360
210629
206320
198900
201024
204490
201007
204451
206357
188584
190162
183566
185158
188536
190179
183602
191685
196983
189414
195283
191648
197039
189482
187310
181828
185584
179839
187240
181875
185657
193330
199860
194916
198328
194900
198286
193356
188631
185177
190254
183680
190205
183632
188694
191718
195329
197146
189574
197096
189530
191748
187378
179892
181947
185771
181913
185716
187438
168905
170329
163729
165084
168883
170326
163736
172289
177728
170160
176168
172252
177788
170233
167758
162199
166181
160385
167713
162214
166242
173826
180425
175273
179010
175261
178959
173852
168926
165074
170346
163745
170329
163739
168957
172318
176217
177901
170299
177849
170271
172337
167797
160411
162212
166319
162212
166282
167836
148648
149590
143248
144049
148655
149574
143100
152213
157863
150389
156574
152228
157884
150400
147554
142321
146433
140345
147555
142167
146443
153543
160052
154681
158836
154706
158824
153529
148647
144124
149550
143053
149558
143221
148651
152210
156611
157952
150375
157921
150405
152197
147552
140472
142062
146420
142232
146431
147551
310550
314934
306522
310428
310641
314866
306446
309373
313693
306742
310370
309514
313800
306602
306636
302797
303447
299363
306728
302689
303342
313406
320351
317231
317517
317126
317105
313395
310501
310460
314865
306417
314790
306408
310506
309265
309995
313888
306478
313466
306485
309270
306579
299306
302635
303277
302632
303276
306592
294143
298824
289388
293189
294234
298660
289353
294854
299090
291453
295634
294915
299017
291406
290643
286063
287298
282665
290687
286027
287266
298309
307214
302382
302723
302211
302750
298310
294119
293184
298523
289347
298567
289324
294090
294810
295597
298981
291359
298984
291369
294795
290614
282631
285989
287232
285993
287238
290605
275075
279372
269687
272957
275061
279308
269720
276637
281489
273358
278196
276643
281480
273347
271831
266764
268659
263635
271821
266765
268664
279828
289136
283461
284895
283286
284922
279845
275093
273040
279238
269747
279293
269712
275084
276615
278173
281473
273325
281472
273318
276614
271833
263622
266747
268666
266748
268657
271842
254585
258198
248829
251775
254609
258189
248829
256751
261954
253741
258884
256770
261948
253724
251716
246333
248805
243475
251736
246306
248793
259570
268901
262678
265075
262557
265118
259577
254570
251775
258187
248811
258189
248796
254535
256724
258875
261930
253695
261938
253700
256709
251697
243446
246255
248767
246272
248778
251678
232379
235393
226147
228568
232355
235437
226177
235496
241093
232923
238395
235497
241077
232909
230063
224261
227640
222044
230042
224295
227657
237780
246921
240401
243712
240304
243757
237788
232394
228593
235464
226214
235453
226198
232367
235478
238383
241038
232886
241060
232894
235464
230072
222048
224295
227667
224299
227669
230063
208885
211317
202432
204515
208831
211383
202456
212843
218726
210909
216705
212801
218768
210947
207141
201067
205361
199480
207089
201099
205411
214562
223448
216708
220893
216630
220910
214582
208906
204554
211454
202523
211397
202494
208907
212868
216731
218781
210955
218790
210964
212868
207173
199494
201134
205439
201123
205444
207173
184758
186737
178277
179875
184717
186808
178285
189247
195296
187794
193831
189223
195334
187801
183407
177282
182059
176048
183375
177294
182080
190518
199020
192280
196971
192207
196967
190539
184766
179905
186880
178350
186817
178314
184780
189262
193850
195354
187794
195357
187800
189270
183424
176045
177315
182093
177305
182092
183429
160707
162292
154576
155682
160713
162304
154385
165356
171459
164295
170323
165375
171473
164260
159486
153451
158639
152182
159482
153197
158629
166388
174376
167769
172815
167685
172801
166399
160671
155899
162366
154377
162279
154616
160654
165361
170328
171468
164223
171472
164246
165352
159481
152372
153126
158605
153412
158615
159478
296833
299792
293124
295951
296868
299741
293083
297208
301788
296207
300808
297301
301991
296081
294064
290220
292333
288011
294107
290167
292247
300139
306893
302432
304357
302397
303929
300120
296820
295911
299745
293059
299723
293061
296844
297140
300456
302105
295978
301643
295986
297184
294063
287981
290151
292215
290144
292207
294101
281022
284116
276641
279595
281056
284083
276599
282391
286459
279783
283951
282427
286421
279737
278209
273870
275518
271083
278249
273819
275471
285190
292271
288199
289267
288210
289276
285189
281001
279565
284047
276576
284052
276570
281000
282365
283923
286400
279708
286401
279708
282357
278183
271050
273795
275451
273787
275444
278182
262712
265620
257927
260720
262736
265612
257904
264702
269357
262113
266598
264750
269304
262048
260008
255264
257457
252651
260049
255228
257396
267400
275039
270320
272057
270309
272043
267414
262695
260708
265614
257903
265602
257888
262712
264672
266563
269287
262035
269272
262014
264689
259986
252628
255234
257387
255211
257365
260007
243133
245952
238120
240821
243144
245935
238112
245476
250409
243002
247803
245488
250378
242975
240541
235607
238064
233208
240540
235611
238063
248117
255886
250873
253059
250872
253044
248129
243129
240795
245913
238113
245918
238108
243141
245480
247798
250392
243013
250367
242977
245511
240552
233220
235643
238109
235621
238076
240582
222829
225304
217654
219931
222814
225296
217675
225702
230665
223436
228297
225710
230658
223427
220705
215652
218469
213538
220703
215667
218469
227956
235726
230467
233049
230480
233046
227954
222833
219926
225278
217684
225286
217684
222837
225694
228300
230668
223430
230658
223422
225694
220696
213525
215647
218462
215657
218461
220691
201855
203599
196334
197967
201816
203644
196379
205391
210539
203470
208517
205372
210553
203480
200140
194766
198338
193163
200112
194804
198355
207234
214638
209129
212505
209143
212508
207222
201883
197992
203661
196392
203674
196411
201869
205405
208510
210543
203473
210555
203488
205392
200162
193188
194812
198356
194834
198372
200146
179429
180737
173689
174868
179414
180746
173689
183804
189307
182375
187833
183765
189351
182411
178181
172506
176856
171330
178155
172514
176882
185149
192343
186486
190829
186493
190841
185143
179437
174864
180743
173683
180748
173688
179432
183819
187861
189365
182423
189381
182431
183813
178191
171341
172514
176894
172520
176896
178188
156542
157376
150837
151316
156563
157358
150604
161139
166821
160154
165711
161155
166817
160139
155408
149900
154619
148868
155427
149657
154598
162202
169091
163162
167940
163178
167946
162185
156522
151550
157339
150537
157343
150825
156507
161144
165717
166807
160130
166817
160143
161130
155389
149078
149593
154570
149884
154577
155386
287832
289739
283582
285429
287995
289598
283462
288995
294012
287544
291755
289092
294212
287493
285562
281196
283667
279138
285642
281117
283615
291403
297348
292614
296383
292572
295986
291427
287747
285373
289519
283411
289521
283404
287751
288933
291515
294454
287446
293938
287414
289036
285533
279127
281104
283598
281081
283577
285562
270377
272943
266011
268497
270427
272885
265946
272478
276959
270382
274918
272495
276925
270402
268086
263634
266030
261525
268091
263616
266057
274745
281368
277140
279168
277140
279161
274755
270367
268452
272853
265945
272849
265921
270376
272493
274942
276946
270476
276921
270438
272527
268114
261559
263681
266143
263635
266101
268152
252458
255018
247934
250237
252552
254935
247838
254670
259208
252558
257121
254722
259174
252556
250172
245684
248095
243484
250236
245606
248091
256958
263989
259498
261488
259482
261459
256980
252405
250197
254905
247795
254888
247782
252423
254664
257155
259233
252639
259182
252582
254708
250154
243498
245599
248173
245575
248117
250188
233635
235844
228930
231009
233685
235825
228886
236375
241118
234360
238992
236458
241033
234338
231689
227023
229793
225058
231756
226965
229771
238371
245430
240679
243104
240652
243085
238389
233611
231010
235848
228870
235824
228862
233628
236341
239005
241020
234364
240998
234338
236358
231663
225051
226950
229793
226940
229771
231678
214459
216439
209675
211549
214496
216431
209641
217439
222275
215688
220442
217476
222228
215662
212639
207845
210969
206140
212655
207837
210957
219270
226156
221318
224063
221319
224060
219261
214429
211534
216416
209595
216419
209609
214418
217419
220436
222211
215647
222206
215650
217417
212631
206132
207815
210958
207825
210954
212627
194953
196636
189935
191569
194945
196645
189956
198212
203055
196574
201440
198213
203047
196587
193353
188381
191768
186829
193334
188407
191800
199874
206594
201637
204716
201658
204735
199858
194962
191588
196638
189957
196656
189976
194949
198216
201445
203028
196590
203040
196594
198208
193369
186846
188407
191812
188424
191820
193361
174285
175590
168901
170132
174264
175613
168910
178214
183341
176737
181899
178190
183375
176759
172983
167670
171624
166384
172963
167672
171647
179634
186380
181053
184854
181062
184867
179629
174300
170145
175624
168917
175628
168923
174297
178229
181921
183389
176766
183397
176770
178225
172999
166388
167677
171667
167679
171665
172996
152630
153460
147251
147866
152648
153438
147025
156940
162323
155835
161182
156951
162324
155822
151499
146224
150654
145019
151508
146026
150648
158050
164589
159059
163483
159068
163483
158040
152612
148099
153421
146968
153422
147255
152607
156946
161192
162330
155815
162329
155825
156940
151494
145261
145982
150644
146266
150641
151504
280054
281687
275452
277058
280042
281673
275502
282199
287704
280420
285850
282236
287799
280562
278537
273496
276723
271818
278486
273566
276776
284169
291079
285178
289495
285161
289045
284108
280071
277054
281720
275586
281678
275539
280117
282154
285414
287951
280326
287475
280570
282191
278605
271951
273653
276648
273599
276872
278625
262566
264299
257948
259683
262540
264338
257962
265150
269995
262841
267921
265133
270023
262869
261192
256227
259144
254037
261186
256227
259123
266863
273120
268601
271477
268560
271466
266905
262600
259712
264420
258021
264381
257984
262617
265174
267875
270065
262838
270062
262960
265203
261208
254065
256271
259011
256233
259080
261211
244598
246333
239917
241625
244577
246353
239937
247370
252384
245080
249945
247352
252362
245106
243224
238153
241113
236127
243206
238176
241086
249027
255451
250778
253667
250731
253659
249070
244625
241645
246447
240014
246391
239965
244660
247389
249859
252339
245055
252354
245120
247421
243248
236187
238263
240987
238205
241087
243252
226478
228125
221682
223301
226472
228124
221689
229274
234401
227034
232367
229260
234405
227059
225117
219859
223241
217788
225115
219875
223213
230934
237327
232571
235674
232544
235645
230960
226488
223297
228170
221709
228140
221693
226502
229287
232351
234416
227081
234417
227095
229338
225127
217825
219913
223143
219879
223208
225101
207780
209388
202878
204477
207761
209407
202903
210666
215979
208404
213885
210640
215952
208435
206396
201045
204508
199040
206386
201080
204454
212377
218884
213964
217231
213962
217229
212381
207794
204479
209440
202925
209427
202912
207798
210679
213874
215935
208427
215966
208438
210708
206419
199075
201137
204385
201099
204470
206390
188784
190299
183722
185269
188742
190347
183766
191810
197183
189612
195341
191778
197202
189650
187500
181975
185800
180040
187480
182001
185796
193471
199990
194985
198415
194989
198421
193469
188815
185277
190385
183786
190384
183783
188817
191820
195338
197197
189679
197219
189671
191861
187511
180070
182046
185772
182009
185824
187498
169000
170373
163757
165071
168981
170405
163769
172379
177941
170320
176225
172358
177951
170348
167881
162215
166335
160472
167865
162223
166311
173890
180561
175304
179048
175314
179060
173890
169013
165070
170435
163788
170432
163770
169016
172386
176210
177922
170343
177953
170352
172398
167890
160477
162271
166237
162233
166314
167863
148664
149549
143237
143882
148658
149554
143014
152208
157975
150366
156585
152203
157982
150342
147524
142201
146450
140222
147545
142021
146398
153530
160094
154638
158894
154648
158885
153530
148667
144100
149580
142990
149565
143257
148661
152230
156588
157986
150357
157991
150344
152260
147510
140465
142012
146305
142254
146351
147507
)
;

boundaryField
{
    inlet
    {
        type            zeroGradient;
    }
    outlet
    {
        type            fixedValue;
        value           uniform 0;
    }
    seabed
    {
        type            zeroGradient;
    }
    top
    {
        type            zeroGradient;
    }
    side1
    {
        type            zeroGradient;
    }
    side2
    {
        type            zeroGradient;
    }
    submarine
    {
        type            zeroGradient;
    }
}


// ************************************************************************* //
