/*--------------------------------*- C++ -*----------------------------------*\
  =========                 |
  \\      /  F ield         | OpenFOAM: The Open Source CFD Toolbox
   \\    /   O peration     | Website:  https://openfoam.org
    \\  /    A nd           | Version:  10
     \\/     M anipulation  |
\*---------------------------------------------------------------------------*/
FoamFile
{
    format      ascii;
    class       volScalarField;
    location    "7.9";
    object      p;
}
// * * * * * * * * * * * * * * * * * * * * * * * * * * * * * * * * * * * * * //

dimensions      [0 2 -2 0 0 0 0];

internalField   nonuniform List<scalar> 
12920
(
1.83135e+06
1.79208e+06
1.54794e+06
1.44492e+06
1.2805e+06
1.17008e+06
1.05279e+06
957179
862359
777910
694401
616895
540995
468754
397283
328377
260403
194007
124910
48069.2
1.80337e+06
1.70186e+06
1.51886e+06
1.42177e+06
1.26356e+06
1.15672e+06
1.04191e+06
949487
856497
773465
691073
614358
539023
466924
395778
327068
259466
193374
124511
47991.9
1.82224e+06
1.62581e+06
1.44402e+06
1.37525e+06
1.22523e+06
1.13509e+06
1.02599e+06
937075
845981
765071
684298
608764
534254
462981
392623
324406
257492
192036
123811
48015.3
1.53538e+06
1.57765e+06
1.39354e+06
1.33094e+06
1.18865e+06
1.10351e+06
1.00309e+06
919858
833050
753752
675173
600939
527860
457603
388394
321123
254745
190175
122894
47788.3
1.68123e+06
1.50311e+06
1.35698e+06
1.28368e+06
1.15242e+06
1.07709e+06
978406
900136
815129
739332
662655
590493
518890
450175
382352
316318
251279
187639
121393
47406.5
1.41642e+06
1.35225e+06
1.2316e+06
1.19416e+06
1.0963e+06
1.03417e+06
948904
874835
796302
722420
649081
578477
509071
441807
375477
310732
247163
184607
119455
46900.6
1.16695e+06
1.29933e+06
1.22544e+06
1.16999e+06
1.0642e+06
1.00687e+06
919505
850363
773927
703946
632874
564816
497280
431733
367052
303829
242049
181067
117387
46189.7
1.18641e+06
1.21773e+06
1.14585e+06
1.09799e+06
1.02356e+06
970248
916369
846041
774515
704324
635733
568369
502524
437597
357511
296531
236446
177386
115192
45464
1.61943e+06
1.33188e+06
1.12446e+06
1.0781e+06
988525
955319
900771
832835
762971
695433
628980
563988
499763
436143
362136
288672
231052
173666
113104
45036
1.00035e+06
1.10312e+06
1.03589e+06
1.01586e+06
943918
921166
869250
802786
737372
673901
611127
549086
487498
425753
354992
281108
225487
169802
110807
44761.8
878487
1.04909e+06
974948
960038
899004
875817
832018
772480
712788
652696
593274
534514
475473
415548
346771
275014
220865
166504
108900
44498.9
543228
961301
928998
912468
857429
841943
801436
746613
690289
633784
577369
521070
463994
405812
339322
270807
217570
164262
107683
44357.9
877677
1.00442e+06
930192
897262
840315
801919
765951
714035
659837
606809
553386
499305
444966
390323
322499
268437
215069
162574
106769
44285.6
1.0429e+06
966277
880178
853829
805746
774008
724657
678837
626581
578187
525915
475626
423319
371776
318467
265473
212822
161012
105857
44353.2
652247
884769
875890
851434
793402
760283
706406
664787
614947
567774
518049
468378
417245
366231
314349
262610
210742
159633
105220
44501
827080
867180
804410
802397
753328
732183
684219
649363
601032
558661
509870
462721
412367
362408
311337
260225
208954
158458
104649
44675.7
877930
933480
871959
827365
751914
723820
668560
636341
588220
548281
501295
456229
407840
359721
309542
259028
207985
157682
104459
44812.6
997227
898618
775053
782082
710295
700861
652655
625024
578634
540992
494832
451156
403304
356015
306563
257188
207061
157305
104326
44771.1
737915
893158
800013
790170
706125
696068
643966
618242
572022
535361
489750
446731
399806
352982
304251
255334
205896
156623
104216
44897.8
733961
853399
708795
772738
693059
690917
641628
615766
569638
533070
487584
444876
397946
351576
302853
254523
205504
156272
104309
45212.9
2.02876e+06
1.81049e+06
1.55767e+06
1.44586e+06
1.2804e+06
1.1701e+06
1.05272e+06
957160
862311
777734
694390
616866
540959
468690
397251
328353
260372
193995
124837
47887.4
1.77651e+06
1.69686e+06
1.521e+06
1.4205e+06
1.26258e+06
1.15587e+06
1.04175e+06
949462
856493
773411
691076
614362
538994
466894
395754
327048
259432
193366
124475
47900.9
1.71487e+06
1.6204e+06
1.44427e+06
1.37667e+06
1.22609e+06
1.13548e+06
1.02559e+06
937217
846143
765198
684398
608833
534289
462992
392658
324442
257477
192024
123746
47778.2
1.56892e+06
1.58311e+06
1.39444e+06
1.32822e+06
1.18837e+06
1.10312e+06
1.00338e+06
919845
833006
753774
675188
600957
527880
457619
388431
321108
254764
190164
122726
47543.6
1.65718e+06
1.49234e+06
1.35175e+06
1.28086e+06
1.15221e+06
1.07754e+06
978415
900216
815223
739367
662671
590501
518905
450187
382360
316323
251276
187624
121208
47150.8
1.41845e+06
1.35273e+06
1.22714e+06
1.19154e+06
1.09706e+06
1.03404e+06
948716
874714
796258
722452
649109
578510
509099
441825
375485
310742
247132
184606
119366
46641.2
1.10547e+06
1.30628e+06
1.21863e+06
1.16923e+06
1.06393e+06
1.00709e+06
920107
850307
773948
704005
632889
564822
497261
431654
366978
303876
242025
181083
117355
46020
1.07458e+06
1.22079e+06
1.13783e+06
1.09884e+06
1.02314e+06
970159
916434
846110
774370
704228
635701
568398
502491
437555
357441
296495
236415
177394
115132
45297.8
1.3985e+06
1.31582e+06
1.12118e+06
1.07738e+06
988792
955614
901022
832676
762822
695338
628965
563957
499728
436035
361540
288631
230982
173606
113044
44881.5
895507
1.09312e+06
1.02555e+06
1.01471e+06
944128
921595
869853
802550
737159
673651
610874
548927
487415
425551
354486
280994
225376
169747
110675
44426.5
632669
1.03219e+06
963967
960766
896533
876263
832778
772518
712613
652338
592898
534536
475564
415577
346133
274893
220750
166387
108754
44108.9
656494
978361
927631
914468
855522
841903
801357
746337
690091
633684
577363
521102
463888
405620
338771
270651
217399
164190
107583
44070.9
857756
1.01362e+06
925312
897146
840252
802242
765942
713049
659116
606437
553155
499204
444908
390117
322099
268296
214981
162493
106561
43978
992549
966845
880283
854617
805785
773921
724605
678539
626270
577990
525819
475570
423276
371613
318348
265403
212765
160910
105656
43994.1
677906
900675
878964
851243
792951
759836
706211
664552
614835
567703
517745
468144
417152
366263
314388
262598
210693
159535
104994
44073.3
770267
877093
802942
802473
752510
731636
683907
649256
600996
558472
509666
462430
412167
362246
311263
260225
208950
158390
104488
44231.2
799121
941257
873008
827311
752044
723884
668305
636159
588047
548231
501276
456228
407832
359636
309430
258894
207937
157688
104373
44439.7
937901
901838
782858
781834
709991
701019
652302
624740
578527
541015
494864
451184
403310
355992
306549
257172
207024
157247
104254
44545
842433
886537
794063
790637
705474
695805
643732
617976
571749
535123
489638
446744
399700
352882
304175
255282
205879
156599
104144
44750.2
654717
821946
701721
770219
693946
690937
641633
615584
569481
532860
487346
444816
397833
351421
302821
254551
205568
156224
104277
45167
2.01461e+06
1.80565e+06
1.5664e+06
1.44754e+06
1.28042e+06
1.16987e+06
1.05266e+06
957110
862283
777650
694395
616982
541000
468656
397254
328300
260312
193983
124792
47680.6
1.80212e+06
1.71737e+06
1.52585e+06
1.42039e+06
1.26184e+06
1.15552e+06
1.04184e+06
949559
856595
773502
691137
614424
538937
466855
395697
327022
259386
193369
124386
47675.2
1.75281e+06
1.62692e+06
1.44199e+06
1.37603e+06
1.2266e+06
1.13534e+06
1.02528e+06
937437
846364
765373
684510
608923
534319
463014
392667
324459
257454
192003
123554
47253.6
1.71414e+06
1.58467e+06
1.39675e+06
1.32765e+06
1.18936e+06
1.10347e+06
1.0038e+06
919875
832990
753845
675232
600997
527891
457625
388441
321106
254768
190084
122352
46900.7
1.61772e+06
1.47841e+06
1.34553e+06
1.27802e+06
1.15283e+06
1.07745e+06
978510
900314
815314
739444
662720
590540
518947
450210
382379
316346
251284
187536
120800
46472.3
1.33322e+06
1.34496e+06
1.22343e+06
1.19171e+06
1.09815e+06
1.03416e+06
948757
874666
796219
722497
649152
578591
509155
441859
375515
310787
247112
184576
119076
45983
1.09093e+06
1.29649e+06
1.21132e+06
1.16764e+06
1.06432e+06
1.00722e+06
920560
850328
773967
704012
632912
564880
497244
431625
366985
303921
241997
181056
117107
45493.5
1.21573e+06
1.23342e+06
1.14353e+06
1.10197e+06
1.02386e+06
970586
916813
846101
774321
704235
635740
568477
502514
437545
357289
296396
236352
177352
114924
44859.6
1.45937e+06
1.32618e+06
1.13234e+06
1.07917e+06
990290
956405
902054
832477
762659
695273
628926
563990
499724
435870
360855
288480
230871
173462
112673
44252.6
851475
1.09837e+06
1.02652e+06
1.01421e+06
945256
922250
870768
802254
736861
673383
610475
548784
487341
425375
353865
280752
225274
169663
110361
43738.1
746923
1.03898e+06
975424
966149
895831
875787
833390
772304
712253
650026
592416
535042
475811
415543
345379
274623
220528
166273
108415
43319.9
754429
985328
933477
918755
853181
840807
801394
745761
689601
633376
577342
521127
463714
405427
338079
270365
217178
164040
107065
43169.6
942526
1.01578e+06
930815
897225
840593
802907
766004
711241
658166
605854
552727
498977
444714
389743
321528
267947
214778
162253
105974
43117.6
924578
965146
881441
855965
805994
774058
724788
678523
625850
577763
525653
475404
423003
371382
318133
265271
212647
160654
105037
43034.9
733062
911936
875464
849818
793572
759909
706057
664372
614592
567560
517513
468188
417166
366255
314375
262533
210588
159266
104355
43056
808257
890253
798391
802768
751558
731290
683493
648964
600891
558207
509397
462223
412067
362238
311200
260218
208883
158221
103960
43204.9
887154
944458
871346
826321
751748
723853
667830
636006
587782
548156
501260
456162
407753
359439
309247
258777
207881
157585
103879
43525.1
1.08369e+06
917737
784461
782564
710855
701340
651835
624462
578274
540892
494744
451118
403223
355944
306501
257130
206934
157161
104034
44029.8
796330
880412
791340
789067
707830
696478
643544
617748
571395
534912
489427
446659
399580
352839
304130
255282
205849
156572
104094
44464.7
533497
796001
696126
767750
695175
690997
641648
615304
569207
532694
487213
444716
397774
351369
302844
254551
205458
156224
104218
45079.7
1.99741e+06
1.83766e+06
1.57433e+06
1.44692e+06
1.27993e+06
1.16944e+06
1.05265e+06
957098
862282
777616
694431
616979
540986
468628
397251
328263
260286
194009
124767
47320.8
1.86325e+06
1.7449e+06
1.53185e+06
1.4195e+06
1.26158e+06
1.15505e+06
1.04192e+06
949611
856657
773525
691094
614387
538852
466811
395699
327015
259347
193399
124295
46750.1
1.7461e+06
1.64203e+06
1.43979e+06
1.37402e+06
1.22688e+06
1.13488e+06
1.0251e+06
937536
846458
765441
684572
608969
534349
463058
392703
324496
257433
192008
123332
46101.5
1.78736e+06
1.59497e+06
1.39747e+06
1.32703e+06
1.19016e+06
1.10359e+06
1.00387e+06
919814
832951
753856
675241
601013
527901
457640
388439
321132
254774
190020
121972
45644.5
1.49706e+06
1.46177e+06
1.3418e+06
1.27671e+06
1.1538e+06
1.07718e+06
978638
900304
815347
739483
662728
590561
518967
450233
382398
316349
251282
187473
120429
45219.1
1.31181e+06
1.32261e+06
1.22168e+06
1.19132e+06
1.09897e+06
1.03411e+06
948701
874571
796158
722530
649187
578694
509226
441902
375550
310800
247068
184530
118722
44783.5
1.16437e+06
1.27175e+06
1.21081e+06
1.16606e+06
1.06493e+06
1.00718e+06
920531
850206
773838
703998
632890
564985
497287
431625
366960
303880
241894
181018
116726
44267
1.26392e+06
1.22761e+06
1.13805e+06
1.10095e+06
1.02416e+06
970924
917204
846263
774342
704319
635837
568593
502564
437436
357140
296267
236307
177295
114516
43655.1
1.48787e+06
1.31096e+06
1.13206e+06
1.07866e+06
991251
956856
903090
832473
762586
695251
628910
564082
499761
435756
360460
288330
230737
173405
112164
42841
779614
1.11314e+06
1.02209e+06
1.01321e+06
945865
922496
871104
801968
736620
673183
610402
548770
487388
425294
353506
280484
225165
169601
109997
42258
691662
1.01778e+06
969079
965968
895238
875088
833311
771910
711908
650319
592493
535038
475862
415385
344941
274340
220387
166203
108008
41802.9
821275
984538
938488
921859
852844
839302
800969
745142
689074
633073
577212
520981
463683
405318
337777
270123
216895
163738
106374
41476.5
987428
1.01142e+06
935490
898202
841733
803823
766352
709606
657613
605246
552341
498698
444451
389360
320921
267500
214485
161886
105237
41287
874307
955991
886187
857591
806081
774237
724901
678601
625417
577328
525256
474992
422387
370964
317774
264985
212375
160299
104256
41141
835740
919728
878410
848548
793513
759876
705737
664271
614414
567405
517402
468179
417097
366151
314286
262436
210446
158946
103564
41097.7
907884
920840
799494
804040
750534
730988
683017
648570
600682
557868
509232
462081
412030
362182
311130
260180
208803
158017
103233
41259
923653
958663
882110
827207
752269
724166
667014
635683
587324
547903
501106
456001
407662
359269
309075
258681
207774
157372
103248
41672.9
1.10368e+06
911844
786084
781835
713841
702675
651039
624040
577774
540591
494519
450966
403110
355726
306354
257042
206841
157074
103719
42717.3
789696
875528
787672
786622
711861
698619
643137
617293
570634
534323
489074
446482
399415
352781
304099
255262
205841
156602
104115
44007.7
329767
751463
687253
763581
696907
691183
641597
614931
568776
532346
486927
444558
397701
351312
302820
254561
205444
156296
104217
44925.9
1.9945e+06
1.84592e+06
1.57722e+06
1.44566e+06
1.27979e+06
1.1692e+06
1.05261e+06
957033
862242
777647
694495
617026
541008
468625
397249
328221
260267
194057
124766
46914.4
1.943e+06
1.78047e+06
1.53632e+06
1.41951e+06
1.26149e+06
1.15485e+06
1.04187e+06
949609
856713
773493
691099
614386
538847
466819
395737
327036
259327
193452
124277
45855
1.76007e+06
1.65721e+06
1.44e+06
1.37215e+06
1.22722e+06
1.13467e+06
1.02526e+06
937599
846532
765443
684569
608956
534345
463049
392739
324529
257434
192064
123236
45003.8
1.78142e+06
1.59227e+06
1.3972e+06
1.32658e+06
1.19111e+06
1.10386e+06
1.00409e+06
919727
832956
753843
675236
600990
527904
457642
388447
321150
254796
190069
121866
44545.4
1.40802e+06
1.44755e+06
1.33426e+06
1.27625e+06
1.15429e+06
1.07613e+06
978932
900298
815523
739522
662758
590573
518986
450255
382433
316378
251242
187514
120325
44170.1
1.21327e+06
1.3044e+06
1.21652e+06
1.19202e+06
1.09986e+06
1.0342e+06
948758
874505
796142
722585
649233
578782
509295
441950
375579
310792
247031
184556
118616
43691.7
1.14494e+06
1.25978e+06
1.21052e+06
1.16469e+06
1.06569e+06
1.00735e+06
920301
850095
773711
704085
633001
565113
497464
431704
366939
303858
241836
181050
116511
43024.2
1.22304e+06
1.23096e+06
1.13837e+06
1.10214e+06
1.02499e+06
971609
918192
846491
774155
704208
635681
568425
502328
436982
356913
296145
236261
177289
114235
42250.4
1.53059e+06
1.31746e+06
1.13606e+06
1.07975e+06
991886
957006
904054
832543
762540
695208
628925
564134
499796
435677
360172
288159
230643
173409
111954
41438.5
801847
1.12889e+06
1.01563e+06
1.01341e+06
946278
922100
870835
801818
736545
673129
610539
548928
487527
425283
353300
280294
225089
169585
109789
40886.3
696150
1.03029e+06
972954
967993
895838
875220
832656
771670
711697
652048
592964
534714
475784
415278
344808
274116
220327
166195
107784
40369.3
832109
987902
943915
925369
854051
838233
800331
744741
688753
632914
577099
520895
463757
405274
337496
269906
216697
163586
106060
39955.1
989668
999950
940055
899681
842335
804898
766196
709418
657486
604844
552192
498523
444269
389022
320354
266974
214065
161513
104816
39594
939200
951735
891370
858712
806083
774292
724780
678842
625147
576961
525012
474599
421916
370388
317272
264542
211990
159989
103809
39304.7
693177
910482
874199
846707
793658
760399
705528
664397
614308
567382
517222
468205
417044
366047
314209
262343
210275
158733
103191
39229.8
910179
926473
800520
805433
749166
730854
682587
648577
600580
557603
509179
461905
411980
362257
311143
260161
208748
157874
102924
39391.1
950729
955684
876693
826961
752309
724583
666086
635444
586887
547646
500952
455892
407630
359162
308959
258538
207661
157306
103026
39760.7
1.20072e+06
907044
786366
781585
718030
704737
649800
623640
577229
540353
494301
450797
402980
355592
306277
256978
206784
157042
103635
41112.6
708412
863682
785673
784916
714938
701622
642610
616761
569509
533650
488761
446066
399263
352785
304102
255275
205815
156607
104191
43547
308479
738539
685035
763349
697526
691626
641341
614649
567962
531814
486778
444487
397705
351325
302838
254517
205417
156281
104249
44782.3
626117
655211
612345
673202
625991
655018
612352
564153
597147
554348
610381
564119
597156
554457
607323
638084
595418
649964
607356
637894
595363
551699
581281
538857
592391
551577
581235
538820
852574
879301
827346
900897
852600
879695
827189
782237
810554
760360
832730
782166
810381
760220
714270
743830
695501
762865
714226
743694
695350
647483
679446
631676
695354
647516
679286
631504
582177
615751
568599
628968
582177
615595
568478
517775
552907
506251
563959
517766
552804
506170
454077
490664
444099
499739
454050
490591
443973
390109
428412
381339
436080
389735
428267
381029
819197
842512
794958
869634
819043
843020
794985
753558
779637
733917
802619
753410
779622
733815
689697
718752
672986
737229
689527
718634
672829
626786
657776
612591
673732
626620
657563
612405
564549
597585
552826
610963
564423
597402
552788
502924
537945
493257
548987
502856
537916
493314
441244
478291
433093
487444
441139
478359
433132
378952
417953
372563
425610
378687
417965
372235
787379
808356
766137
832584
787474
808551
766039
727687
752703
710212
772513
727589
752610
710169
667755
695717
652834
712676
667569
695719
652770
608062
638502
595544
652477
607802
638401
595494
549170
581308
538718
593033
549157
581274
538725
490315
524453
481373
534520
490356
524471
481418
430586
466869
423003
475528
430632
466903
422836
370277
408261
364048
415570
369937
408018
363619
759790
780346
742777
801405
759810
780713
742581
704703
727520
687630
746430
704539
727353
687403
647940
672575
634019
690175
647911
672493
633994
591490
618830
580084
633734
591471
618906
580207
535262
564900
525843
577360
535268
565009
525732
478434
510432
470524
521087
478430
510315
470307
420497
455034
414420
463954
420335
454792
414289
362084
398586
357545
405676
361698
398468
357183
852566
879873
827134
901842
852504
880624
826979
782135
810307
760148
832521
782029
810064
759918
714208
743635
695283
762703
714153
743440
695082
647521
679219
631428
695287
647486
679014
631176
582180
615520
568426
628941
582197
615288
568317
517760
552753
506139
563979
517759
552668
506070
454021
490557
443917
499725
453936
490482
443776
389632
428197
380918
435914
389099
428011
380433
818991
843233
795002
870615
818851
843961
794976
753337
779615
733754
802329
753096
779520
733516
689455
718566
672745
736935
689240
718295
672193
626531
657444
612331
673449
626220
655793
612360
564359
597323
552765
610563
564182
597294
553883
502823
537908
493331
548795
502746
538238
493456
441094
478381
433158
487342
440996
478519
433249
378561
417973
372152
425408
378102
418003
371710
787499
808576
766026
833322
787412
808687
765901
727537
752517
710070
772386
727309
752113
709651
667459
695665
652717
712357
666826
695358
652489
607656
638345
595470
650446
607226
638147
595423
549159
581266
538745
592445
550849
581273
538835
490389
524496
481433
534973
490562
524595
481403
430657
466894
422757
475747
430737
466788
422614
369822
407948
363475
415568
369248
407788
362892
759825
780693
742395
801479
759637
781737
741915
704412
727205
687299
745918
703928
726723
686916
647862
672402
633935
689741
647623
672030
633646
591461
618886
580181
633465
591409
618688
579932
535283
564988
525662
577352
535332
564758
525390
478396
510241
470235
521130
478228
509960
470004
420290
454727
414226
463736
420186
454462
414012
361585
398406
357051
405468
361013
398187
356491
852467
880765
826930
902948
852440
881138
826780
781998
809981
759842
832460
781924
809766
759648
714123
743375
695015
762614
714045
743211
694853
647463
678938
631100
695258
647381
678760
630975
582199
615228
568304
628918
582227
615139
568286
517756
552659
506061
564063
517760
552651
506077
453902
490473
443746
499758
453824
490490
443693
389011
427962
380371
435784
388619
427860
380021
818805
844074
794930
871129
818662
844208
794721
753016
779456
733423
802035
752808
779219
733160
689171
718191
672097
736669
688992
717925
671836
652052
657650
667653
673298
652159
657572
667486
590623
595000
605812
610418
590667
594959
605738
502744
538378
493510
548769
502768
538517
493615
440978
478575
433278
487367
440954
478673
433292
378034
418006
371618
425305
377673
417953
371143
787339
808601
765809
833433
787050
808320
765505
727212
751964
709492
772007
726927
751547
709027
666784
695224
652398
711974
666543
694828
652146
631104
636765
646294
651123
631670
637037
645983
574721
577394
588906
591636
574699
576224
588771
490625
524620
481379
535195
490714
524585
481325
430745
466757
422587
475878
430695
466708
422539
369154
407749
362805
415421
368680
407661
362397
759530
781619
741694
801171
759194
782202
741046
703754
726482
686714
745288
703251
725740
686099
647523
671843
633504
689192
647235
671374
633093
591385
618588
579832
633135
591283
618268
579525
535340
564663
525306
577258
535251
564406
525095
478193
509886
469941
521032
478152
509734
469791
420160
454404
413948
463679
420103
454332
413805
360924
398111
356379
405337
360545
397935
355948
852428
881086
826729
904014
852676
880930
826626
781865
809700
759603
832610
781737
809583
759540
714007
743170
694818
762602
713992
743114
694762
647336
678730
630964
695270
647252
678687
630978
582222
615135
568283
628946
582222
615160
568336
517751
552650
506093
564149
517741
552713
506187
453790
490507
443689
499806
453718
490598
443714
388600
427845
380036
435705
388364
427831
379886
818609
844110
794639
871025
818503
843736
794417
752754
779137
733093
801837
752672
778948
732946
688971
717868
671889
736554
688933
717733
672261
626001
655582
612359
673145
626075
657103
612166
564130
597301
553962
610502
564252
597249
552940
502785
538292
493621
548871
502883
538099
493633
440956
478678
433275
487487
440981
478677
433191
377711
417922
371155
425280
377544
417814
370989
786950
808159
765410
832863
786721
807888
765191
726850
751425
708892
771700
726674
751147
708597
666547
694714
652082
711742
666923
694452
651953
607298
637829
595327
651978
607559
637728
595255
550794
581199
538777
592874
549325
581132
538686
490700
524535
481317
534688
490644
524431
481333
430668
466710
422534
475795
430586
466759
422551
368706
407642
362405
415307
368541
407615
362218
759081
782168
740816
800513
758814
782569
740429
703106
725489
685903
744807
702800
725066
685525
647159
671233
632958
688809
646993
671010
632703
591238
618159
579410
632937
591139
617919
579129
535184
564326
525028
577112
535075
564179
524908
478147
509702
469747
520896
478215
509698
469726
420093
454305
413762
463735
420084
454352
413729
360553
397886
355915
405279
360383
397893
355755
852705
880687
826610
905094
853214
880770
826674
781659
809567
759542
832837
781972
809616
759604
713982
743114
694743
762849
714226
743173
694738
647209
678673
631003
695347
647440
678671
631050
582205
615184
568371
629119
582460
615244
568447
517721
552756
506229
564287
517929
552840
506306
453698
490635
443731
499938
453826
490703
443771
388410
427837
379960
435756
388329
427868
379809
818492
843498
794377
870845
818549
843346
794426
752664
778919
732920
801866
752715
778987
732936
688918
717699
672274
736573
688914
717712
672304
626105
657152
612166
673129
626159
657210
612233
564303
597282
552980
610610
564412
597371
553031
502930
538144
493650
549036
503003
538222
493665
440995
478683
433160
487590
441027
478670
433070
377608
417775
371058
425296
377440
417679
370807
786683
807758
765147
832603
786757
808066
765191
726640
751087
708541
771748
726646
751119
708534
666962
694397
651927
711698
667025
694384
651919
607622
637715
595255
652155
607771
637717
595267
549358
581130
538682
593134
549401
581132
538685
490644
524429
481342
534768
490635
524434
481338
430555
466774
422565
475744
430457
466778
422582
368655
407612
362291
415179
368438
407628
362099
758758
782560
740407
800512
758731
782367
740147
702746
725054
685431
744719
702727
725148
685145
646961
670991
632663
688721
646959
670805
632309
591127
617858
579053
632915
591120
617550
578871
535072
564121
524880
577092
535080
563880
524835
478232
509690
469731
520900
478230
509553
469737
420086
454363
413736
463772
420102
454324
413728
360435
397897
355827
405277
360244
397865
355724
636422
641824
621142
626048
636560
641746
621037
646309
661523
642413
655489
646535
661071
643683
631498
616495
627401
613232
631524
616588
628463
652010
673228
657477
667476
657512
667422
652029
636389
626007
641668
621041
641695
621006
636439
646334
655394
661322
642467
660989
643883
646437
631468
613217
616400
627437
616547
628488
631447
575407
579519
560355
564132
575460
579483
560361
586950
601464
582129
597772
586667
601636
582588
572239
557208
567320
553132
571924
557467
567409
590588
610387
594931
605733
594935
605713
590602
575367
564121
579467
560325
579464
560352
575391
586934
597786
601402
582103
601620
582577
586609
572180
553121
557234
567218
557489
567207
571864
617096
622295
603214
606681
617465
622127
602988
627763
642445
623815
638015
627855
642354
623775
613475
599345
609558
595409
613527
599338
609538
631164
651251
636894
646170
637357
645925
631682
617099
606741
622353
603206
622173
602993
617457
627739
637954
642298
623690
642300
623736
627780
613461
595392
599307
609481
599332
609514
613469
561117
563230
546865
549632
560822
561215
547086
571135
585187
567181
581278
571068
585214
567182
557079
542639
553023
538860
556941
542741
553024
574714
591634
577355
588878
576220
588762
574677
561068
549576
563031
546880
560887
547115
560694
571128
581262
585150
567146
585203
567170
571036
557075
538847
542625
552985
542749
553010
556892
886176
904462
872083
916411
886193
904545
872073
814389
835310
800240
846056
814355
835258
800195
743436
764469
730559
774449
743366
764450
730560
674063
696063
662646
704249
674055
696051
662649
605960
628512
595992
635713
605961
628538
596011
539455
562725
530713
568374
539446
562732
530701
473937
497735
466140
502505
473930
497729
466120
410179
433751
402524
437574
410070
433712
402360
924428
943037
907622
955353
924635
943111
907891
878311
886609
896162
900688
886641
896301
878247
808883
817244
826087
832817
817216
826064
808917
740571
748113
757172
762942
748109
757143
740596
674409
680752
690691
695403
680734
690670
674432
609172
614690
625165
628973
614685
625138
609201
545047
549881
560804
563974
549872
560797
545059
481670
485869
497254
499754
485864
497247
481684
418306
422195
434025
436129
422170
434014
418344
337189
359359
330674
361920
337072
359136
330510
887171
900494
867579
921384
887443
900728
867886
843788
852150
860945
869256
852135
860967
843768
778741
786264
794887
802739
786223
794862
778768
715216
721387
731025
737340
721352
730990
715249
652859
658188
668396
673870
658157
668364
652895
591125
595569
606514
611098
595539
606483
591153
530065
533708
545278
549069
533698
545267
530076
469062
472101
484355
487487
472093
484346
469065
407603
410194
423029
425719
410164
423010
407623
325727
350788
322097
354781
325601
350622
321969
845891
859378
830752
876336
846504
859342
830865
809024
817029
824081
832129
817083
824126
808972
750920
757494
765516
772476
757480
765546
750917
692240
697820
706992
712766
697796
706967
692262
633058
637742
647873
652665
637699
647839
633097
574598
578518
589178
593227
578480
589142
574625
516581
519832
531127
534511
519831
531127
516578
457835
460563
472616
475484
460575
472625
457826
398154
400460
413128
415555
400452
413125
398167
318436
343106
315111
346537
318281
342872
314936
815608
827146
803696
841948
815793
827245
804093
780953
786891
794702
801364
786890
794676
780951
726639
732931
740450
746553
732867
740407
726680
670776
676009
684780
690284
676030
684761
670811
615205
619697
629149
633785
619691
629164
615203
559670
563376
573550
577360
563370
573556
559670
503761
506951
517817
521067
506949
517811
503758
446880
449592
461240
463995
449575
461228
446918
389138
391239
403647
405780
391207
403635
389176
312199
334797
311837
339119
312041
334595
311711
741185
752911
732395
766162
740794
753170
732452
687394
702861
678569
713687
686902
702458
678286
633085
649165
626546
659547
632938
649009
626453
580471
597934
574930
606676
580340
597753
574800
526633
545720
522466
553315
526580
545566
522341
472313
492800
469022
499273
472273
492677
468932
417736
439281
415717
444995
417688
439156
415625
363432
386191
362910
390245
363282
386106
362797
886267
904714
872063
916867
886396
905270
872197
814368
835192
800183
846051
814327
835194
800162
743326
764446
730574
774346
743307
764455
730583
674063
696028
662673
704213
674056
695999
662687
605974
628589
596050
635729
606000
628635
596078
539444
562758
530705
568437
539442
562783
530699
473925
497737
466099
502517
473915
497735
466043
410105
433647
402346
437557
409857
433567
401987
925244
943264
908481
956008
925843
943656
909145
878722
886872
896859
901290
878583
887006
897201
808593
817080
825913
832616
808680
817021
825847
740400
748059
757035
762781
740447
748037
756995
674223
680672
690560
695317
674278
680648
690515
609046
614690
625047
628958
609075
614691
625020
544982
549861
560769
563961
544998
549865
560760
481560
485848
497203
499726
481589
485845
497186
417998
422011
433887
436000
418089
421950
433826
336959
358752
330361
361167
336679
358401
330012
887971
900868
868455
922029
888540
901327
869105
844166
852305
861531
870136
844043
852406
861799
778535
786037
794751
802478
778600
785958
794700
714943
721169
730800
737085
715022
721095
730721
652501
657944
668095
673578
652605
657868
667998
590866
595335
606257
610776
590941
595242
606162
529958
533574
545177
548867
529988
533527
545128
469002
472021
484305
487382
469018
471988
484281
407413
409960
422913
425495
407465
409883
422884
325541
350331
321865
354164
325218
349988
321488
847082
858689
830978
876188
847432
858090
830948
809226
817421
824456
833002
809176
817515
824600
750844
757453
765598
772498
750904
757418
765550
692020
697628
706843
712538
692092
697540
706772
632650
637306
647555
652244
632785
637259
647393
574436
578228
588960
592766
574470
578117
588901
516723
519873
531193
534583
516663
519915
531254
457978
460660
472733
475614
457933
460710
472790
397921
400389
413083
415582
398017
400351
413048
318152
342442
314782
345713
317741
342046
314353
815966
827228
804542
841655
816079
827344
805219
781127
786806
794958
801438
781070
786827
795152
726250
732553
740216
746214
726389
732384
740098
670509
675985
684570
689990
670589
675919
684468
615111
619600
629094
633621
615148
619551
629036
559737
563390
573608
577362
559728
563400
573613
503660
506975
517808
521115
503720
506976
517791
446724
449393
461115
463821
446753
449343
461090
388848
390980
403515
405565
388937
390894
403457
311930
334229
311582
338408
311569
333868
311253
740288
753222
732559
766281
739945
753898
732676
686141
701917
677852
712206
685251
701073
677282
632722
648794
626266
658600
632431
648603
626028
580090
597512
574563
606155
579792
597216
574281
526445
545317
522156
552948
526266
545096
521976
472191
492493
468805
499099
472049
492318
468658
417619
439069
415505
444810
417509
438980
415377
363107
385977
362663
389937
362718
385826
362369
886563
905537
872303
917274
887017
906181
872560
814327
835170
800139
846184
814338
835252
800115
743281
764479
730595
774395
743395
764491
730609
674036
695979
662692
704310
674051
695954
662685
605993
628673
596099
635828
606047
628698
596116
539399
562808
530688
568565
539386
562832
530669
473870
497731
466007
502575
473841
497730
465942
409920
433491
402074
437537
409652
433423
401713
926467
943945
909661
956780
926959
944364
910059
879274
887554
897938
902389
879137
887756
898224
808251
816836
825651
832457
808328
816795
825598
740201
747930
756870
762640
740248
747910
756833
674002
680574
690385
695265
674053
680555
690345
608943
614691
624942
628923
608966
614696
624917
544949
549881
560745
564014
544953
549896
560744
481467
485826
497141
499737
481485
485830
497129
417675
421759
433643
435842
417746
421709
433587
336566
358095
329925
360623
336267
357868
329604
888962
901407
869612
922528
889228
901500
869861
844526
852666
862371
870953
844463
852731
862530
778214
785701
794505
802178
778299
785614
794433
714635
720880
730477
736789
714712
720811
730394
545143
548779
545182
529992
533468
529956
533470
469030
471948
484283
487345
469014
471951
484302
407236
409693
422819
425345
407273
409637
422806
325163
349671
321380
353621
324756
349408
320970
847578
857319
830667
875611
847576
856959
830215
809378
817647
824860
833467
809356
817642
824930
750417
757194
765253
772209
750540
757098
765129
691620
697247
706482
712147
691731
697131
706370
531763
534826
531866
517059
520190
517003
520267
458075
460884
472938
475856
458071
460917
472958
397544
400172
412865
415506
397620
400096
412806
317645
341700
314244
345071
317194
341427
313818
815925
826681
805550
840250
815646
826373
805838
781184
786824
795415
801396
781220
786803
795520
725414
731804
739623
745601
725642
731612
739439
670081
675613
684083
689459
670202
675492
683939
619376
633285
619308
614874
628794
614947
628703
563417
577324
563407
559631
573551
559671
573515
521112
503470
506920
517672
503508
506891
517633
446619
449268
461025
463697
446645
449255
461000
388541
390683
403301
405392
388609
390628
403261
311458
333491
311147
337874
311100
333217
310860
739687
753731
732772
766466
739631
754069
732984
684377
700238
676772
710319
683587
699438
676309
632128
648305
625725
657833
631853
647995
625484
579480
596885
573988
605543
579168
596548
573738
526084
544917
521800
552516
525919
544837
521682
471922
492175
468524
498839
471808
492104
468446
417384
438869
415263
444617
417225
438804
415181
362531
385655
362217
389541
362095
385493
361900
887262
906324
872721
918215
887931
907250
873113
814265
835354
800098
846564
814296
835470
800125
743415
764507
730624
774417
743644
764468
730620
673938
695926
662655
704424
673877
695899
662567
606028
628709
596135
635905
606130
628698
596168
539249
562847
530645
568665
539258
562846
530617
473774
497734
465913
502576
473762
497737
465898
409708
433353
401851
437315
409462
433303
401529
927269
944462
910178
957354
927649
944942
910132
879586
888152
898624
903445
879530
888294
898769
808027
816688
825477
832556
808063
816696
825457
740088
747821
756721
762616
740098
747831
756693
673856
680477
690264
695265
673886
680463
690241
608906
614688
624849
628927
608902
614698
624839
544961
549927
560749
564112
544951
549943
560761
481465
485812
497115
499781
481449
485819
497127
417509
421572
433473
435741
417538
421536
433452
336263
357732
329655
360364
336041
357653
329388
889262
901284
869893
922640
889206
901275
869830
844515
852781
862579
871134
844545
852758
862582
777926
785384
794227
801912
777988
785327
794167
714457
720661
730210
736590
714479
720635
730174
657453
667524
652070
652094
673165
657434
667563
594952
605830
590679
590731
610437
594987
605904
545113
529978
533473
548787
529975
533487
545117
469124
471991
484372
487415
469096
472016
484402
407117
409533
422775
425286
407151
409504
422763
324844
349237
321113
353416
324482
349218
320782
847358
856520
829558
875145
847127
856642
829034
809124
817435
824782
833207
809238
817321
824674
749976
756809
764773
771824
750070
756728
764677
691336
696933
706092
711849
691392
696892
706018
636226
646515
632037
632274
651535
636835
646840
577786
588826
574442
574410
592651
577983
588832
531583
516890
520192
534740
516976
520109
531404
457996
460905
472914
475837
458019
460879
472882
397357
399918
412688
415355
397392
399878
412667
317328
341273
313835
344924
316963
341187
313462
815092
825402
805694
838869
814588
825184
805815
780727
786584
795178
800857
780821
786500
795043
724648
731085
738912
745010
724800
730947
738777
669619
675156
683543
688970
669721
675064
683441
619147
614581
628453
633017
614652
619099
628384
563281
559403
573370
577168
559467
563232
573317
503350
506810
517508
520938
503370
506794
517471
446518
449242
460922
463693
446543
449248
460898
388338
390518
403148
405302
388388
390488
403110
311127
333008
310892
337638
310876
333016
310753
739489
753854
732998
766652
739198
754034
732725
683063
698906
675847
709350
682708
698821
675694
631635
647581
625250
657510
631499
647357
625173
578887
596157
573455
605008
578674
595818
573289
525768
544743
521586
552238
525667
544693
521609
471694
492008
468385
498594
471552
491970
468442
417097
438793
415131
444331
416962
438936
415173
361969
385240
361800
389218
361616
385098
361609
888362
907487
873579
919317
889152
908934
874141
814160
835429
799960
846644
814642
835449
799797
743811
764437
730663
774176
744207
764418
730688
673778
695813
662422
704101
674110
695686
662288
606316
628656
596197
635588
606837
628612
596215
539283
562775
530542
568135
539544
562710
530494
473843
497728
465953
502217
474140
497723
465965
409617
433244
401612
436711
409481
433188
401253
927687
944782
909904
958037
928182
945946
910039
879754
888671
898771
904501
879679
889012
898928
807932
816701
825364
832594
807951
816813
825331
740118
747843
756614
762620
740085
748001
756621
673841
680389
690157
695242
673834
680466
690132
609009
614695
624832
628984
608971
614815
624857
545064
549943
560806
564176
545029
550029
560829
481583
485827
497195
499832
481545
485907
497231
417482
421452
433437
435679
417477
421477
433447
336208
357588
329426
359887
336126
357513
329113
888888
900955
869519
922578
888827
901589
869412
844348
852645
862267
870915
844369
852646
862295
777799
785224
794049
801811
777806
785218
794043
714396
720578
730112
736542
714404
720568
730105
652178
657415
667649
673119
652174
657409
667657
590826
595097
606012
610566
590801
595128
606040
530147
533615
545242
548980
530097
533664
545292
469226
472111
484507
487563
469205
472140
484538
407023
409468
422727
425290
407038
409460
422722
324439
349080
320770
353140
324069
348888
320397
846888
856723
828709
875986
846706
857415
828825
808732
816967
824101
832562
808785
816902
824018
749781
756579
764512
771669
749797
756575
764511
691153
696774
705836
711670
691188
696749
705797
632590
637134
647185
652101
632550
637201
647222
574604
578380
588981
593039
574563
578459
589022
516807
520077
531297
534738
516802
520097
531307
457918
460804
472814
475775
457936
460783
472803
397339
399825
412656
415243
397355
399791
412645
316978
341071
313446
344635
316617
340942
313096
814014
824557
805616
838543
813798
824939
805870
780455
786293
794659
800310
780506
786248
794699
724341
730691
738531
744701
724379
730656
738494
669386
674871
683235
688717
669421
674842
683193
614404
619010
628246
632901
614429
619005
628225
559229
563164
573172
577095
559259
563161
573138
503330
506783
517444
520900
503335
506789
517443
446468
449315
460857
463772
446470
449330
460861
388206
390428
403014
405271
388228
390411
403001
310909
332914
311003
337356
310620
332656
310937
738722
753976
732235
765858
738174
753984
731277
682539
698925
675723
709725
682610
699397
675882
631395
647279
625094
657551
631292
647319
625001
578425
595485
573267
604781
578238
595356
573515
525575
544524
521631
552201
525500
544289
521693
471429
491753
468578
498502
471376
491413
468897
416874
438840
415331
444264
416805
438677
415628
361505
384807
361674
388926
361153
384405
361547
861019
867665
843655
852592
867694
843637
861024
869536
887574
861342
879315
887639
861342
869522
852684
835595
844350
827297
835556
844337
852706
878377
900723
886772
896701
886693
896429
878495
861017
852589
867752
843566
867718
843606
861031
869581
879442
888011
861475
887758
861384
869663
852679
827239
835458
844327
835508
844326
852678
791483
797577
774508
782218
797544
774478
791514
801354
818533
793750
810504
818502
793716
801384
784354
767374
777009
760326
767343
776979
784391
808831
832781
817138
825974
817181
826025
808761
791433
782196
797444
774379
797497
774434
791363
801297
810447
818386
793600
818450
793668
801221
784299
760282
767244
776863
767301
776932
784221
723797
729066
707442
714256
729043
707406
723829
734000
750524
727620
743793
750490
727580
734034
717662
701454
711469
695467
701418
711430
717696
740537
762907
748078
757075
748097
757108
740493
723758
714242
728980
707313
729015
707360
723717
733961
743747
750410
727475
750451
727532
733909
717615
695415
701310
711318
701367
711380
717560
657870
662096
641677
647489
662064
641659
657895
668979
685186
663549
679409
685152
663513
669012
652793
636653
647549
631635
636619
647513
652820
674374
695382
680694
690603
680718
690641
674328
657832
647510
662003
641594
662039
641630
657784
668931
679354
685046
663385
685104
663455
668866
652753
631575
636508
647384
636570
647455
652689
592923
596406
577036
582173
596392
577029
592939
604540
620520
600017
615716
620484
599985
604573
588612
572768
584235
568569
572749
584205
588641
609141
628973
614687
625076
614688
625110
609107
592903
582173
596370
577003
596382
577015
592886
604492
615663
620374
599871
620431
599935
604439
588572
568527
572687
584102
572720
584157
588530
528979
531819
513312
517771
531804
513304
528986
541144
556891
537371
552887
556885
537355
541154
525403
509727
521765
506231
509710
521747
525418
545032
563963
549865
560779
549868
560789
545015
528971
517766
531775
513274
531788
513290
528961
541124
552856
556837
537272
556867
537322
541092
525384
506203
509669
521673
509691
521714
525358
465764
467994
450155
454074
467984
450139
465774
478413
494010
475191
490639
493996
475172
478431
462776
447127
459627
444070
447100
459606
462801
481646
499745
485858
497220
485860
497236
481618
465745
454060
467954
450073
467969
450112
465714
478374
490615
493945
475111
493973
475144
478327
462732
444026
447009
459524
447060
459568
462681
402134
404189
386168
390021
404135
386052
402196
415445
431284
412758
428385
431260
412727
415480
399456
383772
396948
381260
383683
396906
399524
418245
436105
422080
433942
422129
433987
418167
402028
389952
403957
385696
404058
385946
401915
415388
428336
431160
412604
431216
412678
415308
399364
381186
383355
396756
383554
396843
399253
827475
835783
810976
819147
835756
810951
827478
834607
851089
826052
842558
851123
826102
834597
818987
802938
810789
794952
802923
810795
818994
843849
869401
852232
861325
852166
861099
843942
827472
819096
835725
810898
835736
810925
827478
834654
842728
851518
826350
851272
826195
834731
818989
794967
802901
810885
802913
810836
818997
762794
769875
746887
753524
769839
746852
762828
771421
787188
764322
779636
787176
764313
771439
755846
740300
749135
733895
740276
749119
755866
778704
802683
786109
794794
786172
794832
778655
762751
753475
769726
746741
769790
746805
762693
771399
779630
787154
764272
787164
764296
771371
755816
733862
740185
749058
740239
749096
755771
699535
705485
683964
689665
705450
683932
699568
709283
724814
703531
718729
724785
703504
709316
693798
678391
688274
672955
678356
688244
693833
715165
737293
721238
730874
721304
730941
715096
699481
689608
705324
683790
705396
683872
699404
709234
718691
724679
703400
724741
703463
709166
693744
672903
678216
688126
678297
688195
693671
637354
642448
621944
626752
642415
621909
637390
647696
663033
642678
657742
662996
642639
647737
632419
617225
627609
612552
617185
627570
632458
652794
673813
658014
668201
658097
668297
652704
637291
626699
642276
621764
642355
621847
637202
647625
657669
662829
642484
662927
642569
647533
632349
612486
617026
627408
617117
627496
632258
575789
580012
560540
564525
579984
560525
575811
586799
602004
582621
597548
601967
582589
586831
571664
556605
567689
552815
556591
567669
571689
591078
611041
595418
606347
595488
606425
591014
575750
564481
579878
560461
579936
560499
575697
586743
597483
601816
582478
601902
582540
586670
571624
552810
556536
567598
556570
567645
571567
514844
518305
499619
502910
518294
499609
514857
526511
541547
523078
537940
541539
523082
526517
511468
496397
508187
493271
496394
508197
511474
530045
549038
533626
545214
533672
545246
530016
514822
502887
518224
499572
518266
499592
514795
526498
537933
541500
523085
541524
523089
526481
511458
493292
496386
508226
496390
508211
511446
453738
456661
438404
441215
456647
438392
453741
466131
481285
463276
478307
481286
463288
466127
450933
435699
448212
433098
435699
448219
450930
469055
487469
472052
484320
472075
484335
469039
453729
441182
456592
438353
456624
438374
453712
466136
478331
481289
463330
481288
463305
466136
450936
433111
435701
448262
435700
448235
450938
392157
394537
376816
378912
394508
376754
392188
405159
420464
402818
417953
420457
402806
405178
389830
374530
387668
372464
374455
387620
389867
407568
425668
410036
422945
410108
422978
407517
392106
378832
394357
376537
394450
376671
392021
405130
417957
420437
402770
420447
402791
405097
389771
372373
374254
387497
374380
387562
389701
794846
802563
779936
787389
802595
780001
794775
800486
815566
793359
808431
815586
793415
800519
787064
773070
779635
766088
773099
779665
787102
809090
832328
817316
824359
817187
824214
809142
794909
787431
802731
780114
802661
780075
794937
800462
808460
815709
793484
815618
793448
800462
787027
766052
773067
779705
773096
779685
787009
736345
742626
721668
727663
742604
721646
736359
744797
759173
738769
752713
759208
738789
744765
730391
715791
724715
710242
715790
724725
730380
750936
772494
757469
765610
757476
765590
750934
736337
727629
742558
721588
742585
721622
736322
744806
752679
759192
738676
759223
738763
744771
730390
710231
715774
724587
715793
724686
730352
677493
682832
662714
667722
682800
662686
677520
686737
701247
681402
695739
701242
681409
686747
672250
657729
667125
652826
657706
667123
672268
692197
712733
697700
706899
697758
706940
692150
677449
667661
682678
662540
682748
662627
677384
686720
695745
701212
681387
701236
681408
686687
672216
652807
657579
667079
657652
667111
672165
618359
622879
603777
608013
622830
603736
618398
628502
643122
624162
638476
643091
624142
628530
613991
599586
609812
595532
599561
609799
614014
632992
652595
637466
647680
637607
647775
632900
618293
607922
622595
603599
622731
603675
618206
628457
638445
642969
624068
643042
624112
628386
613951
595516
599481
609739
599528
609775
613887
560100
563820
545639
549161
563799
545631
560117
570838
585202
567123
581297
585182
567113
570855
556514
542182
552920
538710
542176
552910
556526
574560
593144
578332
589027
578419
589090
574515
560082
549160
563724
545644
563770
545633
560064
570823
581286
585127
567107
585156
567107
570813
556509
538713
542205
552914
542183
552908
556517
501994
505105
487333
490320
505108
487339
501989
513365
527794
510158
524447
527793
510158
513361
498896
484350
495788
481380
484359
495793
498889
516595
534515
519848
531156
519837
531136
516622
502011
490334
505135
487393
505118
487359
502041
513384
524454
527832
510192
527806
510170
513415
498918
481398
484420
495832
484384
495809
498952
442989
445602
428071
430597
445616
428075
442980
455080
469743
452310
466879
469756
452319
455067
440342
425551
437682
422977
425553
437673
440334
457857
475502
460622
472684
460595
472648
457891
443008
430613
445661
428094
445636
428085
443033
455100
466895
469812
452304
469781
452321
455122
440353
422920
425527
437599
425547
437652
440357
383153
385393
368219
370195
385348
368171
383179
395842
410745
393509
408199
410731
393452
395880
380906
366080
378743
363949
366031
378672
380956
398125
415564
400416
413105
400438
413118
398079
383093
370104
385218
367870
385290
368089
382986
395769
408110
410620
393264
410691
393363
395651
380791
363832
365636
378424
365898
378561
380607
767604
773266
753786
759769
773300
753790
767627
774383
788458
769215
780253
788437
769290
774351
761863
748172
754542
742753
748161
754523
761851
780986
801330
786849
794913
786867
794744
781042
767600
759777
773331
753729
773321
753769
767596
774431
780409
788877
769780
788559
769424
774518
761874
742670
747997
754622
748104
754534
761901
712899
718964
698791
704683
718927
698785
712906
720447
734532
715292
727496
734514
715266
720475
706676
692707
699849
687577
692682
699790
706689
726575
746496
732688
740301
732791
740361
726495
712848
704630
718746
698686
718858
698743
712780
720392
727435
734354
715138
734458
715218
720321
706634
687487
692617
699576
692653
699694
706581
656814
661885
642963
647946
661901
642984
656792
665380
678956
661026
672564
678922
661030
665369
651638
637990
645835
634020
638005
645830
651624
670720
690243
676026
684660
676039
684726
670660
656826
647939
661892
642973
661908
642990
656810
665365
672532
678845
660976
678889
661002
665305
651651
634014
637989
645738
638008
645792
651639
601314
605545
587399
591483
605532
587410
601326
610634
624226
607083
618856
624248
607102
610627
596940
583297
591931
580147
583314
591970
596909
615194
633769
619640
629135
619671
629158
615175
601302
591478
605485
587429
605509
587421
601295
610634
618900
624266
607153
624263
607134
610630
596978
580206
583393
591988
583350
591998
597010
545768
549275
531803
535254
549267
531802
545770
555877
569491
553116
564962
569540
553164
555856
542167
528398
537791
525832
528427
537796
542136
559683
577358
563379
573589
563371
573571
559705
545774
535258
549278
531825
549269
531813
545782
555923
565013
569640
553186
569600
553203
555956
542190
525803
528402
537765
528427
537800
542176
489650
492666
475493
478438
492669
475493
489651
500550
514453
498328
510421
514448
498296
500560
486475
472539
482776
470482
472488
482731
486505
503762
521074
506967
517812
506956
517811
503751
489643
478441
492684
475417
492679
475469
489625
500508
510392
514361
498169
514408
498243
500439
486437
470403
472375
482532
472440
482643
486377
432478
435016
418087
420457
434984
418072
432514
444156
458284
442756
454972
458262
442720
444179
429917
415710
426899
414398
415690
426852
429903
446828
463989
449466
461148
449542
461201
446788
432447
420395
434846
418022
434918
418051
432416
444126
454881
458210
442579
458234
442659
444096
429934
414353
415618
426725
415663
426790
429905
374595
376579
360034
361987
376511
359953
374652
386992
401391
386158
398568
401360
386126
387001
372526
357908
370322
357473
357829
370277
372562
389086
405731
391064
403569
391146
403613
389014
374509
361909
376296
359663
376414
359871
374397
386952
398529
401264
385976
401315
386067
386885
372453
357377
357538
370062
357733
370188
372352
861049
867763
843510
852548
861031
867796
843453
869838
888166
861563
880163
869733
888459
861682
852683
835399
844333
827081
852677
835339
844342
878854
901506
887377
897757
887178
897425
879007
861072
852515
867907
843346
867839
843397
861110
869936
880359
888929
861899
888649
861784
870050
852695
827029
835220
844370
835277
844355
852713
791193
797390
774310
782095
791279
797325
774239
801032
818309
793518
810228
801130
818228
793426
784035
767174
776781
760072
784130
767097
776690
808502
832566
816901
825713
816958
825778
808413
791107
782061
797200
774100
797260
774169
791026
800930
810146
818063
793229
818145
793327
800830
783938
759995
766941
776505
767020
776597
783844
723629
728945
707263
714191
723673
728916
707212
733803
750360
727416
743571
733857
750305
727355
717443
701248
711253
695215
717501
701186
711189
740349
762736
747976
756911
748003
756951
740299
723583
714170
728868
707114
728886
707162
723535
733747
743506
750187
727232
750245
727293
733691
717385
695148
701066
711062
701126
711125
717328
657682
661981
641553
647514
657736
661950
641512
668714
684985
663313
679151
668792
684922
663239
652526
636441
647310
631348
652611
636371
647232
674166
695301
680601
690427
680622
690470
674109
657629
647502
661897
641425
661924
641469
657574
663082
668632
679084
684799
684861
663164
668549
647059
652439
631262
636234
636300
647149
652356
592848
596362
576987
582186
592868
596356
576970
604338
620318
599802
615441
604388
620262
599729
588453
572654
584042
568377
588492
572622
583980
609018
628948
614694
624968
614691
624993
608991
592829
582188
596354
576937
596352
576952
592810
599606
604290
615362
620159
620209
599663
604247
583891
588417
568340
572566
572592
583929
588384
528940
531762
513256
517761
528951
531756
513237
541031
556804
537229
552714
541060
556776
537196
525305
509643
521639
506110
525332
509614
521609
544969
563965
549876
560748
549866
560752
544960
528930
517756
531750
513204
531749
513219
528922
541007
552686
556735
537156
556753
537171
540989
525281
506086
509565
521568
509588
521584
525262
465641
467930
450019
454001
465678
467915
449961
478244
493914
475071
490522
478285
493884
475031
462579
446944
459478
443863
462630
446876
459432
481532
499718
485835
497155
485834
497170
481507
465605
453959
467885
449854
467891
449904
465569
478209
490498
493834
474981
493856
475000
478180
462532
443815
446768
459362
446817
459393
462493
401661
403835
385576
389415
401786
403733
385323
415130
431091
412525
428129
415222
431018
412436
399000
383200
396652
380730
399126
382977
396537
417912
435947
421823
433705
421880
433767
417827
401533
389297
403525
384969
403618
385199
401419
415033
428067
430885
412264
430947
412348
414934
398863
380621
382614
396302
382831
396419
398729
827509
835719
810871
818942
827488
835723
810844
834917
851718
826482
843521
834812
851997
826628
819040
802891
810936
795010
819009
802878
810985
844276
870360
852593
862244
852496
862006
844384
827530
818896
835742
810778
835731
810813
827548
835013
843727
852485
826848
852209
826746
835125
819054
795003
802820
811028
802851
811016
819069
762548
769651
746668
753258
762625
769569
746589
771282
787138
764242
779597
771340
787094
764200
755661
740121
749012
733682
755718
740047
748955
778462
802404
785788
794577
785874
794642
778382
762465
753177
769395
746419
769483
746505
762376
771216
779567
786992
764085
787045
764148
771146
755585
733602
739886
748812
739972
748888
755503
699231
705250
683696
689380
699318
705173
683600
709005
724606
703323
718485
709089
724525
703237
693496
678123
688043
672644
693588
678011
687945
714864
737010
720952
730561
721023
730641
714787
683420
699155
689308
705032
705101
683509
699077
708921
718394
724364
703054
724444
703148
708842
677670
693403
672445
687727
677858
687833
693308
636988
642193
621668
626437
637099
642108
621565
647320
662720
642414
657397
647432
662588
642397
632055
616927
627334
612274
632160
616827
627284
657724
667772
652279
652385
673511
657795
667881
641924
621311
636731
636868
626333
642022
621454
661931
641932
646889
647147
656922
662337
642197
616649
627218
631791
631943
612258
616745
627183
575579
579801
560416
564284
575639
579713
560368
586525
601723
582416
597248
586589
601632
582353
571458
556499
567547
552764
571507
556485
567422
595063
605943
590731
590799
610671
595148
606065
579567
560339
575492
575534
564224
579633
560346
601523
582435
586556
586516
597233
601577
582359
556782
567803
571609
571477
553024
556549
567512
514751
518183
499555
502789
514773
518145
499537
526464
541478
523098
537930
526468
541468
523128
511435
496384
508235
493361
511437
496389
508261
545099
529919
548820
533470
533488
545093
529923
514718
502760
518093
499506
518109
499508
514709
541608
526470
538036
523278
541492
523187
526521
511446
493403
496411
508357
496391
508303
511463
453680
456557
438332
441052
453694
456521
438316
466150
481293
463365
478416
466135
481297
463406
450967
435709
448298
433185
450948
435722
448337
468997
487355
471951
484268
471963
484264
469003
453677
441018
456478
438300
456494
438306
453680
466174
478462
481331
463504
481302
463452
466204
450991
433216
435754
448424
435737
448378
451017
391843
394248
376436
378390
391931
394137
376274
405035
420432
402748
417982
405068
420431
402724
389551
374165
387428
371998
389627
374015
387360
407364
425446
409751
422838
409816
422860
407314
391755
378277
393934
376013
394033
376174
391670
405007
417993
420431
402673
420429
402703
404979
389477
371896
373765
387204
373924
387286
389409
794933
802777
780119
787496
794938
802802
780091
800497
815745
793498
808647
800465
815830
793535
787012
773026
779738
766007
787003
772975
779803
809273
833157
817631
824817
817580
824695
809323
794917
787466
802782
779948
802802
780032
794892
800526
808647
815921
793587
815849
793554
800587
787021
765968
772823
779934
772908
779881
787030
736218
742523
721541
727472
736284
742475
721478
744583
759120
738539
752400
744694
759014
738371
730181
715722
724443
709947
730282
715640
724272
750760
772452
757283
765370
757360
765472
750656
736130
727396
742329
721297
742411
721396
736026
744449
752260
758735
738013
758882
738192
744302
730057
709805
715413
723909
715534
724092
729919
677214
682592
662434
667327
677301
682494
662310
686573
701167
681343
695585
686639
701099
681278
672024
657501
667027
652649
672101
657410
666957
691934
712452
697354
706589
697450
706687
691838
661979
677117
667107
682274
682381
662156
677016
686491
695481
700910
681095
701013
681195
686395
657206
671937
652572
666785
657309
666876
671840
617988
622456
603514
607531
618102
622356
603428
628153
642871
624011
638280
628286
642752
623944
613700
599426
609695
595447
613802
599371
609646
636180
646698
632078
632420
651795
636970
647118
621928
603281
617674
617836
607425
622168
603345
642506
623835
627884
627992
638211
642617
623879
599317
609574
613514
613590
595431
599327
609602
560053
563666
545674
549211
560052
563598
545739
570833
585102
567112
581263
570815
585086
567123
556590
542249
552929
538773
556543
542315
552948
577783
588858
574489
574423
592652
578003
588856
563847
546259
560291
560093
549582
563670
545885
585122
567163
570955
570874
581265
585087
567140
542515
553002
556780
556666
538804
542405
552974
502147
505164
487442
490435
502087
505205
487504
513519
527875
510220
524526
513462
527934
510251
499051
484464
495860
481436
498997
484509
495883
531540
516802
534714
520083
519982
531357
516904
502219
490495
505331
487640
505261
487572
502298
528095
513586
524560
510307
528008
510281
513660
499108
481424
484587
495902
484552
495898
499163
443085
445696
428101
430687
443060
445741
428102
455148
469845
452268
466866
455138
469875
452218
440328
425486
437533
422696
440351
425424
437467
458019
475677
460832
472899
460770
472847
458052
443105
430716
445837
428072
445791
428093
443115
455146
466827
469910
452121
469898
452166
455129
440290
422650
425301
437369
425360
437408
440248
382675
385128
367709
369612
382843
385027
367419
395391
410538
393171
407886
395524
410446
393082
380269
365470
378285
363238
380423
365215
378147
397817
415581
400241
412933
400303
412998
397704
382512
369478
384791
367044
384911
367281
382380
395296
407833
410293
392928
410358
393004
395219
380138
363108
364850
377895
365084
378015
380027
767574
773377
753673
759800
767583
773421
753593
774635
788910
769975
781144
774529
789298
770304
761736
747848
754456
742260
761858
747694
754452
781138
801416
786842
795395
786836
795219
781196
767505
759733
773429
753346
773444
753479
767424
774736
781284
789807
770519
789454
770384
774808
761577
742054
747370
754312
747535
754324
761445
712532
718590
698602
704262
712677
718399
698485
720114
734215
714988
727078
720233
734072
714835
706419
692570
699427
687210
706517
692498
699273
726071
746070
731998
739797
732193
739955
725865
712347
704099
717986
698153
718194
698330
712135
719954
726897
733766
714427
733930
714629
719754
706281
687068
692264
698871
692399
699073
706103
656709
661851
642929
647796
656770
661788
642865
665123
678780
660911
672313
665223
678701
660836
651550
637956
645665
633865
651605
637908
645588
670417
689872
675728
684222
675832
684351
670315
656630
647715
661615
642687
661709
642784
656538
665013
672169
678496
660549
678606
660692
664894
651476
633758
637761
645351
637844
645469
651384
601276
605453
587438
591447
601288
605417
587442
610607
624256
607147
618839
610624
624229
607108
597019
583422
591970
580110
597027
583419
591917
619439
615065
633547
628881
619497
628964
615011
605339
601257
591430
587414
605379
587435
601225
610573
618772
624116
606947
624183
607042
610514
596988
580030
583343
591755
583392
591851
596936
545791
549291
531829
535299
545790
549305
531822
555947
569651
553151
564925
555964
569638
553075
542135
528369
537723
525569
542165
528306
537644
563416
559735
577358
573577
563409
573593
559709
549338
545786
535316
531764
549321
531806
545770
555910
564850
569560
552900
569608
552993
555851
542086
525482
528146
537469
528229
537563
542021
489515
492678
475354
478340
489573
492653
475315
500281
514311
498111
510136
500361
514245
498027
486280
472326
482470
470149
486323
472286
482401
503599
521125
506948
517715
506967
517760
503550
489476
478276
492570
475254
492613
475284
489440
500211
510049
514102
497863
514173
497950
500151
486247
470077
472202
482277
472245
482349
486213
432354
434794
417984
420251
432385
434757
417940
444021
458196
442511
454630
444061
458182
442435
429816
415567
426664
414151
429861
415513
426585
446697
463767
449286
461048
449309
461070
446671
432323
420217
434701
417853
434726
417894
432293
443980
454536
458141
442301
458169
442366
443941
429770
414079
415403
426448
415457
426512
429728
374146
376168
359546
361353
374272
376037
359317
386715
401210
385883
398335
386805
401152
385779
372098
357404
369926
356838
372227
357177
369785
388764
405514
390744
403348
390817
403400
388681
374022
361231
375796
358977
375912
359194
373908
386627
398261
401035
385583
401093
385679
386541
371970
356704
356815
369505
357035
369640
371845
861185
867967
843302
852457
861147
868057
843264
870233
889079
861984
880964
870142
889306
862066
852745
835166
844379
826881
852730
835118
844385
879380
902603
888095
898588
887921
898367
879476
861216
852420
868230
843212
868130
843231
861244
870295
881027
889550
862158
889401
862116
870345
852752
826830
835023
844374
835069
844381
852753
790883
797137
774036
781972
790950
797088
773975
800644
817982
793132
809903
800733
817909
793040
783676
766865
776416
759770
783757
766794
776331
808180
832432
816718
825508
816732
825546
808117
790823
781936
797000
773864
797022
773918
790771
800566
809831
817780
792885
817841
792956
800498
783604
759704
766668
776189
766728
776254
783542
723447
728840
707069
714103
723488
728826
707028
733581
750131
727171
743313
733635
750078
727113
694949
717218
701008
711000
717271
700950
710941
740156
762604
747861
756757
747865
756794
740123
723413
714064
728790
706975
728797
706996
723389
733533
743258
749980
727018
750027
727062
733491
694894
717170
700849
710848
700897
710890
717129
657474
661868
641379
647441
657522
661844
641335
662992
678860
662912
668397
684734
668468
684669
646969
631040
646895
652215
636172
652279
636118
673957
695254
680514
690285
680526
690312
673917
657432
647408
661804
641251
661815
641291
657394
678800
662811
662851
668341
684565
684612
668298
630999
646809
646842
652164
636035
636071
652127
592775
596356
576923
582212
592792
596369
576912
599565
615185
599537
604178
620115
604210
620077
583865
568297
583847
588333
572545
588356
572528
608924
628912
614700
624869
614692
624891
608910
592764
582215
596397
576900
596377
576903
592760
615156
599506
599518
604154
620025
620046
604138
568292
583827
583835
588318
572514
572517
588310
528909
531750
513189
517760
528915
531760
513177
552656
540970
556723
537148
540977
556715
537147
525240
509545
521559
506061
525248
509531
521557
544947
564033
549922
560743
549905
560742
544947
528906
517756
531791
513160
531769
513166
528905
552654
540968
556716
537150
556713
537148
540972
525239
506067
509522
521568
509523
521561
525245
465506
467870
449809
453881
465536
467869
449768
478147
493817
474973
490473
478158
493807
474972
462439
446724
459345
443723
462460
446686
459335
481454
499741
485828
497114
485823
497118
481447
465482
453846
467860
449695
467856
449730
465466
478147
490479
493808
474985
493804
474975
478155
462431
443704
446628
459330
446654
459330
462428
401218
403430
384882
388841
401312
403354
384694
414771
430831
412195
427921
414847
430784
412131
398513
382505
396204
380204
398611
382319
396114
417616
435807
421615
433499
421658
433538
417569
401138
388768
403226
384478
403283
384633
401074
414711
427887
430708
412035
430742
412080
414660
398432
380163
382103
395978
382252
396040
398368
827562
835748
810733
818757
827559
835750
810687
835234
852611
826902
844193
835184
852766
826926
819079
802787
811015
794870
819078
802747
810985
844556
871029
852787
862659
852766
862579
844567
827555
818708
835732
810590
835742
810640
827539
835253
844201
852893
826860
852821
826907
835251
819060
794799
802636
810872
802695
810935
819027
762199
769309
746328
752939
762285
769225
746242
771000
786935
764007
779381
771075
786871
763921
755338
739796
748727
733328
755420
739708
748637
778136
802103
785455
794293
785532
794363
778059
762118
752870
769078
746097
769148
746166
762044
770921
779301
786728
763747
786801
763833
770844
755259
733238
739556
748463
739627
748547
755183
683320
689094
683199
698896
704965
698990
704893
708632
724265
702939
718087
708743
724168
702817
677468
671874
677223
693035
687588
693184
687406
714564
736725
720701
730259
720750
730320
714514
689025
683134
683126
698823
704788
704830
698798
708548
717996
724014
702669
724082
702725
708499
671752
677252
677139
692951
687327
687305
692956
514755
518089
499520
502748
514728
518093
499541
541839
538335
542020
526733
523408
526631
523514
511571
496449
508420
493559
511516
496491
508482
548774
545155
545188
530007
533470
533471
529996
514775
502756
518105
499584
518099
499563
514785
538394
541900
542048
526767
523512
523561
526720
511605
493595
496553
508527
496527
508520
511614
453695
456470
438296
440964
453685
456466
438297
466271
481369
463556
478623
466238
481408
463599
451074
435774
448469
433295
451045
435793
448503
469049
487353
471971
484346
471958
484322
469071
453709
440956
456475
438309
456468
438302
453726
466302
478657
481470
463640
481442
463627
466327
451099
433300
435815
448528
435808
448523
451118
391531
393842
375953
377867
391596
393758
375795
404931
420435
402640
417998
404958
420438
402593
389272
373699
387116
371410
389340
373532
387022
407208
425323
409557
422786
409597
422796
407176
391473
377832
393626
375594
393687
375756
391419
404903
417980
420425
402490
420435
402545
404867
389204
371340
373308
386851
373480
386932
389139
794784
802738
779846
787251
794848
802676
779731
800701
815905
793595
808561
800644
815942
793630
787010
772722
779951
765708
787028
772613
779938
809367
833450
817535
824899
817601
824912
809324
794700
787152
802506
779491
802596
779610
794607
800722
808401
815863
793642
815890
793647
800722
786964
765605
772392
779854
772501
779902
786899
735793
742234
721186
727111
735912
742135
721070
744000
758582
737840
751818
744151
758432
737671
729626
715282
723728
709331
729773
715147
723551
750295
772108
756901
764883
756999
765004
750177
735674
727014
741942
720853
742036
720958
735561
743857
751679
758158
737361
758290
737511
743723
729484
709174
714892
723220
715016
723381
729350
661834
666733
661684
676794
682166
676908
682023
686174
700793
680984
695087
686287
700672
680867
657107
652303
657001
671623
666684
671734
666577
691525
712051
696980
706174
697037
706266
691453
666622
661620
661599
676711
681906
681918
676663
686071
694953
700447
680644
700555
680751
685983
652218
656893
656929
671531
666385
666475
671464
502408
505395
487695
490673
502367
505454
487727
528180
524628
528240
513766
510324
513726
510327
499229
484609
495896
481358
499207
484614
495883
534878
531836
531902
517085
520305
520310
517063
502424
490706
505497
487721
505493
487735
502410
524617
528196
528250
513772
510284
510314
513739
499227
481339
484582
495838
484604
495863
499201
443094
445870
428038
430739
443112
445887
427998
455076
469907
452085
466731
455102
469893
452063
440173
425252
437342
422566
440206
425213
437324
458063
475879
460923
472941
460929
472957
458042
443066
430720
445874
427927
445887
427959
443039
455054
466713
469851
452046
469872
452050
455037
440149
422550
425167
437309
425188
437313
440135
382179
384664
366968
368939
382274
384551
366756
395105
410243
392865
407714
395162
410204
392806
379832
364763
377793
362613
379924
364566
377704
397485
415464
399964
412719
400028
412758
397429
382096
368875
384370
366533
384451
366723
382018
395059
407684
410139
392713
410170
392758
395010
379754
362559
364364
377571
364522
377633
379686
767256
773374
753198
759420
767331
773302
753049
774687
789842
770413
781983
774748
790106
770473
761233
747184
754204
741504
761330
746984
754169
781069
801276
786680
795392
786751
795441
780951
767183
759306
773166
752742
773231
752896
767111
774596
781972
790014
770510
789984
770433
774509
761127
741249
746583
754001
746778
754058
761023
711688
717780
697964
703580
711911
717578
697772
719287
733575
714161
726252
719526
733366
713899
705675
692100
698610
686521
705898
691914
698374
725191
745442
731246
739074
731424
739254
724983
711475
703411
717202
697405
717384
697582
711280
719054
725972
732954
713329
733154
713593
718833
705451
686285
691541
697894
691723
698108
705241
647419
656327
661511
642582
656436
661402
642475
664642
678373
660368
671686
664769
678244
660218
651167
637661
645203
633371
651280
637549
645072
669956
689321
675260
683662
675373
683796
669836
647322
656216
661194
642269
661295
642369
656110
664515
671504
677986
659932
678112
660052
664394
651049
633221
637309
644814
637429
644927
650934
605297
591355
605253
601131
587380
601182
587336
610348
624031
606832
618483
610437
623933
606710
596793
583279
591648
579730
596871
583202
591532
633203
619197
619248
614799
628531
628615
614725
591322
605167
605212
601075
587225
587283
601015
610254
618371
623728
606465
623830
606583
610157
596709
579625
583041
591295
583123
591409
596621
549349
535333
549344
545686
531717
545730
531667
555708
569501
552805
564573
555782
569433
552716
541876
528066
537379
525230
541948
527993
537297
577296
563336
563379
559583
573422
573471
559527
535305
549264
549316
545634
531568
531619
545581
555637
564481
569294
552548
569363
552624
555573
541810
525156
527880
537158
527930
537218
541752
489378
492534
475224
478173
489407
492507
475195
500047
514037
497786
509822
500098
513978
497720
486133
472159
482209
469884
486177
472116
482147
521080
503433
506834
517549
506863
517592
503399
489351
478160
492457
475140
492478
475167
489326
499999
509769
513885
497628
513927
497665
499956
486084
469830
472036
482046
472075
482091
486032
432237
434682
417816
420136
432264
434667
417782
443877
458105
442244
454366
443907
458064
442200
429663
415352
426391
413896
429692
415310
426347
446593
463686
449242
460948
449247
460974
446568
432212
420117
434648
417717
434655
417750
432191
443850
454342
457958
442125
458010
442156
443822
429644
413842
415253
426266
415278
426298
429629
373710
375693
358886
360740
373804
375603
358700
386385
400978
385488
398045
386462
400928
385406
371635
356707
369377
356192
371736
356517
369262
388482
405362
390549
403187
390587
403224
388429
373630
360689
375471
358496
375529
358646
373561
386317
397979
400852
385263
400885
385325
386258
371552
356102
356288
369043
356442
369139
371483
861278
868273
843197
852530
861262
868372
843198
870367
889537
862167
881109
870360
889599
862164
852731
834978
844362
826688
852745
834935
844341
879621
903641
888611
898877
888388
898779
879663
861280
852543
868577
843207
868425
843207
861280
870347
880964
889541
862122
889525
862139
870328
852710
826650
834879
844301
834909
844315
852691
790679
796962
773810
781863
790719
796995
773759
800366
817721
792818
809654
800431
817663
792759
783434
766618
776131
759564
783488
766574
776077
807998
832543
816720
825402
816665
825435
807970
790635
781759
797001
773689
796946
773714
790604
800328
809612
817591
792696
817625
792729
800282
783389
759549
766523
776030
766548
776052
783364
723359
728758
706960
714003
723369
728768
706949
733419
749936
726979
743135
733451
749897
726956
717064
700807
710814
694797
717093
700774
710789
740074
762570
747845
756639
747793
756661
740077
723346
713968
728791
706925
728749
706936
723334
733390
743121
749849
726923
749860
726938
733368
717045
694781
700714
710759
700741
710777
717025
657342
661774
641215
647312
657364
661771
641189
662783
668227
684528
678707
668259
684494
662762
646790
652077
636009
630963
652097
635992
646779
673840
695246
680425
690193
680425
690217
673837
657327
647255
661762
641171
661740
641173
657319
668206
678701
684443
662754
684465
662760
668184
652062
630966
635973
646785
635978
646774
652053
592772
596404
576903
582229
592762
596428
576915
599504
604126
620010
615140
604130
620001
599510
583824
588311
572514
568290
588308
572519
583832
608918
628920
614704
624829
614679
624830
608947
592786
582211
596457
576967
596430
576936
592805
604126
615148
619989
599537
619992
599521
604129
588320
568307
572540
583868
572525
583847
588332
528918
531806
513158
517756
528910
531833
513161
540989
556722
537155
552658
540979
556732
537168
525270
509527
521579
506117
525255
509542
521598
544978
564123
549954
560792
549936
560778
545000
528927
517733
531867
513192
531843
513168
528940
541001
552679
556764
537228
556744
537192
541016
525289
506149
509595
521665
509563
521627
525310
465455
467845
449668
453767
465458
467852
449647
478175
493817
474999
490531
478165
493836
475020
462430
446610
459336
443691
462429
446599
459348
481485
499782
485824
497166
485809
497141
481514
465457
453734
467845
449645
467835
449638
465463
478187
490562
493898
475076
493863
475046
478201
462435
443699
446596
459388
446594
459366
462444
400986
403183
384466
388472
401023
403145
384349
414593
430683
412007
427837
414623
430668
411982
398289
382098
395937
379926
398320
381984
395907
417489
435718
421475
433432
421500
433438
417475
400960
388464
403088
384298
403108
384377
400948
414575
427831
430661
411956
430660
411969
414561
398273
379970
381932
395883
382016
395892
398269
827477
835714
810538
818566
827512
835685
810487
835155
852856
826780
844028
835212
852841
826686
818931
802576
810795
794556
818982
802518
810713
844464
871029
852687
862435
852720
862472
844417
827439
818529
835640
810402
835658
810441
827407
835078
843866
852660
826474
852734
826577
835002
818878
794479
802422
810552
802465
810628
818834
761920
769015
746038
752713
761977
768963
745992
770711
786659
763666
779061
770773
786596
763593
755054
739494
748389
733034
755114
739440
748322
777875
801870
785247
794073
785281
794115
777834
761875
752688
768902
745932
768926
745956
761842
770659
778996
786499
763487
786541
763533
770619
755006
732983
739367
748226
739397
748266
754970
683159
698787
704758
688956
698791
704743
683178
708445
723963
702627
717819
708464
723923
702600
677385
692994
687354
672078
692977
677509
687371
714438
736568
720595
730127
720614
730146
714421
698791
688948
704712
683213
704729
683202
698785
708425
717775
723858
702543
723888
702573
708404
693011
672216
677645
687395
677600
687390
693015
641662
621137
636523
636579
626022
641664
621215
661675
641864
646724
646927
656649
662045
642050
616565
627204
631671
631769
612214
616612
627118
652139
673155
657426
667636
657429
667601
652163
636628
626042
641691
621303
641669
621264
636672
647034
657066
662308
642149
662233
642195
647068
631799
612178
616641
627101
616617
627141
631818
579489
560304
575445
575513
564158
579527
560331
601482
582429
586552
586499
597202
601488
582336
556831
567792
571617
571522
553026
556626
567508
590756
610469
595059
605982
595023
605944
590780
575540
564201
579615
560405
579569
560369
575567
586484
597201
601528
582434
601489
582343
586518
571496
552827
556584
567644
556568
567471
571529
514811
518116
499606
502810
514794
518135
499633
541688
526605
523382
538098
526636
541591
523323
511614
496572
508515
493620
511611
496590
508501
530003
548822
533560
545192
533515
545147
530045
514840
502842
518209
499709
518165
499668
514883
526611
538056
541600
523324
541576
523309
526637
511631
493623
496642
508510
496613
508499
511659
453762
456489
438315
440962
453744
456506
438320
466363
481492
463640
478676
466347
481513
463633
451136
435815
448522
433251
451130
435808
448507
469152
487449
472078
484472
472046
484436
469180
453780
440971
456552
438327
456528
438323
453798
466378
478675
481558
463613
481534
463623
466390
451138
433222
435781
448465
435796
448487
451137
391329
393584
375606
377580
391373
393555
375458
404792
420407
402447
417888
404834
420384
402399
389029
373311
386790
371003
389082
373158
386741
407090
425282
409472
422736
409491
422750
407057
391293
377650
393518
375396
393535
375515
391263
404758
417852
420327
402317
420357
402361
404712
388989
371109
373090
386681
373223
386710
388947
794408
802407
779378
786858
794507
802309
779277
800616
815715
793598
808090
800681
815607
793541
786751
772289
779799
765324
786825
772198
779738
808996
833022
817073
824314
817193
824481
808880
794318
786781
802141
779129
802217
779193
794239
800523
807968
815280
793417
815420
793474
800432
786678
765249
772061
779632
772120
779679
786614
735366
741857
720758
726782
735458
741782
720673
743499
758038
737222
751315
743603
757934
737098
729119
714779
723074
708774
729227
714678
722945
749899
771753
756611
764542
756661
764599
749838
735288
726722
741671
720536
741718
720599
735224
743412
751223
757785
736911
757849
736994
743340
729027
708675
714521
722759
714592
722839
728953
661663
676599
681896
666718
676625
681888
661740
685836
700348
680547
694612
685906
700259
680460
656848
671363
666307
652028
671411
656834
666238
691285
711795
696813
705890
696854
705951
691235
676581
666864
681896
661848
681899
661803
676560
685774
694524
700114
680320
700181
680383
685720
671325
651985
656845
666133
656840
666180
671292
621978
603253
617631
617743
607407
622115
603299
642272
623634
627785
627807
637779
642277
623582
599264
609440
613457
613463
595290
599241
609399
632428
651927
637061
647123
637086
647029
632496
617850
607499
622271
603410
622231
603361
617911
627858
637748
642349
623541
642312
623555
627908
613497
595266
599267
609362
599247
609374
613537
563790
546262
560214
560086
549538
563575
545920
585075
567109
570918
570849
581165
585028
567072
542493
552944
556720
556638
538734
542402
552905
574460
592776
578264
588934
578129
588883
574513
560090
549231
563772
545769
563603
545801
560124
570819
581142
585022
567033
585016
567047
570808
556586
538703
542283
552864
542329
552879
556556
502312
505473
487688
490675
502366
505437
487649
528097
513603
510242
524484
513672
528008
510201
499107
484553
495815
481318
499157
484524
495797
516835
534670
520067
531300
520073
531329
516808
502270
490655
505401
487593
505411
487615
502245
513551
524449
527910
510157
527946
510172
513520
499068
481324
484487
495780
484501
495785
499043
442999
445853
427902
430642
443016
445827
427885
455024
469833
452052
466721
455026
469820
452071
440128
425162
437314
422533
440127
425162
437325
457974
475813
460827
472830
460852
472852
457954
442986
430615
445769
427871
445799
427877
442974
455027
466740
469806
452119
469812
452096
455031
440137
422537
425181
437361
425169
437341
440147
381923
384308
366580
368553
381961
384264
366432
394941
410118
392679
407629
394975
410107
392650
379593
364391
377521
362276
379634
364256
377484
397350
415331
399837
412659
399858
412659
397348
381912
368659
384248
366387
384242
366494
381916
394925
407620
410103
392608
410102
392629
394906
379566
362320
364192
377442
364302
377460
379546
766955
773089
752592
758976
767029
773012
752459
774360
789790
770460
782381
774421
789785
770525
760827
746406
753842
740659
760918
746257
753734
780645
800653
786359
794822
786423
794892
780575
766888
758886
772885
752257
772943
752346
766830
774298
782469
789571
770508
789639
770513
774241
760748
740514
746043
753515
746134
753591
760684
710963
717040
697248
702980
711107
716901
697114
718462
732770
713061
725311
718634
732610
712873
704889
691375
697665
685768
705051
691232
697497
724527
744898
730750
738588
730835
738669
724439
710848
702877
716709
696919
716791
697003
710764
718320
725143
732392
712641
732480
712717
718219
704750
685622
691017
697197
691112
697318
704639
655923
661102
642174
647092
656010
661020
642091
664178
677864
659804
671150
664279
677755
659729
650730
637198
644696
632858
650825
637101
644621
669535
688881
674919
683288
674984
683356
669469
655851
647036
660898
641966
660952
642021
655796
664092
671062
677583
659617
677660
659656
664023
650650
632766
636955
644501
637020
644548
650585
605118
600889
587164
591195
600952
605071
587105
609972
623632
606345
618071
610062
623545
606244
596446
582963
591174
579314
596533
582890
591077
614518
632972
619028
628279
619058
628325
614466
600833
591162
605010
587001
605035
587051
600786
609891
617986
623398
606062
623467
606146
609820
596363
579209
582763
590883
582824
590971
596286
549198
545468
531513
535128
545521
549142
531464
555463
569230
552468
564275
555516
569171
552417
541656
527840
537093
524985
541702
527811
537057
559346
577135
563174
573218
563196
573265
559298
545425
535093
549085
531410
549105
531427
545402
555415
564217
569063
552330
569116
552364
555369
541617
524935
527778
536986
527791
537011
541581
489293
492453
475116
478166
489306
492458
475098
499892
513853
497591
509697
499919
513831
497565
485934
472001
481981
469731
485980
471968
481948
503335
520909
506781
517443
506785
517443
503336
489285
478192
492481
475079
492468
475088
489286
499881
509689
513804
497506
513816
497527
499881
485905
469711
471925
481915
471946
481913
485888
432153
434645
417685
420087
432170
434647
417658
443759
457910
442085
454312
443791
457864
442076
429541
415234
426241
413741
429596
415212
426247
446494
463711
449291
460862
449268
460875
446477
432138
420084
434667
417607
434655
417633
432126
443728
454314
457812
442079
457836
442062
443710
429488
413717
415155
426268
415184
426242
429456
373470
375427
358498
360446
373510
375393
358378
386176
400826
385201
397867
386209
400798
385164
371399
356274
368946
355807
371432
356164
368869
388295
405289
390443
403040
390466
403074
388256
373439
360484
375344
358304
375368
358410
373415
386152
397865
400690
385132
400745
385133
386127
371389
355818
356121
368776
356189
368789
371371
861286
868622
843193
852899
861282
868817
843204
870291
889370
862100
880769
870288
889461
862120
852692
834851
844299
826606
852677
834836
844317
879803
904566
889481
899061
889157
898728
879914
861318
852967
869263
843274
868933
843220
861394
870305
880443
889420
862235
889117
862146
870381
852726
826625
834891
844428
834845
844353
852801
790538
796920
773677
781768
790576
796952
773684
800241
817560
792680
809562
800257
817543
792677
783331
766511
776020
759549
783341
766509
776018
807935
832592
816943
825351
816785
825322
807949
790512
781766
797016
773725
796824
773680
790528
800245
809576
817587
792732
817550
792692
800269
783335
759568
766539
776065
766518
776036
783353
723311
728756
706910
714105
723313
728821
706900
733359
749844
726911
743121
733355
749859
726908
717003
700681
710741
694730
717008
700654
710733
740168
762652
748166
756667
748022
756631
740213
723320
714114
729009
706923
728854
706900
723344
733376
743139
749930
726943
749889
726913
733408
717005
694727
700648
710754
700640
710734
717027
657302
661702
641181
647283
657306
661709
641213
668154
684416
662748
678664
668166
684397
662745
652052
635970
646794
631019
652049
635978
646797
673822
695201
680562
690118
680469
690116
673839
657291
647291
661675
641264
661591
641228
657298
668148
678664
684398
662759
684390
662748
668155
652060
631032
636001
646814
635988
646805
652068
592837
596435
577001
582303
592820
596475
577034
604144
619992
599562
615206
604135
620012
599586
588360
572550
583895
568404
588346
572562
583920
609032
628997
614992
624896
614865
624879
609064
592849
582340
596553
577086
596456
577057
592863
604152
615230
620051
599634
620037
599613
604166
588373
568432
572580
583966
572574
583950
588379
528984
531840
513229
517780
528960
531854
513275
541060
556784
537274
552796
541036
556809
537314
525374
509627
521709
506271
525338
509662
521748
545088
564182
550162
560860
550058
560847
545122
529009
517802
531886
513367
531810
513316
529038
541081
552829
556842
537354
556833
537346
541088
525404
506301
509693
521783
509682
521780
525412
465498
467827
449667
453737
465476
467819
449697
478238
493932
475107
490670
478217
493967
475137
462477
446602
459414
443750
462457
446613
459439
481612
499862
486040
497279
485946
497257
481641
465520
453750
467871
449772
467808
449728
465550
478251
490694
494003
475167
493995
475157
478261
462499
443764
446634
459459
446624
459455
462504
400962
403063
384373
388341
400952
403016
384288
414555
430667
411954
427847
414558
430677
411951
398282
382003
395881
379874
398274
381918
395879
417501
435690
421550
433491
421494
433466
417524
400986
388435
403038
384245
402966
384398
401027
414560
427860
430693
411964
430690
411959
414563
398290
379971
381865
395894
382024
395882
398300
827369
835633
810377
818489
827381
835647
810366
834870
852475
826370
843416
834919
852446
826295
818786
802396
810496
794363
818801
802383
810467
844341
870564
852711
862263
852653
861987
844390
827384
818507
835737
810417
835676
810378
827437
834841
843112
852346
826286
852100
826251
834877
818795
794381
802435
810526
802397
810471
818846
761819
768887
745920
752664
761822
768886
745917
770583
786474
763456
778915
770591
786466
763450
754942
739348
748200
732905
754949
739339
748192
777816
801825
785280
794101
785236
794058
777865
761836
752681
768947
745956
768906
745927
761880
770599
778936
786526
763514
786481
763470
770648
754954
732906
739371
748242
739343
748204
755001
698772
704696
683213
688907
698777
704686
683215
708374
723833
702515
717681
708384
723820
702501
693006
677662
687385
672276
693009
677671
687376
714398
736547
720589
730132
720568
730106
714420
698777
688903
704703
683240
704687
683222
698796
708378
717684
723851
702525
723823
702504
708402
693014
672285
677707
687398
677685
687380
693034
636709
641704
621332
626122
636697
641708
621350
647086
662343
642134
657175
647083
662357
642130
631842
616664
627087
612182
631832
616689
627094
652189
673118
657420
667689
657410
667669
652205
636727
626140
641733
621400
641718
621373
636749
647097
657191
662393
642167
662372
642143
647117
631865
612210
616758
627154
616727
627124
631894
575619
579657
560438
564351
575589
579698
560473
586601
601566
582494
597318
586558
601605
582537
571613
556621
567712
552998
571571
556656
567750
590860
610592
595179
606096
595159
606073
590877
575654
564395
579758
560524
579738
560509
575672
586643
597350
601677
582588
601651
582566
586665
571649
553016
556703
567800
556688
567771
571671
514978
518262
499753
502973
514933
518309
499792
526724
541642
523354
538180
526679
541686
523387
511737
496675
508533
493669
511698
496706
508561
530189
549023
533707
545351
533701
545336
530196
515013
503003
518346
499814
518344
499820
515015
526762
538212
541735
523419
541723
523417
526768
511768
493682
496717
508576
496728
508584
511767
453828
456578
438331
441012
453814
456603
438337
466407
481581
463603
478687
466401
481601
463593
451132
435766
448442
433128
451135
435752
448421
469236
487587
472163
484554
472157
484559
469234
453832
441022
456622
438333
456617
438336
453830
466407
478690
481600
463563
481613
463582
466396
451122
433099
435718
448373
435735
448397
451110
391234
393507
375455
377504
391243
393496
375349
404643
420300
402279
417736
404680
420275
402235
388881
373173
386656
370925
388914
373040
386623
407019
425296
409456
422719
409462
422718
407013
391225
377597
393492
375268
393490
375431
391227
404617
417701
420234
402176
420249
402203
404595
388853
370987
372950
386581
373118
386597
388839
794165
802086
779090
786672
794180
802060
779088
800315
815094
793371
807762
800350
815031
793367
786560
772024
779596
765119
786568
772011
779578
808729
832342
816934
824151
816878
823821
808811
794202
786701
802147
779198
802077
779131
794297
800337
807651
815265
793546
814874
793410
800444
786604
765140
772108
779716
772044
779616
786709
735156
741641
720488
726618
735180
741629
720455
743245
757738
736849
751052
743283
757709
736814
728854
714462
722702
708507
728895
714421
722667
749799
771696
756635
764605
756594
764543
749846
735161
726614
741671
720483
741636
720449
735203
743256
751070
757784
736861
757731
736825
743292
728859
708509
714447
722705
714418
722675
728892
676519
681882
661868
666985
676537
681868
661878
685642
700058
680271
694364
685674
700021
680239
671241
656843
666096
651911
671263
656838
666071
691147
711668
696767
705822
696746
705790
691169
676519
667004
681888
661908
681871
661890
676537
685635
694360
700045
680253
700014
680233
685656
671237
651907
656854
666080
656840
666066
671255
618001
622329
603452
607685
617960
622391
603491
627985
642379
623535
637708
627952
642398
623540
613614
599294
609362
595261
613578
599322
609368
632619
652132
637291
647266
637255
647244
632642
618031
607741
622487
603539
622452
603522
618047
628008
637707
642428
623549
642409
623542
628029
613637
595261
599357
609379
599342
609372
613658
560192
563869
545769
549369
560160
563920
545782
570818
585037
567028
581132
570811
585055
567028
556547
542264
552859
538684
556546
542261
552861
574634
593098
578552
589072
578513
589051
574659
560215
549384
563982
545812
563952
545797
560238
570823
581131
585073
567026
585066
567026
570827
556547
538685
542258
552858
542259
552861
556547
502243
505407
487583
490651
502238
505421
487582
513510
527897
510156
524434
513509
527898
510162
499035
484481
495783
481349
499034
484481
495789
516815
534761
520113
531324
520115
531319
516809
502249
490657
505422
487559
505434
487583
502235
513512
524438
527898
510157
527900
510167
513502
499039
481354
484460
495779
484483
495794
499022
442939
445740
427862
430522
442958
445712
427846
455027
469801
452138
466784
455031
469796
452149
440156
425192
437381
422577
440154
425199
437397
457901
475769
460740
472770
460764
472795
457878
442918
430488
445654
427805
445684
427827
442893
455019
466787
469774
452152
469792
452153
455007
440152
422581
425189
437405
425198
437404
440142
381909
384254
366480
368525
381918
384231
366372
394890
410108
392598
407615
394902
410111
392585
379522
364266
377432
362184
379534
364154
377423
397324
415208
399733
412616
399764
412629
397311
381895
368614
384181
366290
384199
366464
381895
394887
407621
410111
392582
410110
392583
394884
379514
362279
364069
377420
364250
377415
379514
766730
772833
752185
758719
766778
772793
752129
774095
789489
770465
782556
774176
789508
770358
760606
745981
753493
740377
760638
745939
753448
780418
800172
786331
794858
786253
794544
780445
766695
758712
772847
752083
772791
752100
766710
773943
782418
789655
769494
789400
770092
773764
760567
740402
745887
753410
745914
753526
760563
710678
716652
696861
702714
710709
716619
696822
718120
732343
712627
725052
718153
732322
712636
704496
690940
697091
685359
704554
690876
696985
724334
744697
730676
738516
730654
738486
724347
710673
702709
716632
696812
716616
696799
710690
718104
725156
732357
712462
732313
712660
718093
704472
685312
690836
696920
690831
696967
704493
655734
660861
641929
646942
655758
660839
641905
663935
677517
659602
670902
663972
677454
659584
650496
636906
644464
632587
650536
636869
644369
669377
688708
674860
683177
674835
683175
669393
655731
646939
660855
641917
660837
641899
655751
663908
670904
677373
659394
677406
659569
663888
650464
632545
636834
644253
636837
644359
650447
600727
604998
586957
591123
600752
604998
586906
609706
623339
605990
617737
609760
623287
605913
596139
582699
590776
578994
596212
582613
590620
614389
632901
619019
628236
619005
628221
614398
600708
591113
605004
586832
604997
586861
600698
609684
617650
623229
605724
623246
605856
609657
596091
578937
582510
590402
582550
590518
596062
545383
549079
531400
535076
545392
549080
531386
555267
568999
552291
564038
555326
568923
552254
541496
527758
536928
524875
541544
527718
536833
559208
577092
563164
573104
563159
573120
559201
545377
535079
549083
531367
549083
531375
545373
555228
563993
568811
552149
568861
552219
555187
541469
524877
527682
536685
527710
536785
541436
489295
492493
475071
478239
489291
492503
475061
499883
513786
497489
509636
499882
513766
497510
485876
471919
481896
469756
485881
471918
481848
503329
520906
506785
517439
506794
517445
503319
489296
478241
492497
475041
492511
475052
489288
499879
509615
513735
497523
513761
497533
499870
485878
469750
471942
481762
471919
481814
485878
432112
434683
417580
420090
432115
434697
417559
443707
457798
442088
454357
443705
457792
442143
429429
415137
426273
413763
429437
415131
426246
446471
463778
449338
460864
449340
460865
446473
432116
420093
434709
417556
434707
417551
432128
443713
454360
457787
442161
457793
442169
443724
429433
413751
415162
426172
415138
426212
429445
373390
375325
358360
360327
373400
375310
358253
386099
400652
385135
397894
386109
400631
385170
371331
356189
368783
355775
371349
356115
368768
388203
405273
390406
403011
390407
403003
388201
373385
360418
375301
358165
375301
358338
373396
386103
397885
400636
385205
400629
385196
386111
371333
355870
356066
368721
356217
368737
371354
)
;

boundaryField
{
    inlet
    {
        type            zeroGradient;
    }
    outlet
    {
        type            fixedValue;
        value           uniform 0;
    }
    seabed
    {
        type            zeroGradient;
    }
    top
    {
        type            zeroGradient;
    }
    side1
    {
        type            zeroGradient;
    }
    side2
    {
        type            zeroGradient;
    }
    submarine
    {
        type            zeroGradient;
    }
}


// ************************************************************************* //
