/*--------------------------------*- C++ -*----------------------------------*\
  =========                 |
  \\      /  F ield         | OpenFOAM: The Open Source CFD Toolbox
   \\    /   O peration     | Website:  https://openfoam.org
    \\  /    A nd           | Version:  10
     \\/     M anipulation  |
\*---------------------------------------------------------------------------*/
FoamFile
{
    format      ascii;
    class       volScalarField;
    location    "0.9";
    object      p;
}
// * * * * * * * * * * * * * * * * * * * * * * * * * * * * * * * * * * * * * //

dimensions      [0 2 -2 0 0 0 0];

internalField   nonuniform List<scalar> 
12920
(
695341
411492
242361
317081
260268
279456
249688
252158
230229
221590
200620
186131
165424
148134
127827
108795
87866.3
68777.6
48470.8
31724.1
469230
373043
240762
316686
263225
282317
249056
253757
229618
222459
200299
186561
164670
147112
126623
107759
87012
67673
47290
30757.4
317833
347699
229432
300783
262572
282809
257284
259346
235350
227124
203494
188986
166222
148004
126419
107220
85814.6
66256.8
46066.9
29696.2
146388
312723
250095
310536
269484
293231
264179
267215
241824
231343
206432
189992
166517
147177
125314
105825
84413.9
64916.9
45005.1
28568.1
-111815
220858
221964
284465
276273
304900
275772
278175
248446
238454
210382
193346
168233
148358
125510
105703
84037.6
64367.4
44440.3
27885.2
208278
311643
328298
348560
329785
335051
302205
294277
261514
243153
214978
194919
169732
147296
125107
105015
83619.6
63805.5
44032.5
27203.2
827682
579289
414680
419494
353786
363285
319155
304785
271830
250472
226660
200928
171967
148806
124798
105389
83738
63865
43992
26964.6
981536
757700
491450
446313
384465
379801
341820
313698
284433
262051
235684
211622
184794
159385
130956
106169
84514.7
64349.4
44426.1
26921.8
912941
721635
521258
484484
414331
400049
358458
329828
297971
271100
243584
219182
194267
169295
142824
111631
87486
66040.9
45442.7
27053.7
720880
618023
488774
499124
419994
407464
371509
338182
307037
277310
252711
227194
201335
175288
146559
117163
92124.5
69319.2
47322.8
27840.9
187919
498865
476341
500328
443544
425582
384222
348454
317056
289830
262217
235941
208872
181460
153099
122234
96168
72158.6
49249.3
28670.4
359245
535408
467232
498344
439071
430797
394660
360077
327984
300383
271571
244402
215583
188330
158852
124823
98097.7
73911.6
50593.7
29509
412739
608620
489558
518774
459315
440487
403551
371377
338709
307829
276410
248773
219037
190063
154513
126919
100577
75886.9
51991.5
30657.5
655022
720591
521992
552669
467990
450456
399052
373083
332190
305214
272703
247004
215350
187457
157682
130295
103083
77930.8
53471.8
31840.3
895726
827576
611295
594102
502639
473311
409821
381429
335193
308022
274425
247717
216839
188907
160302
133372
105502
80017.6
54813.3
32732
836490
912981
611670
598365
506072
480353
416155
388730
337795
312088
274483
249364
217227
190788
161767
135300
107664
81668.3
55915.9
33518
960948
885704
622407
608486
515648
494984
423334
396453
338278
315704
274971
250278
217911
192066
162678
136295
107950
82007.3
56103.2
33585.1
848595
758622
601901
587872
514203
494293
430723
400233
345455
320261
278602
253265
219361
193335
162753
136220
107490
81800.5
55981.4
33480.6
546107
637331
553398
578655
508421
500614
433840
407555
349359
325086
280370
255197
219224
193471
162200
135970
107108
81631
55808.5
33308.2
365121
514384
504502
553387
495452
495573
434510
408811
354557
327783
284106
256849
220300
193801
162292
135987
107030
81578.1
55734.4
33195.1
599999
374778
240846
316376
261232
279030
249434
251902
230050
221342
200209
185774
165541
148354
128075
109029
87784.3
68564.2
48245.8
31604.6
298634
358156
239493
315710
263833
281819
248937
253908
229296
222240
199653
186022
164165
146974
126582
107803
86832.8
67451.5
47146.8
30702.3
368158
343527
227453
304125
262249
282322
257641
259002
234970
226835
203273
188844
166150
147989
126357
107173
85729.5
66173.7
46021.2
29688.8
177793
300534
251738
311466
271044
293065
264301
267381
242520
231327
206346
189766
166462
147067
125296
105818
84396.2
64901.4
44998.7
28605.2
-40146.5
214010
224695
289071
275550
305796
277220
278208
249230
238670
210296
193317
168171
148326
125501
105702
84033.6
64365.4
44439.9
27933.5
140572
301678
324371
347748
328237
335736
302465
294239
261270
243061
215284
194922
169677
147235
125075
105009
83618.5
63806.7
44034.2
27251.2
718298
566191
412427
413955
353554
363258
318011
304842
272174
250573
226577
200971
172013
148738
124767
105385
83742.4
63873
43995.9
27016.6
1.03187e+06
731615
492338
446340
388417
379441
340678
314664
284021
262504
235747
211323
184961
159425
130918
106111
84530.7
64371.8
44431.8
26967
910172
715042
514555
483623
412786
398430
357678
329161
297714
270927
243810
219506
194260
169459
142785
111584
87418.3
66019.3
45439.3
27067.9
757383
608339
490093
499392
420946
407474
371813
337733
306239
278076
252930
227093
201260
175249
146543
117095
92072.1
69272.8
47308
27847.2
130953
484166
476996
498764
441936
423474
383406
348376
317023
290116
262608
235982
208694
181552
153083
122183
96116.8
72136.8
49237.6
28678
315491
527037
472276
501581
438173
430672
394158
359908
328186
299656
272246
244425
215415
188435
158996
124721
98037.3
73894.5
50585.6
29523.8
556681
624868
489652
521520
458640
440184
403596
370919
337796
307733
276767
248797
218997
190191
154396
126895
100526
75871.6
51987.9
30698.1
742420
722702
519594
552394
465812
451378
398309
373197
331784
305394
272294
246583
214803
187293
157545
130287
103033
77900.4
53452.5
31854.5
796019
812728
613433
592872
501046
473549
408461
381411
334145
307865
273889
247287
216607
188784
160281
133217
105505
79971
54791.1
32755
835483
870925
612781
597500
506515
479977
414258
388269
336526
311908
273791
248957
216955
190695
161615
135156
107453
81565.7
55873.8
33518.9
905638
872442
623011
609657
516545
495723
422655
395677
337040
315713
274447
250177
217626
191973
162434
136099
107768
81916.5
56070.7
33595
787687
764991
604060
589609
514670
496301
429812
399546
343926
320032
278002
253166
219107
193179
162569
136096
107407
81762.7
55965.3
33514.6
420243
628488
557447
578286
510174
500845
434741
406681
348238
324676
279689
255036
219084
193416
162147
135939
107089
81623.5
55807.8
33358.6
297761
511056
504612
554668
496571
496115
433918
408436
354190
327687
284084
256904
220310
193796
162281
135976
107023
81576.5
55737.3
33250.7
410217
327136
233235
316429
261475
280182
250254
252285
230000
221247
200065
185417
165074
148459
128829
109487
88032.7
68306.7
47908.1
31403.8
294015
319104
229768
317292
262831
282259
249794
254277
230142
222564
200051
186200
163881
146893
126824
107955
86798.6
67253.8
46993.9
30597.3
368769
323630
222514
305747
261718
281045
256955
259414
235347
226731
202981
188670
166221
148056
126424
107228
85686.4
66105.9
45956.7
29659.5
270249
320284
252106
315934
273918
293254
262512
265792
241868
230767
206065
189610
166455
146935
125241
105805
84395.9
64897.5
44989.4
28605.7
-82636.1
236532
221839
291515
278696
305417
278217
278073
249428
239080
210725
193263
168067
148272
125449
105687
84033.4
64366.1
44437.3
27943
142479
295573
320712
348447
326495
336740
303071
295099
260912
243416
215583
194963
169564
147155
125010
104997
83614.8
63806.5
44033.9
27266
664662
547945
411257
410587
355364
361507
317052
305726
271555
251042
226454
201096
172037
148649
124689
105365
83750.4
63884.2
43998.6
27026.3
879474
687395
486439
446291
389545
378096
340807
314782
283491
263749
236040
211344
184918
159333
130774
105990
84563.3
64410.6
44437.4
26969.5
699592
711188
511245
485860
409408
397041
357628
328336
297810
270548
244710
219570
194121
169284
142736
111452
87290.9
65996.9
45436.6
27053.7
627477
605618
490181
495252
419670
406766
369334
337558
306098
279546
253512
226995
200900
175037
146484
116926
91934.4
69149.5
47258.1
27813.4
249245
514680
473678
497298
440946
422340
382161
347743
317058
289335
262467
235915
208326
181356
153081
122008
96029.6
72111.3
49222.2
28650.4
451393
534647
476399
502356
437415
430597
393430
359524
328233
299549
272778
244196
215754
188526
159195
124504
97936.8
73864.2
50567
29503.7
418111
578855
502107
521880
458296
440052
403372
370622
337623
307706
276551
248580
218947
190516
154347
126742
100471
75855.2
51978.6
30696
711019
709628
527799
552993
462990
452185
396989
372960
330883
304853
271232
245921
214252
186918
157251
130082
102935
77836.8
53419.1
31844.3
718198
797146
617306
593591
497614
473117
406433
381677
333425
307850
273027
247088
216336
188653
159883
132905
105287
79847.6
54734.5
32735
872220
870743
619250
598471
508795
479829
412896
387853
336069
312286
273506
249046
216805
190577
161312
134832
107106
81362.3
55773.2
33477.5
791472
863051
617893
607307
518093
496422
422861
394912
336773
315976
274254
250233
217286
191794
161994
135745
107422
81748.3
56021.3
33580.2
795486
769282
601735
590808
514812
496948
429845
398626
342916
319894
277406
253068
218725
192958
162290
135926
107284
81714.4
55941.4
33518.3
415992
621581
554080
575804
512130
500298
436148
405885
347741
324423
279243
254867
218956
193365
162086
135898
107059
81609.6
55803.6
33373.8
257162
541561
502332
556424
496891
496285
433025
408071
354168
327747
284023
256981
220285
193775
162252
135956
107009
81570.9
55736.9
33270.8
312408
294580
227119
311936
261731
280849
250588
252648
229956
221298
199643
185147
164756
148516
129168
110284
88278.7
68176
47696.8
31232.9
176562
313612
221535
319540
262869
282041
249589
254337
230034
222638
200127
186053
163650
146722
126973
108178
86800.8
67125.9
46862.5
30512.6
173958
297934
214858
306560
260367
279917
256536
259714
235502
226872
203117
188635
166433
148225
126519
107311
85675.8
66068.5
45910.5
29626.3
407685
328132
249829
322961
276847
293686
262107
265539
241270
231048
206243
189356
166452
146992
125232
105804
84391.5
64888.7
44981.1
28602.1
57813.8
221594
218591
294126
281645
304243
276219
278053
249290
238454
210338
193240
167968
148254
125444
105690
84032.6
64365.2
44433.9
27944.6
34580
275863
316107
347759
326708
337023
303864
294760
260811
243757
215442
195056
169504
147102
124956
104984
83613.6
63805.6
44032.6
27269.8
490325
532411
406898
407682
353801
360019
316152
306180
271836
251794
226814
201219
172018
148564
124564
105340
83760.1
63892.7
43999.7
27028.4
911070
670340
489200
445234
388925
376475
339503
314827
285116
262769
236120
211687
184664
159095
130509
105830
84599.4
64444.6
44441.2
26961.9
626734
674339
519670
483441
406040
396499
356750
328647
299636
271421
245020
219361
193857
168974
142737
111190
87123
65946.3
45422.1
27018.3
540799
607083
493162
489109
415565
405108
367529
338280
306181
280852
253903
226867
200543
174808
146492
116591
91765.5
69023.3
47193.3
27756.4
332636
548668
474636
498485
441267
421008
380855
347085
318005
291518
262770
235491
208022
181200
153062
121639
95889.3
72043.1
49195.9
28597.4
523675
553450
478187
505190
436758
429864
392316
359037
328459
299442
272472
244430
215886
188466
159292
124072
97832.9
73821.5
50532.5
29458.6
412026
571573
505214
522051
457552
440526
403052
370674
337543
306901
275727
248308
219229
190501
154159
126616
100426
75833.3
51965.5
30683.2
759911
703982
536181
551106
461812
452494
396122
372456
329685
304289
270367
245558
213811
186428
156899
129922
102824
77767.7
53382.7
31825
744124
768466
620067
594724
498190
473195
405326
381073
332182
307489
272324
246828
216124
188495
159534
132589
105057
79699.4
54667.3
32701.7
972733
870932
627349
598304
513305
480452
412597
387283
335464
312370
273389
249064
216678
190568
160989
134472
106708
81115.2
55657.6
33422.5
736111
865794
620429
606463
523274
496978
423288
394192
336576
316181
274153
250366
217118
191668
161654
135475
107174
81623.8
55972.9
33555.6
787200
779183
600557
590638
514647
497080
430189
398117
342458
319775
277164
253080
218410
192832
162108
135798
107188
81668.6
55920
33516.4
578847
645155
559989
576241
513436
500186
435630
405757
347586
324424
279062
254849
218821
193304
162033
135863
107033
81598.4
55798.1
33377.6
372458
572504
505599
557076
498125
496155
433118
408118
354365
327821
283817
256836
220227
193754
162226
135937
106997
81563.7
55735
33277.9
223591
276695
220490
309026
261631
281247
250575
252813
229918
221320
199634
185017
164607
148290
129248
110506
88539.6
68168.5
47590.9
31152.3
87156.7
265403
213895
325515
263693
281364
249666
254460
229855
222772
200263
186164
163348
146688
127006
108355
86928.8
67100.3
46812
30462.5
183093
288613
210092
310637
261346
278658
256445
259892
235394
226996
203270
188621
166636
148270
126572
107395
85703.3
66062.3
45889.8
29606.1
499916
340052
252636
325898
280364
294034
262641
265506
240655
231143
206529
190272
166690
147248
125248
105803
84393.2
64888.1
44977
28594.9
-89136.3
220731
214232
298328
284494
303504
274671
277446
248985
238267
210227
193474
168285
148305
125449
105692
84033.5
64365.6
44431.7
27941
-65869.2
267816
310748
347842
327050
336412
304111
294240
260732
244515
215594
195141
169629
147105
124935
104970
83611.9
63804.5
44031.1
27265.6
466027
515946
410296
403926
352307
359672
316339
305657
272360
251989
227170
201311
171805
148524
124474
105296
83763.5
63893.3
43998
27022.6
857535
650725
495466
447399
389696
376454
338991
314609
286472
262414
236250
211853
184447
158680
130112
105568
84596.6
64433.4
44427.3
26938.1
626552
651913
527866
483351
405893
395370
355984
329514
300839
272700
244996
219219
193506
168340
142871
110673
86868.2
65776.7
45336.3
26931.4
419998
616119
488652
487070
413970
403217
366511
338585
307498
281707
254136
226792
200327
174669
146579
115983
91481.7
68751.1
47049.2
27644.4
403716
591664
466479
499920
442000
419583
379765
346995
319341
291908
262697
235554
208205
181323
153038
120909
95645.3
71858.9
49102.8
28485.3
480567
548208
479431
505251
437131
428797
391015
359191
329583
299621
272087
244607
215801
188260
159040
123414
97676
73661.8
50428.9
29356.2
321746
552356
507647
523440
457870
440865
402881
370497
337238
305696
275042
248307
219433
190426
153958
126448
100373
75801.1
51945.1
30659
770170
685533
543998
549156
464781
451963
396307
371397
327993
303643
269736
245256
213565
186203
156797
129848
102773
77731.7
53363.2
31807.1
583705
747385
625457
596452
500882
471995
407677
379929
330960
307036
271953
246632
215859
188404
159366
132432
104930
79619.6
54628.4
32674.8
1.08656e+06
874716
634241
600000
514897
481858
413301
386110
334776
312343
273349
249240
216774
190565
160849
134293
106522
80999.2
55593.7
33385.1
822950
863513
623977
607294
526078
496969
423503
393541
336327
316235
274145
250323
217025
191650
161448
135325
107025
81541.2
55942.9
33534.2
798442
786365
598180
589043
514441
496637
430601
397945
342357
319755
276960
253049
218286
192694
162007
135726
107132
81643.3
55906.6
33509.6
603960
647300
555065
575514
514998
500485
434873
405745
347513
324421
279126
254904
218798
193279
162000
135836
107017
81590.8
55793.8
33372.5
617314
616766
499493
560551
497803
496838
433392
408480
354270
327677
283542
256745
220168
193747
162207
135924
106989
81557.9
55732.6
33279.6
260144
286950
266599
280566
260581
288008
266823
233507
259825
241322
253848
233502
260032
241428
269231
296883
276624
290280
269462
296858
276571
243580
270328
249366
262783
243365
270181
249320
336562
368431
343879
357933
335964
369082
343409
306277
335796
311716
329339
305799
335408
311135
276060
305110
282418
297942
276188
304283
282601
249853
275201
256583
270962
249595
275468
256793
225029
250359
231346
243701
225048
250533
231305
199154
225170
205733
219455
199232
225053
205714
173984
199485
180109
194275
173994
199452
180078
149989
173862
154310
169469
149878
173833
154354
346351
378908
353633
371642
346424
378291
353734
313905
345841
321834
337824
313402
346049
321684
284279
314322
292397
306472
284213
314192
292676
259128
285988
266680
277741
259236
285802
266473
233552
259723
240132
252818
233496
259625
240147
207747
233666
213915
227113
207700
233701
213759
181725
207059
186689
201306
181707
206952
186739
155592
179963
160218
175279
155609
180031
160247
356497
392384
364796
384078
356371
391985
364879
324538
356599
332604
348449
324610
356675
332775
295957
325308
304027
317063
296214
325385
304060
269405
297690
276191
290002
269640
297299
276469
242518
269353
249351
262466
242561
269895
249474
215804
242464
220695
235989
215670
242495
220715
188225
213647
193621
208763
188329
213563
193534
162007
187103
166730
181566
161935
187212
166833
368157
402382
377918
394350
367996
402383
377646
335290
370585
344371
359997
335560
370255
344422
306383
338099
314381
328102
306442
338125
313997
278311
307753
283016
299721
278617
307515
283474
251277
277310
256000
272040
251400
277905
256092
222466
250105
226630
244458
222414
250199
226554
194942
220661
197983
215395
195027
220582
198010
167743
191737
169858
188403
167822
191871
169865
336012
369242
343227
357409
335513
367473
343364
305545
335257
310798
328718
305227
335466
310182
275908
303876
282590
297537
275635
303490
283012
249637
275689
256955
270501
250261
276740
257605
225081
250651
231300
244557
225158
251163
231409
199234
225024
205673
219568
199173
224985
205421
173969
199405
180039
194167
173837
199170
179866
149856
173800
154334
169345
149790
173655
154222
346197
378133
353642
370415
345356
377453
352847
313088
346078
321556
337405
312844
345276
321247
284451
314105
292914
306017
285330
313903
293628
259371
285987
266534
279160
259948
287229
266779
233494
259676
240141
253365
233523
259976
239855
207655
233720
213672
227041
207398
233660
213368
181670
206887
186718
201001
181489
206589
186536
155593
180015
160241
175098
155497
179881
160246
356252
391819
364881
382455
355763
391144
364632
324553
356710
332793
347944
324363
356519
332715
296424
325384
304041
316953
296642
325288
303856
269761
297174
276439
290023
269105
296893
276557
242531
270159
249499
262222
241880
270344
249419
215559
242461
220712
235803
215318
242249
220713
188312
213585
193594
208422
188122
213693
193795
161923
187250
166853
181418
161947
187349
166846
367883
402128
377472
393739
367677
401876
377286
335636
370045
344443
359658
335627
369679
344214
306482
338088
313768
328207
306387
337459
313680
278695
307430
283807
299566
279132
307228
284351
251410
278295
256105
272726
251332
278832
255967
222383
250174
226478
244230
222393
249829
226180
195051
220498
198013
215650
195088
220415
198061
167859
191850
169866
188513
168005
191948
169863
335008
366912
343647
356942
334557
365726
344456
305406
335752
310406
328369
306021
336664
311291
275694
303610
283198
299174
276349
304219
284011
250407
277058
257779
271171
250861
277951
258223
225165
251284
231397
244946
225099
251598
231349
199102
224950
205331
219430
198810
224835
205056
173775
199087
179797
193936
173534
198834
179567
149765
173596
154168
169061
149661
173411
154016
345375
377018
352475
367849
345550
376235
351754
312987
344947
321224
338117
313466
344341
321416
285531
313941
294032
306211
286567
314437
295229
276194
273193
282373
279899
275794
273538
282740
249047
246803
255602
253707
248893
246935
255816
207296
233796
213250
226891
207008
233651
213025
181416
206461
186451
200623
181194
206190
186250
155457
179818
160255
174855
155354
179664
160237
355535
390842
364468
381280
354940
390079
363893
324316
356390
332666
347219
324264
355929
332896
296869
325258
303877
317475
297713
325576
303769
284599
282394
292112
288891
285010
281332
291945
258357
256218
264829
263060
258458
257118
264748
215247
242180
220743
235673
215020
242201
220877
188037
213785
193838
208060
187870
214075
193888
161963
187364
166812
181213
161938
187320
166616
367522
401541
377185
392716
366903
401064
377048
335604
369567
344140
359080
335915
369484
344152
306426
337353
313640
328290
306287
337703
313675
279134
307158
284381
299402
278982
307475
283989
251316
278875
255858
272612
251429
278360
255622
222414
249661
226085
244316
222428
249356
225873
195093
220417
198088
215881
195082
220355
198156
168041
192026
169862
188495
168053
192200
169789
334465
365568
344547
355980
334540
364711
344494
306345
336916
311513
329377
307126
337380
311882
276822
304366
284323
300670
278191
304735
285133
251042
278232
258327
272312
251091
278922
258493
225023
251640
231302
244989
224699
251792
231183
198709
224779
204947
219248
198467
224685
204806
173440
198748
179489
193627
173171
198580
179265
149634
173353
153989
168577
149569
173217
153830
345627
376034
351616
366996
345694
375570
351397
313544
344243
321540
338558
313823
344242
322435
286925
314594
295566
307060
287795
315580
296263
260676
289057
267325
281504
260924
289437
267584
233505
260388
239576
254042
233431
260449
239902
206918
233400
213000
226786
206743
233293
213027
181131
206160
186225
200359
180958
206178
186237
155360
179644
160228
174694
155340
179662
160204
354742
389682
363706
380129
354387
388990
363455
324151
355843
333027
346959
325128
355800
333358
298060
325853
303888
318822
298705
326696
304492
269626
296954
276573
291701
269691
297255
276354
241353
270089
249379
262632
242262
269831
249447
214988
242284
220865
235560
215142
242397
220795
187851
214158
193874
208117
187914
214149
193573
161932
187274
166555
181254
161924
186971
166275
366732
400656
377004
391468
366431
400282
376953
335802
369516
344243
359123
336466
369557
344278
306350
338058
313657
329332
306631
337961
313580
278916
307326
283667
299544
278578
306869
282689
251507
278048
255605
272148
251585
277223
255707
222419
249407
225790
244593
222423
249592
225766
195061
220329
198165
215788
194961
220319
198155
168008
192246
169753
188341
167688
192204
169672
334667
364402
344449
357101
335087
364251
343941
307328
337455
311923
329304
307587
337028
312461
278552
305111
285411
300453
278517
305596
285686
250969
279156
258551
273118
251140
279482
258660
224639
251829
231219
245360
224730
251942
231287
198554
224723
204714
219197
198736
224815
204718
173150
198522
179197
193485
173255
198575
179206
149720
173199
153823
168163
150121
173196
154051
345644
375459
351371
366364
345310
375377
351267
313970
344312
322943
338422
314547
344351
323274
288050
315735
296472
307725
288317
316483
296534
261025
289649
267691
281922
261187
289662
267591
233496
260506
239929
254235
233509
260411
240013
206697
233258
213036
226824
206734
233213
212998
180916
206213
186279
200371
180974
206273
186399
155403
179703
160286
174725
155677
179845
160593
354334
388633
363453
379080
354098
388494
363545
325672
355798
333156
346995
326023
356046
333453
298956
326520
304748
319588
299041
326588
305049
269757
297402
276277
291995
269879
297690
276310
242286
269778
249429
262797
242313
269810
249153
215185
242393
220801
235529
215097
242143
220626
187988
214057
193509
208327
188209
213877
193353
162025
186860
166252
181533
162266
186691
166342
366407
399909
377018
390558
366621
399320
377106
336601
369530
344360
359394
336249
369305
344415
306745
337967
313660
329356
306967
337483
313703
278483
306730
282538
299868
278593
306403
282380
251565
277002
255738
272189
251084
276514
255641
222428
249642
225855
244217
222277
249195
226034
194855
220323
198188
215566
194675
220194
198258
167626
192129
169815
188158
167600
191913
170300
269470
266727
262397
260381
269106
267026
262656
278623
284977
279769
286359
278195
285230
278618
272160
264734
273330
266001
271574
265243
272254
276515
280253
274104
283395
273845
283087
276765
269717
260502
267421
262871
267249
262820
269838
278951
286580
286040
280290
285576
278679
279195
272360
266057
265183
273612
265385
272724
272246
242178
240213
235513
233478
242125
240276
235424
251722
257992
253469
259470
251254
258472
253266
244888
238005
247427
241521
244627
237947
247798
249114
253802
247028
255949
246993
255925
249170
242221
233494
240340
235538
240317
235437
242331
251743
259442
258262
253615
258552
253251
251463
244923
241721
238097
247542
237983
247664
244802
277843
275914
271345
269568
278229
275941
271105
287901
294424
289990
296609
288042
294521
289792
280793
274188
283188
276595
280951
274017
283076
284825
289057
282646
292634
281782
292123
285365
278136
270161
276212
271573
276508
271351
278408
287899
296728
294761
289943
294625
289854
287891
280785
276583
274093
283109
274006
283077
280848
251591
250042
244997
243749
251740
251580
244922
260829
267689
263638
270258
260952
267531
263553
253829
247012
256645
249309
254030
246793
256562
258324
263407
256440
264981
257323
264882
258376
251535
243955
250112
244806
251548
244895
251572
260792
270213
267555
263337
267549
263464
260784
253739
249295
246850
256434
246745
256484
253799
324135
349241
336783
341557
322360
349279
336279
300888
323338
306041
314069
301201
323518
305793
269375
290025
274496
284331
269374
289912
274855
247738
268939
251762
262334
247636
268528
251703
222370
238254
225302
235671
222403
238118
225323
195340
214342
199704
211441
195365
214504
199603
169445
189220
174344
184885
169473
189296
174383
144569
164260
149619
159400
144604
164385
149634
367833
402135
373408
399618
368592
401912
374285
354726
349871
361882
358297
349359
361745
354957
323302
321913
332210
329732
321820
332052
323347
292918
290830
301962
297996
290815
301743
292970
265237
264233
273433
271087
264122
273485
265207
239473
237613
246133
243654
237515
246170
239512
214160
211908
221601
219295
212053
221607
214125
188838
186803
196349
194273
186776
196390
188802
163661
161708
171337
169386
161736
171307
163643
127886
145250
129505
142816
127865
145278
129495
378496
412671
386207
407595
378443
412699
385815
364581
361758
372898
371425
361848
372792
364529
332241
329505
340812
338147
329487
340766
332278
302057
300057
309216
306989
300053
309165
302092
274029
271527
279419
277364
271410
279706
274014
248594
246325
254967
252750
246371
254988
248540
222901
220799
229275
227175
220747
229272
222929
196635
194759
203218
201338
194769
203205
196634
170395
168717
176868
175299
168732
176881
170388
134232
150097
136386
146560
134234
150071
136364
396348
427315
404124
424959
396316
426895
403962
376791
373076
386201
384196
373084
386066
376806
342792
340227
351041
348448
340252
351041
342774
312513
309754
319753
317069
309728
319766
312515
286231
283528
292886
289746
283367
292881
286438
258002
255534
264473
262240
255585
264494
257969
231402
229324
238173
235960
229330
238188
231382
203528
201927
210521
208836
201922
210506
203510
176693
174898
183344
181528
174923
183280
176785
139976
156249
142570
153087
139970
156261
142575
405905
435071
411722
430523
405859
435158
412549
387996
384730
396444
394589
384723
396388
387966
354880
351576
363431
360092
351595
363402
354895
323786
320647
331528
327974
320615
331444
323815
295780
293819
303632
300228
293498
303317
296098
266978
264980
273717
271662
265052
273811
266902
238915
237109
246357
244428
237151
246382
238864
210263
208486
217501
215500
208433
217511
210187
182195
181357
189385
188346
181383
189382
182182
142809
160844
144391
158881
142843
160877
144397
385922
406734
391837
403931
385740
406860
391850
352678
375861
356554
371107
352387
375734
356489
321083
342058
324666
338294
320866
341921
324487
288222
309615
292458
307866
288455
309822
292234
260185
280043
264114
276495
260276
279943
263990
230723
250612
233405
248801
230678
250461
233405
202169
221377
205578
219088
202167
221193
205483
173390
192294
175031
190056
173406
192343
175041
322140
348587
334252
340462
322148
348258
333677
301738
323653
305800
314986
302365
323559
305693
269622
290741
275074
283506
269959
291316
275448
247734
268050
251519
263378
248107
267276
250436
222526
238382
225405
235921
222638
238771
225497
195487
214709
199685
211283
195664
214795
199627
169485
189391
174407
184983
169460
189331
174318
144511
164390
149608
159395
144391
164314
149569
368569
401790
375085
397686
367952
401186
374274
351997
347289
360860
357435
352610
347257
360735
322239
321181
331305
329120
322480
321046
331184
292196
290541
300687
297560
292435
290473
300433
265509
263976
273477
270773
265376
264147
273303
239684
237484
246392
244020
239554
237577
246608
214167
212316
221631
219540
214179
212349
221636
188757
186771
196304
194240
188794
186754
196267
163577
161747
171215
169434
163609
161718
171180
127810
145250
129446
142759
127745
145186
129375
377859
412407
384946
407033
376871
412299
383610
364100
362167
372619
371915
364384
361488
372542
331049
328898
340658
337646
331365
328755
340418
301324
299325
308746
306082
301508
299102
308636
274789
271968
280671
278388
274551
272261
281045
248691
246464
255036
253070
248627
246552
255163
222691
220621
229197
227071
222756
220561
229170
196486
194688
203114
201190
196554
194622
203041
170338
168698
176843
175207
170369
168662
176805
134205
150071
136347
146513
134159
150099
136341
394892
426342
403153
423037
393984
425945
402340
376152
372468
385591
383003
376417
372160
385303
342736
340280
350898
348248
342769
340166
350864
312591
309636
319821
316999
312554
309610
319833
285765
283534
292487
290214
285891
283523
292421
258416
255728
264825
262504
258366
255692
264817
231320
229252
238217
235968
231351
229223
238199
203438
201861
210417
208608
203505
201787
210349
176561
174898
183200
181519
176584
174876
183164
139943
156269
142531
153084
139898
156264
142461
405319
434709
412533
430959
404802
434893
412463
387582
384415
395976
394093
387673
384308
395963
354672
351573
363111
359835
354727
351511
363038
323462
320709
331062
328245
323466
320762
331087
294826
292747
302246
299615
294875
292665
302165
267516
265486
274344
272439
267369
265635
274545
238777
237056
246390
244359
238839
236977
246356
210338
208417
217399
215475
210329
208472
217366
182277
181480
189453
188467
182252
181511
189479
142843
160894
144386
159096
142832
160906
144363
385394
406144
391749
403781
385256
406243
392052
352177
375512
356160
370721
352016
375541
356558
320850
341831
324528
337624
320665
341535
324488
288455
309921
291435
307787
288452
309302
290820
260282
279144
263628
276793
260154
278507
263332
230585
250260
233305
248732
230461
250037
233070
202151
221226
205431
218934
202177
221144
205325
173400
192251
174976
190356
173385
192117
174934
322498
348221
334284
340084
324960
347342
333644
302842
321875
306009
315012
303001
320122
306659
270173
291521
275875
283967
270077
292471
276513
248340
267287
250273
263416
248484
267607
250742
222833
239048
225629
236067
222861
239222
225693
195674
214861
199603
211529
195531
214867
199516
169395
189226
174172
184803
169300
189079
173991
144260
164199
149500
159237
144115
164057
149397
366357
400283
372435
396742
365240
399524
370445
353475
347005
361130
357879
352559
347438
361097
322639
320302
331400
328179
322382
320096
331770
292533
290960
300423
298245
292244
291312
300741
266197
264287
273132
270719
266004
264467
273314
240092
237994
247262
244830
240024
238087
247361
214028
212289
221627
219552
214089
212194
221600
188486
186608
196131
194062
188569
186535
196080
163373
161573
171042
169216
163433
161507
170988
127682
145096
129281
142724
127614
145024
129203
375705
412293
383593
406342
373514
411999
382505
361446
359456
371117
368695
362301
358926
370649
331164
328905
339580
337712
331056
329123
339492
301081
298675
308499
306170
300909
298614
308566
229011
226943
228917
222345
220342
222445
220262
196096
194351
202726
200801
196196
194255
202618
170151
168510
176647
174973
170206
168445
176589
134111
150156
136356
146487
134044
150180
136328
393119
425568
401487
421887
392197
425621
400744
374983
371124
384392
381882
375272
370815
384150
342313
339648
350520
347551
342432
339485
350362
313084
310247
319927
317227
312949
310504
320018
237980
235861
237861
230990
228988
231091
228833
203153
201483
210131
208223
203185
201397
210081
176479
174781
182992
181287
176483
174734
182966
139848
156247
142365
153073
139763
156209
142222
403849
434342
411775
430636
402804
434391
410997
386907
383706
395355
393246
387093
383445
395194
354399
351291
362805
359361
354457
351195
362698
323596
320826
331158
328321
323525
320928
331215
292542
299481
292404
294913
302158
294904
302193
265952
272765
265917
267819
274936
267835
274951
244184
238505
236751
246231
238558
236719
246230
210298
208649
217372
215811
210315
208681
217366
182385
181588
189550
188526
182358
181594
189570
142816
160922
144316
159255
142769
160890
144234
385057
405443
391935
403557
385121
405768
392417
351996
375347
356624
370621
351898
375162
356478
320595
340858
324393
337582
320618
340460
324463
288099
308507
290087
307475
287433
307639
289225
259934
277778
262916
276203
259708
277260
262677
230336
249779
232765
248445
230207
249647
232588
202206
220943
205190
219045
202212
220738
205056
173373
192014
174942
190555
173343
191869
174889
326437
346749
333316
338949
326777
346177
333253
303555
319560
307365
314819
303883
319501
307942
269659
293524
277009
285797
269089
294279
277087
248450
268273
251554
262299
248368
268863
252108
222793
239291
225590
236162
222718
239286
225495
195398
214746
199393
211792
195258
214703
199229
169191
188919
173786
184518
169075
188743
173574
144002
163868
149236
158913
143906
163628
149022
364708
398571
368443
396375
364271
397858
367838
353092
348466
360519
356260
353217
348074
360250
324987
319941
333255
328942
324517
320158
333597
293966
292550
301813
300013
293605
292872
302123
267018
265168
274054
271618
266846
265271
274276
240151
238184
247593
245030
240200
238120
247649
213593
211708
221435
219310
213717
211579
221405
188088
186272
195855
193776
188188
186168
195767
163064
161266
170791
168875
163154
161166
170712
127583
145005
129191
142773
127526
144933
129167
371963
410735
381533
403893
370842
410079
381129
360489
358015
369472
367335
360594
357793
369343
331743
329778
339846
338403
331636
329945
339906
302359
298721
308794
306202
301910
299447
308969
274338
283632
276941
277141
281093
274528
283847
247026
255984
249202
249259
253960
247062
256038
228912
222175
220074
226832
222222
219999
228904
195821
193999
202389
200467
195874
193923
202333
170009
168309
176448
174765
170037
168270
176416
134032
150195
136265
146524
133976
150222
136226
391080
425395
399885
420597
390292
425634
399388
373860
369859
383394
380652
374092
369601
383316
341484
339095
349928
347007
341779
339029
349796
314112
311377
320778
318229
313905
311551
320950
284101
292849
285627
285779
291618
284213
293043
256000
265043
258386
258324
262663
255834
264968
237774
230923
228811
235517
230916
228812
237790
203008
201230
209961
208024
203016
201228
210002
176398
174681
182897
181197
176409
174670
182895
139691
156156
142089
153045
139583
156065
141918
401303
433821
409608
429802
399803
433781
408202
385868
382381
394286
392091
386130
382051
394065
354527
351200
362490
359034
354429
351362
362518
323641
320930
331174
328714
323459
321151
331322
292312
294379
301788
299472
294410
292303
301843
265472
267167
274574
272274
267350
265361
274314
238561
236822
246432
244516
238516
236884
246522
210173
208660
217392
215854
210183
208649
217391
182410
181547
189502
188432
182408
181497
189496
142708
160854
144166
159228
142576
160812
144087
385137
405164
392680
403368
385489
405999
393690
351771
374722
355807
370739
351271
374046
354804
320477
339817
324408
337472
320154
339252
324033
286632
306749
288282
306189
286037
306202
287556
259474
276705
262397
275366
259384
276229
262227
230092
249494
232424
248303
230045
249281
232365
202200
220419
204905
219365
202222
220239
204805
173309
191701
174860
190486
173245
191588
174818
326708
346004
333539
339138
325793
346091
333891
303911
319612
308186
314508
303813
319876
308289
268854
294505
276884
286706
268725
294213
277104
248721
269087
251899
262375
249033
269050
251486
222593
239406
225376
236150
222452
239713
225304
195103
214600
199276
211895
195201
214947
199452
168955
188566
173351
184497
168843
188668
173141
144000
163236
148739
158359
143790
163001
148373
363987
396837
367445
395317
364519
396860
368056
352523
347119
359950
356312
352619
347186
359889
325074
320658
333721
329476
325273
320725
333626
294559
293094
302925
300926
294735
292818
302912
267418
265377
275172
272877
267307
265242
275404
239855
237816
247653
245120
239902
237721
247778
213416
211411
221339
219100
213449
211362
221270
187777
185951
195586
193381
187854
185918
195483
162724
160857
170328
168141
162804
160942
170136
127587
144792
129272
143128
127521
145316
129394
370255
409972
382005
403353
371030
409828
382866
360384
356970
368589
366361
360437
356978
368461
332079
330188
339982
338583
332007
330246
340010
303846
300780
309985
307832
303568
301151
310302
277895
275045
284509
281899
277719
275163
284652
249450
247203
256300
254231
249360
247277
256411
222105
219926
228883
226804
222165
219903
228879
195723
193755
202264
200307
195726
193726
202262
169983
168175
176354
174665
169975
168173
176367
134025
150295
136354
147039
134023
150844
136509
389149
425038
398739
419536
389258
425778
398424
372980
368979
382588
379568
373159
368814
382460
342113
339333
349827
347032
341969
339458
349884
315471
312376
321836
319616
315218
312836
322028
286233
284458
293670
292063
286149
284499
293820
258063
255793
264827
262689
258137
255727
264748
230905
228839
237785
235539
230922
228815
237776
203416
201397
210212
208287
203280
201503
210277
176625
174780
183116
181435
176561
174868
183226
139573
155949
141836
153506
139522
156394
141685
398083
432954
407314
429018
398751
433168
407208
385039
381262
393040
390924
385107
381139
393022
354890
351270
362738
359243
354924
351236
362794
324657
321942
332094
329561
324375
322120
332276
294146
292218
301907
299709
294172
292217
301913
267023
265226
273902
272010
267021
265139
273842
238609
236911
246660
244434
238681
236875
246420
209992
208545
217343
215680
210110
208474
217314
182326
181227
189574
188184
182430
181141
189524
142495
160785
144145
159267
142321
161035
144182
385601
405918
393457
403102
385032
405793
392948
350376
373725
353936
370557
349955
373668
353944
319927
338399
323516
337315
319718
337864
322989
285436
305911
287024
305495
285097
306002
286708
259353
275754
262103
274785
259323
275382
262114
229984
249006
232327
247993
229866
248837
232482
202341
220187
204762
219396
202461
220236
204791
173174
191531
174836
190322
172848
191489
174711
348512
345471
339040
336416
345250
338775
348929
356621
365696
359773
368450
365655
359925
356657
350282
341546
353004
343772
341325
352930
350572
354174
358202
347941
361082
348641
361604
353012
347719
336235
343980
338067
344664
338278
347310
356747
368667
365431
360059
365742
360175
356293
349924
343562
340714
352495
340954
352753
349586
315896
313493
307623
306178
313399
307539
315910
325087
333870
327176
335685
333727
327162
325136
317612
309630
319479
311636
309543
319504
317627
323133
329468
321400
331530
321605
331834
322788
315738
306017
313005
307216
313135
307308
315477
324901
335504
333232
326605
333503
326942
324586
317460
311416
309096
319140
309330
319330
317234
287022
284568
278795
276334
284591
278597
287102
295855
303442
298226
304974
303270
298173
295955
288318
281016
290622
282488
280983
290563
288372
292879
298139
290657
301038
290852
301295
292698
286909
276389
284343
278496
284513
278555
286706
295600
304670
302475
297501
302895
297874
295145
288251
282574
281000
290474
280980
290542
288288
258577
256915
251372
249702
256909
251365
258555
266805
274016
268965
275165
273985
268951
266784
260376
253969
262825
256611
254009
262837
260342
265335
271044
263945
273694
263927
273624
265467
258716
249618
257310
251412
257066
251374
258933
266869
275238
274230
269164
274101
268997
267068
260423
256698
254276
263035
254096
262896
260530
234072
231714
226968
225018
231707
226896
234126
241850
248115
244037
250392
248159
244090
241779
235761
229265
237760
231360
229211
237807
235780
239466
243673
237439
246246
237476
246193
239493
234049
225032
231712
226869
231718
226879
234043
241904
250429
248314
244162
248220
244100
241953
235738
231318
229163
237792
229183
237783
235742
208751
206495
201265
199150
206505
201279
208705
216442
223265
218640
225117
223197
218580
216465
210336
203668
212259
205738
203683
212237
210302
214183
219378
212260
221636
212168
221638
214182
208755
199194
206484
201246
206487
201262
208728
216466
225084
223154
218539
223184
218561
216453
210352
205740
203646
212212
203673
212235
210328
183565
181494
175963
173991
181502
175984
183564
191038
197717
192956
199490
197736
192963
191029
184862
178205
186617
180117
178208
186620
184850
188828
194273
186782
196336
186776
196362
188818
183553
173998
181499
175954
181506
175973
183531
191015
199483
197679
192920
197715
192950
190985
184840
180103
178161
186576
178187
186605
184810
158748
156965
151245
149963
157012
151243
158752
165647
172186
167385
173865
172197
167397
165642
159561
153013
161248
154354
153024
161246
159557
163652
169444
161766
171246
161762
171276
163634
158738
149905
157030
151195
157039
151216
158717
165636
173853
172155
167378
172179
167394
165619
159558
154358
153002
161224
153014
161238
159542
357514
355191
348972
346337
355197
349004
357457
366171
376384
369754
378707
376218
369690
366202
359492
351306
362097
353641
351389
362045
359501
364598
371488
362228
372765
362004
372719
364557
357720
346388
355410
349441
355357
349172
357876
366013
378258
375740
369306
375874
369438
365872
359532
353679
351729
361858
351555
361900
359586
324299
321778
316423
313857
321732
316378
324331
335169
343536
337711
345876
343590
337782
335175
327187
319129
329867
321818
319100
329909
327206
332100
338028
329006
340769
329292
340791
331788
324139
313649
321325
316018
321572
316210
323890
335184
345996
343856
337967
343752
337918
335089
327121
321753
318839
329968
318988
329981
326988
294301
292398
286592
284244
292395
286623
294342
304320
311690
306858
314307
311668
306811
304344
296702
289285
299499
292392
289336
299462
296729
301911
306740
299583
308879
299860
309023
301738
294176
284244
292157
286814
292308
286693
294006
304206
314259
311507
306649
311590
306733
304050
296587
292480
289824
299342
289508
299400
296474
267860
265375
261656
259131
265333
261604
267939
276873
282499
280028
285627
282498
279871
276904
270660
264262
273536
266583
264176
273366
270773
274136
277506
271708
280348
271493
280030
274323
267891
259178
265538
261573
265410
261581
267958
276940
285668
283048
279707
282775
279779
277004
270611
266607
263962
273094
264119
273161
270549
242035
239939
235669
233535
239949
235685
242000
250881
257427
253098
259704
257400
253106
250841
244299
237870
246527
240158
237893
246560
244255
248567
252764
246391
254959
246371
254958
248586
242017
233508
239961
235670
239949
235675
242041
250863
259721
257247
253069
257365
253105
250866
244306
240177
237913
246575
237900
246569
244327
216377
214345
209867
207731
214295
209830
216430
225056
231471
227226
233689
231476
227226
225058
218507
211922
220586
213870
211878
220575
218555
222856
227141
220668
229223
220709
229253
222807
216323
207729
214223
209753
214264
209797
216269
225008
233701
231453
227139
231472
227188
224974
218453
213822
211768
220463
211829
220540
218387
190016
188300
183461
181736
188307
183469
190009
198445
205188
200235
207024
205159
200225
198450
191756
185068
193410
186720
185088
193417
191747
196629
201336
194735
203163
194763
203196
196600
190012
181729
188273
183446
188299
183465
189988
198439
206996
205096
200197
205137
200220
198413
191758
186741
185084
193426
185095
193433
191741
163867
162161
157137
155616
162179
157175
163865
171821
178399
173408
180006
178426
173435
171791
165127
158768
166875
160246
158798
166892
165105
170399
175296
168722
176869
168734
176882
170389
163874
155615
162179
157179
162187
157179
163870
171832
180029
178433
173441
178439
173444
171829
165139
160247
158805
166888
158804
166894
165136
367997
365222
359188
356497
365177
359169
368038
379089
390206
382760
392239
390147
382753
378991
370662
361918
373814
364827
361875
373834
370690
376739
384198
372853
385842
373011
386078
376585
367908
356417
364872
359035
365004
359094
367830
379008
392134
389857
382608
390052
382690
378951
370596
364847
361804
373785
361798
373821
370594
334955
332410
327130
324569
332463
327167
334939
345578
353808
348326
356609
353776
348335
345581
337727
329940
340459
332648
329969
340487
337707
342783
348434
340329
350964
340294
350989
342789
335007
324601
332569
327232
332544
327205
335032
345557
356631
353672
348425
353703
348372
345538
337741
332712
330026
340583
329992
340537
337763
305607
302669
298951
295985
302641
298937
305624
315314
322557
318012
325331
322567
318019
315314
308398
301626
310988
304001
301609
311015
308401
312515
317075
309652
319811
309695
319803
312540
305604
296063
302636
298983
302618
298943
305628
315328
325358
322595
318051
322578
318029
315335
308380
304023
301599
311005
301599
311012
308368
279238
276708
271623
269326
276569
271536
279375
288842
295450
291422
297558
295394
291150
289068
281543
273903
283909
276161
273826
283644
281767
286030
289865
283296
292541
283273
292675
285964
279038
269460
276429
271847
276419
271599
278961
288552
297430
295029
290704
295215
290886
288416
281396
276254
273926
283427
273824
283474
281310
251555
249034
244928
242546
249084
244959
251508
260533
266934
262837
269433
267014
262891
260480
253932
247232
256192
249390
247266
256240
253899
258110
262364
255723
264796
255663
264619
258296
251625
242557
249134
245022
249117
244987
251697
260652
269603
267568
263222
267205
263048
260801
254008
249434
247312
256441
247293
256338
254102
224498
222586
217540
215771
222591
217522
224492
233389
240345
235322
242483
240364
235335
233376
226277
219137
228143
220733
219133
228141
226277
231394
235978
229290
238216
229306
238203
231377
224468
215734
222490
217453
222547
217499
224429
233366
242504
240350
235274
240370
235315
233333
226247
220730
219115
228074
219130
228114
226217
196632
195015
189897
188285
195040
189926
196561
205036
211926
206828
213567
211965
206604
205008
198264
191769
200216
193550
191622
200027
198352
203547
208809
201906
210465
201925
210492
203541
196675
188323
195077
189940
195074
189941
196686
205053
213552
212013
206463
212006
206491
205049
198236
193513
191521
199888
191551
199911
198213
170273
168271
163567
161971
168226
163566
170333
178765
185294
180474
187152
185152
180530
178836
172080
165636
173917
166789
165617
173963
172132
176639
181561
174916
183226
174925
183249
176606
170247
161949
168180
163556
168200
163556
170220
178720
187181
185038
180595
185073
180568
178694
172051
166810
165599
174022
165601
174002
172035
379832
376694
371314
368165
376671
371292
379873
390298
400571
394316
402399
400464
394324
390269
383240
374180
386504
377871
374176
386516
383294
387871
394424
384558
396240
384619
396291
387819
379739
368086
376470
371127
376559
371190
379669
390255
402351
400514
394247
400442
394237
390243
383105
377757
374052
386229
374109
386351
382987
346478
343464
338798
335363
343499
338674
346433
358085
367197
361733
370552
367158
361667
358108
350889
341953
354516
344410
341925
354547
351133
354836
360065
351593
363195
351605
363279
354794
346655
335467
343592
338571
343549
338494
346726
358016
370393
366962
361376
367071
361508
357918
350554
344432
341642
354050
341803
354387
350504
316771
313630
309575
306350
313603
309491
316670
326671
335477
329232
338092
335476
329211
326637
320492
312444
323072
314299
312256
322947
320589
323577
328033
320647
331013
320612
331139
323449
316680
306339
313628
309196
313621
309379
316495
326721
338083
335250
329157
335470
329202
326636
320374
314187
311737
322693
311991
322821
320181
287440
285969
280131
278324
285709
280192
287635
296818
307009
299157
307654
306757
298919
297060
289609
281192
291218
283086
281275
291229
289692
295379
299892
292955
302553
293172
302968
295120
287404
278439
285595
280610
285519
280357
287520
296705
307621
305888
298618
306324
298809
296717
289650
283221
281729
291538
281482
291373
289776
260216
258227
253122
251310
258287
253151
260160
268249
276115
269898
277385
276151
269946
268149
262021
253854
263918
256009
253872
263956
261986
267084
271821
265327
274155
265173
273941
267209
260293
251360
258455
253265
258367
253215
260390
268337
277620
276362
270232
276249
270057
268423
262093
256054
253963
264098
253916
264018
262198
231816
229942
224289
222475
229985
224285
231732
239992
248468
241652
250136
248430
241651
239999
234039
225274
235089
226608
225240
235058
234083
238919
244459
237117
246403
237149
246403
238887
231803
222446
229921
224178
229962
224228
231758
239948
250189
248407
241643
248409
241666
239903
233950
226595
225138
234999
225184
235040
233879
203231
201865
195980
194967
201862
196006
203263
210985
219829
212442
220607
219898
212447
210939
204965
196247
206189
197980
196249
206204
204863
210299
215425
208384
217447
208392
217485
210321
203251
195004
201850
196055
201842
196032
203274
211018
220615
219889
212467
219896
212476
211039
205025
198008
196302
206248
196273
206234
205060
175796
174764
168324
167771
174778
168343
175801
182308
190710
183588
191786
190730
183596
182314
176589
168794
177893
169867
168812
177898
176594
182209
188373
181449
189428
181417
189404
182227
175806
167789
174831
168369
174806
168347
175819
182319
191856
190759
183633
190744
183628
182335
176586
169863
168835
177905
168821
177903
176593
347631
343423
338086
335960
347513
343131
338344
355417
365477
359667
369029
355806
365391
359390
349592
340318
352224
343154
349526
340414
352084
351894
357256
346735
360612
347072
360604
352186
347624
335801
342898
338267
342940
338420
347580
355283
368340
364539
358917
364947
359159
355261
349590
343172
340958
352172
340588
352056
349691
315120
312599
307160
305320
315404
312296
306891
324346
333047
326737
335219
324429
333046
326659
317057
308981
319036
310475
317110
308771
318965
322134
328980
320640
331199
320936
331129
322186
314945
305214
312173
306580
312173
306681
314890
324388
335268
333418
326841
333163
326678
324594
316951
310242
308316
318932
308510
318940
316995
286111
284177
277988
275795
286436
284019
277699
294386
302016
297125
303623
294675
301657
296838
287884
280990
290335
282611
288200
280933
290012
292056
297498
290690
300253
290559
300263
292078
285862
275702
283927
277661
283964
277479
285798
294212
303490
301510
296523
301465
296629
294163
287562
282799
280539
289643
280689
289741
287358
259242
257444
251541
249783
259056
257274
251787
267555
274255
269440
276040
267235
274265
269793
261084
254442
263232
257174
260771
254666
263514
265671
270559
264211
273051
264209
273084
265837
259609
250025
257427
252359
257247
252106
259907
270439
267870
276393
274586
274404
270127
268151
264074
261414
257385
255104
254897
263793
261703
234154
231765
226874
225098
234076
231855
226891
242164
248440
244250
250839
242037
248632
244366
235866
229151
237835
231307
235791
229181
237900
239824
244270
237880
247150
237711
246814
239939
234240
225126
232023
226929
231936
226903
234322
244589
242287
250999
248981
248797
244511
242367
238065
235954
231345
229240
229214
238001
236112
208658
206481
201222
199232
208691
206478
201191
216399
223127
218504
224997
216433
223118
218470
210230
203600
212175
205601
210298
203534
212123
214151
219556
212341
221641
212357
221638
214128
208630
199216
206463
201087
206468
201146
208602
216365
224981
223097
218349
223102
218402
216328
210170
205512
203390
211969
203465
212043
210105
183457
181472
175923
173937
183498
181439
175882
190885
197627
192871
199335
190940
197564
192807
184712
178123
186532
179989
184766
178076
186478
188707
194207
186668
196180
186717
196224
188644
183408
173892
181347
175770
181397
175830
183354
190819
199255
197416
192652
197492
192732
190746
184650
179931
177959
186344
178021
186414
184582
158667
157005
151171
149836
158694
156972
151145
165559
172122
167352
173759
165594
172080
167315
159486
152982
161201
154307
159518
152957
161172
163536
169396
161629
171094
161679
171139
163488
158634
149816
156886
151083
156932
151116
158598
165516
173709
171975
167219
172030
167271
165466
159447
154270
152887
161093
152926
161135
159404
357838
354886
349557
345937
358018
354552
349089
365236
375674
368973
378124
365593
375593
368642
359418
351833
361704
353442
359589
351610
361615
363699
371072
360332
371799
360812
372050
363140
357423
345643
354150
347764
354328
348428
356662
364720
377785
374666
367815
375126
368187
364178
359120
353168
350536
361412
351207
361534
358776
323444
320971
315826
312884
323612
320830
315671
334396
343930
337925
345938
334805
343682
337645
326502
318668
329851
321444
326771
318497
329583
330918
337499
328593
339663
328583
340107
330794
323325
312783
320964
315582
320834
315589
323316
334015
345633
342630
336961
343225
337296
333744
326294
321350
318349
329117
318400
329330
326161
293739
291983
286949
284674
293793
291728
287308
303655
311404
306523
314009
303837
311310
306419
296359
289866
299328
292882
296368
290084
299451
301141
305999
298787
308513
298916
308558
300977
287880
293801
285062
291534
291522
287635
293952
303487
313956
311182
306513
311228
306380
303432
290761
296505
293150
299987
290331
299681
296753
268270
265691
261636
259544
268083
265929
261785
277297
283356
279679
286279
277142
283736
279771
270725
263880
273036
266494
270541
264052
273076
272875
281919
275393
275085
278777
272565
281448
266470
262172
268797
268510
259735
266180
261977
284582
280284
277826
277551
286863
284158
280174
264473
273486
271250
270975
266557
264261
273278
242126
240000
235669
233485
242070
240053
235658
250940
257197
253037
259645
250873
257416
253115
244439
237931
246580
240106
244366
237947
246637
246737
255443
248840
248767
253218
246653
255318
240183
235603
242172
242139
233514
240130
235628
257782
253287
251132
250978
259755
257578
253092
237950
246699
244576
244453
239720
237912
246373
216130
214173
209697
207586
216201
214119
209622
224857
231443
227101
233702
224920
231453
227040
218233
211692
220387
213576
218311
211606
220311
229083
222619
227056
220426
220494
229135
222542
216038
207500
213959
209417
214047
209528
215944
231398
224798
233665
226892
231421
226978
224679
218139
213471
211395
220110
211500
220226
218042
189889
188230
183411
181619
189947
188172
183362
198296
205038
200152
206802
198367
204959
200083
191647
185056
193397
186672
191705
185007
193342
196399
201102
194447
202837
194540
202948
196298
189815
181558
188020
183231
188100
183301
189731
198208
206699
204750
199887
204861
199993
198102
191573
186612
184872
193175
184947
193269
191481
163836
162160
157171
155569
163858
162130
157150
171785
178412
173427
179981
171813
178374
173404
165109
158802
166879
160239
165128
158794
166868
170300
175156
168565
176704
168618
176757
170253
163807
155540
162043
157080
162091
157125
163769
171753
179936
178272
173343
178328
173376
171710
165088
160240
158775
166847
158789
166855
165060
367624
364683
358961
356092
367752
364512
358887
378785
389582
382465
391643
378902
389351
382301
370503
361847
373714
364852
370597
361788
373618
375863
382716
371486
384685
371790
384979
375594
367470
355938
364219
358624
364360
358777
367318
378554
391398
388752
381875
389039
382107
378281
370363
364764
361581
373338
361698
373491
370200
334987
332544
327235
324470
335024
332425
327219
345515
353681
348466
356685
345514
353679
348433
337718
330043
340606
332779
337751
330039
340578
342656
348102
339827
350664
340006
350784
342554
334906
324407
332095
327179
332251
327198
334825
345482
356616
353543
348302
353630
348377
345407
337674
332749
330003
340486
330019
340534
337632
305768
302703
299025
296680
305684
302908
299144
315380
322602
318062
325364
315346
322602
318052
308378
301587
310994
303976
308376
301561
310948
312713
316975
309972
319860
309706
319815
312841
299423
305894
296670
303419
303126
299301
306046
315430
325338
322657
317997
322613
318028
315495
301440
308410
303903
310952
301501
310921
308464
278799
276619
271867
269716
278899
276660
271860
288132
294881
290473
297082
288231
294758
290346
281178
274157
283409
276492
281254
274246
283406
283091
292314
285437
285581
290274
283482
292306
276054
271694
278600
278695
269463
276492
271779
294503
290131
287975
288029
296980
294615
290232
274097
283284
281039
281110
276440
274240
283354
251785
249120
245044
242498
251746
249102
245043
261017
267662
263398
270296
260926
267843
263537
254200
247327
256545
249490
254162
247311
256617
255731
264894
258421
258416
262198
255608
264891
248906
244975
251773
251774
242063
248791
245011
267789
263670
261047
261061
270327
267945
263639
247175
256681
254161
254215
249463
247259
256675
224333
222419
217398
215481
224380
222360
217337
233244
240331
235221
242406
233293
240288
235139
226138
219087
228023
220706
226176
219056
227957
238061
231263
235876
229083
229148
238149
231183
224278
215400
222227
217224
222295
217275
224216
240111
233168
242329
234968
240211
235045
233077
226087
220705
218998
227864
219020
227912
226037
196602
195053
189921
188266
196666
194995
189876
204947
211989
206489
213614
205013
211943
206559
198111
191513
199937
193667
198170
191531
200029
203348
208517
201590
210191
201695
210268
203252
196525
188203
194817
189720
194915
189809
196428
204864
213644
211820
206792
211877
206671
204824
198069
193737
191581
200209
191560
200130
198080
170179
168163
163541
161927
170201
168153
163525
178668
185035
180620
187288
178681
185047
180638
172009
165590
174038
166871
172023
165578
174053
176534
181475
174819
183050
174849
183113
176503
170162
161929
168141
163493
168142
163514
170140
178665
187322
185107
180655
185075
180653
178655
171996
166872
165539
174064
165562
174071
171978
379445
376336
371051
367858
379536
376287
370967
390030
400296
394128
402165
390083
400379
394144
382751
373940
386015
377411
382829
373856
385893
387426
393876
383976
395635
384143
395729
387299
379330
367774
376059
370814
376181
370899
379230
389887
401927
400164
393948
400207
393993
389796
382658
377303
373697
385591
373772
385681
382585
346729
343639
338561
335682
346728
343648
338558
357709
366806
361172
369937
357805
366677
361091
350262
341530
353618
344419
350366
341462
353395
354595
359757
351384
362907
351465
362982
354530
346677
335674
343561
338527
343608
338537
346644
357615
369755
366418
360930
366537
360964
357540
350174
344281
341369
353093
341406
353188
350116
316278
313645
308984
306471
316264
313660
308998
326190
334735
328955
337854
326335
334629
328991
319440
311502
322691
313624
319846
311268
322643
323465
328239
320759
331139
320758
331119
323487
316272
306416
313645
308982
313649
308971
316294
326093
337575
334521
328901
334533
328930
326071
319362
313637
311136
322101
311162
322267
319313
287761
285689
280869
278763
287612
285719
281120
296479
305416
298396
307381
296505
304939
298379
289866
282142
291808
284057
289737
282386
291890
292573
294820
299587
302144
292601
302137
294873
285728
287851
278999
281287
285732
281279
287905
296547
307277
304841
298649
304822
298514
296626
290083
284231
282714
291911
282570
291864
290227
260538
258543
253301
251391
260476
258621
253283
268653
276462
270387
278523
268540
276656
270510
262371
253989
264145
256115
262289
253991
264170
265897
267663
272603
274865
265789
274735
267779
258739
260593
251357
253195
258685
253241
260649
268775
278739
277047
270673
276879
270624
268868
262441
256049
253985
264153
253988
264161
262504
231651
229855
224129
222376
231706
229800
224084
239805
248404
241572
250106
239856
248389
241461
233794
225094
234915
226392
233835
225052
234808
238703
244286
236815
246264
236893
246311
238629
231599
222377
229700
224026
229743
224052
231550
239748
249992
248399
241128
248373
241304
239699
233744
226282
224927
234549
224993
234678
233685
203345
201878
196080
195067
203303
201910
196104
211063
219891
212423
220453
211053
219886
212390
205118
196325
206242
198027
205090
196354
206241
210339
215550
208597
217360
208535
217354
210334
203380
195081
201971
196154
201939
196131
203403
211080
220419
219861
212303
219878
212347
211101
205139
198044
196413
206237
196382
206235
205161
175865
174856
168398
167911
175841
174881
168432
182373
190779
183620
191856
182351
190808
183621
176626
168844
177913
169867
176609
168857
177920
182304
188494
181564
189533
181541
189506
182330
175898
167966
174947
168518
174912
168477
175933
182401
191892
190887
183661
190841
183641
182435
176649
169868
168891
177936
168874
177929
176678
347421
342949
338224
334885
347118
343022
338393
355314
364148
358499
366317
355370
363989
357981
350331
341428
352428
344039
350044
342072
352562
353702
357400
348378
360565
348016
360842
353351
347920
334586
343321
339016
343012
338576
348056
355055
365958
363821
357378
363909
357619
354837
350317
344278
343085
352621
342770
352625
350294
315205
312315
306508
305490
315023
312491
306666
325150
333762
327025
336050
324874
334257
327226
317187
308283
318920
310726
317087
308541
319100
323002
328107
319843
332671
319803
332104
323740
315571
305777
313352
307425
312918
307048
315992
325534
336366
335376
327851
334846
327520
326092
317508
311034
309264
319637
308924
319368
317880
285933
283947
277843
275819
285824
283977
278034
294408
301720
296472
303815
294231
302027
296482
283438
287194
280657
289662
287239
280835
289819
292876
298760
292143
301461
291765
301109
293222
286052
276053
284489
278459
284205
278230
286226
294635
304033
302595
296591
302334
296549
294926
283712
287416
281394
290272
281083
290031
288046
260241
257495
252556
250571
260099
257560
252708
270730
277363
271036
268610
274800
268381
275036
264341
257973
264597
262176
255275
261957
255422
266410
270942
264930
273801
264698
273550
266632
260388
250727
257816
253010
257670
252872
260555
277672
271572
271321
268843
275555
275298
269061
258114
265025
264821
262392
255683
255563
262579
234405
232072
226931
225162
234363
232117
226930
244670
251416
244737
242536
249113
242508
249243
238105
231394
238136
236108
229238
236098
229234
240155
244912
238167
247513
238143
247441
240197
234429
225154
232169
226830
232164
226895
234458
251518
244819
244784
242572
249427
249338
242622
231372
238193
238148
236124
229164
229213
236139
208532
206463
201012
198995
208570
206451
200927
224922
216218
223074
218274
216279
223033
218203
209960
203312
211889
205244
210036
203228
211815
213952
219520
211851
221490
212028
221546
213842
208475
198909
206382
200713
206434
200828
208404
224879
216143
222868
218044
222950
218124
216053
209868
205155
203032
211646
203139
211735
209761
183228
181287
175700
173701
183292
181219
175624
190586
197337
192570
199005
190670
197255
192485
184432
177891
186271
179723
184510
177817
186197
188395
194007
186370
195946
186460
196019
188296
183158
173623
181077
175449
181152
175540
183085
190498
198921
197073
192307
197168
192397
190405
184352
179646
177655
186045
177738
186120
184269
158513
156839
151048
149732
158555
156787
151008
165348
171914
167164
173535
165411
171849
167100
159305
152847
161045
154099
159356
152800
160990
163307
169141
161354
170864
161436
170928
163233
158465
149700
156673
150930
156733
150972
158419
165285
173470
171715
166980
171782
167039
165217
159258
154050
152720
160902
152761
160940
159213
355748
354055
347182
345405
356091
353952
347050
362922
373985
367372
376703
363430
373571
366999
358041
349837
361166
352162
358400
349435
360938
361112
368221
358263
369723
358590
370103
360814
355597
345474
353820
347017
353876
347010
355530
362606
376413
373091
366567
373247
366722
362517
357788
351936
349078
360575
349219
360722
357647
323562
321132
315631
313174
323441
321324
315758
333720
342191
336709
344698
333682
341976
336541
326220
318383
328957
321277
326177
318459
328893
331356
337918
329574
339765
329363
339647
331511
323646
313347
321655
315918
321509
315848
323732
333765
344494
341818
336391
341874
336445
333827
326277
321344
318677
328867
318578
328867
326333
288265
285820
288712
294948
291578
294204
291698
303920
311178
306854
314041
303557
311233
307292
291271
294269
291703
297833
300385
297478
300839
301211
306218
298603
308678
298607
308620
301406
286191
289570
289169
295246
292511
292237
295536
304290
314260
311439
308223
311315
307766
304871
294671
292556
292141
298216
301668
301272
298627
215734
213866
209301
207194
215834
213776
209191
231349
233868
231304
224500
226785
224602
226657
217837
211276
220012
213148
217934
211168
219931
226918
228909
228906
222289
220137
220196
222249
215658
207100
213619
209022
213696
209100
215595
233846
231297
231296
224460
226628
226614
224441
217775
213066
211025
219824
211083
219853
217734
189560
187936
183159
181339
189645
187851
183087
197880
204630
199767
206338
197991
204514
199651
191290
184795
193074
186365
191388
184714
192970
196010
200710
194076
202449
194163
202527
195934
189483
181263
187694
182959
187769
183017
189419
197790
206241
204355
199502
204421
199559
197722
191212
186300
184590
192836
184646
192888
191149
163678
161990
157045
155387
163726
161925
156982
171616
178213
173307
179754
171668
178151
173270
164993
158777
166835
160264
165029
158765
166832
170100
174908
168343
176487
168386
176529
170064
163635
155352
161849
156958
161871
156953
163618
171572
179701
178050
173206
178093
173244
171540
164959
160265
158753
166791
158781
166823
164945
366908
364022
358439
355344
367092
363841
358255
377677
388458
381611
390605
377985
388246
381349
369779
361404
373147
364300
369974
361229
372949
374661
381535
370217
383680
370493
383851
374388
366704
355128
363476
357909
363644
358054
366556
377338
390291
387823
380741
387965
381044
377022
369580
364094
360836
372472
361042
372715
369392
334669
331957
327205
324306
334736
331843
327210
345200
353373
348210
356251
345290
353229
348121
337497
329990
340428
332695
337566
330006
340367
342188
347373
339207
350073
339337
350202
342021
334554
324315
331657
327126
331746
327144
334361
345077
356098
352938
347974
353087
347983
344955
337427
332809
330265
340493
330075
340402
337426
299315
296940
299349
306143
303583
305970
303879
315722
322727
318018
325308
315581
322855
318099
301333
303574
301515
308570
311002
308476
310772
313414
317367
311185
320589
310997
320079
313671
297221
299811
299517
306397
304493
304197
306705
315896
325392
323243
318243
323051
318089
316121
303655
301842
301676
308720
311020
310892
308926
224083
222164
217170
215180
224148
222088
217116
239995
242138
239892
232912
234898
232989
234848
225948
218986
227819
220792
225985
219001
227793
235814
237790
237800
230931
228812
228777
230919
224033
215106
221994
216982
222034
217051
224014
242146
239889
239862
232880
234845
234832
232886
225942
220846
219202
227795
219069
227787
225966
196312
194714
189648
187958
196352
194629
189615
204919
211796
206889
213895
204854
211831
206972
198187
191632
200278
193865
198131
191666
200343
203128
208140
201266
209966
201333
210029
203072
196289
187910
194520
189563
194572
189599
196242
205014
213990
212089
207110
211938
207046
205140
198253
193880
191717
200489
191690
200408
198350
170148
168126
163481
161988
170130
168105
163488
178620
185140
180651
187349
178643
185156
180617
171925
165513
174042
166753
171955
165478
174006
176463
181242
174685
182914
174709
182944
176425
170129
161986
168078
163432
168091
163477
170075
178590
187341
185142
180512
185156
180567
178544
171883
166687
165389
173886
165442
173952
171833
378945
375873
370692
367342
379087
375675
370560
389483
399902
393751
401477
389622
399823
393693
382384
373603
385425
377165
382475
373525
385375
386661
392921
382769
394677
383096
394880
386423
378775
367119
375181
370276
375424
370419
378608
389278
401195
399401
393475
399530
393566
389090
382280
377108
373330
385271
373428
385308
382192
346623
343494
338522
335637
346618
343473
338550
357407
366308
360848
369532
357465
366228
360810
350074
341339
353009
344109
350078
341331
352970
354354
359188
351138
362509
351122
362585
354363
346657
335751
343647
338754
343521
338622
346756
357358
369512
366165
360730
366180
360778
357331
350098
344125
341398
352981
341347
352976
350165
306497
316398
313706
309005
316331
313803
309061
326126
334524
328841
337386
326071
334556
328871
319312
311111
321960
313663
319288
311106
321977
323679
328481
320783
331385
320763
331307
323482
306226
316464
313557
308767
313506
309085
316162
326208
337492
334707
328983
334612
328922
326346
319339
313667
311090
322326
311097
322057
319320
285694
279077
285522
287766
281164
287962
281147
296699
304863
298695
307255
296676
304895
298721
290385
282726
291903
284353
290320
282599
292077
299373
292318
292327
294590
301708
301872
294389
279032
285509
285510
287588
280989
281086
287609
296703
307438
304817
298466
304913
298643
296578
290239
284224
282364
292104
282492
292219
290028
258751
251326
258736
260700
253147
260682
253124
268900
277127
270640
278820
268906
277108
270541
262571
253980
264094
255772
262538
253998
264006
272716
265660
265820
267713
274765
274897
267545
251362
258673
258706
260683
253190
253144
260643
268821
278651
276917
270186
277036
270376
268683
262623
255683
254080
263790
254036
263894
262606
231475
229661
224004
222425
231510
229633
223976
239610
248421
240940
249544
239656
248455
240792
233558
224849
234424
225990
233619
224780
234325
244224
238479
236755
246335
236720
246261
238485
231455
222429
229627
223918
229620
223946
231452
239577
249402
248545
240638
248493
240685
239545
233499
225927
224628
234183
224700
234244
233453
203404
201993
196158
195094
203415
202026
196176
211139
219826
212265
220405
211127
219806
212231
205206
196442
206249
198111
205182
196476
206261
210256
215854
208662
217377
208670
217362
210218
203411
195092
201949
196186
201988
196188
203398
211163
220377
219715
212197
219760
212213
211143
205235
198138
196533
206291
196511
206280
205272
175988
174957
168570
168066
175972
174954
168591
182508
190942
183697
192084
182470
191005
183720
176753
168919
177948
169846
176711
168929
177950
182399
188517
181573
189545
181597
189567
182401
175994
168081
174907
168614
174941
168613
175987
182547
192136
191196
183764
191085
183748
182578
176808
169833
168941
177904
168941
177944
176901
348070
343260
339234
334539
348040
342946
339368
354548
363751
357248
365286
354696
363478
357115
350308
343362
352612
344579
350269
343420
352594
352920
356033
347346
360094
347675
360216
352759
347899
334492
342429
339535
342617
339437
347783
354408
365064
362906
356875
363248
357034
354265
350289
344547
343116
352469
343256
352572
350223
316882
313851
307782
306604
316490
314248
308092
327026
335828
328178
337114
326605
336104
328477
318548
309560
319906
311678
318228
309831
320147
325247
329150
320497
333777
320314
333766
325343
317205
306865
314767
308643
314545
308387
317425
327347
337278
336270
328868
336230
328707
327575
318817
311808
310240
320501
310065
320357
319027
287056
284845
278738
277347
286588
285104
279045
295512
302816
296658
304475
295227
302992
296778
288892
281722
290552
284608
288538
282017
290875
294338
300385
293239
302735
293144
302455
294642
287759
277862
285416
279745
285287
279385
288508
295763
304626
303309
298183
303176
297454
295888
289151
284872
282547
291695
282279
291269
289352
260929
258043
253110
251135
260752
258223
253205
271798
269468
275821
278489
269274
276061
272000
265203
262915
255872
258339
262759
255959
265354
267124
271930
265394
274793
265376
274504
267182
261113
251220
258405
253239
258450
253263
261150
269649
278716
276474
272308
276269
272176
269729
263098
258423
256048
265582
256038
265521
263157
234422
232172
226723
224912
234458
232129
226642
244859
242617
249505
251719
242640
249536
244876
238192
236074
229098
231268
236119
229038
238186
240090
245052
237916
247643
238055
247668
239999
234379
224824
232085
226471
232113
226560
234352
242593
251758
249501
244825
249543
244865
242546
236031
231220
228929
238133
228972
238156
235967
208205
206323
200570
198593
208311
206234
200424
215837
222794
217959
224742
215951
222746
217856
209518
202910
211543
204838
209642
202791
211437
213445
219285
211346
221394
211445
221377
213456
208204
198520
206179
200394
206197
200420
208215
215777
224701
222632
217870
222687
217845
215784
209532
204856
202798
211522
202834
211508
209486
182932
181000
175349
173341
183007
180923
175247
190222
196969
192219
198672
190310
196877
192133
184106
177570
185973
179414
184186
177483
185904
188006
193721
185988
195703
186075
195765
187924
182855
173248
180745
175047
180847
175141
182750
190148
198635
196743
191977
196829
192061
190074
184023
179340
177327
185773
177402
185842
183922
158312
156610
150899
149596
158366
156538
150858
165078
171647
166927
173301
165152
171579
166869
159121
152692
160866
153943
159170
152650
160826
162971
168748
160954
170495
161064
170620
162875
158241
149590
156346
150809
156452
150842
158139
165008
173254
171422
166751
171506
166813
164931
159067
153906
152581
160746
152635
160787
158990
355449
353778
347038
345693
355477
353733
347058
362237
372988
366368
375891
362359
372935
366248
357445
348945
360407
351522
357534
348881
360288
360465
367310
357284
368919
357602
369128
360504
355413
345716
353569
347066
353669
347074
355387
362072
375664
372877
366248
372814
366175
361969
357356
351449
348819
360151
348833
360202
357291
323968
321776
316029
313604
323821
321866
316168
333901
341774
336364
344213
333882
341747
336399
326450
318799
328908
321717
326401
318929
329007
331852
338497
330139
339968
330063
339943
331937
324113
313685
321995
316564
321942
316346
324222
333981
344208
341812
336597
341760
336477
334117
326602
322000
319426
329473
319161
329188
326819
289920
296259
292861
287246
295891
293281
290205
305644
311575
308436
315112
305479
311659
308580
292845
299298
301954
295778
299009
293076
302168
302778
306320
300321
309563
299838
309217
303235
296654
287538
294056
290754
293678
290497
297011
305855
315437
312317
308880
312093
308726
306112
299612
296035
293612
302633
293359
302412
299914
267603
262972
269985
270108
260756
267740
263050
286296
281632
279378
279594
289239
286527
281998
265277
274463
272373
272470
267378
265322
274609
277332
281320
274893
284280
274730
284086
277528
270276
260837
268057
263285
267901
263182
270427
279809
289250
286980
282220
286769
282049
280013
272665
267556
265569
274826
265487
274756
272794
240343
235590
242381
242415
233492
240359
235626
258330
253585
251494
251449
260340
258327
253440
237918
246790
244806
244706
239452
237882
246440
249225
253979
247083
256181
247072
256107
249257
242402
233469
240334
235621
240353
235638
242410
251506
260473
258471
253510
258428
253569
251491
244740
239894
237835
246710
237904
246762
244681
215478
213539
208961
206827
215543
213455
208896
231242
224450
226642
233346
224448
231219
226661
217696
210985
219822
212993
217714
210950
219847
222243
226816
219964
228880
219990
228917
222212
215511
206799
213412
208849
213457
208882
215475
224490
233334
231150
226688
231218
226686
224477
217723
213008
210922
219915
210941
219889
217712
189324
187628
182911
181070
189368
187566
182866
197644
204310
199470
206152
197676
204274
199460
191080
184551
192807
186213
191108
184521
192798
195782
200420
193801
202270
193864
202304
195745
189290
181014
187461
182799
187513
182832
189260
197626
206161
204236
199481
204258
199466
197612
191063
186218
184494
192820
184505
192804
191051
163588
161832
156964
155354
163600
161811
156965
171496
178016
173188
179635
171517
177992
173172
164919
158748
166760
160205
164929
158743
166736
169992
174728
168200
176368
168239
176390
169976
163579
155368
161764
156951
161790
156980
163566
171490
179640
177976
173199
177979
173179
171491
164914
160223
158760
166746
158768
166736
164912
366297
363270
357779
354589
366410
363146
357649
376305
387477
380376
389482
376630
387314
380074
368990
360593
372221
363551
369159
360459
372046
373595
380289
369171
382925
369329
383064
373402
366170
354465
363006
357391
363053
357506
366080
375946
389154
386747
379602
386973
379797
375628
368826
363483
360240
371891
360340
371928
368698
334122
331561
327476
324278
334094
331492
327711
344760
352789
348013
355830
344858
352678
348089
337569
330489
340560
333278
337489
330589
340599
341443
346957
339187
349746
339063
349728
341724
334250
324581
331986
327988
331645
327766
334607
344763
355844
352615
347663
352607
347934
344771
337614
333519
330718
340366
330674
340567
337624
300061
307269
304728
298249
306995
304917
300289
316731
323437
318478
326200
316402
323643
318809
302022
309450
311180
304043
309160
302222
311412
314333
318441
311956
321647
311711
321099
314837
307573
298488
305223
300812
305098
300531
307925
317106
326615
323904
319625
323866
319249
317223
309827
304258
302734
312046
302463
311708
310278
276721
271718
278609
278656
269632
276781
271698
294885
289996
287965
288008
297055
295022
290044
274160
283132
280915
280940
276514
274162
283132
285914
291550
284293
293443
284231
293233
286043
278727
269732
276905
271719
276899
271748
278775
288058
297196
295317
290077
295167
290078
288060
280949
276438
274064
283100
274132
283122
280888
248867
244674
251549
251520
241744
248692
244690
267529
263220
260843
260810
269918
267449
263200
246948
256410
253905
253929
249428
247013
256411
258290
262755
255788
264878
255896
264959
258199
251485
242273
249006
244685
249028
244694
251440
260796
269854
267379
263128
267425
263169
260751
253977
249459
247081
256407
247065
256421
253965
224053
221992
216979
215007
224020
222021
217052
239940
232930
234888
242343
232907
239989
234940
225998
219307
227808
220835
225991
219338
227815
230924
235568
228833
237798
228835
237792
230925
224072
215074
222089
217214
222073
217175
224075
232949
242391
240044
234996
240028
234982
232960
225994
220801
219203
227871
219268
227833
226004
196197
194493
189537
187848
196199
194494
189525
205296
212189
207157
214220
205242
212251
207175
198469
191737
200526
193800
198438
191747
200508
203054
208051
201308
210106
201253
210073
203138
196247
187870
194568
189642
194518
189571
196334
205310
214199
212240
207083
212279
207122
205305
198475
193696
191734
200361
191740
200420
198484
170006
168066
163397
161905
170024
168049
163364
178454
185116
180435
187205
178493
185098
180347
171716
165348
173802
166471
171774
165290
173699
176426
181214
174720
182998
174689
182930
176471
170002
161929
168075
163320
168056
163360
170019
178410
187103
185049
180093
185075
180219
178375
171657
166399
165165
173428
165252
173571
171597
378301
374968
370152
366598
378446
374789
370055
388675
399004
393351
400553
388850
398893
393298
382062
373224
385251
376946
382107
373143
385243
385566
391685
381476
393444
381710
393657
385317
378178
366488
374585
369900
374637
369972
378077
388473
400269
398503
393289
398556
393270
388333
382061
376959
373063
385302
373091
385296
382087
347090
343894
338875
335969
346900
343886
338682
357415
366183
360747
369499
357350
366238
360737
350470
341505
353104
344271
350283
341659
353243
354686
359041
351327
362638
351442
362564
354878
346991
336218
344115
338983
343953
338801
347007
357493
369573
366439
360861
366330
360832
357584
350722
344295
341456
353848
341549
353520
350768
316365
313661
308759
306410
316232
313797
308781
326090
334770
329038
338145
326277
334782
329095
319370
310826
322423
313594
319225
310675
322336
323863
329021
321692
331851
321415
331578
324113
316531
306498
314221
308909
313981
308832
316728
326104
338013
335229
329237
334988
329104
326244
319565
313533
310663
322241
310652
322236
319776
285492
287530
280829
278845
287597
285442
280687
296105
304688
298239
307117
296249
304674
298029
289877
282156
291778
283293
289974
281943
291422
294321
299492
292229
301898
292269
301871
294235
287443
278695
285355
280318
285387
280492
287347
295984
306974
304713
297939
304672
297967
295836
289729
282948
281354
290805
281655
291079
289567
258636
260498
253247
251573
260572
258627
253301
268269
276743
270010
277752
268482
276437
269868
262390
254108
263748
255627
262511
254129
263773
267025
272159
265281
274037
265330
274142
267013
260427
251598
258613
253320
258624
253325
260351
268196
277501
276284
269686
276224
269747
268091
262407
255665
254148
263753
254144
263770
262517
231501
229650
223890
222406
231473
229687
223855
239592
248615
240613
249460
239565
248696
240626
233434
224579
234151
225747
233432
224557
234136
238602
244576
236937
246626
236925
246589
238644
231536
222406
229771
223882
229732
223860
231566
239617
249538
248826
240702
248764
240665
239645
233450
225739
224556
234141
224550
234138
233477
203404
201911
196181
195034
203396
201900
196181
211048
219625
212187
220315
211094
219572
212179
205354
196534
206270
198160
205304
196543
206237
210172
215804
208583
217367
208621
217381
210163
203396
195014
201909
196224
201924
196198
203391
210950
220319
219497
212219
219528
212201
210883
205399
198154
196576
206151
196556
206191
205395
175977
174856
168625
167926
175976
174785
168606
182618
191350
183786
192260
182599
191452
183785
177097
168959
177851
169701
177012
168957
177812
182426
188395
181360
189556
181454
189521
182427
175991
167839
174604
168528
174694
168609
175981
182633
192245
191579
183775
191542
183786
182628
177156
169708
168968
177731
168981
177779
177166
347503
342405
339486
334777
347634
342528
339331
354207
362678
356777
364269
354210
362581
356823
350223
343097
352440
344375
350283
343157
352505
352530
356696
347470
359843
347445
359715
352638
347400
334978
343078
339141
342787
339185
347325
354179
363998
362475
356859
362326
356857
354079
349948
344144
342465
351858
342820
352182
349663
317610
314866
308808
307516
317564
314891
308862
327664
336282
328952
337382
327678
336029
328965
319153
310338
320576
311994
319149
310391
320669
324856
329351
320779
333174
320757
333361
324584
317575
307569
314934
308783
314878
308865
317466
327508
337213
335539
328781
335800
328949
327167
319125
312336
310621
320773
310554
320799
319098
288726
285591
280177
278689
288764
285674
280521
296588
303405
298629
305360
296283
303491
298921
289837
282826
292099
285652
289649
283063
292437
294515
300765
292579
302612
292593
302791
294521
288430
278610
285765
280589
285734
280581
288336
296577
305419
303744
298707
303660
298781
296670
289849
285819
283179
292345
283247
292562
289811
261541
258678
253209
251192
261322
258784
253409
270060
276712
272426
279358
269895
276904
272543
263330
256064
265706
258607
263255
256134
265787
267499
272943
265192
275480
265197
275464
267547
261450
251137
258743
253473
258798
253547
261415
270205
279528
277030
272647
277076
272639
270228
263396
258656
256199
265853
256186
265846
263401
234337
232113
226436
224593
234357
232121
226431
242502
249474
244827
251905
242513
249467
244870
235943
228978
238218
231272
235958
228995
238342
239941
245341
237834
247805
237909
247825
240031
234352
224737
232362
226605
232337
226523
234373
242566
251945
249599
244891
249559
244896
242592
236028
231297
229077
238293
229064
238331
236054
208095
206230
200378
198642
208141
206132
200352
215738
222615
217832
224764
215772
222620
217794
209364
202729
211465
204647
209414
202673
211437
213500
219182
211437
221300
211406
221264
213594
208057
198799
206242
200552
206227
200446
208102
215793
224804
222748
217876
222693
217853
215820
209440
204689
202762
211484
202715
211463
209492
182513
180624
174973
173176
182618
180496
174887
189958
196632
191903
198505
190009
196566
191855
183753
177274
185719
179150
183814
177226
185711
187775
193457
185935
195429
185951
195401
187821
182444
173242
180590
174966
180525
174905
182473
189990
198545
196674
191929
196608
191894
190044
183800
179176
177341
185778
177263
185748
183868
157851
156218
150896
149658
157981
156167
150869
164839
171330
166697
173191
164883
171272
166654
158900
152649
160718
153733
158902
152586
160716
162775
168141
161010
170152
161069
170083
162833
157835
149977
156204
151320
156166
151227
157940
164887
173185
171387
166715
171319
166686
164955
158961
153986
152999
160784
152886
160744
159042
355252
353487
347051
345568
355321
353462
347031
361761
372918
366348
375406
361871
372797
366325
357100
348811
360082
351331
357205
348790
359978
360286
366259
357347
368603
357225
368324
360277
355143
345417
353073
346971
353255
347005
355031
361703
375194
372522
366038
372450
366026
361987
357031
351287
348877
359735
348831
359823
357020
324458
322055
316846
314323
324348
322011
317115
334395
341887
336738
344374
334270
341950
336874
327422
319701
329796
323136
327087
319889
330108
332123
338512
330246
339994
330285
340022
332118
324455
314394
322338
317234
322204
317212
324541
334479
344384
342035
336961
342004
336943
334512
327572
323354
320228
330135
320136
330175
327474
297572
294406
290977
288263
297304
294686
291159
306546
312631
309014
315975
306349
312925
309276
300435
293832
302838
296655
300172
294044
303107
304048
307913
301095
310518
301403
310518
304056
297746
288352
294730
291276
294815
291267
297682
306684
316361
313520
309869
313190
309688
307012
300456
296654
294058
303248
294040
303191
300586
270704
268144
263446
261120
270599
268243
263552
280424
287210
282429
289810
280253
287338
282526
273109
265744
275002
267730
273007
265862
275039
277870
281934
275171
284732
275149
284695
277865
270783
261168
268273
263601
268249
263627
270759
280392
289718
287308
282492
287268
282560
280371
273241
267749
265902
274920
266016
275077
273163
242560
240464
235690
233550
242495
240563
235723
251675
258579
253567
260529
251589
258680
253576
244793
237859
246727
239951
244737
237856
246730
249480
254241
247223
256429
247259
256478
249433
242556
233544
240438
235663
240522
235710
242513
251774
260527
258660
253455
258786
253571
251646
244898
240056
237869
246614
237906
246727
244798
215423
213366
208829
206683
215449
213343
208807
224416
231140
226683
233211
224476
231099
226626
217648
210913
219893
213011
217695
210900
219816
222132
226830
219967
228873
219949
228892
222131
215435
206708
213402
208821
213373
208815
215450
224361
233229
231080
226496
231116
226546
224324
217625
213008
210903
219746
210906
219774
217606
189240
187425
182779
180893
189241
187414
182778
197628
204239
199519
206237
197614
204247
199556
191075
184500
192861
186332
191052
184530
192913
195747
200346
193809
202304
193777
202288
195763
189283
180940
187486
182824
187457
182808
189306
197658
206266
204280
199613
204273
199597
197672
191115
186380
184583
192985
184564
192965
191133
163606
161739
157004
155341
163567
161779
156934
171555
177987
173245
179774
171511
178026
173313
164993
158854
166779
160257
164924
158821
166861
170005
174694
168248
176419
168216
176399
170013
163632
155596
161870
157232
161819
157186
163661
171607
179841
178084
173384
178063
173389
171627
165055
160540
159146
166942
159117
166937
165098
365920
362935
357324
354257
365988
362826
357281
375191
386301
379428
388594
375325
386156
379385
368575
360170
371867
363474
368600
360159
371893
372854
379186
368576
382264
368590
382227
372881
365858
354160
362557
357227
362678
357256
365778
375238
388384
385946
379496
385896
379402
375381
368550
363520
360146
371951
360137
371945
368519
335088
332313
328251
326059
334910
332567
328420
344967
352680
347598
355911
344869
352747
347722
337822
330799
340298
333164
337722
330903
340381
342193
347028
339507
349886
339513
349910
342215
335191
326063
332657
328482
332654
328496
335220
345054
356036
352768
348071
352793
347983
345061
337934
333391
330994
340750
331006
340666
337940
308443
305527
301115
299171
308214
305981
301379
317318
324084
319749
326459
317278
324243
319624
310503
303004
312365
304982
310521
303197
312611
315525
319684
313040
322010
313111
322053
315368
308468
299173
306075
301252
306238
301303
308321
317382
326577
324277
319377
324343
319363
317310
310282
305078
303167
312368
303189
312425
310272
278858
277004
271706
269798
278800
277046
271734
288170
295497
290076
297528
288108
295642
290080
280850
274012
283070
276210
280890
273941
283039
286283
292044
284533
293878
284568
293936
286234
278894
269872
277052
271865
277091
271821
278921
288220
297646
295731
290320
295756
290191
288211
280976
276244
274073
283210
274010
283127
281039
251366
249038
244634
242275
251388
249002
244628
260661
267338
263080
269728
260713
267295
263023
253913
247072
256400
249258
253949
247005
256330
258093
262781
255887
264900
255839
264831
258146
251374
242312
249080
244615
249048
244620
251402
260659
269735
267371
263101
267334
263005
260687
253912
249167
246977
256358
246982
256298
253948
224033
222080
217233
215152
224079
222013
217191
232956
240041
234989
242293
232963
240016
234961
226024
219165
227911
220743
226024
219085
227945
230861
235552
228714
237766
228753
237785
230834
223982
215124
221908
217118
221949
217173
223952
232925
242202
239976
234856
240006
234906
232896
225959
220628
218977
227806
219025
227856
225923
196634
194654
189767
188103
196483
194779
189908
205336
212237
207044
213967
205332
212206
207006
198540
191758
200336
193476
198520
191770
200323
203510
208349
201586
210289
201583
210320
203500
196735
188204
194888
190006
194885
190002
196743
205335
213902
212143
206944
212176
206970
205316
198549
193395
191754
200245
191770
200275
198542
170082
168127
163383
161967
170049
168197
163299
178323
185040
179995
186806
178349
185037
179919
171521
165170
173330
166094
171544
165023
173283
176678
181523
174958
183300
174944
183295
176675
170102
162239
168294
163603
168252
163560
170105
178314
186729
185017
179820
185031
179859
178294
171510
166331
165219
173206
165221
173223
171520
378055
374592
369872
366459
378026
374645
369900
388118
398084
393281
400083
388174
398019
393416
382223
373042
385342
377064
382143
373043
385329
385076
390466
381287
392712
381132
392671
385202
378133
366553
374788
370026
374717
369960
378235
388134
399614
397418
393312
397476
393550
388156
382296
377124
373190
385147
373092
385284
382335
347249
344145
339163
336443
347108
344003
339320
357777
366571
360912
369453
357744
366673
360932
351036
341528
353908
344472
350866
341742
353839
354830
359363
351314
362861
351304
362835
354770
347258
336246
343909
339303
343878
339368
347278
357625
369326
366768
360952
366717
360925
357593
351085
344440
341829
353160
341876
353576
351051
317107
314488
309019
306886
316929
314704
309171
326854
335489
329466
338042
326487
335735
329643
320170
310688
322222
313684
319974
310878
322214
324800
329378
321919
332347
321986
332406
324622
317210
306898
314727
309230
314724
309263
317204
326900
337815
335711
329547
335873
329762
326702
320215
313727
311001
321695
311032
321933
320111
287123
285342
280203
278384
287253
285342
280035
295672
304737
297945
306661
295681
304773
297887
289223
281159
290610
282428
289329
281046
290348
294098
299799
292501
302028
292319
301890
294207
286982
278372
285661
280058
285447
280014
287126
295746
306611
304914
297889
304895
297877
295713
289244
282329
280822
289941
280804
290023
289256
260410
258619
253330
251314
260414
258494
253203
268085
276379
269645
276852
268053
276333
269650
262660
254109
263740
255825
262557
254074
263686
267163
271979
265090
273969
265024
273941
266984
260373
251112
258399
252954
258399
253085
260349
267964
276664
276048
269533
276191
269605
267854
262622
255781
253900
263184
254002
263439
262442
231562
229794
223924
222411
231571
229811
223940
239606
248851
240760
249460
239705
248702
240783
233547
224590
234161
225958
233527
224582
234120
238500
244285
236697
246153
236785
246199
238404
231500
222321
229702
223790
229760
223881
231431
239558
249262
248471
240871
248600
240826
239488
233513
226012
224591
234002
224643
234058
233402
203292
201873
196232
194778
203361
201823
196108
210871
219492
212257
220300
210879
219503
212289
205171
196588
206147
198257
205322
196517
206139
209901
215574
208401
217201
208428
217228
209826
203243
194708
201789
195905
201807
195982
203223
210741
220265
219289
212314
219401
212310
210698
204998
198283
196477
205921
196486
206031
204962
175890
174491
168564
167428
175931
174451
168378
182591
191548
183784
192019
182648
191430
183817
177028
169104
177667
169820
177130
169005
177592
182239
188165
181044
189511
181074
189506
182180
175856
167615
174453
168600
174447
168614
175840
182596
191957
191179
183884
191240
183877
182583
176885
170169
169446
177551
169281
177565
176872
)
;

boundaryField
{
    inlet
    {
        type            zeroGradient;
    }
    outlet
    {
        type            fixedValue;
        value           uniform 0;
    }
    seabed
    {
        type            zeroGradient;
    }
    top
    {
        type            zeroGradient;
    }
    side1
    {
        type            zeroGradient;
    }
    side2
    {
        type            zeroGradient;
    }
    submarine
    {
        type            zeroGradient;
    }
}


// ************************************************************************* //
