/*--------------------------------*- C++ -*----------------------------------*\
  =========                 |
  \\      /  F ield         | OpenFOAM: The Open Source CFD Toolbox
   \\    /   O peration     | Website:  https://openfoam.org
    \\  /    A nd           | Version:  10
     \\/     M anipulation  |
\*---------------------------------------------------------------------------*/
FoamFile
{
    format      ascii;
    class       volScalarField;
    location    "5.5";
    object      p;
}
// * * * * * * * * * * * * * * * * * * * * * * * * * * * * * * * * * * * * * //

dimensions      [0 2 -2 0 0 0 0];

internalField   nonuniform List<scalar> 
12920
(
311772
184381
81978.3
114534
73749.5
101177
83586.7
98939.3
92219.2
97927.6
91931.4
91451.1
83907
78911
69611.3
61927.6
51435.1
41825.4
31550.6
21141.1
414210
180354
103045
118970
65417.6
104331
80937.8
100959
93106.6
99996
93335
93131.6
85352.4
80269.1
70594
62440.8
51874.6
42068.2
31636.7
21088.8
150306
84522.9
33858.5
92455.6
68979.9
101549
88274.8
104727
98092.3
103774
96617.1
95725.8
87236.5
82349.6
72776.9
64247.3
53055.1
42761.9
31872.9
20956.6
-191462
44457.7
25593.5
78876.3
75829.5
102426
95867.7
108520
102484
107514
99625
97935.4
89674.5
83866.1
73663.2
65670.2
53938.8
43207.7
32115.9
20884.1
11594.8
78172.2
63665.1
95802.7
88067.1
111857
106204
115599
111402
114099
106391
103422
94394.9
87387.6
76776.9
67528.1
55469.8
44345.3
32705.8
20932.4
196555
245968
86524
126314
106865
127582
116179
126501
119450
121336
113587
108728
99647.9
91022.1
79983.8
69643.4
57274.8
45483.3
33392.2
20901.8
134913
262749
79385.9
128941
117339
137183
137107
142322
134426
132342
123545
118028
106929
96634.6
84479.1
72198.8
59325.4
46886.4
34208.4
20959.7
155509
209336
120913
158216
136102
159443
148961
154347
148876
140452
132350
124726
113543
101925
86419.7
74410.9
61055.8
48179.6
35054.7
20971.8
-438886
33991
82782
132160
147147
170081
165392
167321
162898
153579
143527
133304
119762
106688
92475
76895.8
63809.4
50171.4
36139
21042.5
105487
139486
99597.2
153039
155416
181296
185773
182967
177367
168350
157036
144065
129360
115172
99123.1
81947.1
67327.1
52513
37418.7
21078.4
-101984
184029
116351
193920
195952
207358
207282
200585
192344
183515
171392
155205
140171
124239
106217
87182.4
71233.6
55141.1
38780.5
21190
-178488
190718
174207
242169
233464
239171
231277
221042
210782
200699
186070
168345
151944
134080
113898
92489.8
75174.5
57719.7
40154.1
21343.6
-65550.7
304377
228885
302216
282330
287300
257928
248074
231605
216465
199712
182971
163504
143096
117820
97837.5
78927.3
60352.3
41558
21497.9
493842
426008
352201
387017
345121
335629
307137
291386
263986
245197
218666
196290
170704
145921
122582
102613
82732.8
63033.5
42919.3
21670.2
340379
451741
444889
466720
421452
401668
358092
330751
294662
266452
235973
205825
177444
153621
129892
108239
86656.1
65586.2
44258.4
21727.8
260726
579444
525474
552970
498850
463088
410589
370448
324734
287549
249701
219686
188424
162654
136946
113651
90356.5
68036.5
45471.3
21831.1
747581
874908
714270
699859
596929
538383
459533
406876
349627
305951
262964
230454
198026
170254
143061
118209
93614.1
70135.2
46574.3
21924.2
1.6742e+06
1.24585e+06
945444
836530
681461
596903
501214
437059
371960
324461
278213
241507
207497
177807
148676
122369
96494.8
71931.8
47435.9
22001.4
1.88286e+06
1.4356e+06
1.07572e+06
919581
742903
638262
530497
459245
388654
337702
288540
250376
213907
182817
152582
125192
98427.8
73083.5
48026.8
21988.5
2.01767e+06
1.53408e+06
1.17739e+06
977803
783012
665462
550170
473950
399674
346298
295147
255081
217418
185631
154808
126803
99444.9
73607.2
48222
22071.9
169834
178715
79329
113587
72926
100947
83481.6
98885.5
92234.3
97999
92029.4
91478.4
83939.2
78976.8
69610.5
61913.8
51445.2
41831.7
31558.2
21090.1
374112
185553
100465
116665
63385.4
104140
80084.1
101126
92991.8
100093
93329
93171.6
85353
80340.3
70618
62519.6
51904.2
42086.1
31625.1
20948.8
5193.83
70505.3
31716.1
91770.6
68269.4
101072
87512.7
104425
97745.2
103680
96443.3
95600.9
87134.8
82230.3
72702.5
64302.5
53108.5
42818.1
31908.4
20823.3
-215370
35429.4
20657.9
79330.2
75744.2
102781
94914.5
108509
101930
107469
99496.4
98176.1
89717.2
84054.9
73721.6
65609.6
53869.5
43232.1
32247.4
20888.7
-48668.3
72489.8
58651.8
94418.1
87610.1
111774
105970
115451
111184
114034
106320
103511
94424
87551.8
76790
67513.2
55448.3
44378.3
32865.2
20948.8
171755
237110
90120.5
126174
107072
127428
115749
126330
119143
121219
113477
108693
99622.8
91048
79974
69620.5
57251.8
45505.8
33536.7
20910.4
173004
269579
81684.6
129743
117988
137232
136841
142080
133924
132154
123570
117621
106952
95929.7
84331.9
72251.4
59255.9
46905.5
34311.2
20930.7
130028
207342
120316
156874
134751
159592
149388
153972
148296
140686
132748
124924
113732
102059
86668.3
74444.5
61081.8
48220
35177.6
20882.3
-346889
32160
83593.6
134743
149394
171386
164973
167577
162127
153771
143746
133766
119683
106752
92685
76670.2
63832.4
50201.2
36243.6
20912.6
51084.4
121679
94689.4
151458
153873
180984
185871
183343
177489
168146
157011
143808
129472
115201
99027.8
81778.7
67322.3
52525.4
37525.2
20950.4
-82072.3
193482
114681
194719
195986
207647
207671
201134
192879
183268
171346
155135
140188
124231
106134
87349.2
71222.7
55151.3
38894.5
21074.9
-159903
196850
169822
243495
232948
238947
230995
221217
210814
201238
185349
168415
151936
134007
113754
92565
75167.8
57736.8
40277.7
21229.1
87829.1
330975
225077
305385
281856
288594
257391
247895
230896
216657
199995
183021
163493
143030
117499
97648.5
78887.2
60376.8
41685.4
21382.5
555061
411850
347285
384647
344266
335868
307227
292296
264139
245564
218833
196272
170706
146056
122758
102878
82779
63077.6
43048.9
21546.2
226187
454014
440192
466295
420806
401218
358278
330249
294906
266368
236258
205826
177562
153680
129914
108271
86650.5
65621.9
44382.1
21626.3
212159
570854
524448
552363
498167
461737
410548
370170
325126
287753
249637
219090
188163
162573
136910
113608
90345.4
68068.6
45595.7
21763.4
678759
840937
714876
700499
596986
538436
460110
406538
349826
305683
262424
230304
197888
170173
143003
118160
93606.8
70166.1
46674
21856.7
1.63294e+06
1.22258e+06
943593
833283
679193
596277
500708
436375
371316
324173
278487
242125
207478
177759
148670
122370
96496
71970.9
47564.1
21938
1.81971e+06
1.42453e+06
1.07817e+06
921719
744435
637646
530200
458840
388177
337349
288277
250522
213871
182839
152591
125182
98430.8
73109
48100.1
21909.8
2.01031e+06
1.50134e+06
1.17474e+06
976283
782688
665440
549833
473692
399375
346157
295080
255076
217603
185696
154857
126801
99430.5
73599.2
48218.9
21978.8
89418.3
196189
72465.4
117549
72373.9
100875
83094.9
98848.4
92249.3
98152.7
92189.3
91599.7
83984.2
79011.1
69668
61922
51402.7
41816.5
31576
21158.7
323984
187828
96460.5
114982
62462.7
103590
79061.3
101374
92798.3
100339
93388.8
93368.4
85468.8
80444.2
70764.4
62682.7
51924.2
42129.9
31642.6
20798.4
-174987
54402.8
30363.2
92321.6
67712.3
100896
86548.5
104127
97335.1
103455
96184.4
95544.9
86951.3
82222.4
72595
64320.5
53122.2
42863.2
32004.8
20774
-187823
17026.2
22998.4
80838.6
76176.8
102720
93933.1
108318
101303
107508
99498.5
98444.8
89690.9
84160.9
73733.5
65545.1
53793.1
43290
32454.4
20925.2
-99652.7
65548.8
52562.5
93437.2
87190.8
111966
105248
115633
110811
113938
106199
103518
94388.3
87608.7
76765.6
67494.9
55445.5
44508.2
33088.7
20989.6
244508
243583
96955.7
125999
107311
127176
114992
126036
118668
121015
113227
108747
99501.4
90923.8
79948.4
69573.3
57224.5
45596.1
33768.9
20968.6
109779
269609
77406
128176
118260
137159
135937
141918
133642
132007
123636
116587
106654
95429.8
84093.1
72202.1
59225.3
46964.4
34527.5
20997.5
-7117.04
199429
107026
156088
132937
159631
149993
153617
147714
141239
133546
125197
113727
101880
86815.8
74359.4
61102.1
48296.2
35388.4
20929.8
-203810
52559.4
95145
140056
151299
172325
165361
167028
161721
153972
144554
133489
119878
107013
93087.9
76490.6
63834.1
50258.7
36463.3
20948.6
-13745.4
102892
91477.9
151391
154435
182231
186395
183448
177496
168063
156921
143620
129680
115245
98954.1
81703.9
67309.7
52581.4
37755.1
20994.8
68624.9
170931
124271
197535
196942
208620
208174
201541
193150
181993
170479
155069
140292
124252
105964
87153.9
71162.3
55206.3
39182.4
21123.9
-94538.6
215310
166475
245378
232633
238932
230695
221557
211082
200307
184339
168448
151881
133856
113412
92458.1
75139.4
57799.1
40563
21265.6
135514
303451
227840
303651
281220
289516
257046
248812
230526
217112
200286
183148
163349
142800
117194
97758.4
78866.7
60447.5
41986.2
21424.4
391376
424709
347416
382043
344010
337184
307800
292950
264403
245356
218839
196177
170713
146379
123058
103030
82813.8
63167.7
43350.4
21614.9
295248
450988
438459
466695
421169
400726
358815
330475
295116
266304
236356
206144
178058
153632
129823
108295
86638.6
65680.7
44691.3
21715.6
325324
574597
526047
551562
497665
460367
410089
369735
325547
287822
249547
218674
187809
162463
136801
113549
90323.2
68147.9
45891.8
21910.8
548063
810994
712214
699290
596707
537543
460034
405976
349236
305079
262155
230124
197666
170025
142835
118104
93591.1
70239.2
46972
22001.4
1.52236e+06
1.19911e+06
938034
831566
678096
595413
500317
435512
371511
324609
278376
242367
207457
177730
148606
122360
96489.9
72047.7
47871.6
22097
1.77758e+06
1.40568e+06
1.07895e+06
923812
745437
637718
529787
458155
387539
337220
288553
250624
213991
182841
152568
125200
98440.7
73190.3
48357.2
22078
1.79961e+06
1.4556e+06
1.16476e+06
973674
781523
664888
549318
473243
398845
346003
295118
255381
217775
185746
154837
126783
99397.3
73615.1
48337.4
22072
156178
213831
70876.1
117314
71436.1
100717
82454.3
98744.1
91964.1
98206.7
92124.3
91658.2
84021
79028.5
69666.7
61929.3
51340.1
41791.6
31580.3
21108.6
290488
201379
95002.2
114003
62550.1
102621
78108.2
101423
92867.9
100601
93675.3
93623.1
85542.4
80572.5
70840.6
62772.9
51984.4
42173.7
31747.5
20898.3
-70880.2
61152.1
33656.7
92290.6
66315.1
100384
85487.6
103758
96996.5
103317
95929
95504.6
86847.6
82205.6
72453.8
64304.2
53066.1
42862.4
32231.8
21069.1
-420755
-23510.4
11395.4
78464.5
74675.7
102605
93043.1
108662
100765
107528
99294.7
98529.4
89597.7
84184.8
73779.2
65503.1
53813.6
43399.2
32767.5
21146.3
-264713
46782.8
45542
92556.1
86381.6
112132
104750
115842
110537
113553
106083
103459
94367.6
87575.1
76716
67492.4
55449.4
44601.3
33405.6
21187.8
186766
248866
95276.2
125510
107684
126645
114125
125917
117942
120559
112849
108549
99347.8
90681.8
79879.9
69562.2
57208.9
45678.4
34090.7
21182.3
183560
273316
75471.1
126729
117503
136961
135185
141699
133431
131839
123633
115901
106311
95227.4
83836.1
72176.4
59249
47011.3
34869.8
21254.3
105503
205289
99509.4
154559
130965
159206
149103
152998
147476
142023
134484
124983
113795
101770
86899.5
74465.7
61122
48326.8
35733.8
21245.7
-305564
20340.6
92645.7
141774
151648
171993
166670
166729
161681
154604
145172
133181
120290
107379
93186.8
76358.6
63793.1
50258.3
36817.4
21324.6
-108405
76273.4
83465.5
151593
155200
183760
186668
183418
177334
168009
156649
143648
129942
115470
98790.3
81609.6
67260.2
52611.8
38158
21406.8
-25158.9
146644
120521
199352
197463
209538
208502
201655
193196
182446
169507
155088
140417
124315
105694
87028.7
71088.2
55262.3
39631
21556.9
69959.4
211871
176208
246202
232298
238263
230339
221661
210903
198774
183937
168425
151824
133658
113188
92376.7
75109.9
57861.9
41067.1
21722.6
109022
282522
234092
300887
281005
290331
257630
249123
230461
217752
200336
183184
162996
142352
117098
97804.3
78883
60512.9
42507.5
21891.7
274111
402346
337469
380225
343353
337578
308225
293233
264723
245041
218746
196018
170753
146867
123490
103046
82809.6
63261.4
43867.1
22081.2
316762
457466
434017
466794
421553
399947
358938
330515
295308
266111
236234
206623
178492
153470
129667
108284
86631.5
65755.7
45174.3
22192.1
355853
578331
519453
550638
496348
460210
409605
369158
325552
287822
249659
218379
187573
162257
136622
113436
90297.5
68241.8
46389.1
22368.6
632544
800840
714717
696193
596864
535689
459333
405223
348644
304898
261988
229752
197254
169726
142582
118008
93570.9
70309.9
47474.1
22490.9
1.47849e+06
1.19578e+06
928219
829054
677984
594343
500122
435442
371483
324404
278214
242372
207328
177616
148529
122350
96491.2
72144.4
48385.1
22621.1
1.72402e+06
1.38693e+06
1.07624e+06
923034
745074
636768
529162
457203
386979
337289
288764
250749
213975
182808
152521
125188
98459
73307.4
48906.6
22620.7
1.66365e+06
1.42886e+06
1.16075e+06
971428
781171
664838
548995
472868
398940
346097
295236
255541
217841
185750
154808
126755
99344.7
73627.9
48624.3
22397.9
160654
226090
66238.3
117842
70847.7
100778
81994.5
98793.2
91777.4
98270.6
92080.7
91743.3
83928
79063.8
69615.9
61911.3
51289.9
41751
31574.7
21009.1
354654
206289
91266.6
113745
63740.4
101722
77656
101781
92887.4
100762
93741.9
93743.6
85461.9
80549.2
70786.8
62853.7
52001.6
42194.4
31885
21190.9
-98724.3
60628.6
31030.9
92126.4
65533.8
100069
84862
103798
96721.5
103298
95858
95534.2
86806
82209.2
72369
64261.5
53004.3
42843.9
32532.3
21415.4
-303970
-14726.6
10057.1
79448.5
74564.4
102717
92651.1
108545
100275
107479
98949.3
98523.6
89423.7
84162.2
73888.6
65503.2
53892.6
43520.2
33048.3
21414.8
-256563
47123.3
39217.5
93261.8
85422
112398
104690
116086
110616
113489
106054
103301
94379.1
87510.2
76694.2
67528.5
55447.2
44607.7
33659.6
21445.3
261610
259531
98635.4
125908
107969
126323
113345
125759
117267
120378
112536
108231
99216.4
90461.2
79765.8
69575
57195.5
45675.5
34353.3
21450.3
250426
282026
66273.1
127056
116551
136818
134606
141649
133450
131917
123493
115862
105991
95260.2
83579.3
72195.4
59320.2
47041.1
35154.3
21523.3
145453
203812
102471
151863
129434
158866
148504
151603
147410
142200
134822
124474
113710
101652
86872.8
74636.1
61165.7
48248.7
36040
21524.9
-218864
35170.8
97317.2
145325
152289
171444
168286
166684
162238
154989
145218
133164
120693
107638
93057.7
76432.5
63777.1
50191.9
37160.1
21625.3
-61271.4
72009.5
79500
152779
155875
184259
186491
183215
177076
167849
156528
143846
130246
115634
98575.5
81522.6
67199.4
52588.5
38546.1
21753.1
-122106
130125
129007
200540
198568
209534
208315
201744
193126
182283
168793
155112
140591
124250
105418
86841
70986
55241
40039.9
21939.3
-80165.5
200277
178950
247073
231993
237962
230134
221650
210544
198031
183800
168448
151807
133505
112839
92117
75068.7
57868.6
41457.9
22148.5
112078
274159
237803
299740
280913
290914
259227
248885
230721
218040
200133
183029
162568
141994
116996
97890.1
78884.8
60528.8
42896.2
22318
290021
400171
344008
379135
342820
337852
308699
293365
264798
244829
218651
195978
170731
147156
123729
103084
82789.9
63348.2
44258.2
22499.1
193128
440084
434342
465907
421748
399743
359628
330017
295242
265761
235835
206786
178731
153622
129820
108302
86662.2
65828.7
45585.2
22615.2
507898
586957
523912
551133
495583
460440
409038
368818
325100
287836
249775
218673
187732
162119
136568
113317
90311.9
68316.9
46820.8
22788.7
696368
795677
715401
694976
595727
534338
458401
404548
348334
305317
262162
229287
196776
169424
142289
117941
93570.1
70368
47909.1
22925.5
1.52338e+06
1.19876e+06
926143
829038
678457
593831
499979
435202
371270
323960
277965
242289
207220
177550
148468
122351
96494.4
72238.5
48839.4
23076.4
1.84112e+06
1.38277e+06
1.08404e+06
923548
744500
636159
528777
456661
386802
337067
288737
250685
213936
182770
152477
125188
98479.9
73402.6
49332.3
23029.8
1.81412e+06
1.42203e+06
1.16013e+06
970081
782172
665222
549578
472905
399076
346121
295302
255619
217828
185736
154756
126716
99272.7
73645.6
48875.1
22590.3
159769
178469
170113
168042
159694
178423
169292
147221
166565
156645
156716
147034
165856
156498
174160
196562
185145
181698
173601
195359
184184
158835
180811
168737
169861
158855
180207
168673
166051
180108
179048
165280
166236
180416
179543
163540
178678
175684
167621
163269
179040
175657
155518
173995
167579
162380
155565
174031
167444
145432
164624
156428
153721
145309
164573
156428
135409
153582
145027
143627
135388
153605
144864
122393
141404
130351
133652
122552
141162
130467
109652
126817
116567
119681
109718
126912
116625
97020.4
112981
102344
106718
97041.1
113024
102325
184132
202094
198378
185846
184277
202158
198285
179011
196680
190545
183290
179216
196670
190820
171275
188473
182161
177460
170939
188727
182040
159916
179799
170821
168189
159883
179384
170684
147989
167656
156497
157022
147685
167566
156285
132834
152208
141083
143895
132940
152152
141104
118783
137383
125847
129431
118804
137401
125845
104098
121913
109629
115189
104045
121900
109586
202477
224182
217387
207579
202704
224515
217698
194420
215263
208397
200950
194892
215524
208595
185491
205871
198446
192743
185994
206070
198931
174666
196305
186846
183358
174600
196556
186887
159450
182946
168958
171402
159085
182314
168860
143966
164965
153051
155133
143968
164929
153044
128289
148883
135965
140176
128294
148879
135952
111704
131536
117911
124236
111632
131517
117805
223421
247795
241563
231179
223568
247862
241172
213728
239377
230312
221135
213733
239236
229861
203022
225974
214378
210750
203351
225591
213978
191043
210932
200490
201169
190426
210989
200550
172482
195897
183356
185581
172493
196035
183630
156348
179477
166746
168399
156335
179595
166724
138725
161686
147238
151940
138690
161665
147186
120343
141959
126864
134033
120234
141945
126685
166271
180356
179718
165406
166294
180905
179910
163110
179099
175680
167162
162783
179199
175648
155584
174069
167401
161789
155493
174102
167362
145259
164567
156433
153882
145384
164608
156469
135584
153614
144758
144212
135678
153676
144520
122664
141092
130523
133604
122948
140868
130708
109752
126962
116652
119804
109868
127128
116710
97122.3
113047
102386
106929
97186.2
113094
102324
184304
202269
198299
186346
184328
202814
198386
179260
196734
190924
183430
179343
196909
191110
170851
188802
181906
177517
170678
188913
181634
159872
179262
170588
168092
159781
178971
170210
147557
167495
156232
156977
147289
166837
156094
132993
152148
141125
143627
133165
152085
141226
118821
137421
125850
129620
118887
137521
125894
104068
121900
109592
115219
103962
121921
109530
202875
224579
217881
208189
203192
224857
218383
195066
215702
208731
201474
195360
216199
209031
185915
206197
199198
193116
185725
206544
199488
174567
196611
186615
182808
174501
196688
185502
158981
182027
168833
170850
158851
181125
168748
143977
164913
153042
155074
144040
164868
153038
128297
148878
135944
140259
128326
148872
135897
111645
131502
117807
124237
111516
131435
117643
223656
247925
241049
230888
223912
248317
240622
213766
239259
229744
221505
213892
239412
229437
203563
225517
214026
211042
203815
225507
214086
190107
211112
200551
200781
189127
211223
200563
172505
196098
183718
184547
172506
196287
183922
156331
179647
166701
168444
156312
179775
166553
138668
161656
147156
151899
138594
161563
146929
120226
141950
126599
133901
120023
141852
125973
166192
180916
179928
166495
165983
181200
179932
162682
179199
175611
166776
162447
179156
175451
155454
174107
167377
161631
155377
173847
167385
145742
164634
156501
154363
146357
164683
156565
135674
153688
144473
145068
135524
153607
144359
123055
140860
130774
133211
123349
140893
131004
109917
127190
116737
120178
110074
127377
116903
97274.4
113114
102393
107288
97325.6
113235
102496
184327
202778
198422
186724
184300
202996
198485
179339
196952
191141
183450
179253
197010
191180
170651
188925
181495
177372
170591
188955
181378
169007
165372
171591
168063
168947
165371
171612
156960
153913
160252
156859
157087
153828
160116
133228
152070
141273
143630
133443
152089
141407
118920
137568
125924
129875
119087
137703
126044
104022
121946
109561
115401
104028
122040
109406
203265
224813
218472
208566
203372
224909
218613
195411
216291
209109
201638
195481
216444
209165
185683
206628
199470
193192
185568
206614
198584
184342
180342
187326
182482
184439
181564
187321
169819
166625
173979
171080
169834
167037
173865
144073
164868
153034
155082
144157
164836
153013
128348
148864
135892
140385
128430
148839
135872
111545
131407
117645
124303
111342
131335
117358
223942
248156
240661
230555
223991
248442
241006
213891
239622
229343
221653
213873
239864
229082
203539
225430
214048
210991
202427
225067
213961
188829
211214
200595
199067
188088
211284
200752
172500
196327
183968
184009
172478
196399
184034
156305
179808
166497
168437
156288
179850
166338
138567
161544
146864
151835
138513
161438
146590
119998
141832
125871
133712
119632
141625
125475
165927
181125
179924
168092
166012
181196
179894
162415
179133
175399
166649
162313
179040
175214
155468
173704
167315
162048
156033
173399
167112
146554
164629
156564
155000
146973
164467
156548
135459
153579
144342
145200
135389
153539
144400
123452
140917
131091
133150
123734
141049
131366
110124
127443
116987
120609
110314
127666
117231
97454.6
113307
102630
107596
97504.3
113487
102504
184277
202909
198483
186655
184184
202893
198419
179212
197014
191186
183260
179033
197008
191189
170577
188967
181476
177162
170468
188970
181405
159651
178846
169150
167889
159565
178590
169113
147003
165659
155950
156540
147046
165592
155550
133524
152112
141445
143784
133771
152157
141580
119163
137739
126082
130176
119361
137875
126154
104100
122064
109461
115624
103859
122058
109184
203388
224754
218620
208573
203407
224786
218576
195487
216460
209116
201730
195475
216453
208920
185521
206520
198229
193154
185301
206189
197505
173255
195011
183980
182358
172530
194312
183610
158670
180090
168647
168866
158499
179860
168653
144188
164820
153019
155092
144324
164856
153075
128458
148840
135854
140545
128506
148870
135791
111382
131304
117346
124272
111093
131211
117031
223990
248225
241117
230345
223974
248186
241545
213833
239907
229033
221650
213688
239977
228976
202131
224856
214012
210619
201551
224414
214308
187951
211353
200808
198171
187729
211603
200853
172474
196404
184039
183819
172498
196406
184060
156289
179858
166319
168431
156333
179924
166176
138490
161407
146502
151804
138391
161216
146184
119600
141536
125491
133533
119274
141211
125265
166146
181110
179888
169028
166237
181455
179938
162306
178997
175137
166365
162267
178981
175022
156147
173301
167050
162214
156170
173126
166952
147114
164411
156546
154554
147209
164328
156572
135444
153534
144450
145237
135685
153526
144565
123791
141105
131453
133143
123966
141236
131560
110388
127729
117283
120892
110594
127810
117295
97636.3
113505
102575
107653
97434.7
113472
102172
184154
202584
198391
186479
184133
202404
198354
178946
197001
191182
183206
178834
197011
191150
170423
188958
181358
176936
170336
188906
181249
159551
178515
169079
167780
159558
178387
169028
147092
165581
155540
156534
147212
165653
155653
133851
152185
141634
143989
133996
152306
141799
119394
137923
126153
130351
119383
138035
126126
103921
122036
109234
115581
103532
122020
108852
203383
224586
218552
208423
203329
224680
218548
195463
216441
208856
201761
195411
216453
208815
185222
206092
197355
193046
185065
205952
197069
172407
194153
183551
182120
172366
193866
183539
158500
179830
168671
168866
158643
179846
168744
144379
164887
153109
155238
144539
164988
153230
128491
148894
135780
140691
128465
148981
135772
111139
131192
117042
124229
110763
131162
116664
223985
248013
241803
230466
224072
249021
242403
213646
239984
228967
221723
213659
239927
229137
201424
224430
214443
210478
201220
224988
214894
187720
211711
200808
197845
187720
211877
200679
172514
196433
184090
183799
172562
196509
184172
156360
179978
166065
168525
156417
179949
165813
138374
161149
146114
151864
138372
161005
145971
119268
141118
125292
133459
118892
140945
124985
165992
162543
163171
159755
165999
162533
163112
171962
174999
175878
178969
172087
174969
175350
168777
166401
172844
169037
169130
166087
171643
168985
168061
165350
171581
165372
171612
168843
165898
159732
162507
162928
162527
163018
165817
171926
178978
174911
175542
174933
175361
171936
168767
168842
166014
172284
165939
171506
168932
153460
150618
150116
147139
153593
150532
150049
159747
163400
162998
165651
160116
163039
162284
156336
152908
159459
157013
156559
152896
158689
156819
156788
153656
159855
153740
159973
156683
153329
147083
150339
149904
150442
149982
153203
159550
165431
162895
162359
162817
161979
159594
156143
157020
152748
158939
152857
158478
156133
181359
177623
177944
174981
181530
178613
177780
188677
192012
193154
196233
188937
191989
192694
184998
181489
189249
184806
185441
181103
188835
184213
182153
179995
186973
181284
187180
183869
181026
174451
176983
176955
178099
177432
180552
188267
195776
191352
191894
191761
192265
187914
184585
184481
180425
188142
180736
188464
184272
165754
162892
161874
159131
165602
163565
161975
172971
177334
176646
180541
173071
177007
176591
169052
165269
172623
168731
169071
165273
172598
169578
170569
165970
173014
166541
173510
169239
165656
159147
162517
161795
163128
161945
165458
172812
180354
176471
176400
176675
176496
172696
168966
168707
165166
172486
165237
172547
168881
151439
158427
160370
149099
151569
158455
160180
150827
160735
161091
154183
150852
160238
160487
142623
155660
151595
148646
142844
155592
151787
133943
147625
142363
140500
134119
147745
142624
128483
138323
134153
132492
128601
138540
134437
117628
128974
121909
124778
117584
128957
121783
107762
115647
109665
113696
107624
115406
109475
93480.3
103076
97238
101997
93617.2
102971
97254.9
167457
171015
174990
170930
167916
171019
175435
169392
165236
170069
165081
165207
169887
169399
170158
165582
171188
167373
165613
171203
170164
164617
159911
166740
162829
159841
166749
164624
154622
150785
157259
153611
150770
157278
154622
144140
140789
146681
143532
140764
146693
144156
132348
129617
136004
133355
129535
136070
132379
118583
116087
121888
119725
116097
121897
118574
105380
103326
108593
106688
103336
108607
105366
85599
95653
88835.1
92535.3
85489.2
95662.8
88773.9
185161
195155
196955
180935
185414
195334
197273
191069
185615
192104
185724
185652
192114
190989
185941
181728
187472
183052
181876
187575
185811
178936
175604
180678
177409
175586
180839
178823
169232
165603
172187
168299
165576
172088
169274
157580
154166
160545
157036
154168
160532
157592
142670
140018
146807
144016
139950
146778
142651
128390
125865
131984
129371
125873
131989
128387
113562
111521
117388
115170
111525
117381
113565
91669.5
102533
95015.3
99097.2
91614.4
102502
94988.4
208684
221324
220691
207607
209016
221269
220836
210508
205845
212400
207270
205918
212493
210412
202995
198523
204970
200623
198571
205022
202936
194263
190116
196560
192395
190161
196605
194231
184894
180766
187630
183513
180734
187700
184904
171355
167947
175135
171396
167946
175190
171413
154512
151411
158373
155197
151410
158344
154517
138985
136252
143012
140168
136250
143009
138988
122341
120102
126618
124236
120093
126615
122348
98210.3
110021
101367
106187
98131.6
109980
101303
238049
261000
249537
238902
237520
261027
249198
234773
228589
239307
231145
228599
239147
234780
224458
218699
227025
221049
218692
227012
224489
212371
207926
215582
210741
207917
215503
212429
202366
198149
204501
200784
198233
204527
202467
184473
181280
189194
185965
181241
189115
184496
168039
164565
171878
168360
164560
171914
168025
150665
147653
155137
151943
147650
155136
150663
131955
129558
136733
134073
129551
136712
131970
105214
117839
108482
113861
105116
117876
108254
254975
275056
272257
257886
254836
275135
272199
242819
264364
255178
247904
242601
264340
255152
224391
245106
238109
231281
224167
244923
238103
209826
228051
218616
216546
209887
228114
218669
191701
208518
200345
199823
191833
208631
200402
174669
190256
179033
182981
174714
190312
178966
154028
169226
158841
163503
154020
169181
158769
132936
147915
135404
143072
132842
147830
135266
151727
157950
160040
150148
151936
158098
160340
150881
159870
159875
153768
150818
159551
159432
143324
155654
152083
147971
143730
155656
152317
134472
147888
142926
140888
135076
148073
143097
128745
138815
134563
133107
128845
139074
134635
117419
128817
121809
125108
117253
128450
122008
107379
115274
109368
113703
107177
115242
109345
94054.4
102991
97455.1
101961
94203.2
103100
97548.4
168111
170987
175661
172415
168645
171966
176083
169838
165763
170179
165254
169437
166226
170613
170111
165533
171316
167478
170118
165419
171429
164492
159457
166739
161985
164609
159475
166584
154627
150759
157343
153797
154620
150727
157362
144240
140665
146823
143814
144191
140670
146906
132166
129280
135831
133769
132191
129191
135752
118743
116204
122014
119704
118694
116238
122067
105546
103433
108705
106798
105496
103474
108752
85437.1
95679.3
88821.5
92897.6
85296.8
95565
88720.8
185767
195518
197706
181663
186192
196440
198347
191097
185687
192334
186058
191076
185697
192535
186389
182128
187834
183380
186337
182172
187878
179014
175567
181098
177515
179031
175543
181134
169010
165481
171765
168118
169055
165462
171702
157527
154161
160464
157006
157582
154143
160443
142816
140036
146497
143695
142778
140070
146451
128489
125957
132069
129517
128453
125995
132108
113575
111557
117389
115204
113576
111563
117392
91607.6
102445
95030.6
98975.8
91400
102390
94864.1
209335
221854
221203
208250
209638
222757
221101
211051
206234
213013
207930
210915
206384
213241
203842
199172
205658
201273
203642
199320
205873
194964
190597
197148
192986
194826
190685
197283
184750
180599
187573
183173
184804
180572
187531
170516
167474
175049
171227
170746
167248
174769
154495
151412
158251
155134
154501
151412
158262
139016
136277
143012
140206
139001
136297
143020
122287
120058
126609
124227
122300
120051
126598
98176.1
109868
101342
106063
98004.7
109750
101148
236398
261235
248409
239272
235822
260803
247810
234441
228722
238247
230998
234495
228749
238113
224425
218888
226988
221354
224386
218994
227036
212539
208200
215471
210905
212458
208328
215520
201249
198313
204650
201236
201626
198144
204511
184224
180861
188675
185101
184269
180696
188460
168096
164555
172044
168429
168085
164556
172077
150613
147629
155128
151928
150637
147615
155109
131820
129496
136600
133976
131863
129465
136562
105024
117896
108123
113566
104629
117774
107974
254539
274911
272141
257483
254355
275424
272203
242277
264697
255242
248299
242076
264837
254921
223931
244710
238101
230675
223879
244528
238074
210021
228385
218729
216847
210233
228685
218774
191994
208804
200529
200162
192165
208930
200642
174713
190441
178949
183094
174667
190544
178917
154029
169091
158649
163443
153983
168943
158447
132655
147631
135265
142951
132245
147346
135181
152068
157732
160598
149919
152284
158048
160738
150648
159266
159223
153361
150365
158999
159166
144022
155698
152582
147593
144268
155768
152853
135833
148341
143297
141570
136590
148498
143721
128929
139206
134545
134012
128994
139220
134341
117517
128195
122233
125107
117765
127962
122429
107080
115285
109401
113749
107000
115389
109499
94516.6
103246
97823
101790
94573.6
103370
97871.9
168758
172435
176273
172508
169002
173559
176454
170892
166798
171118
165843
170690
167043
171394
170094
164806
171590
166932
170138
164662
171573
164190
159499
166217
161664
164231
159459
166165
154780
150619
157450
154042
154707
150644
157541
144561
141302
147338
144790
144494
141398
147436
132219
129297
135462
133352
132189
129313
135419
118962
116367
122242
119970
118900
116432
122308
105751
103629
108914
107104
105708
103680
108970
85513.6
95527
88650.2
93164.3
85438.8
95619.9
88353.5
186465
196936
198707
183275
186651
197921
198911
191154
185774
192811
186573
191126
185808
193001
186521
182297
187917
183461
186503
182311
187922
178819
175471
181142
177463
178853
175434
181129
146423
143619
146429
142968
140178
142929
140218
128688
126143
132259
129744
128630
126204
132319
113643
111600
117441
115285
113613
111636
117483
91390
102311
94872.3
98845.8
91037.3
102194
94647.4
209647
223364
221021
209411
209813
224175
220922
211458
206598
213412
208378
211338
206684
213644
204273
199589
206261
201587
204205
199637
206331
195244
190758
197547
193171
195207
190772
197589
158244
155205
158297
154526
151450
154503
151515
139065
136381
143059
140328
139054
136414
143070
122257
120065
126601
124269
122270
120066
126604
98016.7
109568
101169
105859
97728.7
109413
100955
234988
259701
247636
238734
234167
259469
247954
234123
228706
237423
230717
234180
228670
237429
224513
219184
227128
221600
224498
219217
227160
212583
208588
215610
211091
212632
208551
215593
196813
199842
196390
199994
203703
200266
203411
180437
184203
180385
184142
188119
184158
188067
168450
168112
164564
172123
168112
164566
172127
150519
147562
155030
151863
150532
147552
155010
131591
129353
136417
133806
131666
129306
136364
104491
117587
108177
113299
104296
117367
108079
254108
275467
272226
257600
254262
276432
272333
241848
265256
254877
249079
241504
265436
254886
223970
244507
238156
230425
224160
244541
238148
210465
229184
218799
217436
210665
229542
218765
192289
209024
200740
200341
192349
209027
200750
174571
190648
178901
183190
174437
190654
178843
153908
168738
158196
163201
153743
168496
157900
131909
147050
135325
142587
131525
146815
135235
152369
157487
160671
148956
152459
157514
160581
150051
158680
159146
152398
149710
158336
159083
144411
155878
153080
147377
144373
155912
153150
137303
148448
144322
142163
137614
148335
144846
129007
139168
134165
134708
128958
139216
134107
118094
127822
122621
124656
118291
127866
122796
107021
115542
109646
113780
107017
115742
109784
94864.7
103500
98124.5
101699
94855.1
103603
98071.4
168915
173946
176361
172135
169011
174773
176299
171472
167706
171555
167285
171324
168038
171729
169634
164458
171401
166673
169777
164408
171294
164281
159359
166164
161755
164240
159394
166181
155146
151274
157921
154795
155079
151341
157940
144687
141587
147613
145199
144672
141610
147629
132429
129467
135399
133154
132370
129528
135411
119189
116651
122476
120408
119139
116745
122520
105938
103840
109089
107465
105891
103900
109123
85640.8
95674.4
88375
93131.4
85432.3
95634.1
88153.7
186537
198052
198666
184448
186340
198236
198237
190981
185795
193006
186730
191056
185759
193042
186447
182241
187888
183371
186486
182184
187857
178904
175293
181117
177289
178892
175257
181104
165326
171540
168758
168692
167974
165297
171478
153580
159740
156564
156481
156597
153524
159666
146434
143130
140355
143681
143080
140415
146463
128943
126403
132504
130016
128874
126480
132571
113807
111828
117647
115536
113787
111878
117696
91038.9
102089
94718.1
98691.4
90832.1
101919
94465.3
209769
223971
220637
209992
209759
224416
220496
211624
206781
213853
208621
211617
206770
213997
204384
199703
206445
201675
204371
199712
206473
195082
190764
197596
193192
195156
190750
197562
179922
186801
183663
183477
182510
179675
186639
165859
172718
169074
168948
169204
165674
172515
158173
154516
151527
155089
154499
151547
158166
139149
136510
143113
140453
139116
136547
143148
122164
120060
126604
124319
122209
120024
126594
97747.4
109270
100980
105528
97452.7
109098
100705
233551
259069
248074
238622
233440
259290
248067
233814
228483
236872
230422
233868
228443
236917
224551
219249
227232
221661
224557
219241
227236
212137
208123
215391
210809
212255
207968
215299
195445
199151
202702
198540
199340
195217
202506
180236
184107
187981
183878
184111
180206
187979
168134
164553
172141
168416
168121
164560
172155
150492
147537
154996
151815
150502
147535
154997
131215
129115
136186
133602
131310
129032
136117
104368
117175
108159
113017
104054
116979
107881
254565
276883
272670
258722
255222
277860
273016
241201
265631
254916
249060
241072
265489
254616
224399
244675
238174
230567
224617
244733
238093
210730
229778
218643
217967
210666
229586
218393
192376
208946
200690
200261
192391
208806
200506
174277
190554
178721
183113
174041
190332
178538
153532
168200
157640
162756
153342
167922
157428
131472
146634
135355
142145
131223
146477
135116
152494
156959
160304
148372
152534
156985
159863
149395
157990
158870
150885
149337
157603
158565
144281
155842
153035
147418
144283
155617
152634
137802
148270
145054
142076
137894
148241
145069
129008
139298
134055
134794
129021
139294
134025
118486
127963
122918
124589
118595
127991
123026
107019
115971
109903
113599
106982
116114
110020
95097.7
103672
98278.2
101793
95027.9
103657
98099.4
168731
174659
176131
172241
169012
175345
175991
172085
168406
172229
168673
171944
168492
172733
169304
164153
170879
166615
169357
164065
170823
164148
159975
165955
162285
164164
160057
165881
155201
151484
157818
154859
155214
151479
157752
144750
141750
147686
145240
144706
141815
147704
132632
129720
135496
133192
132594
129770
135533
119452
116997
122667
120814
119383
117084
122730
106076
104086
109232
107681
106067
104126
109265
85634.1
95592.4
88322.1
92898.1
85448.4
95451.7
88150.7
186049
197045
197301
184854
186008
196536
196425
190386
185597
192573
186554
190563
185550
192530
186283
181947
187756
183189
186309
181897
187743
178766
175064
180975
176999
178812
174997
180921
168551
165213
171323
167813
168579
165191
171284
156417
153475
159572
156523
156405
153486
159560
143384
140642
146604
143907
143319
140714
146657
129156
126699
132767
130301
129124
126741
132815
113723
111895
117742
115620
113743
111852
117719
91016.4
101794
94480.6
98414.2
90817.7
101622
94238.2
209435
224043
220235
210180
209257
224651
220179
211316
206529
213764
208411
211422
206433
213844
204411
199747
206541
201748
204411
199750
206551
194726
190627
197386
193096
194808
190579
197330
182933
179244
186208
182215
183039
179159
186108
168660
165346
172181
168785
168675
165348
172164
154664
151641
158176
155152
154612
151689
158211
139279
136662
143281
140632
139255
136685
143323
122048
119942
126526
124237
122075
119917
126515
97522.1
108939
100657
105247
97294.9
108749
100367
233351
258179
247512
238434
233972
258575
247155
233793
228322
236606
230317
233748
228351
236774
224511
219205
227308
221665
224508
219206
227360
211911
207613
215158
210490
211947
207542
215142
198865
194764
202115
197939
198883
194716
202107
184142
180172
187973
183788
184133
180175
187978
168252
164652
172247
168472
168225
164696
172287
150408
147545
154992
151819
150437
147545
154985
131005
128895
135990
133482
131042
128866
135972
104031
116798
107787
112614
103826
116572
107425
255826
278375
273527
260004
256365
278822
273276
241131
265307
254328
248734
241241
265095
254209
224861
244838
238048
230877
225125
244687
237726
210522
229298
218219
217957
210369
229108
218144
192447
208712
200311
200046
192554
208483
199977
173871
190019
178332
182897
173723
189727
178220
153284
167726
157241
162475
153218
167523
157178
131299
146384
135109
141918
131162
146291
134834
170467
166336
170847
166050
166475
170851
170421
174932
174622
179912
180097
174560
179950
174910
174816
174504
179590
179153
174597
179635
174804
169348
165086
165526
170208
165187
169912
169387
170590
166094
167309
170951
166866
170898
170948
174944
180142
174876
180002
174579
179953
175051
174892
179298
175025
179767
174835
179684
175073
169651
166019
168020
163497
166041
167996
169636
174070
174729
178161
178805
174762
178166
174066
173171
171889
176991
175667
171889
176975
173163
170151
167507
165635
171272
165626
171244
170137
169654
163368
166091
167888
166052
167943
169638
174083
178953
174890
178184
174817
178172
174111
173196
175653
171905
176973
171906
176964
173210
162946
158397
160048
155465
158372
160029
162954
168624
170467
172261
173991
170481
172257
168596
166509
163661
170144
167538
163667
170077
166476
164656
162632
159536
166824
159705
166781
164687
162846
155535
158288
159963
158343
160001
162702
168666
174001
170562
172279
170521
172265
168705
166569
167491
163670
170079
163674
170058
166560
151958
148333
149343
145404
148368
149333
151943
158241
160900
161998
164604
160906
161983
158241
155546
152770
159193
156425
152770
159184
155544
154622
153677
150763
157323
150776
157300
154621
151976
145372
148451
149327
148421
149325
151994
158246
164587
160930
161964
160917
161973
158251
155551
156424
152787
159169
152774
159176
155559
141521
138594
138815
135337
138613
138791
141526
147425
150116
150853
153588
150118
150861
147425
144681
141785
147931
145024
141802
147938
144692
144139
143600
140687
146762
140742
146716
144158
141547
135291
138760
138782
138686
138781
141621
147436
153595
150148
150890
150129
150872
147457
144698
144996
141783
147985
141809
147967
144741
128863
126981
125390
122387
126868
125383
128968
134963
138899
137630
141327
138754
137591
135012
131174
127738
133689
130376
127766
133720
131127
132321
133499
129346
135924
129447
136044
132267
128853
122495
126541
125464
126680
125415
128867
134899
141239
138506
137485
138619
137505
134812
131240
130418
127893
133808
127826
133761
131297
115290
113062
112069
109660
113061
112082
115278
121051
124375
123467
126835
124394
123482
121034
117672
114281
119959
116577
114295
119970
117657
118612
119697
116170
121971
116139
121929
118650
115315
109693
113066
112141
113060
112109
115346
121087
126870
124483
123546
124433
123511
121128
117696
116599
114351
120018
114321
119991
117721
102033
100370
98807.3
97012.9
100371
98789.8
102038
107452
110820
109525
112985
110833
109527
107440
103971
100572
105845
102326
100552
105837
103977
105411
106698
103395
108665
103366
108634
105446
102052
97046.8
100395
98805.4
100379
98819.2
102079
107483
113002
110891
109570
110859
109551
107513
103985
102351
100550
105864
100577
105848
104007
190490
185254
189004
184191
185301
189082
190441
196452
197454
200846
201942
197523
200839
196381
195430
193682
199947
198315
193717
199908
195393
191078
185703
185707
192341
185661
192128
191133
190499
184237
185308
189135
185308
189128
190469
196497
201960
197727
200911
197493
200845
196571
195410
198289
193730
199893
193728
199891
195431
184358
180496
182495
179090
180609
182629
184225
190191
191992
194643
196623
192040
194624
190105
188410
186390
192642
190576
186498
192659
188304
186144
183193
182079
187760
182008
187660
186262
184574
179161
180739
182942
180692
182830
184694
190300
196618
192171
194775
192092
194662
190437
188564
190675
186796
192876
186675
192729
188702
177015
173596
175292
171171
173521
175119
177054
182547
184430
186278
188500
184526
186306
182417
180478
178586
184184
182120
178513
184252
180385
178986
177435
175573
181046
175575
180968
179019
176959
171047
173385
174607
173440
174839
176882
182618
188630
184784
186509
184686
186437
182660
180516
182099
178256
184298
178461
184289
180500
166382
162793
163473
159907
162774
163457
166412
172928
175937
176805
179630
175828
176765
172970
170044
167077
173860
170795
167060
173829
170072
169178
168243
165511
171856
165545
171969
169116
166343
159898
162731
163408
162754
163439
166289
172869
179512
175554
176632
175695
176711
172787
169993
170753
166986
173694
167032
173777
169919
154529
151155
151015
147967
151195
150876
154498
160959
164041
164386
167642
164034
164443
160942
157726
153680
160832
156459
153631
160688
157735
157569
157029
154158
160492
154161
160518
157585
154518
147818
151187
150622
151209
150751
154420
160997
167610
163994
164340
164017
164424
161000
157603
156391
153443
160360
153540
160530
157416
139076
136306
135530
132855
136327
135541
139057
145435
149510
148373
152191
149429
148380
145413
141872
138258
144777
141084
138265
144777
141859
142706
143960
139996
146605
139959
146716
142743
139112
132894
136423
135605
136370
135569
139157
145463
152171
149279
148402
149330
148389
145495
141896
141091
138309
144793
138283
144783
141926
124771
122342
121104
118782
122345
121097
124772
130945
134644
133573
137382
134647
133570
130945
127235
123452
129755
125842
123447
129752
127238
128403
129397
125922
132034
125894
132008
128424
124779
118791
122376
121103
122358
121098
124792
130955
137389
134680
133589
134660
133577
130972
127242
125843
123447
129764
123445
129756
127252
109712
107833
105824
104074
107821
105808
109719
115682
119628
117855
121907
119621
117841
115690
111758
107741
113778
109611
107720
113769
111766
113572
115178
111546
117384
111542
117381
113571
109709
104084
107825
105796
107822
105824
109707
115682
121903
119617
117821
119618
117830
115674
111755
109620
107688
113750
107727
113757
111751
208913
204463
206885
202502
204493
206943
208845
216249
217789
221737
224208
217890
221804
216097
214164
211819
219586
217446
211905
219657
214058
210630
207337
206132
212919
205988
212655
210793
209010
202571
204608
207230
204528
207056
209150
216437
224276
218306
222052
218030
221892
216651
214338
217555
212248
219938
212051
219775
214539
201003
196512
198803
194485
196574
198859
200943
207862
209839
213017
215298
209894
213033
207815
205797
203529
210785
208409
203568
210800
205756
203143
200738
198973
205364
198719
205157
203357
201147
194638
196992
199234
196735
199005
201357
207992
215388
210225
213282
210027
213125
208188
205916
208482
203854
211028
203683
210894
206097
191953
187853
189598
185752
187951
189734
191910
198767
201209
203298
205865
201230
203281
198771
196301
193921
200701
198504
193980
200730
196312
194446
192549
190482
196983
190351
196754
194664
192192
185882
188234
190000
188118
189885
192373
198888
205935
201529
203513
201344
203371
199099
196457
198705
194385
201092
194206
200858
196667
181898
177814
178633
174655
177803
178629
181896
189122
191846
193496
196366
191874
193513
189126
186063
182699
190326
186956
182728
190344
186050
184881
183437
180649
187602
180700
187648
184845
181895
174636
177758
178617
177789
178622
181864
189132
196505
191945
193597
191931
193556
189120
186073
186975
182812
190444
182782
190390
186061
166842
163784
162504
159410
163733
162415
166904
174692
179129
177988
182834
179153
177918
174830
170096
165756
173310
168919
165676
173263
170150
171161
171405
167696
175180
167894
175217
170961
166727
159287
163475
162178
163624
162280
166591
174538
182577
178933
177619
179135
177788
174346
170001
168887
165529
173008
165604
173161
169848
150776
147751
146912
143964
147746
146909
150775
157799
161720
161080
164953
161681
161077
157819
153926
149962
157124
153051
149964
157124
153938
154510
155177
151409
158272
151409
158310
154511
150769
143964
147738
146903
147740
146905
150760
157784
164943
161596
161059
161638
161070
157781
153921
153048
149957
157104
149961
157116
153922
134938
132324
130789
128287
132321
130787
134941
141799
145929
144643
148884
145930
144643
141801
137620
133360
140334
135962
133357
140332
137624
138986
140170
136262
143007
136254
143007
138991
134939
128289
132329
130795
132324
130790
134942
141798
148882
145923
144642
145926
144642
141799
137619
135958
133353
140327
133356
140330
137618
118041
115948
113678
111682
115936
113655
118054
124711
129065
127044
131532
129062
127041
124713
120320
115866
122522
117883
115838
122507
120335
122330
124237
120071
126616
120086
126616
122312
118020
111682
115901
113609
115919
113656
117989
124708
131527
129050
127019
129060
127034
124688
120298
117876
115761
122456
115835
122484
120268
231797
225893
229334
223433
225896
229308
231830
240543
244675
246100
247623
244403
246005
240613
237713
235400
243648
241466
235317
243533
237775
234725
231116
228697
238823
228621
238980
234630
231764
223492
226042
229266
225951
229306
231727
240442
247670
243910
245859
244107
245932
240306
237617
241349
235136
243311
235240
243441
237496
221882
216250
218969
213705
216229
218906
221925
230580
232922
236526
239323
232850
236447
230610
227957
224957
233997
230202
224920
233964
227994
224423
221085
218797
226986
218731
227001
224389
221831
213710
216307
218760
216256
218835
221783
230544
239309
232709
236245
232790
236379
230481
227891
230082
224694
233804
224845
233923
227811
209481
205172
206926
203056
205193
206912
209489
217274
220832
222077
225890
220765
221956
217331
213668
210699
218008
214255
210661
217888
213729
212325
210726
208072
215378
207963
215425
212329
209485
203186
205462
207027
205278
206965
209554
217193
225765
220585
221600
220671
221791
217124
213568
214103
210726
217494
210607
217703
213519
198782
194691
194153
190974
194773
193990
198960
205108
207290
207886
210925
207381
207888
205125
201460
197384
204938
200518
197328
204939
201516
202200
200994
198356
204647
198323
204589
201954
198465
190746
194785
193546
194827
193780
198057
205048
210933
207611
207875
207520
207884
204937
201347
200542
197121
204885
197230
204923
201197
180001
176598
175851
172477
176565
175900
180041
188098
192414
191542
195921
192361
191581
188097
183596
179722
187324
183435
179784
187402
183608
184434
185791
181018
188852
181143
188993
184349
179992
172481
176436
176009
176486
175955
180011
188102
195969
192128
191705
192242
191618
188099
183642
183534
179929
187607
179859
187502
183707
163874
160431
159590
156343
160422
159591
163878
171869
175445
175310
179509
175507
175326
171853
167467
163287
171087
166744
163282
171097
167462
168057
168380
164556
172002
164558
171959
168072
163874
156339
160416
159602
160418
159595
163874
171884
179549
175635
175380
175573
175351
171897
167472
166745
163272
171137
163279
171125
167475
146071
143140
141487
138719
143137
141472
146080
153909
158310
157077
161679
158310
157063
153919
148999
144516
151936
147231
144503
151931
149005
150665
151942
147638
155136
147646
155137
150654
146058
138707
143120
141409
143130
141445
146032
153895
161682
158302
157015
158309
157050
153874
148988
147223
144435
151916
144478
151943
148963
127086
124829
122371
120319
124813
122360
127099
134684
139315
137115
141953
139299
137106
134699
129589
124930
131818
126836
124902
131826
129592
131930
134057
129519
136635
129540
136672
131896
127063
120306
124766
122297
124794
122361
127031
134660
141960
139243
137051
139272
137102
134627
129587
126822
124830
131829
124893
131847
129577
171402
167576
171019
166358
171184
167847
171098
175134
174770
179952
180631
175057
175005
180005
175564
175150
179837
179820
175364
175244
180053
170184
165084
166721
171124
166414
170708
170508
171572
166303
168122
171190
167989
171155
171740
175162
180689
175207
180080
175007
180020
175295
175681
179876
175340
180344
175302
180232
175784
169646
165987
167822
163006
169621
165810
167742
174121
174953
178212
179149
174126
174997
178244
173194
171889
177001
175689
173207
171856
177020
170123
167295
165004
171575
165211
171523
170144
169654
162879
165391
167525
165576
167643
169594
174098
179183
175026
178261
175019
178261
174060
173177
175675
171773
177004
171812
177018
173165
162457
158252
159921
155579
162570
158235
159880
168858
170652
172286
174084
168802
170716
172292
166423
163656
170059
167370
166497
163644
170004
164388
161865
159514
166305
159506
166430
164298
162374
155548
158228
159823
158233
159845
162319
168823
174090
170643
172370
170714
172329
168732
166354
167357
163660
169926
163644
169957
166302
152052
148518
149337
145179
152016
148563
149354
158270
160947
161958
164573
158260
160971
161959
155587
152809
159163
156437
155572
152841
159140
154641
153851
150643
157403
150702
157379
154666
152109
145209
148796
149417
148680
149375
152193
161955
158287
164586
161042
161004
161956
158321
159128
155609
156448
152933
152883
159125
155648
141868
138921
138771
135659
141741
139101
138770
147522
150179
150911
153630
147487
150225
150921
144785
141693
147970
144661
144777
141618
147883
144310
144012
141096
147177
140869
147025
144407
141928
135708
139544
138751
139365
138764
141939
150865
147555
153654
150366
150291
150912
147574
147700
144739
144580
141515
141558
147785
144700
128924
126488
125523
122754
128892
126447
125588
134819
138423
137497
141011
134804
138354
137517
131414
127965
133864
130582
131355
128039
133922
132164
133728
129243
135565
129227
135674
132172
128966
122859
126497
125731
126464
125655
129017
134843
140905
138210
137567
138283
137538
134869
131476
130644
128197
134041
128119
133982
131535
115423
113085
112180
109786
115382
113113
112224
121224
124542
123585
127015
121176
124600
123627
117784
114387
120049
116667
117751
114421
120079
118791
119743
116317
122179
116269
122121
118845
115467
109822
113208
112328
113153
112272
115516
121268
127070
124710
123721
124652
123672
121315
117820
116687
114492
120142
114456
120110
117858
102171
100434
98881.4
97133.2
102124
100475
98889.6
107589
110924
109596
113063
107552
110956
109616
104067
100605
105884
102361
104033
100586
105899
105601
106856
103575
108858
103521
108803
105655
102219
97188.3
100571
98959.5
100516
98969
102264
107629
113077
111020
109633
110988
109630
107662
104095
102387
100565
105879
100624
105896
104109
190344
185284
189099
184322
190403
185285
189083
196630
197681
200936
202507
196563
197937
200984
195357
193714
199880
198322
195409
193710
199841
191087
186139
185748
192794
185707
192579
191125
190242
184326
185278
189054
185280
189065
190202
196635
202586
198297
200902
198025
200930
196666
195284
198351
193715
199839
193708
199827
195258
184825
180784
183016
179298
184767
180835
183076
190599
192230
194875
196797
190532
192276
194957
188869
186883
192985
191004
188799
186948
193070
186432
183407
182266
187907
182221
187894
186471
184881
179328
180925
183163
180888
183127
184930
190650
196856
192349
195074
192314
195023
190690
188924
191065
187031
193188
186996
193137
188966
176707
173350
174441
170778
176808
173275
174320
182667
184850
186555
188857
182680
184891
186574
180360
178074
184268
181793
180446
177934
184229
178977
177522
175489
181154
175513
181153
178923
174138
176610
170721
173150
173204
174222
176526
182625
188894
184920
186524
184912
186565
182549
177722
180260
181709
184098
177824
184161
180170
166164
162707
163369
159844
166236
162654
163313
172572
175435
176540
179191
172683
175341
176468
169705
166919
173587
170487
169826
166830
173458
165398
171625
168946
168968
168102
165426
171657
162568
163211
166034
166090
159806
162605
163255
175142
176234
172298
172445
179120
175267
176350
166607
173049
169380
169550
170360
166722
173262
154049
151104
150498
147445
154224
150953
150391
160782
163970
164122
167370
160945
163922
163851
157103
153362
160193
156089
157260
153273
159970
153998
160351
157222
157385
156998
154094
160407
150714
150203
153726
153886
147360
150825
150300
163658
163221
160339
160542
167167
163812
163570
153037
159464
156751
156931
156096
153174
159797
139253
136480
135648
133048
139205
136535
135695
145569
149265
148419
152128
145531
149264
148433
141999
138341
144809
141152
141961
138379
144828
146424
142855
143646
140140
140104
146435
142891
139302
133105
136641
135799
136588
135746
139351
149259
145607
152121
148464
149267
148453
145642
142039
141186
138471
144882
138422
144853
142083
124837
122399
121114
118840
124812
122425
121129
131027
134708
133608
137447
130996
134743
133633
127291
123453
129777
125859
127268
123462
129796
128531
129566
126088
132204
126039
132154
128578
124869
118861
122490
121177
122456
121150
124906
131065
137481
134830
133702
134783
133665
131108
127320
125872
123502
129852
123477
129821
127355
109715
107834
105822
104030
109709
107845
105804
115684
119620
117819
121901
115677
119620
117819
111752
107694
113741
109561
111748
107656
113738
113587
115206
111577
117411
111572
117396
113593
109721
104044
107833
105777
107844
105839
109709
115697
121906
119636
117833
119620
117827
115705
111757
109573
107600
113732
107667
113733
111760
209495
204706
207488
203001
209306
204833
207690
216954
218400
222172
224696
216814
218604
222295
214980
212484
220123
218109
214752
212760
220321
211127
208001
206543
213415
206449
213239
211248
209641
203102
205011
207977
204920
207846
209782
217059
224678
218736
222465
218557
222374
217193
215153
218265
213108
220571
212955
220459
215312
201771
197187
199413
195193
201596
197332
199555
208651
210496
213487
215925
208455
210741
213658
206476
204032
211193
208844
206314
204173
211320
203994
201384
199523
206164
199435
206036
204113
201906
195290
197528
199767
197443
199672
202014
208803
216081
211063
213888
210923
213788
208923
206607
208942
204393
211505
204293
211422
206711
192656
188316
190101
185841
192525
188369
190121
199425
201677
203679
206321
199269
201807
203868
197004
194550
201324
199354
196842
194616
201558
195066
193066
190751
197483
190731
197395
195154
190134
192689
185780
188309
188341
190126
192711
199568
206439
202036
204211
201928
204055
199713
194728
197156
199446
201938
194674
201806
197261
181761
177725
178611
174545
181817
177702
178557
189085
191962
193661
196668
189108
191963
193703
186044
182774
190463
186239
186054
182623
190390
180591
187400
184580
184680
183037
180543
187473
177800
178222
181635
181708
174501
177690
178445
191990
193532
189034
189066
196709
191968
193678
181895
189685
185829
185985
185873
182292
190126
166223
163343
162090
158923
166427
163188
162008
173884
178621
177413
181727
174122
178313
177166
169391
165456
172871
168802
169622
165383
172773
166926
174205
170061
170294
170996
167049
174481
163037
161956
165786
166005
158842
163079
162000
177669
176739
173321
173620
181428
177996
176913
165315
172653
169150
169232
168773
165365
172697
150746
147738
146904
143991
150751
147741
146909
157762
161577
161047
164893
157777
161567
161037
153898
149954
157092
153040
153910
149954
157083
158237
154491
155101
151425
151417
158260
154489
150745
144013
147768
146932
147751
146919
150750
161512
157750
164878
161027
161542
161030
157742
153892
153039
149963
157072
149958
157076
153890
134965
132341
130797
128302
134951
132356
130796
141810
145923
144642
148878
141803
145927
144642
137622
133351
140323
135933
137619
133347
140317
139031
140230
136351
143046
136323
143032
139042
134976
128310
132401
130806
132378
130798
134983
141816
148876
145940
144634
145933
144639
141819
137622
135917
133336
140297
133341
140309
137616
117955
115884
113621
111583
117965
115877
113571
124649
129036
127001
131482
124672
129022
126973
120214
115766
122424
117734
120238
115677
122393
122283
124227
120056
126598
120057
126594
122274
117941
111599
115863
113513
115870
113582
117927
124629
131455
128996
126917
129008
126949
124607
120187
117727
115575
122315
115676
122356
120159
231697
226125
229219
223780
231688
226245
229224
240131
243559
245749
248203
240099
243609
245663
237239
235004
243230
240838
237341
234923
243077
234337
230844
228748
237768
228746
237783
234293
231755
223863
226357
229364
226315
229311
231788
240236
248164
243515
245461
243424
245544
240412
237224
240729
235131
242889
234963
243002
237369
221748
216382
218748
213812
221769
216438
218732
230417
232614
236242
239183
230428
232591
236220
227660
224520
233784
229611
227726
224413
233704
224464
221442
219138
227096
219075
227060
224486
221735
213857
216523
218727
216484
218726
221749
230411
239286
232861
236296
232741
236292
230406
227602
229538
224280
233537
224340
233645
227548
209708
205640
207101
203811
209629
205837
207145
217175
220593
221556
225541
217160
220586
221574
213651
210780
217436
214069
213618
210784
217460
212602
210983
208549
215600
208453
215567
212636
209764
203909
206141
207010
206026
207118
209764
217177
225554
220525
221562
220558
221587
217170
213657
214108
210696
217503
210755
217511
213638
197357
194531
193303
189775
197696
194114
193075
204597
207617
207896
211186
204779
207564
207905
200862
197013
204839
200544
201026
196911
204768
197277
200902
201108
203998
197779
204270
200573
193235
197041
189442
192645
193665
192860
196749
204419
211224
207357
207918
207470
207920
204261
200711
200548
196723
204639
196810
204697
200556
180047
176415
176057
172511
180031
176392
176093
188126
192042
191802
196169
188104
192028
191911
183839
179994
187706
183797
183777
180051
187796
180502
184195
184828
188188
180585
188287
184176
176348
180056
172511
176132
176372
176118
180058
188152
196228
192039
192076
192032
191993
188169
183890
183864
180144
187936
180102
187872
183929
163873
160416
159606
156326
163873
160416
159605
171922
175692
175412
179694
171911
175739
175435
167476
163264
171158
166659
167477
163255
171163
168107
168438
164562
172115
164559
172100
168111
163877
156320
160412
159590
160415
159599
163877
171930
179739
175796
175458
175773
175453
171933
167474
166613
163240
171162
163247
171169
167470
145963
143105
141378
138647
146002
143083
141345
153819
158290
156974
161626
153850
158269
156908
148894
144397
151913
147083
148933
144357
151872
150585
151916
147580
155054
147599
155082
150555
145923
138622
143026
141271
143054
141309
145895
153784
161600
158211
156781
158242
156848
153749
148865
147016
144273
151840
144315
151868
148841
126931
124734
122290
120145
126987
124697
122203
134552
139212
136997
141917
134595
139176
136894
129528
124825
131823
126389
129558
124736
131772
131776
133941
129394
136468
129434
136518
131719
126866
120119
124603
122053
124652
122174
126791
134500
141897
139086
136662
139133
136802
134440
129479
126229
124508
131646
124678
131732
129410
172082
168109
171214
166133
171910
168132
171255
175541
175193
180105
181085
175406
175373
180153
175934
175351
180401
179937
175860
175351
180443
171044
165948
167465
171630
167180
171432
171209
172224
166039
168158
171327
168120
171297
172348
175634
181086
175525
180184
175379
180169
175743
175995
179937
175339
180490
175344
180469
176057
169397
165235
167428
162589
169497
165115
167371
173959
175018
178246
179190
174013
175000
178222
173072
171718
176981
175562
173138
171637
176948
170017
166849
164491
171478
164560
171536
169909
169298
162518
164979
167308
165042
167344
169178
173902
179175
174950
178164
174977
178194
173846
172975
175506
171449
176866
171540
176908
172864
162299
158247
159829
155397
162294
158253
159870
168580
170534
172358
174066
168644
170434
172307
167393
166266
163688
169907
166274
163720
169893
164180
161641
159372
166149
159422
166147
164200
162343
155379
158349
160035
158304
159943
162423
168530
173977
170269
172084
170349
172221
168478
167401
166272
163796
169817
163761
169870
166280
152478
149037
149504
145965
152319
149284
149714
161970
164663
162005
158438
161099
158373
161170
159147
156536
159174
155785
153006
155711
153106
154881
154204
151095
157809
150871
157670
154987
152636
146216
149841
150054
149630
149894
152738
164685
162038
162037
158503
161301
161246
158545
156557
159212
159203
155856
153255
153190
155915
141935
139667
138737
135628
141946
139695
138712
150828
153663
150794
147607
150439
147593
150478
147631
144428
147577
144633
141482
144664
141436
144612
144983
141523
147579
141490
147516
144647
141914
135595
139626
138612
139691
138662
141889
153639
150726
150761
147620
150533
150513
147630
144390
147467
147527
144609
141366
141387
144587
129136
126549
125819
123153
129077
126600
125910
140865
134944
138178
137604
134902
138168
137648
131655
128271
134101
130844
131594
128343
134164
132261
133273
129404
135395
129365
135401
132312
129195
123252
126731
126064
126665
125988
129254
140876
134994
138195
137749
138174
137696
135049
131721
130920
128483
134305
128413
134232
131790
115625
113275
112388
109971
115569
113356
112453
121430
124771
123777
127254
121369
124834
123842
117948
114532
120176
116773
117900
114575
120215
119025
120067
116573
122427
116495
122372
119085
115679
110017
113537
112561
113441
112511
115730
121491
127317
124964
123978
124897
123909
121552
118002
116830
114674
120328
114623
120266
118060
102349
100639
99057.5
97264.2
102316
100704
99032.4
107728
111054
109658
113140
107695
111096
109687
104147
100620
105882
102377
104126
100574
105898
105794
107194
103780
109054
103729
109018
105834
102386
97342.8
100832
99144.3
100768
99150
102432
107773
113177
111192
109807
111143
109738
107824
104189
102491
100670
106006
100690
105948
104240
190178
185285
189045
184324
190182
185296
189036
196612
198334
200876
202913
196623
198567
200892
195237
193722
199859
198454
195240
193729
199892
191139
186599
185822
193113
185821
192992
191125
190171
184315
185307
189001
185304
189021
190162
196576
202867
198708
200896
198545
200887
196574
195230
198476
193714
199945
193727
199920
195222
184987
180940
183181
179320
184966
180935
183186
190737
192377
195112
196980
190718
192396
195139
189017
187055
193225
191161
188997
187069
193249
186525
183463
182282
187909
182306
187920
186513
184991
179288
180887
183168
180915
183182
184976
190746
196999
192400
195169
192403
195157
190746
189025
191173
187076
193274
187075
193264
189027
174070
170614
174027
176417
173112
176459
173083
182474
184922
186493
188936
182496
184925
186482
177613
181528
177547
180062
184051
180100
184040
178820
177418
175325
181120
175384
181122
178863
170601
174016
174008
176405
173029
173059
176428
182487
188945
184942
186504
184932
186485
182532
181467
177516
177515
180053
184008
184026
180077
139455
136695
135857
133295
139402
136752
135918
149233
152144
149229
145712
148492
145674
148537
142182
138524
144919
141326
142130
138582
144964
143623
146427
146431
143006
140304
140260
143040
139510
133366
136877
136049
136812
135982
139565
152172
149230
149233
145746
148588
148575
145774
142233
141370
138694
145038
138640
145002
142279
124998
122529
121215
118961
124949
122574
121262
131206
134881
133743
137619
131155
134937
133786
127440
123538
129886
125960
127395
123582
129923
128748
129809
126333
132442
126268
132380
128810
125054
119018
122695
121384
122629
121320
125115
131256
137665
135045
133877
134992
133830
131310
127491
126003
123687
130020
123634
129970
127546
109727
107832
105840
103994
109700
107861
105802
115748
119665
117844
121976
115725
119704
117851
111763
107633
113720
109477
111752
107562
113717
113695
115337
111761
117592
111697
117535
113741
109761
104070
107952
105791
107907
105868
109787
115785
122009
119793
117876
119749
117869
115811
111775
109524
107505
113698
107609
113713
111779
210030
205089
208083
203319
209909
205173
208167
217379
218734
222501
224939
217281
218925
222529
215532
213220
220650
218542
215431
213304
220708
211534
208381
206786
213892
206733
213677
211606
210124
203351
205303
208272
205242
208227
210200
217411
224829
219047
222477
218901
222501
217439
215589
218587
213405
220751
213363
220737
215633
202161
197589
199840
195446
202098
197632
199893
209085
211169
213966
216363
209016
211248
214023
206859
204473
211572
209163
206795
204530
211625
204320
201618
199690
206416
199669
206380
204351
202204
195468
197680
199942
197661
199926
202230
209133
216412
211350
214084
211307
214062
209164
206899
209184
204566
211671
204562
211659
206919
190149
185790
190194
192791
188293
192750
188331
199879
202124
204360
206678
199816
202184
204401
194775
199340
194789
197385
202002
197340
201977
195250
193175
190765
197612
190774
197610
195217
185728
190017
190146
192787
188256
188320
192732
199877
206673
202177
204125
202213
204316
199805
198992
194448
194698
197357
201459
201787
197235
150777
147794
146947
144108
150763
147831
146962
161500
164869
161509
157749
161028
157743
161030
153894
149968
157069
153024
153891
149968
157066
155210
158198
158275
154519
151514
151534
154498
150781
144132
147867
146978
147852
146972
150781
164859
161442
161486
157737
161007
161023
157717
153885
153015
149956
157043
149960
157055
153873
135003
132426
130816
128372
134992
132452
130825
141813
145939
144628
148851
141817
145928
144624
137617
133335
140288
135885
137614
133336
140282
139073
140354
136477
143086
136444
143075
139090
135017
128402
132521
130850
132486
130838
135034
141814
148842
145920
144621
145920
144622
141820
137618
135879
133334
140272
133337
140278
137618
117886
115854
113558
111442
117906
115846
113461
124563
128979
126884
131379
124594
128965
126845
120077
115561
122263
117529
120122
115450
122203
122251
124287
120067
126607
120075
126607
122229
117857
111482
115798
113350
115827
113490
117817
124543
131360
128942
126760
128958
126807
124508
120021
117493
115292
122063
115425
122135
119964
231785
226365
229383
223968
231790
226367
229405
240491
243321
245355
248321
240452
243407
245365
237681
235270
242858
240745
237527
235357
242836
234028
230514
228558
237160
228604
237136
233970
231779
223984
226348
229431
226357
229420
231788
240456
248247
243299
245406
243249
245373
240418
237783
240889
235459
242993
235416
242894
237825
221769
216551
218725
213897
221765
216568
218712
230429
232935
236357
239726
230413
232980
236372
227455
224225
233468
229236
227500
224168
233387
224535
221632
219249
227219
219238
227193
224552
221761
213896
216566
218648
216574
218685
221743
230443
239813
233042
236431
233012
236412
230448
227412
229146
224056
233253
224111
233322
227370
203141
209568
206085
206828
209698
205873
206596
217073
220478
221518
225336
217137
220408
221460
213511
210612
217465
213997
213587
210508
217391
212496
211059
208289
215478
208443
215548
212382
202769
209398
205325
206124
205597
206352
209210
216987
225208
220217
221255
220316
221369
216894
213417
213959
210234
217246
210384
217307
213296
192840
188543
192485
196224
192423
196484
192212
203999
207231
207917
211211
204125
207083
207911
200238
196659
204618
200644
200395
196617
204635
199424
195707
196018
199756
202911
203143
199540
188272
191859
192162
195966
191990
192078
195748
203877
211240
206718
207923
206897
207909
203774
200136
200697
196593
204708
196597
204668
200088
176325
172495
176303
180058
176140
180058
176144
188203
192045
192127
196363
188186
192049
192166
183980
180180
187984
184002
183958
180207
188019
184097
180277
180330
184130
188004
188031
184119
172486
176248
176276
180059
176145
176144
180061
188219
196384
192056
192215
192052
192193
188236
183995
184023
180241
188053
180227
188040
184005
163868
160406
159580
156299
163873
160397
159567
171941
175809
175458
179829
171937
175817
175449
167462
163235
171158
166432
167467
163231
171141
168446
168112
164556
172132
164563
172129
168115
163864
156292
160367
159545
160383
159555
163861
171950
179847
175826
175440
175822
175446
171962
167462
166382
163232
171112
163231
171130
167464
145859
143010
141232
138542
145874
142994
141201
153720
158187
156727
161503
153727
158172
156644
148817
144247
151837
146770
148825
144247
151798
150513
151848
147541
154995
147546
154998
150511
145844
138531
142956
141157
142977
141185
145830
153716
161477
158152
156485
158162
156574
153706
148814
146688
144211
151710
144234
151770
148801
126609
124540
121998
119872
126706
124466
121819
134284
139036
136533
141777
134371
138981
136358
129190
124353
131558
125689
129317
124109
131371
131518
133762
129194
136253
129256
136313
131423
126503
119779
124285
121565
124381
121733
126375
134165
141716
138819
135959
138910
136159
133986
129028
125611
123793
130991
123985
131169
128850
172519
168181
171334
165921
172444
168255
171319
175946
175480
180165
181193
175826
175610
180158
176171
175333
180502
179914
176112
175333
180516
171606
167610
168390
172055
168212
171745
171780
172570
165959
168448
171264
168343
171289
172598
176064
181124
175761
180186
175604
180145
176198
176225
179904
175346
180543
175338
180527
176280
168857
164950
167258
162363
169022
164845
167209
173762
174925
178134
179108
173801
174900
178102
172696
171371
176824
175344
172770
171293
176776
169522
166670
164224
171017
164340
171165
169432
168737
162349
164444
167135
164684
167171
168633
173721
179078
174845
178002
174875
178060
173670
172632
175284
171142
176638
171217
176715
172561
162634
158468
160131
155647
162529
158602
160197
168227
170166
171916
173593
168393
169998
171786
166179
163793
169706
167240
166263
163700
169562
164287
161899
159777
166085
159572
166179
164211
162692
155900
159023
160164
158821
160172
162636
168047
173492
169695
171587
169814
171681
167930
166033
167177
163565
169349
163629
169448
165929
152882
149986
150189
146673
152825
149983
150294
162029
158588
161304
164579
158575
161259
162016
159208
155992
153308
156561
155962
153350
159191
155191
154972
151429
157872
151422
157902
155213
152917
146854
149965
150516
150003
150396
152935
158590
164526
161179
161981
161222
161999
158580
156010
156554
153402
159157
153381
159173
156013
141830
139554
138590
135397
141862
139460
138586
150695
147645
150548
153560
147639
150565
150675
147390
144526
141361
144343
144563
141367
147342
144695
145221
141686
147663
141660
147646
144690
141792
135379
139330
138637
139384
138602
141771
147654
153547
150613
150691
150588
150675
147671
144513
144363
141419
147334
141386
147326
144530
129376
126805
126140
123550
129317
126873
126212
135174
138231
137808
140952
135111
138275
137875
131921
128551
134377
131181
131854
128622
134449
132490
133150
129665
135461
129605
135432
132545
129430
123646
126999
126350
126940
126282
129475
135239
140996
138394
138034
138330
137951
135306
131989
131273
128765
134598
128696
134523
132057
115827
113630
112609
110186
115776
113733
112657
121690
125025
124054
127515
121617
125102
124139
118182
114728
120395
117075
118113
114791
120468
119252
120513
116928
122614
116831
122567
119315
115882
110241
113922
112774
113825
112712
115938
121763
127592
125258
124312
125180
124228
121838
118254
117159
114908
120593
114852
120535
118321
102552
100903
99301.2
97435.6
102498
100965
99278.1
107953
111254
109894
113380
107896
111324
109972
104369
100811
106069
102574
104309
100764
106109
105992
107540
104031
109197
103970
109161
106028
102600
97543.3
101073
99334
101027
99408.8
102624
108019
113443
111461
110075
111398
110043
108057
104418
102655
100767
106084
100882
106119
104441
190116
185303
188976
184249
190142
185294
188945
196470
198538
200866
203001
196519
198584
200836
195173
193689
199953
198469
195200
193652
199953
190861
186634
185661
192840
185705
192878
190734
190083
184216
185265
188872
185280
188909
190056
196377
202876
198274
200687
198349
200764
196264
195138
198446
193565
199912
193609
199936
195107
184901
180852
183145
179166
184945
180806
183115
190727
192391
195176
197012
190739
192373
195180
189012
187072
193283
191191
189022
187063
193292
186399
183315
182023
187782
182115
187818
186350
184849
179108
180634
183026
180729
183075
184794
190711
197011
192315
195185
192346
195182
190693
188998
191193
187033
193298
187050
193297
188982
174068
176513
173001
170551
176487
172965
174083
182635
184950
186560
188975
182600
184951
186590
177635
180194
184031
181482
180147
177667
184069
178895
177232
175138
181029
175205
181075
178865
176509
170514
172858
174031
172919
174064
176483
182647
188976
184929
186585
184944
186598
182639
180206
181450
177629
184054
177656
184074
180197
162489
162841
165752
165710
159613
162461
162777
175003
175800
172012
172024
178862
175002
175722
165969
172260
168973
168976
169182
165926
172343
168647
167933
165240
171367
165268
171419
168610
165680
159585
162408
162714
162434
162740
165655
172017
178708
174903
175585
174953
175666
171997
168974
169157
165880
172359
165904
172376
168964
150245
149853
153105
153077
146997
150198
149848
162787
162140
159439
159347
165705
162714
162194
152747
158748
156063
156028
155724
152721
158870
156420
156562
153471
159591
153487
159621
156401
153071
147012
150199
149881
150186
149853
153088
159289
165649
162623
162164
162667
162177
159257
155986
155542
152687
158854
152689
158839
155969
139682
136947
136118
133604
139623
137018
136185
149256
145853
148612
152129
145812
149278
148649
142375
138746
145077
141487
142327
138793
145121
143187
143726
140563
146550
140485
146501
143251
139745
133687
137175
136331
137094
136256
139814
145892
152128
149323
148716
149296
148677
145934
142422
141530
138908
145208
138847
145164
142474
125241
122767
121449
119238
125178
122842
121510
131418
135093
133919
137778
131363
135143
133962
127651
123738
130064
126116
127600
123783
130105
129012
130097
126637
132708
126561
132641
129074
125298
119308
122976
121600
122914
121562
125344
131474
137824
135259
134050
135201
134007
131525
127697
126141
123842
130173
123819
130142
127734
109746
107987
105823
103966
109789
107991
105686
115826
119831
117884
122081
115833
119860
117866
111710
107564
113659
109312
111761
107417
113615
113811
115590
111913
117746
111916
117731
113765
109700
104023
107901
105586
107949
105749
109652
115801
122082
119873
117797
119876
117836
115766
111664
109351
107299
113521
107473
113570
111627
210284
205338
208304
203402
210247
205358
208330
217412
218950
222416
224827
217418
219058
222372
215662
213425
220746
218615
215650
213432
220735
211582
208512
206652
213986
206710
213909
211530
210303
203410
205335
208359
205352
208349
210306
217376
224696
219064
222255
218962
222304
217354
215660
218598
213417
220691
213426
220712
215653
202242
197690
199942
195488
202241
197696
199929
209183
211377
214090
216465
209179
211393
214085
206908
204544
211658
209057
206921
204501
211630
204394
201702
199736
206522
199722
206498
204404
202237
195484
197705
199874
197701
199904
202229
209180
216461
211404
214061
211400
214074
209173
206883
209000
204387
211565
204444
211597
206857
189845
192488
188231
185466
192629
188192
189686
199477
202103
203931
206406
199634
202005
203735
194148
196758
201161
197934
196982
193878
200894
194995
193177
190675
197446
190716
197509
194900
192350
185385
188073
189370
188139
189521
192219
199321
206295
201825
203401
201913
203558
199183
196549
197693
193450
200481
193645
200669
196369
176718
176586
180255
180030
172963
176438
176285
191009
191594
187624
187386
194727
190729
191342
180154
187855
184006
183760
183825
179950
187586
183309
182447
179345
186326
179491
186474
183163
179834
172719
176077
175899
176234
176050
179662
187180
194499
190310
190922
190497
191120
187001
183516
183702
179659
187223
179784
187370
183308
162323
161772
165400
165373
158563
162232
161743
176306
176320
172601
172522
179997
176172
176261
165144
172433
168828
168799
168639
165140
172406
168816
168988
165418
172243
165503
172352
168728
165258
158499
161994
161679
162057
161693
165198
172448
179920
175972
176181
176057
176217
172394
168762
168642
165139
172379
165125
172387
168746
150819
147894
146999
144227
150793
147929
147031
161424
157724
161001
164822
157711
161424
161011
153889
149967
157042
153031
153873
149988
157054
154534
155082
151599
158153
151566
158150
154566
150855
144274
148019
147122
147972
147072
150902
157745
164834
161454
161062
161433
161032
157777
153915
153050
150056
157104
150018
157075
153952
135078
132555
130862
128482
135055
132589
130874
141848
145933
144619
148845
141832
145952
144619
137623
133328
140260
135831
137620
133320
140247
139186
140498
136628
143235
136588
143189
139223
135103
128500
132649
130880
132622
130881
135124
141869
148855
146006
144628
145976
144621
141893
137629
135808
133299
140225
133312
140234
137635
117697
115748
113372
111225
117757
115698
113214
124423
128919
126714
131269
124477
128892
126650
119843
115282
121987
117203
119902
115141
121916
122133
124305
119960
126544
119996
126567
122097
117642
111264
115610
113065
115652
113237
117587
124386
131236
128838
126563
128863
126606
124344
119784
117193
114976
121791
115136
121851
119731
231801
226328
229442
223985
231788
226313
229468
240181
243018
245348
248362
240301
243043
245478
237792
235496
243131
241230
237818
235542
243331
233753
230229
228360
236795
228378
236712
233750
231830
223977
226294
229556
226294
229508
231897
240035
248142
242876
245855
242820
245613
239961
237767
241377
235676
243903
235598
243603
237808
221691
216550
218605
213784
221720
216519
218555
230441
233071
236449
239937
230447
233103
236456
227290
224011
233186
229009
227330
223977
233121
224537
221656
219216
227268
219229
227241
224517
221657
213735
216457
218467
216487
218507
221619
230435
239955
233178
236444
233140
236450
230432
227248
228985
223933
233002
223952
233051
227205
208889
205075
205927
201889
209033
204855
205751
216735
220127
221085
224673
216808
220056
220960
212958
210058
217228
214096
213132
209913
217260
212046
210712
207704
215181
207825
215225
211988
208776
201701
204537
205421
204675
205585
208683
216673
224497
219954
220858
220001
220862
216631
212819
214196
209853
217422
209834
217319
212749
191573
195533
191929
187849
195618
191371
191888
203672
206572
207984
211424
203702
206476
208065
200067
196601
204754
200848
200070
196615
204788
199001
198343
194858
202179
195021
202316
198920
195478
187776
191160
191855
191243
191857
195443
203685
211519
206469
208212
206455
208165
203707
200072
200875
196680
204809
196646
204814
200073
176228
180074
176150
172478
180066
176218
176159
188278
192061
192230
196402
188255
192066
192241
184025
180256
188058
184040
184014
180273
188059
184112
183842
180175
187971
180186
187973
184121
180088
172486
176199
176194
176208
176174
180107
188310
196411
192102
192267
192083
192255
188349
184043
184051
180353
188083
180304
188069
184072
163868
160360
159541
156297
163861
160362
159541
172010
175833
175455
179856
171981
175848
175468
167498
163242
171105
166291
167476
163261
171087
168158
168420
164612
172207
164580
172178
168190
163882
156312
160385
159555
160370
159547
163900
172056
179889
175910
175507
175871
175508
172110
167527
166266
163295
171050
163283
171081
167545
145767
142928
141114
138461
145803
142897
141053
153681
158140
156426
161346
153698
158126
156344
148712
144171
151651
146383
148767
144102
151555
150481
151807
147540
154996
147537
154999
150463
145724
138428
142834
140943
142864
140990
145678
153661
161291
158071
156171
158105
156278
153627
148639
146278
143894
151364
143998
151460
148555
126165
124191
121518
119459
126264
124107
121356
133711
138713
135818
141426
133832
138602
135706
128586
123696
130852
125394
128707
123506
130719
131146
133566
128926
136019
128975
136062
131085
126073
119435
123960
121147
124030
121324
125990
133627
141320
138455
135554
138505
135625
133561
128483
125393
123300
130499
123460
130603
128397
172641
168621
171272
166175
172611
168771
171313
176453
175738
180263
181268
176308
176041
180395
176393
175357
180557
179888
176329
175372
180580
172163
168816
168388
173259
168522
172880
172211
172698
166292
168776
171459
168949
171394
172809
176578
181067
176573
180570
176052
180507
176710
176510
179900
175461
180691
175418
180628
176627
168434
164236
167102
162279
168533
164037
167071
173556
174816
177941
178968
173616
174798
177885
172397
171066
176556
175072
172482
170995
176479
169276
166534
164022
170864
164044
170827
169281
168340
162251
163691
167030
163856
167032
168282
173535
178966
174852
177854
174815
177853
173524
172331
175022
170917
176412
170940
176426
172302
162479
159262
160151
156141
162532
159314
160128
167762
169605
171495
173212
167843
169532
171418
165757
163497
169254
167001
165840
163436
169172
164155
162316
160170
165840
160149
165845
164195
162435
156179
159241
160120
159341
160113
162416
167717
173155
169480
171333
169490
171355
167698
165702
166960
163378
169077
163393
169106
165680
152922
149981
150619
147172
152936
149950
150658
158549
161137
161954
164367
158571
161094
161930
156001
153421
159143
156548
156010
153436
159132
155190
154692
151527
157662
151500
157690
155198
152905
147186
149811
150598
149877
150653
152892
158536
164337
161051
161929
161057
161922
158537
155990
156553
153425
159130
153423
159124
155999
141822
139312
138692
135519
141784
139303
138759
147729
150638
150707
153528
147699
150655
150716
144623
141463
147358
144504
144568
141515
147392
144802
145261
141949
147720
141887
147719
144834
141847
135615
139265
138843
139298
138822
141857
147759
153524
150672
150717
150664
150711
147774
144681
144550
141604
147464
141571
147444
144712
129546
127057
126416
123874
129516
127121
126476
135426
138462
138117
141156
135372
138526
138191
132183
128826
134669
131526
132124
128873
134729
132653
133173
129754
135608
129750
135573
132641
129559
123894
127126
126509
127137
126516
129528
135465
141204
138592
138255
138576
138250
135470
132223
131575
128884
134800
128898
134780
132217
116050
114009
112837
110474
115997
114123
112889
121954
125331
124385
127775
121904
125391
124438
118422
114953
120637
117312
118379
114979
120662
119514
120894
117238
122853
117136
122819
119552
116114
110539
114138
112920
114167
112923
116125
121981
127805
125432
124446
125423
124463
121979
118444
117314
114986
120673
114991
120676
118452
102607
101109
99440.1
97549.1
102635
101134
99295.8
108071
111506
110092
113495
108084
111525
110067
104402
100860
106043
102403
104440
100689
105989
106075
107680
104128
109321
104119
109306
106053
102549
97589.6
101119
99110.8
101133
99333.1
102504
108056
113480
111502
109995
111514
110038
108021
104331
102414
100456
105898
100707
105933
104296
190017
185248
188837
184128
190032
185239
188815
195931
197921
200536
202550
196099
197783
200425
195038
193525
199879
198370
195071
193496
199858
190159
186289
185496
192241
185500
192149
190064
190005
184115
185284
188815
185251
188810
190041
195781
202156
197437
200281
197285
200315
195743
195018
198360
193477
199876
193481
199851
195035
184710
180544
182975
178878
184745
180485
182930
190655
192293
195185
196996
190674
192282
195181
188947
187013
193299
191172
188965
186991
193296
186274
183188
181900
187751
181894
187744
186275
184695
178842
180465
182885
180468
182896
184690
190651
197003
192294
195185
192287
195183
190650
188936
191157
186961
193296
186968
193295
188935
176404
172792
173995
170380
176444
172735
173957
182582
184907
186561
188942
182616
184883
186530
180140
177596
184022
181310
180172
177562
183985
178730
176949
174922
180865
174940
180880
178717
176368
170345
172665
173911
172682
173924
176353
182554
188914
184838
186489
184847
186500
182544
180108
181269
177519
183932
177531
183948
180096
165619
162388
162693
159543
165636
162370
162676
171947
174858
175534
178457
171973
174820
175489
168926
165853
172343
169052
168949
165826
172317
168527
167786
165172
171238
165175
171251
168518
165605
159542
162369
162671
162367
162666
165600
171920
178412
174772
175424
174788
175446
171907
168901
169029
165794
172268
165800
172284
168887
153148
150228
149919
147141
153116
150264
149961
159260
162591
162167
165604
159248
162571
162204
155981
152695
158853
155570
155966
152720
158882
156429
156525
153503
159563
153496
159554
156441
153182
147186
150321
150025
150302
150001
153199
159293
165633
162569
162305
162561
162267
159314
156014
155611
152790
158950
152761
158925
156034
139949
137254
136404
133920
139884
137325
136471
146037
149358
148760
152226
145984
149399
148810
142588
138970
145258
141690
142530
139030
145312
143443
143960
140805
146736
140777
146706
143477
140014
133977
137422
136568
137390
136535
140053
146094
152271
149478
148913
149444
148867
146138
142651
141755
139140
145418
139097
145373
142696
125391
123021
121620
119403
125376
123046
121621
131596
135312
134086
137966
131566
135359
134113
127769
123850
130192
126137
127758
123845
130197
129169
130338
126759
132875
126762
132854
129175
125392
119391
123049
121598
123050
121607
125389
131617
138009
135432
134142
135404
134132
131626
127768
126130
123829
130188
123836
130191
127766
109580
107871
105636
103740
109621
107836
105463
115734
119849
117780
122025
115750
119829
117761
111567
107359
113486
109065
111600
107186
113442
113713
115591
111803
117694
111828
117699
113699
109543
103752
107790
105247
107804
105469
109521
115724
122021
119819
117738
119819
117753
115711
111533
109073
106985
113377
107199
113400
111519
210255
205296
208356
203354
210281
205267
208343
217244
218887
222176
224706
217288
219019
222124
215611
213402
220670
218540
215631
213385
220665
211186
208089
206358
213784
206356
213497
211142
210238
203339
205275
208330
205254
208333
210256
217159
224386
219043
222040
218707
222052
217156
215596
218540
213363
220700
213371
220668
215605
202210
197709
199841
195448
202221
197708
199809
209157
211407
214046
216437
209165
211412
214034
206810
204333
211534
208820
206832
204287
211512
204404
201754
199750
206557
199751
206555
204397
202197
195425
197698
199762
197703
199777
202189
209149
216444
211418
214036
211417
214034
209141
206795
208803
204248
211516
204254
211508
206791
191998
188004
189240
185153
192100
187940
189135
198950
201733
203268
206016
199057
201660
203164
196095
193296
200333
197226
196216
193173
200216
194661
193060
190518
197259
190536
197282
194630
191918
185095
187858
189007
187884
189052
191878
198868
205959
201577
203048
201599
203083
198830
196003
197118
193022
200071
193073
200119
195955
179433
175962
175812
172359
179516
175875
175783
186735
190161
190755
194020
186850
190035
190653
183121
179580
187128
183524
183183
179543
187076
182846
182154
179051
185977
179087
186023
182804
179400
172360
175781
175840
175810
175810
179386
186655
193915
189880
190564
189932
190592
186620
183115
183531
179563
187061
179542
187062
183111
165160
161932
161680
158545
165165
161941
161700
172349
175920
176162
179823
172356
175899
176158
168732
165154
172379
168695
168731
165176
172387
168690
168837
165431
172242
165387
172190
168746
165184
158591
162009
161784
161970
161736
165233
172366
179833
175938
176171
175907
176164
172396
168747
168724
165236
172419
165206
172403
168778
151014
148072
147178
144436
150956
148128
147237
157867
161485
161100
164923
157819
161520
161143
154046
150103
157139
153149
153995
150155
157181
154725
155198
151792
158299
151746
158257
154770
151078
144501
148233
147341
148190
147303
151123
157922
164964
161595
161220
161562
161193
157956
154106
153202
150252
157270
150215
157235
154147
135124
132662
130862
128474
135134
132658
130850
141940
146041
144640
148923
141918
146078
144656
137643
133290
140225
135774
137640
133284
140232
139291
140669
136704
143384
136697
143362
139299
135123
128468
132646
130845
132649
130847
135124
141954
148960
146142
144685
146119
144673
141963
137648
135773
133282
140251
133282
140243
137651
117489
115575
113103
110967
117537
115539
112930
124289
128819
126536
131180
124320
128804
126506
119646
114991
121733
116875
119684
114826
121680
122033
124230
119889
126504
119905
126508
122014
117442
110978
115479
112719
115496
112938
117416
124271
131170
128792
126470
128795
126488
124255
119607
116879
114622
121606
114834
121630
119590
232079
226311
229631
224004
231978
226352
229701
240098
242686
246041
248253
239937
242859
246270
238066
235781
244267
241981
237895
235883
244514
233841
230101
228471
236837
228395
236533
233895
232186
224037
226453
229804
226401
229769
232250
240344
248542
243058
246837
242747
246650
240624
238302
242319
235999
245092
235960
244939
238399
221575
216431
218439
213623
221589
216425
218424
230443
233214
236424
239958
230441
233227
236389
227123
223925
232956
228985
227165
223927
232905
224543
221696
219250
227433
219221
227405
224567
221583
213621
216458
218454
216433
218424
221614
230439
239937
233220
236426
233223
236396
230454
227084
229041
223972
232840
223939
232853
227063
208575
204428
205324
201320
208612
204331
205307
216668
219918
220950
224535
216615
219907
221095
212859
209931
217590
214546
212764
210039
217748
211879
210456
207471
215171
207481
215140
211889
208561
201240
204223
205349
204245
205336
208568
216762
224801
220011
221593
219966
221402
216848
213031
214786
210227
218219
210159
218047
213159
195418
191111
191856
187726
195425
191086
191847
203664
206498
208224
211769
203711
206537
208193
200022
196702
204807
200693
200060
196675
204747
198866
197875
194673
202138
194681
202128
198873
195439
187738
191104
191843
191089
191842
195448
203623
211863
206642
208238
206609
208221
203621
199991
200682
196562
204666
196579
204709
199965
180163
176193
176222
172536
180134
176192
176252
188448
192119
192300
196427
188396
192125
192308
184168
180428
188151
184078
184118
180511
188202
184155
183791
180172
187991
180182
187989
184151
180195
172561
176213
176303
176199
176290
180201
188490
196506
192155
192416
192135
192400
188502
184228
184157
180577
188387
180582
188362
184259
163942
160406
159559
156386
163924
160430
159552
172149
175953
175482
179965
172150
175984
175380
167525
163282
171023
165938
167550
163204
170954
168273
168503
164739
172324
164740
172325
168263
163964
156403
160495
159542
160466
159544
163967
172077
179985
176011
175356
176002
175356
172062
167485
165844
163083
170817
163109
170904
167445
145625
142820
140910
138368
145643
142838
140889
153491
158020
156100
161073
153558
157955
156037
148419
143826
151301
146038
148477
143787
151236
150390
151851
147556
154980
147548
154980
150382
145631
138366
142853
140876
142848
140879
145637
153457
161036
157917
156044
157901
156027
153456
148410
145977
143770
151163
143766
151209
148404
125859
123904
121142
119101
125918
123853
120965
133492
138424
135501
141051
133519
138389
135456
128248
123296
130416
125140
128318
123169
130341
130988
133469
128839
135966
128851
135965
130976
125810
119097
123785
120757
123807
120968
125791
133485
140995
138346
135467
138362
135444
133488
128190
125149
123051
130227
123211
130271
128170
)
;

boundaryField
{
    inlet
    {
        type            zeroGradient;
    }
    outlet
    {
        type            fixedValue;
        value           uniform 0;
    }
    seabed
    {
        type            zeroGradient;
    }
    top
    {
        type            zeroGradient;
    }
    side1
    {
        type            zeroGradient;
    }
    side2
    {
        type            zeroGradient;
    }
    submarine
    {
        type            zeroGradient;
    }
}


// ************************************************************************* //
