/*--------------------------------*- C++ -*----------------------------------*\
  =========                 |
  \\      /  F ield         | OpenFOAM: The Open Source CFD Toolbox
   \\    /   O peration     | Website:  https://openfoam.org
    \\  /    A nd           | Version:  10
     \\/     M anipulation  |
\*---------------------------------------------------------------------------*/
FoamFile
{
    format      ascii;
    class       volScalarField;
    location    "2.6";
    object      p;
}
// * * * * * * * * * * * * * * * * * * * * * * * * * * * * * * * * * * * * * //

dimensions      [0 2 -2 0 0 0 0];

internalField   nonuniform List<scalar> 
12920
(
-1.17587e+06
-506945
-260490
-60246.4
-6729.6
63635
92075.7
121308
130238
139292
138206
136497
128632
120143
108368
95665
80867.8
65037
47316.4
24900.2
-593669
-298485
-176618
-22882.7
29994.8
89589
112252
136218
141626
148205
144547
141762
133351
124193
111233
97628.7
82330.1
66005.5
48178.1
25528.5
-99605.6
-23387.1
-5693.1
74807.7
91472.2
134921
144894
163035
163514
166440
160233
154387
142701
130971
116394
101594
85248.6
68327
49797
26441.2
219873
216205
191032
211732
197598
213109
205708
208074
199395
194257
182087
171349
156237
141652
124839
108152
90553.7
72100.7
52185
27701.7
471620
391701
350906
326869
285165
280193
255585
248168
230754
219846
202796
187999
169758
152370
133236
114662
95875.4
75914.1
54738.7
29099
1.00112e+06
650244
484828
453507
386426
359874
322859
299636
273031
252396
229732
208709
186248
164646
142762
122100
101441
80047.8
57701.8
30536.4
1.19531e+06
839093
629538
546676
459581
423290
371430
343265
306787
281670
252380
227839
201260
176863
152220
129585
107320
84487.2
60908.5
32211.5
830420
823225
662947
605466
530616
487563
431822
385250
345797
310869
277514
248451
219548
192143
161381
136940
113355
89134.9
64300.6
34087.5
850414
862980
711779
661891
570500
530313
473957
425937
379356
338845
301585
268271
237046
206939
174589
144429
119756
93502.1
67487.4
35780.7
828410
938503
798592
735872
630040
576167
511819
457434
408256
363401
323431
286937
252169
219405
185037
152109
125509
97898.7
70517.9
37600.8
1.19744e+06
1.06371e+06
801865
758805
654825
614090
550765
488652
434531
386008
343358
304171
266739
230822
194937
158994
131110
102177
73490.4
39536.3
1.18468e+06
1.08068e+06
814291
778288
669710
639270
575862
511787
455976
406202
361265
319591
280701
243238
203585
165365
136900
106485
76674.9
41554.5
960600
978711
799779
751141
677987
628631
575924
521133
469554
420814
375273
333145
293041
253913
209300
174798
143096
111487
80039.5
43627.8
922388
941415
757804
739282
665016
623120
564133
521738
470996
427346
381799
341109
299811
261391
222504
185154
150209
116436
83542.7
45621.5
636120
811945
729090
721388
666508
628207
575558
530927
482801
437783
392509
351163
310335
271501
233072
196088
157941
121462
86943.4
47429.6
827442
897864
773151
742918
672145
634450
576229
533074
485619
444845
400728
361046
320193
281376
242159
204228
166518
128792
91205.9
49377.6
882641
907750
744704
736390
673997
640711
587137
545424
497933
454883
410389
369423
327437
287543
247273
208676
170277
132333
94753.5
51229.9
968724
903913
744259
748265
670166
638473
587565
551069
504475
464374
418571
376948
333347
292146
250865
211680
172527
134078
95993
52168.6
819435
852706
729746
732513
670284
643419
592220
554404
507293
467072
421825
380300
336469
294924
252941
212866
173419
134779
96702.9
52771.3
906925
841278
730038
719766
663939
639465
590714
553424
506778
466731
421976
380659
336982
295587
253539
213576
174267
135489
97191
53384.5
-1.00485e+06
-461134
-252549
-58301.9
-7608.32
63074.3
91543.5
121035
130071
139308
138100
136241
128484
120189
108236
95567.6
80860.4
65036.9
47354.5
24913.2
-695165
-322268
-178323
-22723.4
29936.6
89384.8
111813
135978
141395
148071
144561
141863
133299
123873
110978
97389
82229.7
66030.9
48195.6
25506.4
-101158
-18829.4
-5804.56
73808.3
91010.6
134845
144639
162666
163175
166132
159830
154059
142404
130806
116216
101562
85445.2
68436.6
49850.6
26433.4
203140
210096
188333
209886
197265
213125
205910
208274
199435
194191
181925
171153
156041
141539
124792
108271
90644.2
72098.8
52198.7
27662.6
365484
385397
348041
324424
284483
280331
255547
248283
230732
219791
202736
187901
169708
152315
133175
114765
95796.1
75911.5
54749.7
29056.7
822771
638561
478778
450115
385133
360740
323225
300702
273507
252637
229803
208807
186346
164599
142697
122157
101403
80033.1
57726.3
30518.7
1.14353e+06
829541
628885
547545
459998
423194
371753
342746
306995
281800
252618
228036
201371
176941
152165
129552
107321
84492.9
60947.8
32193.8
748923
822022
655510
605033
530417
487424
430925
385043
345536
311232
277745
248691
219697
192321
161355
137095
113381
89155.5
64335.8
33986
868182
865751
708845
664336
570510
530204
474043
425515
379222
338772
301672
268366
237093
206994
174570
144436
119724
93500.6
67482.4
35670.4
914478
958340
800455
738190
630087
577248
512692
457729
408123
363239
323159
286801
252232
219446
184933
151949
125434
97874.3
70479.2
37505.5
1.27804e+06
1.06074e+06
805189
759931
654421
614562
551670
488660
434001
385719
343119
303872
266595
231037
194737
158831
131034
102130
73413.5
39435.3
1.10149e+06
1.06973e+06
813644
779457
668679
639493
575663
511297
455519
405889
361043
319655
280814
243167
203025
165247
136816
106427
76615.5
41450.9
883707
960049
793557
750909
677159
628712
576084
521183
468926
420454
375129
333081
293105
253657
209063
174734
143034
111466
80041.5
43516.7
758827
909553
750845
736315
664455
623178
563797
521495
470732
427179
381674
340956
299651
261343
222432
185191
150239
116461
83559.7
45511.9
590698
816582
723018
721254
666171
628647
575369
531077
482694
437811
392787
351287
310426
271533
233018
195953
157995
121587
86986.5
47332.6
874329
909506
769518
740902
670284
633195
575603
533930
485751
444957
400970
361238
320178
281494
242212
204339
166491
128737
91222.6
49242.4
1.00669e+06
898339
741560
739732
673634
640640
586480
544642
497453
454733
410552
369601
327661
287727
247432
208762
170356
132445
94810.8
51079.5
885908
891630
739082
746987
670514
638878
587621
551148
504075
463802
418031
376684
333269
292321
250990
211719
172546
134104
96014.4
52034.3
780469
839021
726842
732274
670190
643520
592344
554569
507264
467175
421916
380381
336344
294713
252804
212763
173449
134815
96692
52677.4
837553
820158
723313
718715
664080
639545
590829
553572
506893
466853
422015
380626
336911
295537
253539
213663
174294
135515
97178.9
53333.7
-886642
-426558
-246994
-58530
-7940.72
62159.9
91296.9
120904
130190
139359
137992
136108
128315
120075
108119
95495.9
80867.2
65033.3
47504.8
25029.9
-729349
-330163
-175978
-18958.5
31223
89703.9
111617
135817
141038
147898
144477
141857
133119
123663
110783
97370.4
82320.6
66086.9
48323.9
25503
-163261
-2929.91
-10268
70600.4
89836.8
134356
144028
162143
162733
165818
159463
153851
142280
130890
116328
101669
85511.4
68507.6
49913.9
26380.3
182418
204161
187645
209524
196969
213164
205711
208522
199282
194207
181616
170883
155729
141480
124848
108338
90657.9
72116.8
52229.3
27587.8
374307
386599
346858
322283
283969
280628
255701
248423
230729
219759
202627
187696
169508
152228
133196
114807
95766.4
75917.6
54787.3
28973.1
688747
636217
471033
446428
383950
361185
323749
301828
274001
252815
229781
208623
186102
164373
142612
122143
101383
80066.7
57802
30470.8
937620
806275
628118
548572
459950
423285
372104
342248
307411
281814
252870
228129
201482
176735
152055
129558
107392
84561
61032.9
32128.5
765501
822388
660049
608239
531375
487646
430381
384867
345408
311582
278149
249039
219887
192600
161092
137188
113494
89246.8
64362.2
33873.8
855023
850522
716941
666198
570933
530095
474649
425227
379237
338935
301929
268635
237251
206971
174579
144335
119729
93513.1
67461.2
35539.1
1.12952e+06
990167
800174
742482
629785
577800
514158
457661
407719
362846
322641
286636
252438
219399
184543
151634
125353
97831.1
70425.1
37341.2
1.42574e+06
1.06691e+06
812930
761931
654422
614941
552504
488003
433237
383325
343157
304154
266777
231388
194036
158474
130907
102003
73338.2
39253
1.10214e+06
1.06105e+06
806862
782056
667138
639244
575460
510501
454820
405458
360937
319822
280976
242993
202450
164959
136703
106333
76547.9
41292.9
984659
965301
796083
751997
676368
628761
576171
520565
467931
419920
375006
333062
292900
253487
208824
174634
142961
111450
80061.9
43333.8
731617
900156
751051
734767
664108
623338
563431
521121
469928
426922
381398
340686
299573
261288
222366
185377
150304
116528
83605.6
45339.8
604034
836684
725190
722207
666048
629384
574690
531078
482486
437843
393000
351421
310472
271554
232970
195840
158234
121884
87066.2
47153.9
939623
906515
770626
740093
669092
633060
575255
534370
485838
445103
401046
361425
320115
281545
242065
204306
166396
128691
91319.2
49020.6
1.01248e+06
909665
746412
739324
673873
640770
586076
544415
496953
454867
410620
369827
327839
287934
247610
208887
170476
132550
94861.5
50904.2
785665
879529
739096
744845
670259
638966
587067
550634
503424
462910
417521
376609
333390
292549
251150
211786
172597
134158
96023.2
51836.8
814759
824000
722276
731510
669877
643268
592248
554735
507255
467341
421957
380254
336104
294547
252714
212787
173565
134887
96719.5
52538.3
574896
768236
714302
718314
664662
639930
590986
553898
507118
467013
422024
380617
336861
295517
253505
213694
174346
135517
97166.1
53224.1
-756044
-376180
-249752
-57840
-7915.35
62085.5
91386.2
120942
130230
139350
137874
136018
128187
119920
108040
95467.2
80891.3
65055.1
47542.5
24996.5
-899530
-352866
-179538
-19196.7
31416.7
89552.8
111420
135570
140854
147764
144409
141770
132994
123616
110718
97351.8
82350
66133.4
48371.3
25486.1
-154377
-24516.3
-13664.9
66953
88809.9
133414
143151
161401
162197
165478
159215
153710
142172
130894
116321
101654
85517.5
68541.1
49934.4
26309.4
150823
202079
182911
207112
196566
213123
205481
208761
199132
194318
181406
170774
155644
141474
124858
108350
90667.1
72146.2
52240.4
27467.1
175386
362050
336827
319264
283581
280865
256022
248711
230877
219774
202483
187656
169360
152172
133197
114801
95725.6
75919.9
54799
28844.7
694928
650660
457936
441444
382888
361140
324001
302503
274302
253040
229671
208444
185732
164230
142570
122101
101342
80101.5
57898.2
30377.1
941646
804682
625574
547702
459264
423071
372264
341876
307602
281581
252773
227800
201245
176583
151988
129565
107458
84686.7
61141.4
32028.2
735183
826699
653837
607976
531686
487728
429946
384573
345298
311617
278561
249380
220245
192791
161038
137248
113576
89327.7
64400.1
33737.9
793187
851337
713213
666437
570366
529744
475097
424921
379275
339272
302398
269030
237524
206941
174650
144306
119709
93495.7
67453.5
35349.7
1.26026e+06
1.0218e+06
808004
744939
629960
578362
515202
457442
407327
362591
322296
286484
252457
219333
184138
151431
125234
97718.8
70384.5
37135
1.24755e+06
1.05019e+06
815278
761975
654060
614815
552635
487377
432572
383881
342740
304065
267213
231593
193295
158117
130683
101846
73255.2
39007.2
1.04486e+06
1.03976e+06
806130
782460
666518
638531
575152
509858
454187
405118
360833
320012
281149
242787
202113
164737
136515
106160
76452.7
41017.2
873984
934338
791164
751574
675745
628554
576476
519654
467183
419402
374739
332891
292756
253401
208736
174740
142920
111437
80077.7
43124.6
568058
875292
745259
732938
663579
623554
562675
520569
469488
426564
381313
340414
299486
261142
222251
185587
150458
116632
83681.3
45155.6
651556
845475
721673
722671
665609
629768
574067
530917
482071
437843
393045
351543
310505
271558
232932
195774
158503
122238
87195.8
46948.7
945720
889284
770297
739563
668004
632797
574378
534552
485677
445268
401070
361525
320043
281423
241863
204137
166257
128693
91488.4
48754.4
978336
906055
747782
739248
673362
640631
585462
544405
496709
455076
410641
369997
327891
288056
247720
208987
170584
132630
94911.1
50676.5
763394
871319
740006
743487
669308
638889
586271
550076
502647
462529
417254
376640
333515
292755
251309
211887
172672
134207
96039.1
51569
667330
804669
723894
730662
669742
643286
591969
554890
507228
467386
421913
380210
336064
294569
252820
212980
173685
134978
96759.2
52339.3
441087
731875
705991
717811
664145
639905
591215
554343
507366
467196
422011
380586
336711
295424
253565
213746
174358
135529
97159.9
53058.3
-465443
-355728
-249073
-59350.7
-7536.65
62030
91464.9
120959
130218
139271
137665
135971
128106
119841
107981
95456.2
80882.9
65085.6
47581.5
24974.8
-893624
-356976
-179257
-18026.9
31624.2
89467.3
111239
135332
140699
147702
144411
141744
132930
123586
110652
97302.4
82321.9
66130.7
48414.8
25426.9
-145466
-26654
-15932.3
65597.2
88434.4
132873
142652
161094
161939
165319
159090
153634
142132
130855
116274
101610
85475.5
68518.5
49933.3
26245.5
128961
189611
177876
206396
196217
213121
205322
208895
199038
194386
181390
170760
155602
141477
124852
108376
90680.7
72167.1
52225.8
27377.7
224104
360736
337116
318513
283276
280837
256166
248924
230990
219783
202345
187558
169233
152145
133184
114795
95684.7
75903
54764.7
28732.4
420777
659369
447423
439378
382819
361096
324140
302839
274489
253302
229819
208393
185683
164186
142528
122064
101319
80142.5
57985.8
30293.5
1.02132e+06
817021
622691
546190
458625
422664
372341
341759
307742
281471
252812
227795
201144
176548
151978
129569
107519
84808.8
61258.3
31932.7
794007
833854
660651
609884
532217
487917
429679
384337
345213
311544
278956
249435
220472
192849
161067
137276
113635
89400
64455.8
33578.1
874465
861008
719215
667480
570514
529158
475734
424714
379314
339544
302918
269399
237600
206983
174479
144149
119697
93470.4
67450.9
35183.8
1.34431e+06
1.04173e+06
815503
746710
630557
578831
515708
457362
407078
362522
322368
286597
252569
219273
183749
151093
125117
97621.8
70356
36953.3
1.34564e+06
1.06066e+06
825489
762897
654604
614219
552101
486874
432109
384529
342296
303938
267513
231515
192868
157700
130379
101592
73169.9
38744.1
1.077e+06
1.05218e+06
802888
782690
666392
637128
574581
509435
453791
404913
360781
320226
281267
242694
202038
164564
136205
105825
76214.6
40750.3
999805
933766
790062
751798
674989
628230
576923
519178
466965
419016
374564
332793
292743
253237
208724
175138
142997
111507
80136.9
42947.6
616019
874612
745245
732286
663426
624447
561998
519972
469286
426081
381274
340412
299358
261069
222163
185764
150756
116812
83794.1
45018.6
619232
879850
715422
724111
664995
630273
573700
530739
481777
437993
393070
351654
310517
271558
232889
195748
158636
122480
87412.1
46768
989294
899776
770536
739919
667517
632404
573869
534866
485530
445617
401086
361581
320023
281328
241772
203982
166142
128683
91597.9
48532.3
1.0009e+06
911105
753274
738841
672327
640615
585039
544861
496592
455541
410582
370076
327836
288030
247634
209014
170650
132707
94944.7
50433.5
766449
865221
741542
742949
668655
639528
585730
549719
502071
462399
417131
376648
333555
292945
251483
211999
172748
134256
96074.4
51305.2
671479
797359
721047
729674
669166
643407
591687
554842
507230
467452
421940
380326
336153
294719
252883
212998
173686
134984
96778.4
52108.3
420090
694954
699764
717945
663095
639998
591160
554657
507435
467258
421930
380566
336661
295412
253578
213770
174322
135493
97160.1
52887
332285
378330
347411
362631
332065
378113
346755
295484
337451
310818
322321
295264
336800
310818
353348
400781
367520
383153
353159
400527
367414
314993
356731
325860
342984
315045
356608
325941
438386
503595
463500
474161
438198
504105
463487
390307
450367
413413
425654
390241
450360
413327
348833
401567
368257
379248
348985
401472
368172
311203
357632
327814
338763
311249
357566
327677
276855
318210
291253
301624
276902
318087
291130
245318
282437
257032
268303
245295
282358
257022
214930
248574
224517
237027
214815
248631
224501
185000
216501
193089
206942
184697
216468
192844
470305
539369
495058
512335
470589
540457
495356
420313
481036
440953
457691
420255
481283
440837
374208
428164
391860
408189
374099
427988
391663
333105
380505
348661
363309
332943
380363
348470
295856
338501
309416
323258
295725
338323
309300
260852
299958
272344
286842
260776
299796
272186
227451
263321
236580
252197
227560
263146
236655
195654
227924
203330
219440
195539
228080
203289
502999
570444
521871
551503
503340
570800
521608
447539
506696
464474
488770
447216
506430
464266
397578
451021
413273
434148
397318
450788
413046
353711
401508
367968
385867
353502
401269
367738
313831
357059
325984
343197
313638
356864
325953
275956
315889
286633
303968
275838
315838
286698
239673
277023
249244
266625
239696
277123
249340
206237
240145
213253
230953
206188
240162
213003
526819
580176
537598
575799
526490
580404
537460
469809
523045
483078
511479
469415
522962
482791
418068
469600
431900
455654
417871
469181
431556
372409
419862
385467
406001
372192
419543
385336
329809
373760
341721
361100
329830
373666
341796
290391
331294
301798
319640
290455
331329
301848
252701
291513
262486
280771
252665
291573
262484
216222
252566
223381
243188
215916
252706
222940
438049
504282
463489
474658
437790
505470
463429
390244
450330
413272
425311
390382
450165
413003
349017
401416
368113
379236
349121
401145
367868
311287
357502
327596
338867
311431
357261
327302
276958
318013
291082
301825
277106
317723
290963
245341
282329
257033
268523
245356
282246
257063
214822
248664
224498
237162
214629
248739
224445
184648
216452
192828
206930
184342
216367
192514
470699
540900
495475
513886
470898
542245
495639
420206
481333
440693
457703
419911
481196
440156
374034
427852
391552
407834
373762
427382
390993
332840
380251
348309
362948
332426
378885
347562
295671
338199
309275
322776
295539
337635
309729
260767
299727
272132
286686
260824
299737
272169
227602
263113
236718
252408
227637
263195
236999
195542
228151
203346
219425
195294
228421
203185
503315
570848
521483
552435
502988
571204
521088
447038
506310
464097
488172
446465
505910
463488
397163
450641
412931
433426
396531
450088
412582
353395
401158
367648
384356
353277
400857
367515
313598
356797
325920
343097
313983
356725
325829
275791
315803
286743
303947
275853
315826
286933
239753
277182
249372
266677
240022
277393
249401
206195
240155
212945
231307
205938
240116
212616
526299
580353
537265
575564
525694
580949
536695
469206
522812
482546
510696
468527
522314
481846
417752
468864
431286
455004
417363
468039
430601
372109
419319
385240
405555
371977
418747
385032
329832
373595
341797
360946
329848
373449
341822
290494
331313
301832
319759
290649
331340
301843
252654
291569
262438
280942
252612
291667
262240
215763
252690
222822
243053
215187
252539
222472
437651
505601
463390
475152
437274
506175
463272
390411
450094
412901
424992
390473
449926
412625
349141
401041
367782
379258
349167
400772
367573
311522
357177
327217
339136
311720
356996
327095
277198
317627
290916
302218
277354
317395
290756
245437
282206
257067
268836
245332
282096
257041
214569
248738
224410
237393
214455
248685
224317
184535
216328
192538
206924
184428
216231
192335
470917
542468
495621
515095
470880
543038
495362
419791
481079
439971
457483
419477
480672
439458
373664
427201
390955
407405
373416
426673
390553
357409
352387
368342
362754
357556
352303
368227
317923
313405
327367
322523
318151
313290
327098
260865
299869
272247
286502
260889
299942
272531
227622
263271
237091
252446
227574
263538
237272
195295
228491
203178
219346
194967
228640
202756
502851
571157
520951
552739
502443
571039
520565
446263
505746
463288
487526
445714
505323
462749
396518
449901
412478
432718
396102
449408
412159
378846
373895
390141
383922
379133
375345
389939
337944
333154
347971
344320
337941
334050
347913
275943
315893
287001
304331
276273
316049
287189
240108
277448
249393
267136
240367
277625
249396
205885
240091
212551
231579
205342
240020
212143
525502
580835
536470
575315
525045
581048
536015
468310
522127
481562
510008
467744
521774
480922
417242
467734
430332
454324
416927
467275
429810
371961
418537
384937
405194
371862
418213
384760
329896
373372
341783
360875
330010
373325
341722
290700
331328
301808
319977
290861
331473
301751
252574
291705
262167
281110
252488
291748
262107
215081
252492
222418
242828
214679
252359
222150
437129
506164
463235
475581
436810
506206
463165
390489
449865
412555
424752
390452
449731
412429
349209
400710
367527
379290
349148
400554
367467
311839
356962
327091
339504
311924
356909
327172
277445
317374
290736
302802
277508
317437
290805
245414
282084
257041
269338
245462
282154
257102
214523
248675
224299
237565
214671
248708
224313
184581
216197
192372
206959
184458
216141
192088
470853
543027
495234
515664
470796
542963
494850
419390
480526
439312
457368
419201
480135
438957
373357
426521
390390
407133
373255
426175
390302
332044
378359
346976
362530
332080
379022
347163
295230
337006
309351
322341
295272
337156
308782
260912
299638
272568
286551
261013
299590
272734
227560
263599
237308
252529
227575
263789
237343
194959
228650
202711
219293
194621
228590
202301
502304
570881
520454
552313
501871
570553
520185
445559
505189
462596
486968
445179
504862
462244
395953
449270
412051
432208
395878
448917
411833
352884
400430
367279
384507
352501
400261
367022
313889
356481
325943
342318
313237
356319
326029
276326
316072
287256
303893
276526
316227
287461
240426
277684
249402
267438
240500
277859
249432
205288
240004
212095
231543
204845
239950
211649
524915
580875
535816
574797
524590
581341
535394
467592
521578
480625
509498
467268
521286
479958
416837
467083
429680
453859
416640
466825
429582
371795
418158
384636
404951
371625
418128
384304
330038
373294
341634
360743
330150
373331
341595
290920
331503
301704
320157
291077
331597
301541
252465
291732
262088
281247
252435
291749
262065
214644
252305
222159
242707
214341
252238
221976
436759
506073
463177
476399
436917
506175
463340
390441
449733
412418
424733
390561
449889
412491
349148
400516
367440
379427
349165
400509
367394
311974
356893
327191
339593
312109
356912
327234
277564
317477
290853
303049
277717
317580
290953
245536
282195
257158
269389
245642
282314
257275
214716
248736
224327
237596
214812
248821
224336
184503
216126
192028
207007
184130
216103
191411
470803
542854
494766
516304
470969
543135
494737
419165
480054
438865
457487
419159
480021
438729
373228
426080
390278
406988
373198
425930
390238
332106
379022
347220
362543
332185
379015
347333
295310
337201
308818
322478
295382
337308
308926
261081
299649
272812
286719
261243
299822
273038
227585
263855
237345
252686
227574
264023
237357
194558
228560
202237
219230
193947
228504
201574
501747
570388
520153
551975
501598
570532
520140
445083
504822
462172
486793
444955
504802
462118
395862
448834
411793
431958
395851
448749
411773
352488
400233
367021
384546
352516
400232
367114
313273
356347
326080
342325
313384
356484
326196
276617
316297
287539
304118
276879
316456
287746
240506
277914
249430
267704
240525
278043
249448
204790
239929
211604
231452
204185
239915
210999
524528
581388
535250
574677
524462
581834
535092
467213
521138
479711
509391
467159
520773
479576
416597
466755
429509
453737
416580
466731
429429
371623
418079
384120
404924
371684
418010
384035
330209
373326
341612
360909
330352
373335
341672
291120
331634
301469
320390
291233
331576
301435
252434
291730
262058
281315
252444
291629
262053
214364
252234
222018
242679
213865
252144
221534
346648
342135
337006
332184
346900
342054
336733
362301
373444
368607
378516
362553
373261
368047
351998
342228
357467
345734
352146
342144
355523
357355
362683
352232
368084
352257
368145
357330
346583
332119
341999
336682
342019
336629
346658
362320
378413
373188
368303
373187
368284
362318
351932
345900
341820
356870
342021
355680
351796
308763
304317
300067
295412
308959
304215
300017
323294
332521
327872
335744
323265
332428
326176
314275
304993
318195
310507
314156
305103
316866
317784
322412
313047
326980
313151
326969
317748
308625
295331
304008
299846
304093
299942
308590
323156
335937
332125
327231
332278
326290
322863
314113
310538
304781
317817
305027
316802
313826
368495
363652
358284
354575
368610
365096
358221
384772
395882
389461
400701
384749
395834
389411
373749
363075
378347
367518
373720
363121
378330
378879
383836
373786
389837
375696
389811
378997
368502
354659
363466
358100
365064
358181
368476
384718
400616
395603
389287
395727
389361
384558
373713
367496
362973
378243
363111
378302
373586
328239
323233
318324
314456
327966
324057
318735
342355
352542
346266
356715
342278
352609
346253
332053
321977
335890
325898
331958
322078
335898
337931
344339
332957
347751
334043
347889
337739
328185
314572
323148
318406
323731
318788
327915
342340
356681
352397
346185
352602
346233
342123
332036
325927
322059
335902
322121
335904
331910
406706
451388
430104
431480
406569
451305
429977
364542
404552
382063
385076
364429
404662
382228
328234
361330
342629
345633
328440
361509
342578
294475
324001
306794
310974
294514
324094
306834
264083
288881
273231
277548
264111
288923
273272
235124
257385
242862
248493
235107
257452
242861
206838
227384
213237
219544
206796
227365
213160
179894
198596
184633
192146
179711
198586
184449
497958
551006
519597
530653
498386
551322
520226
472824
463429
485356
473652
463363
485277
472818
422094
413652
434944
425883
413562
434836
422151
376119
369051
387179
379335
369144
387235
376138
335716
330129
345645
338810
330120
345580
335757
298511
293779
307415
301588
293791
307416
298505
265042
261127
273199
268268
261126
273196
265037
233482
230256
241198
237030
230221
241206
233496
202715
200033
210368
206935
200016
210352
202728
162630
180460
165858
174480
162360
180365
165825
536303
595752
557154
576796
536632
596309
558223
505638
496870
520503
511814
496950
520656
505506
452338
444894
464983
457528
444943
465087
452318
403007
396605
414933
408251
396607
414920
403004
358538
353047
369123
363391
353025
369089
358566
318956
314100
328495
323394
314061
328449
318997
282455
278286
291344
286912
278257
291318
282481
247315
243789
255956
252164
243795
255936
247341
214298
211477
222260
219419
211455
222303
214304
171351
190145
175864
184996
171345
190307
175677
575880
626932
591746
614509
576325
627238
592384
541728
533108
557390
550948
533332
557481
541652
481146
474628
495659
488750
474661
495580
481272
427387
421840
440260
434422
421743
440210
427436
380223
374983
391424
386037
374964
391395
380296
337860
333340
348077
343326
333310
348032
337897
298608
294709
308252
304140
294676
308228
298650
260959
257727
270117
266721
257688
270111
260994
225264
222398
233730
230841
222440
233765
225220
180353
199162
183203
194961
180123
199103
183080
599806
639639
604047
639449
599798
639633
604243
562651
558068
579567
575833
558105
579573
562633
501801
497468
516078
511740
497417
516023
501877
447591
442781
460711
455887
442731
460653
447645
399282
394783
411026
406165
394728
410971
399347
354375
350539
365444
361226
350511
365402
354387
313639
309843
323503
319605
309849
323518
313629
274834
271347
284424
280711
271349
284408
274836
236852
234223
246186
243225
234195
246183
236882
186630
207291
190652
203343
186536
207034
190443
547452
577096
554101
576233
547595
577436
554239
495735
527646
501786
521189
495638
527550
501727
443553
475121
451037
469378
443296
475074
450830
397897
427220
405314
420666
397831
427208
405310
353170
381718
360688
375221
353119
381762
360658
312969
339680
319989
333123
312978
339693
320015
272926
298866
279412
293084
272893
299072
279418
234574
260324
240644
253751
234282
260468
240615
406462
451069
429760
430804
406368
451329
429669
364378
404831
382520
384912
364267
404983
382792
328587
361668
342655
345445
328634
361809
342756
294666
324250
306949
311382
294665
324437
307135
264249
289044
273371
277877
264295
289223
273506
235204
257546
242889
248757
235013
257655
242906
206865
227357
213077
219701
206707
227396
213011
179837
198571
184395
192334
179228
198594
183961
498406
551443
520500
530565
498877
552127
521119
473134
463380
485926
474338
473055
463456
486307
421877
413346
434533
425467
421954
413437
434453
376038
369432
387278
379234
376026
369523
387257
335638
330121
345517
338789
335647
330132
345505
298558
293889
307441
301704
298547
293918
307456
265089
261167
273228
268395
265089
261158
273251
233295
230114
241225
237077
233344
230055
241228
202503
199988
210352
206947
202588
199904
210336
162664
180333
165932
174486
162614
180362
165917
537392
596655
559576
577688
538059
597450
560815
507018
497599
521635
513113
506603
497861
522227
452386
444968
465410
457740
452420
444928
465463
402781
396473
414783
408042
402867
396382
414693
358150
352847
368880
363153
358302
352745
368760
318579
313839
328139
323043
318699
313739
327980
282288
278130
291196
286762
282342
278078
291151
247453
243929
255869
252280
247383
243986
255910
214342
211427
222414
219447
214331
211406
222447
171349
190213
175653
184745
170936
190011
175252
576740
627395
592815
615060
577213
627839
593162
541952
534061
558073
552005
541907
534229
558343
480470
474379
495168
488511
480651
474197
495006
426848
421296
439770
433827
426998
421119
439592
379630
374651
391003
385530
379801
374512
390806
337652
333149
347819
343067
337699
333112
347753
298287
294423
307973
303827
298330
294385
307896
260924
257561
270062
266593
260895
257577
270078
225503
222629
234017
231129
225448
222691
234097
180028
198910
183015
194432
179546
198652
182677
599798
639462
604426
639579
599901
639552
604847
562199
557837
579457
575650
562320
557690
579483
501093
496939
515678
511103
501320
496709
515515
446974
442424
460187
455363
447162
442287
459988
398790
394409
410613
405773
398922
394300
410463
354332
350398
365230
361000
354333
350374
365188
313687
309889
323562
319673
313666
309915
323576
274839
271413
284417
280860
274834
271440
284425
236636
234050
246124
243142
236716
233968
246089
186454
206720
190328
202712
186166
206464
190057
547619
577394
554177
576439
547764
578116
554315
495377
527438
501570
521037
495013
527353
501456
442830
474826
450445
468412
442511
474826
450374
397700
427142
405210
420187
397551
427122
405191
353053
381771
360514
375055
352978
381962
360448
312967
339660
319966
333071
312979
339665
319958
272805
299306
279300
293051
272686
299429
279266
234194
260444
240410
253553
234016
260259
240043
406305
451138
429591
430372
406283
451387
429597
364212
405042
382977
384718
364127
405076
383061
328667
361934
342861
345340
328619
362024
342961
294703
324629
307394
311593
294706
324799
307616
264444
289453
273661
278271
264374
289695
273791
234853
257830
242954
249106
234737
258009
243061
206664
227465
213003
219947
206386
227555
212949
179618
198642
183938
192647
179370
198583
183561
498959
552184
521361
530188
499177
552721
521680
473119
463485
486691
474905
473124
463522
486909
421686
413636
434260
425149
421716
413672
434171
376093
369656
387194
379243
376091
369681
387178
335629
330256
345490
338980
335627
330293
345494
298610
294109
307536
301995
298591
294163
307578
265084
261274
273345
268680
265079
261286
273378
233182
230106
241280
237256
233216
230086
241295
202110
199603
210225
206942
202185
199427
210176
162942
180330
166145
174532
162807
180341
166047
538705
597548
561456
578217
539352
597944
561938
508201
498529
523408
514570
507976
498704
523822
452205
444757
465465
457605
452294
444683
465426
402265
396073
414330
407602
402393
395966
414205
291048
286589
291041
282154
277926
282155
277906
247683
244104
256114
252448
247650
244104
256154
214323
211318
222511
219383
214335
211301
222518
170888
189682
175209
184329
170413
189346
174682
577477
627789
593216
615106
577667
627890
593112
541935
534399
558781
552673
541956
534393
558955
479700
473612
494478
487838
479887
473423
494311
426212
420663
439063
433055
426372
420508
438887
308170
304255
308371
298608
294582
298491
294684
261322
257814
270349
266949
261205
257940
270458
225657
222871
234305
231470
225652
222904
234381
179452
198355
182612
193648
178898
198057
182142
599855
639219
604875
639099
599805
639237
605113
561641
557238
579339
575462
561772
557110
579334
500114
495996
514955
510325
500345
495780
514755
446228
441826
459369
454642
446396
441673
459179
394055
405364
393990
398341
410039
398442
409917
350349
360927
350352
354373
365108
354363
365085
319886
313837
310070
323678
313795
310133
323728
274904
271507
284444
281015
274879
271535
284454
236310
233687
245923
242931
236394
233597
245872
186085
206269
190071
202243
185691
206124
189794
547663
577947
554300
576563
547599
578452
554565
494500
527161
501202
520093
494093
527157
501068
442283
474768
450124
467523
442152
474737
449977
397384
427006
405054
419678
397222
426954
405016
352897
382125
360339
374895
352917
382295
360395
312961
339686
319875
332982
312899
339864
319870
272651
299355
279181
292831
272682
299351
279072
233984
260011
239861
253448
233777
259851
239533
406264
451135
429538
429998
406272
451342
429586
364069
405011
383030
384427
363999
404937
382928
328589
362079
343093
345211
328456
362090
343268
294868
324964
307700
311559
294933
325036
307763
264356
289928
273902
278650
264114
290087
274031
234890
258123
243036
249342
234976
258188
242918
206567
227643
212919
220346
206664
227635
212851
179791
198468
183685
192815
179517
198374
183405
499101
552692
521686
529709
499063
552942
521607
472943
463254
487021
475293
472996
463175
487108
421537
413657
433889
424859
421578
413614
433819
375968
369673
387072
379278
376018
369629
387041
335684
330499
345552
339358
335664
330506
345588
298794
294478
307776
302514
298737
294550
307865
265150
261547
273527
269132
265134
261514
273592
233065
229990
241331
237545
233071
229911
241321
201993
199448
210028
206920
202019
199463
209991
163043
180312
166204
174603
162875
180177
165963
539686
597883
562097
578883
539942
598068
562142
508630
499048
524401
515414
508571
499106
524559
451807
444440
465299
457418
451899
444373
465242
401878
395700
413855
407256
401955
395634
413763
352218
368025
357345
357372
362562
352210
368004
313014
327043
317778
317803
322302
313017
327099
290881
282170
277879
286477
282140
277900
290858
247760
244078
256221
252465
247731
244085
256249
214221
211200
222510
219321
214264
211161
222496
170448
189090
174670
183956
170136
188885
174258
577605
627529
592701
614721
577383
627425
592183
541664
534164
559028
552596
541748
534018
559039
479073
472922
493875
487230
479209
472780
493751
425622
420030
438407
432438
425743
419908
438271
373525
389853
378938
378908
384445
373719
389880
332777
347375
337357
337210
342574
332645
347235
308200
298718
294733
303924
298717
294715
308122
261667
258213
270710
267303
261591
258303
270796
225529
222847
234488
231586
225580
222789
234481
178842
197785
182132
193072
178439
197590
181710
599557
638773
604898
638124
599271
638794
605008
561198
556718
578992
575075
561316
556601
578879
499421
495226
514221
509715
499552
495084
514083
445669
441272
458675
454063
445791
441161
458542
393811
398017
409602
405045
398081
393761
409517
350364
354452
365036
360787
354438
350367
365004
314020
310292
323831
320049
313970
310354
323863
274979
271611
284535
281189
274975
271637
284551
236082
233390
245788
242753
236127
233332
245773
185705
206094
190036
202062
185330
206081
190045
547487
578121
554656
577063
547601
578520
554937
493661
526989
500777
519380
493278
526939
500675
442003
474456
449549
466939
441941
474358
449385
397005
426710
404824
419166
396785
426693
404794
352965
382177
360333
374590
353014
382174
360342
312798
339993
319780
332848
312671
340010
319742
272707
299152
278925
292721
272698
299044
278817
233786
259719
239553
253326
233519
259610
239361
406371
450891
429559
430037
406411
451414
429734
363958
404812
382796
384380
364029
404802
382867
328370
362070
343395
345178
328158
362120
343526
295152
325080
307666
311444
295276
325187
307613
264067
290224
274147
279103
264011
290287
274275
235153
258163
242790
249446
235261
258164
242797
206833
227600
212804
220523
206929
227608
212777
179735
198326
183611
192843
179551
198374
183436
498796
552689
521352
529872
498935
553254
521082
472833
462797
486997
476075
472802
462705
487089
421364
413390
433665
424661
421398
413240
433628
375934
369438
386998
379307
375932
369370
386987
335720
330422
345614
339490
335711
330335
345599
298964
294674
308061
302924
298908
294581
308086
265252
261472
273700
269365
265228
261410
273707
233183
229943
241269
237592
233144
229913
241274
201941
199555
209954
206988
201951
199551
209962
162987
179972
165925
174228
162857
179706
165641
540102
597911
562007
579632
540358
598546
561893
508830
499176
524620
515983
508747
499223
524770
451609
444272
465128
457379
451623
444279
465141
401622
395467
413531
407030
401678
395411
413469
357466
352213
367984
362524
357451
352211
367978
317907
313081
327216
322398
317879
313110
327246
282403
278036
290985
286647
282331
278102
291046
247839
244147
256375
252612
247817
244177
256422
213993
211009
222436
219252
214055
210954
222414
170167
188687
174211
183454
169943
188405
173904
576847
626816
591504
614485
576221
627095
591195
541212
533388
558573
552059
541314
533243
558494
478743
472447
493459
486809
478779
472400
493423
425258
419644
437936
432027
425330
419575
437858
378883
373597
389886
384519
378870
373594
389892
337091
332450
347127
342285
337100
332446
347116
298934
294824
308136
304012
298847
294906
308194
261916
258483
271047
267590
261863
258529
271128
225277
222596
234433
231488
225348
222532
234412
178419
197425
181739
192584
178183
197182
181531
598723
637948
604509
637239
597683
638126
604715
560933
556323
578289
574600
560962
556274
578269
499155
494837
513820
509383
499210
494811
513768
445367
440914
458275
453754
445401
440878
458243
397950
393641
409382
404891
397946
393638
409361
354540
350456
364981
360831
354510
350501
365005
314241
310586
324005
320295
314195
310650
324041
274961
271690
284651
281285
274964
271699
284669
235987
233211
245732
242683
236005
233177
245724
185544
206106
190428
201916
185426
205945
190312
547756
578058
555020
577498
547842
578447
555218
492848
526621
500204
519050
492361
526492
500043
441928
474082
449202
467059
441852
473915
449288
396501
426667
404434
418869
396211
426660
404106
353061
381984
360222
374600
353100
381806
360140
312610
339842
319441
332728
312462
339760
319150
272677
298840
278680
292762
272626
298664
278602
233559
259457
239439
253177
233304
259364
239236
460881
451032
447549
438326
450942
447484
460942
481267
495650
490106
503505
495580
490161
481243
468745
455916
476732
463482
455875
476732
468754
472934
473843
463482
485909
463389
485503
473049
460810
438253
450857
447267
450898
447382
460732
481364
503752
496217
490423
495858
490255
481480
468717
463472
455755
476835
455824
476760
468729
410424
402009
398364
390300
401943
398390
410435
430424
443056
437745
450375
442995
437766
430435
418130
406264
425390
413393
406284
425380
418144
422051
425748
413382
434623
413436
434716
422010
410431
390251
401816
398487
401847
398446
410404
430386
450373
442821
437733
442911
437765
430314
418089
413370
406223
425307
406266
425348
418031
365958
358605
355499
348897
358608
355478
365947
383452
394627
390197
401545
394627
390180
383477
372516
362073
378939
368231
362043
378920
372537
376100
379252
369354
387290
369223
387279
376056
365961
348935
358595
355439
358600
355454
365943
383421
401515
394579
390094
394610
390147
383384
372499
368211
361996
378847
362026
378868
372491
326460
320128
316698
311218
320100
316700
326479
341821
351766
347551
357645
351753
347522
341888
332056
322327
337494
327788
322312
337463
332095
335682
338775
330108
345529
330109
345549
335660
326440
311234
320060
316700
320075
316703
326418
341766
357619
351681
347412
351714
347476
341715
332015
327743
322256
337359
322288
337418
331978
290171
284659
281518
276859
284657
281512
290182
303827
312829
309089
318186
312825
309054
303847
295120
286429
300019
291217
286414
299987
295142
298521
301608
293841
307430
293819
307422
298533
290163
276884
284683
281510
284672
281509
290161
303804
318145
312789
308946
312814
309007
303780
295099
291177
286380
299896
286399
299947
295077
257156
252557
249147
245306
252555
249140
257150
269480
277867
273952
282413
277861
273923
269489
261307
253087
265422
257022
253080
265404
261315
265057
268292
261133
273211
261141
273200
265076
257181
245321
252581
249152
252591
249145
257215
269477
282388
277839
273870
277853
273898
269475
261310
257021
253104
265371
253089
265389
261323
225853
221939
218158
214895
221888
218104
225891
236997
244904
240442
248583
244916
240463
236971
229172
221357
232329
224517
221319
232355
229161
233451
237061
230103
241225
230194
241224
233398
225780
214893
221797
217975
221881
218037
225710
237012
248604
244953
240517
244939
240490
236996
229166
224509
221228
232408
221272
232385
229131
195146
191951
187450
184935
191906
187343
195165
205658
213501
208724
216490
213454
208699
205686
197845
190336
200832
193023
190281
200792
197869
202692
206983
199965
210355
200036
210349
202648
195130
184999
191843
186994
191913
187286
195090
205628
216480
213406
208656
213428
208681
205587
197816
192997
190141
200714
190302
200758
197775
491488
483442
477904
470366
483492
478051
491302
514062
531058
524334
539533
531204
524456
513972
499838
486337
509467
495099
486371
509546
499746
505865
511951
497354
521319
497125
520859
506247
491753
470465
483801
478498
483626
478261
492090
514411
539917
532342
524992
531641
524697
514901
500073
495212
486643
509903
486487
509711
500375
439681
432520
427196
420289
432524
427186
439680
459920
473077
467355
481070
473084
467369
459928
446889
434078
453994
440977
434057
454004
446895
452378
457622
444986
465330
444977
465217
452415
439684
420283
432477
427173
432508
427200
439684
459911
481169
473197
467502
473130
467452
459920
446880
440944
434049
454025
434076
454075
446885
391340
385197
380146
374177
385181
380113
391358
409366
421609
415773
428165
421560
415707
409390
397471
386041
403595
391827
386013
403554
397500
402986
408233
396543
414851
396590
414896
402938
391300
374146
385091
379981
385147
380056
391239
409322
428093
421455
415542
421517
415632
409257
397418
391752
385824
403376
385923
403498
397342
348197
342876
338319
333074
342855
338277
348217
364061
374882
369589
380472
374815
369570
364101
353593
343539
358954
348630
343496
358926
353629
358494
363361
352928
368972
352986
369037
358418
348144
333021
342747
338095
342814
338205
348045
363996
380431
374656
369444
374741
369524
363892
353523
348570
343307
358721
343422
358857
353406
309541
304847
300451
295822
304811
300419
309572
323831
333558
328633
338476
333518
328607
323865
314265
304948
318906
309395
304928
318891
314285
318893
323337
313928
328272
314004
328377
318806
309493
295779
304699
300322
304763
300378
309423
323780
338424
333348
328500
333450
328567
323704
314231
309360
304848
318801
304895
318864
314177
273563
269604
264779
260825
269557
264747
273596
286573
295679
290670
299931
295655
290640
286596
277516
268601
281427
272308
268562
281405
277544
282428
286882
278175
291241
278218
291285
282392
273541
260800
269439
264659
269494
264715
273497
286539
299882
295571
290512
295622
290592
286485
277475
272250
268458
281273
268516
281350
277416
238758
235505
230464
227489
235528
230500
238749
250861
259696
254416
263282
259670
254364
250908
242058
233470
245406
236573
233481
245362
242083
247309
252177
243874
255857
243829
255882
247331
238800
227525
235627
230640
235575
230566
238858
250817
263211
259549
254236
259609
254293
250799
242069
236605
233618
245351
233550
245349
242105
206264
203477
198211
195618
203426
198169
206314
216986
225054
219652
227964
225113
219692
216965
208812
200959
211554
203303
200945
211524
208859
214305
219432
211437
222380
211444
222346
214316
206226
195629
203338
198056
203379
198160
206196
217010
228019
225222
219786
225171
219735
217034
208791
203346
200911
211560
200983
211533
208788
525903
517693
510490
503150
517901
510488
525861
547456
565014
553684
570499
564940
553668
547613
531599
516298
537611
521783
516165
537547
531719
541804
551116
533879
557954
533588
557650
541875
525901
503276
518306
510311
518108
510415
525870
547354
570598
565222
553707
564984
553692
547357
531448
521703
515940
537459
516033
537509
531357
467086
460920
453587
447500
460930
453479
467221
486751
501219
492130
506636
501149
492096
486790
472643
459034
478054
464460
458988
478050
472686
480973
488805
474546
495313
474667
495449
480817
466930
447380
460683
453222
460847
453361
466785
486666
506539
500995
491929
501084
492031
486548
472556
464393
458747
477897
458880
478003
472429
414920
409454
403011
397507
409397
403000
414985
432728
445639
437925
450980
445594
437875
432758
420250
408329
425312
413223
408274
425276
420282
427268
434281
421477
439946
421629
440102
427137
414845
397429
409143
402813
409271
402932
414744
432669
450903
445419
437693
445523
437794
432575
420179
413144
408064
425098
408182
425198
420075
369214
364187
358636
353669
364145
358573
369288
385263
396612
390143
401451
396541
390084
385342
374122
363406
378887
367914
363350
378830
374187
380111
385980
374788
391174
374896
391311
379967
369107
353598
363955
358376
364065
358483
368976
385160
401369
396329
389881
396442
389992
385044
374028
367832
363177
378641
363268
378743
373923
327799
323461
318058
313786
323428
318025
327829
342316
352698
346506
357008
352646
346462
342360
332068
322170
336043
325980
322156
336018
332099
337816
343272
333204
347896
333266
347971
337755
327762
313725
323308
317931
323382
317987
327714
342264
356940
352507
346350
352581
346406
342209
332039
325970
322099
335981
322136
335999
332015
288924
285235
279487
275928
285209
279466
288970
302408
312178
306120
315888
312170
306115
302441
292552
283019
296238
286642
283021
296229
292598
298517
304082
294511
308075
294612
308169
298419
288868
275890
285094
279429
285161
279445
288818
302339
315870
312028
306052
312122
306090
302260
292522
286664
283042
296248
283023
296234
292507
251743
248647
242673
239655
248595
242675
251787
264239
273487
267687
277043
273496
267706
264251
254891
245834
258318
249265
245853
258338
254894
260913
266676
257577
270065
257627
270087
260890
251719
239663
248542
242752
248560
242701
251717
264246
277075
273530
267784
273507
267737
264272
254909
249300
245963
258444
245901
258381
254950
216843
214065
208416
206196
214053
208385
216815
228267
236775
231281
240151
236826
231254
228223
219465
211309
222284
213188
211259
222248
219497
225342
230887
222566
233929
222495
233835
225396
216885
206234
214116
208330
214078
208426
216902
228300
240160
236998
231188
236916
231223
228313
219446
213127
211126
222149
211227
222202
219427
546840
542349
530953
526754
542308
530890
546921
563752
581919
567122
580101
581823
567123
563793
549525
533901
551708
537579
533859
551713
549527
562560
575791
557988
579555
558065
579519
562468
546757
526650
542111
530694
542229
530812
546636
563706
580179
581932
567217
581810
567144
563671
549484
537519
533667
551665
533782
551673
549420
488135
483482
474422
469721
483450
474351
488209
505274
519719
509455
523045
519711
509440
505295
492596
478972
495983
483026
478877
495920
492648
501679
511635
497142
515823
497306
515940
501520
487999
469588
483176
474022
483345
474211
487810
505193
523014
519599
509231
519675
509352
505053
492448
482921
478452
495681
478692
495804
492250
434963
430113
422807
418032
430081
422766
435005
452099
465799
457112
469534
465748
457051
452172
439912
427418
443786
431855
427352
443736
439964
447480
455778
442543
460378
442650
460532
447337
434874
417967
429915
422559
430012
422682
434746
451951
469368
465382
456646
465594
456857
451745
439778
431715
426996
443405
427197
443576
439602
388019
383445
376781
372356
383395
376723
388071
403662
415807
408437
419809
415749
408396
403740
392665
381118
396435
385439
381069
396408
392717
399181
406096
394524
410755
394636
410880
399056
387928
372279
383216
376536
383312
376635
387816
403528
419682
415436
408093
415614
408239
403359
392570
385384
380883
396234
380981
396324
392454
343865
339907
333532
329814
339904
333548
343848
358346
369832
363117
373744
369811
363107
358358
348211
337565
351792
341734
337582
351801
348197
354358
361165
350431
365283
350473
365344
354342
343887
329825
339909
333605
339907
333578
343910
358329
373697
369724
363048
369769
363064
358315
348241
341755
337626
351834
337607
351807
348272
303903
299975
294151
290403
299992
294148
303898
317379
327643
321543
331305
327657
321569
317367
308003
297946
311306
301822
297939
311329
307979
313646
319624
309872
323553
309860
323538
313656
303912
290424
300050
294157
300017
294148
303929
317372
331309
327680
321576
327667
321563
317368
308016
301813
297944
311347
297936
311325
308027
265289
261907
255738
252693
261908
255746
265287
278173
288241
282087
291534
288245
282091
278176
268961
259060
271816
262496
259053
271832
268952
274830
280735
271385
284413
271362
284407
274832
265289
252681
261932
255739
261917
255746
265291
278165
291531
288277
282058
288259
282070
278156
268964
262484
259002
271857
259031
271834
268966
227522
224900
218120
216167
224865
218037
227565
239667
249590
243090
252604
249605
243066
239684
230438
220561
233176
223312
220469
233219
230452
236822
243207
234112
246150
234158
246170
236770
227456
216076
224725
217780
224814
217941
227346
239649
252666
249611
243012
249618
243035
239631
230372
223099
220210
233229
220371
233258
230294
460619
450727
447166
437980
460623
450737
447090
481691
496240
490611
504838
481574
496576
490813
468749
455664
476953
463482
468749
455568
477032
473136
474389
463532
486694
463451
486420
473167
460567
437863
450596
446925
450626
447004
460516
481769
505057
496978
491076
496690
490945
481865
468713
463459
455382
477109
455470
477076
468686
410360
401777
398505
390297
410396
401819
398479
430122
442719
437682
450286
430222
442605
437616
417883
406161
425245
413207
417960
406096
425178
421792
425374
413588
434320
413499
434385
421750
410323
390336
401868
398395
401833
398437
410293
430012
450230
442387
437459
442490
437542
429875
417799
413111
405944
425011
406022
425098
417719
365893
358566
355426
349062
365914
358568
355411
383282
394529
390024
401331
383332
394470
389933
372427
361953
378812
368037
372466
361904
378750
376062
379227
369621
387209
369568
387232
376081
365881
349096
358597
355377
358576
355393
365878
383238
401241
394337
389766
394405
389849
383196
372386
367954
361805
378589
361855
378672
372348
326392
320079
316700
311319
326402
320094
316703
341621
351646
347337
357428
341668
351608
347254
331900
322219
337286
327503
331941
322179
337200
335632
338832
330194
345490
330169
345496
335628
326388
311386
320201
316723
320155
316711
326388
347074
341574
357346
351521
351566
347164
341526
337014
331856
327402
322098
322137
337106
331813
290184
284736
281520
276987
290170
284765
281536
303727
312757
308873
317923
303754
312719
308789
295036
286361
299839
291038
295057
286337
299776
298568
301776
294017
307501
293978
307477
298577
290200
277065
284884
281586
284840
281560
290221
308605
303699
317825
312639
312679
308699
303661
299647
295017
291000
286295
286319
299714
294988
257256
252637
249164
245320
257242
252627
249169
269470
277822
273846
282304
269480
277798
273822
261349
253123
265363
257045
261345
253132
265352
265084
268483
261195
273312
261201
273280
265079
257264
245390
252695
249173
252695
249172
257273
269447
282280
277765
273758
277781
273796
269424
261337
257055
253143
265318
253140
265336
261325
225652
221832
217930
214739
225672
221777
217881
236929
244969
240538
248693
236961
244978
240549
229054
221196
232426
224489
229085
221161
232432
233272
237163
230054
241260
230089
241243
233245
225643
214737
221803
217757
221826
217825
225637
236907
248720
244999
240562
244991
240562
236884
229027
224472
221083
232413
221125
232427
228996
194987
191876
186947
184349
195044
191832
186677
205493
213383
208626
216431
205547
213352
208582
197663
190172
200662
192669
197720
190016
200610
202412
206983
199744
210268
199895
210307
202301
194928
184467
191858
186446
191892
186661
194844
205442
216402
213267
208478
213314
208535
205380
197593
192664
189919
200497
190058
200549
197524
492718
483981
478698
470793
492412
484163
478856
515683
532802
525259
541437
515293
533400
525549
500875
486773
510089
495564
500634
486880
510266
507371
513414
498336
523149
498109
522588
507711
492969
470857
484490
479047
484339
478968
493172
515991
541822
534274
525999
533799
525785
516263
501067
495617
486981
510519
486949
510411
501224
439618
432444
427117
420130
439673
432389
427035
459969
473260
467469
481345
459932
473285
467365
446788
433969
453901
440523
446860
433857
453743
452383
457731
444809
465492
444870
465491
452365
439540
420027
432226
426804
432314
426929
439438
459925
481289
473306
467072
473305
467227
459836
446674
440341
433573
453384
433724
453567
446531
391056
385037
379894
373953
391155
384963
379794
409065
421372
415422
427698
409169
421265
415250
397101
385714
403240
391411
397226
385582
403098
402664
407944
396182
414459
396286
414583
402529
379560
390945
373861
384771
384872
379680
390827
408917
427546
420994
414896
421135
415067
408761
385242
396968
391217
402799
385420
402942
396831
347710
342655
337946
332716
347899
342539
337761
363539
374537
369320
380086
363740
374374
369172
353033
343153
358519
348111
353241
342967
358289
352503
368464
357756
357961
363054
352627
368615
342263
337285
347196
347471
332575
342405
337539
373798
368496
362936
363274
379789
374148
368929
342523
357646
352499
352779
347789
342751
357958
309252
304628
300264
295620
309344
304551
300204
323518
333221
328428
338043
323615
333076
328312
314070
304807
318764
309268
314122
304780
318648
313520
327594
318310
318453
322914
313632
327800
304399
300107
309072
309171
295581
304476
300155
332760
328050
323373
323436
337806
332923
328163
304837
318443
314075
314061
309360
304795
318503
273375
269394
264624
260770
273437
269350
264609
286362
295523
290432
299662
286423
295475
290365
277312
268418
281198
272114
277358
268402
281159
291072
282237
286731
277963
278021
291111
282181
273333
260789
269297
264659
269314
264623
273312
295441
286320
299672
290402
295440
290360
286324
277294
272130
268445
281192
268414
281161
277309
239022
235685
230699
227625
238954
235751
230753
250862
259529
254226
263112
250818
259548
254248
242225
233687
245379
236794
242161
233756
245428
247550
252336
244091
256060
244055
255995
247605
239086
227638
235799
230846
235783
230803
239140
250925
263141
259653
254370
259593
254297
250996
242295
236890
233894
245597
233825
245501
242368
206155
203291
198044
195420
206170
203243
197920
217096
225274
219851
228234
217067
225327
219908
208782
200969
211580
203253
208788
200890
211618
214356
219440
211336
222504
211379
222479
214350
206132
195436
203148
197770
203181
197896
206104
217121
228323
225433
220045
225382
219980
217153
208772
203284
200776
211672
200886
211639
208761
525739
518398
510188
503233
525810
518435
510059
547451
565358
553656
571027
547402
565615
553630
531234
515847
537375
521353
531292
515735
537273
541961
552174
534382
558708
534314
558472
541974
525662
503117
518378
509771
518418
509918
525573
547459
571088
565925
553531
565729
553580
547454
531160
521219
515437
537054
515596
537164
531064
466447
460501
453061
446851
466628
460306
452882
486251
500881
491797
506182
486410
500738
491643
472116
458598
477750
463903
472277
458435
477577
480279
488344
473808
494654
474005
494833
480083
466246
446662
459898
452492
460103
452689
466034
486072
506050
500382
491309
500569
491479
485871
471947
463696
458086
477201
458263
477391
471763
414463
409010
402656
396984
414614
408860
402481
432305
445285
437570
450466
432450
445131
437431
419811
407931
424982
412811
419948
407797
424856
426690
433625
420806
439238
420957
439415
426530
402147
414307
396755
408560
408699
402304
414161
432150
450278
444790
437126
444964
437281
431990
407565
419673
412693
424594
407672
424725
419538
368695
363820
358263
353316
368831
363708
358165
384820
396204
389766
401047
384924
396083
389660
373736
363091
378540
367577
373820
363025
378453
373913
390328
379263
379448
385274
374376
390582
363494
358068
368485
368565
353276
363645
358084
395904
389508
384711
384743
400945
395978
389572
363007
378359
373671
373680
367531
362992
378391
327640
323274
317884
313576
327679
323235
317828
342143
352443
346306
356747
342165
352400
346277
331949
322030
335965
325879
331986
321943
335943
333119
347717
337649
337628
343055
333098
347706
323211
317845
327604
327608
313619
323195
317793
352437
346260
342168
342137
356723
352391
346260
321892
335884
331868
331900
325843
321885
335912
288761
285020
279421
275780
288777
284990
279428
302192
311945
306034
315782
302194
311882
306039
292538
283069
296275
286798
292511
283111
296316
307912
298293
303846
294464
294397
307871
298368
288785
275801
285055
279525
285003
279461
288848
311934
302230
315783
306123
311868
306069
302305
292587
286862
283245
296441
283169
296372
292659
251817
248557
242834
239834
251751
248601
242932
264390
273569
267843
277250
264318
273627
267907
255165
246088
258513
249388
255022
246177
258568
260978
266621
257698
270208
257622
270112
261087
251910
239934
248779
243072
248678
243008
251996
264482
277323
273803
268016
273706
267969
264581
255261
249396
246286
258632
246245
258604
255334
216930
214145
208356
206126
216894
214162
208237
228330
237055
231152
240145
228326
237108
231106
219366
211080
222090
212823
219396
210924
222022
225550
231226
222811
234231
222764
234157
225605
216955
206115
214203
208088
214186
208248
216949
228331
240133
237193
231001
237168
231057
228320
219316
212759
210664
221862
210840
221941
219268
546304
541956
530543
526099
546475
541778
530377
563516
581851
567130
580637
563564
581979
567193
549172
533509
551546
537117
549294
533330
551488
562051
575561
557380
579437
557525
579424
561913
546122
525896
541414
530020
541596
530195
545952
563434
580666
582085
567205
581978
567158
563370
549031
536876
532927
551317
533133
551357
548897
487281
482958
473791
468981
487562
482709
473542
504645
519483
508987
522676
504868
519335
508759
491761
478170
495461
482339
492014
477877
495272
500847
510897
496220
515153
496461
515340
500591
486982
468752
482199
473023
482449
473279
486682
504408
522471
518976
508249
519158
508468
504176
491494
482061
477306
494805
477584
495008
491224
434400
429794
422400
417623
434579
429661
422233
451224
465125
456277
468611
451489
464849
455981
439146
426760
443124
431080
439379
426528
442905
446772
455187
441983
459573
442138
459780
446581
434214
417491
429389
421904
429524
422062
434040
450952
468270
464285
455375
464553
455610
450697
438905
430799
426085
442448
426298
442628
438689
387594
383121
376440
372043
387701
383037
376357
403010
415243
407882
419147
403181
415056
407744
392234
380783
396112
385183
392345
380689
396032
394123
398664
405660
410172
394204
410313
398549
382929
387494
371998
376226
382972
376286
387405
402841
418906
414693
407373
414864
407525
402684
392129
385090
380514
395818
380598
395908
392025
343954
339915
333629
329832
343935
339922
333651
358291
369681
362985
373558
358307
369642
362961
348324
337630
351826
341824
348303
337645
351842
350348
354338
360969
365131
350358
365155
354350
339931
343968
329836
333690
339926
333670
343980
358268
373487
369566
362837
369603
362889
358238
348332
341808
337669
351818
337657
351817
348336
303979
300089
294166
290542
303952
300135
294179
317351
327687
321546
331331
317360
327708
321543
308065
297938
311329
301860
308044
297932
311347
313719
319710
310007
323624
309954
323593
313755
304004
290595
300249
294209
300189
294193
304031
317334
331313
327752
321468
327727
321485
317327
308066
301838
297912
311332
297923
311323
308058
265297
261947
255728
252644
265291
261956
255729
278143
288288
281991
291609
278146
288303
281967
268992
258959
271856
262399
268970
258919
271909
274846
280904
271484
284439
271463
284433
274860
265302
252627
261972
255701
261964
255709
265315
278142
291617
288343
281959
288322
281953
278168
269025
262308
258864
272062
258888
271982
269022
227106
224601
217633
215540
227237
224461
217424
239556
249557
242957
252644
239597
249510
242906
230086
220097
233107
222688
230193
219910
233016
236567
243101
233782
245980
233880
246027
236483
226969
215386
224206
217065
224326
217269
226843
239495
252576
249415
242787
249464
242837
239428
229966
222602
219596
232834
219782
232919
229843
460362
450439
446832
437549
460435
450376
446745
481962
497046
491172
505899
481912
497296
491257
468625
455299
477130
463350
468656
455224
477149
473084
474939
463435
487086
463461
486936
473064
460279
437399
450132
446562
450226
446650
460195
481965
505991
497524
491363
497358
491320
481968
468580
463310
455087
477162
455153
477159
468525
410245
401878
398360
390437
410266
401886
398335
429708
442311
437356
450024
429789
442250
437266
417588
405866
424920
412801
417648
405792
424832
421652
425065
413679
433969
413682
434058
421617
410225
390456
401879
398300
401885
398314
410207
429650
449967
442121
437118
442195
437186
429601
417538
412708
405673
424654
405727
424739
417499
365898
358640
355365
349141
365883
358682
355358
383098
394265
389679
400939
383149
394198
389592
367702
372277
361756
378507
372312
361711
378427
376084
379252
369687
387115
369694
387152
376060
365917
349159
358810
355364
358755
355356
365938
383047
400849
394072
389436
394133
389510
382998
367632
372248
361645
378287
361674
378353
372224
326406
320311
316739
311566
326393
320390
316761
346993
357102
346930
341444
351474
341482
351431
336934
327158
336878
331740
322068
331773
322055
335635
339069
330414
345521
330374
345503
335646
326434
311668
320651
316839
320543
316793
326475
357041
346871
346893
341415
351374
351397
341392
327120
336843
336854
331716
322045
322047
331699
290279
284992
281612
277236
290248
285052
281635
308511
317542
308413
303590
312610
303627
312598
299570
290855
299475
294922
286273
294958
286252
298641
302125
294343
307696
294275
307632
298683
290321
277328
285262
281688
285182
281660
290374
317457
308248
308315
303567
312600
312593
303564
290797
299335
299389
294900
286235
286239
294894
257321
252824
249177
245383
257297
252849
249166
282165
269388
277755
273723
269405
277747
273698
261299
253144
265306
257062
261313
253136
265294
265098
268807
261420
273465
261406
273418
265115
257356
245404
253102
249166
253031
249160
257395
282126
269380
277751
273667
277747
273680
269378
261291
257051
253125
265274
253128
265282
261287
225639
221888
217694
214437
225636
221913
217653
236835
245004
240550
248724
236863
244995
240528
228931
221042
232388
224371
228964
221006
232357
233147
237351
230062
241322
230129
241309
233106
225648
214460
222070
217618
222055
217639
225635
236807
248704
244955
240481
244977
240504
236771
228901
224341
220960
232304
220984
232323
228876
194724
191878
186491
184429
194774
191799
186395
205254
213215
208437
216289
205323
213153
208394
197383
189977
200442
192416
197452
189809
200389
202069
206968
199372
210068
199411
210126
202041
194694
184562
191724
186467
191786
186527
194688
205214
216248
213039
208331
213090
208358
205161
197316
192454
189670
200310
189839
200349
197266
493443
484613
479096
470918
493327
484701
479119
516629
534513
526149
542761
516469
534837
526264
501413
486987
510591
495563
501338
486977
510622
508364
514775
498971
524312
498852
524026
508491
493527
470904
484806
479105
484765
479120
493586
516736
542878
535170
526336
534971
526319
516806
501455
495474
486906
510576
486950
510617
501469
439194
432128
426673
419681
439321
432025
426541
459594
473283
466908
480950
459724
473230
466743
446221
433417
453200
439791
446377
433260
453020
452104
457543
444517
465346
444600
465387
452000
439065
419575
431822
426291
431922
426411
438943
459456
480814
473033
466425
473140
466581
459316
446068
439618
432962
452688
433106
452849
445922
379445
373570
379336
390591
384669
390708
384570
408474
420856
414761
427022
408615
420703
414617
385085
390976
384962
396570
402703
396699
402568
402148
407497
395777
413959
395866
414079
402045
373486
379153
379237
390483
384398
384478
390390
408337
426844
420398
414298
420545
414446
408213
390790
384747
384837
396439
402268
402422
396326
273343
269302
264726
260881
273324
269309
264758
295512
299969
295579
286407
290532
286367
290659
277382
268520
281275
272339
277348
268588
281369
286540
290945
291008
282158
277880
277890
282158
273357
260884
269314
264810
269312
264778
273413
299992
295441
295558
286419
290683
290721
286400
277432
272448
268697
281497
268645
281463
277482
239218
235800
230881
227594
239185
235786
230899
251139
259724
254466
263353
251070
259795
254581
242492
233952
245708
237153
242437
234012
245799
247704
252449
244090
256193
244097
256181
247724
239235
227580
235760
230904
235761
230896
239234
251187
263461
259912
254705
259865
254662
251229
242551
237229
234074
245924
234046
245854
242584
206053
203117
197776
195146
206068
203062
197653
217186
225490
220092
228553
217189
225527
220132
208719
200757
211684
203006
208742
200576
211664
214313
219362
211228
222521
211262
222535
214292
206024
195128
202966
197499
203012
197643
205981
217192
228605
225567
220131
225546
220150
217180
208674
202956
200327
211530
200519
211606
208616
525382
518315
509621
502714
525481
518242
509474
547359
565961
553453
571184
547416
566084
553375
530865
515274
536939
520804
530962
515130
536804
541885
552673
534278
559087
534348
558987
541829
525285
502578
518059
509207
518156
509336
525186
547268
571071
566102
553169
566059
553281
547179
530776
520680
514881
536601
515000
536697
530690
465633
459696
452293
446067
465829
459501
452087
485479
500209
491125
505598
485665
500050
490945
471365
457909
477006
463099
471557
457730
476804
479523
487678
473077
494009
473244
494154
479359
465447
445883
459143
451711
459316
451888
465275
485306
505458
499767
490586
499903
490763
485145
471183
462916
457383
476416
457551
476605
471012
402040
396503
401917
413888
408467
414029
408332
431674
444615
436970
449722
431832
444441
436819
407475
412373
407374
419274
424466
419408
424336
426051
432881
420179
438551
420333
438713
425894
396305
401637
401753
413732
408011
408156
413568
431519
449554
444123
436533
444273
436673
431367
412265
407116
407248
419133
424090
424211
418990
289040
285139
279622
276061
288940
285243
279729
312063
315960
312193
302514
306194
302409
306266
292844
283333
296518
287066
292750
283420
296592
304305
308369
308430
298697
294776
294750
298728
289126
276182
285389
279897
285338
279806
289197
316014
312249
312260
302587
306379
306329
302624
292922
287128
283569
296720
283496
296655
292994
252166
248873
243152
240211
252078
248961
243255
264727
273902
268059
277508
264664
273989
268100
255462
246336
258658
249395
255390
246369
258687
261408
267061
258117
270627
258031
270555
261507
252289
240292
249152
243450
249053
243369
252401
264790
277566
274134
268177
274061
268143
264862
255515
249395
246437
258741
246403
258714
255573
216833
214182
208064
205652
216887
214139
207859
228284
237212
230952
240065
228306
237229
230912
219152
210590
221783
212388
219207
210400
221712
225645
231537
222884
234480
222910
234443
225615
216754
205583
213981
207569
214065
207812
216676
228265
240041
237249
230832
237241
230876
228235
219087
212316
210110
221560
210325
221639
219018
545648
541244
529842
525326
545786
541090
529673
563202
581991
567090
581032
563266
582056
567112
548613
532728
551255
536331
548754
532565
551246
561527
575351
556855
579168
556982
579221
561414
545505
525178
540828
529352
540953
529505
545368
563144
580933
582025
566906
581994
566985
563105
548475
536144
532246
551001
532402
551093
548342
486172
481965
472786
468111
486409
481731
472572
503758
518787
507993
522042
503969
518570
507820
490677
477028
494542
481370
490949
476766
494367
499903
510162
495392
514384
495579
514563
499715
485944
467926
481319
472202
481516
472377
485763
503550
521899
518205
507467
518380
507621
503359
490422
481117
476290
493949
476512
494130
490192
417128
433736
429254
421754
433877
429126
421621
450283
464026
455115
467561
450466
463809
454976
438299
425881
442222
430157
438478
425712
442097
446068
454475
441386
458830
441525
458998
445927
417024
433610
428882
421404
429003
421508
433491
450117
467368
463414
454613
463620
454761
449952
438142
429929
425420
441902
425556
441943
438009
382889
371941
382845
387236
376170
387319
376116
402397
414532
407151
418415
402531
414398
406989
391818
380433
395686
384884
391922
380358
395597
405274
393867
393928
398241
409701
409803
398156
371909
382741
382797
387152
376013
376063
387073
402271
418260
414177
406695
414275
406787
402159
391715
384791
380229
395417
380288
395479
391617
339940
329940
339954
344002
333718
343989
333773
358157
369526
362724
373352
358195
369491
362678
348327
337675
351769
341784
348330
337686
351779
360909
350356
350354
354385
365040
365062
354411
329979
340000
339969
344031
333834
333808
344067
358166
373296
369446
362647
369463
362610
358182
348334
341732
337695
351795
337697
351746
348337
304082
300310
294222
290754
304056
300368
294237
317332
327794
321360
331391
317328
327842
321363
308039
297904
311297
301801
308045
297901
311287
319941
313882
310239
323801
310188
323773
313925
304113
290818
300473
294297
300423
294265
304141
317336
331401
327887
321361
327869
321345
317378
308058
301763
297931
311272
297909
311253
308099
265334
261980
255697
252541
265331
261974
255675
278228
288368
281934
291762
278207
288371
281937
269008
258850
272083
262142
269011
258844
272088
274934
281061
271594
284508
271569
284474
274958
265318
252515
261976
255630
261978
255654
265306
278246
291745
288370
281917
288364
281916
278272
269002
262114
258831
272023
258832
272036
268989
226614
224102
216957
214908
226721
224006
216786
239265
249379
242717
252458
239352
249338
242649
229646
219505
232734
222297
229743
219347
232634
236240
242876
233451
245808
233520
245833
236178
226517
214834
223833
216585
223919
216723
226425
239172
252406
249247
242484
249290
242558
239082
229559
222255
219162
232459
219287
232536
229477
460004
449996
446472
437015
460098
449895
446391
481916
497501
491389
506248
481936
497590
491406
468398
455024
477155
463201
468455
454950
477146
472877
475347
462945
487081
463032
487038
472835
459918
436904
449689
446268
449784
446321
459867
481870
506184
497569
491428
497525
491413
481827
468325
463175
454843
477138
454884
477134
468273
410169
401873
398292
390485
410189
401849
398291
429519
442037
437058
449795
429555
441972
437002
417458
405631
424588
412498
417473
405600
424537
421493
424806
413475
433706
413558
433757
421445
410145
390481
401780
398284
401829
398291
410111
429496
449751
441896
436947
441924
436963
429479
417453
412456
405562
424479
405576
424499
417446
365967
358902
355392
349196
365956
358933
355430
382912
394017
389373
400654
382958
393967
389318
372188
361626
378231
367496
372209
361619
378184
375924
379294
369494
387009
369582
387021
375919
365964
349194
358935
355458
358959
355463
365919
382871
400602
393897
389229
393924
389274
382839
372166
367479
361610
378107
361621
378143
372136
326584
320847
316903
311868
326521
320919
316997
346855
341367
351359
356938
341374
351350
346844
336837
331694
322063
327101
331690
322097
336837
335696
339488
330470
345634
330536
345619
335698
326650
311935
321002
317130
321006
317090
326667
341376
356922
351359
346846
351355
346841
341391
331717
327132
322213
336860
322157
336844
331741
290518
285448
281732
277445
290443
285550
281790
308224
303610
312624
317381
303580
312663
308232
299314
294933
286250
290739
294906
286279
299320
298848
302715
294664
308023
294661
307952
298875
290602
277517
285788
281925
285758
281863
290661
303651
317404
312769
308296
312715
308257
303695
294970
290761
286382
299371
286324
299339
295008
257462
253285
249185
245411
257439
253300
249204
269396
277769
273662
282087
269384
277791
273667
261301
253138
265275
257049
261295
253150
265293
265156
269328
261418
273682
261520
273652
265195
257477
245456
253342
249198
253353
249215
257483
269443
282110
277872
273757
277822
273710
269493
261330
257067
253162
265358
253157
265318
261354
225598
222116
217602
214565
225617
222115
217562
236777
244931
240466
248668
236770
244921
240464
228855
220947
232288
224294
228859
220921
232297
233076
237573
229943
241276
229954
241301
233105
225612
214640
222177
217545
222178
217541
225635
236812
248677
244917
240505
244912
240475
236846
228857
224299
220872
232317
220893
232296
228866
194706
191774
186629
184461
194705
191766
186550
205073
212984
208308
216175
205115
212942
208276
197193
189724
200266
192240
197231
189582
200217
201977
206944
199539
209953
199526
209966
201961
194703
184556
191769
186566
191779
186663
194684
205045
216158
212899
208202
212914
208244
205015
197156
192244
189473
200096
189615
200162
197104
493650
484830
479083
470827
493625
484843
479060
516852
535193
526305
543070
516837
535293
526253
501454
486850
510507
495097
501465
486789
510415
508667
515500
499164
524654
499136
524580
508705
493671
470806
484863
479040
484851
479043
493699
516850
542993
535303
526133
535269
526188
516846
501445
494964
486684
510245
486731
510322
501450
438735
431733
426183
419313
438832
431652
426088
459054
472921
466276
480382
459181
472813
466133
445669
432831
452540
439181
445788
432715
452405
451727
457389
444286
465148
444321
465190
451664
438654
419250
431558
425930
431596
426004
438589
458940
480247
472632
465890
472714
466002
458845
445564
439063
432518
452181
432611
452285
445474
379085
390244
384329
373313
390310
384272
379037
408011
420266
414166
426390
408104
420154
414051
384691
396157
402128
390362
396231
384671
402020
401810
407192
395521
413604
395577
413683
401748
390188
373280
384181
378972
384223
379002
390141
407938
426277
419960
413873
420056
413959
407867
396097
390335
384640
401885
384658
401940
396052
341993
336783
346767
346856
332043
341995
336863
373271
368045
362468
362580
378899
373395
368157
341946
357058
351972
352031
347015
341978
357174
357403
362541
352210
367990
352205
367996
357429
346929
332054
342023
336971
342003
336924
346983
362674
379008
373490
368182
373461
368201
362736
352108
347111
342065
357368
342025
357300
352173
303971
299776
308584
308596
295221
303971
299755
332178
327474
322841
322788
337032
332182
327460
304481
317904
313618
313522
308802
304380
317925
317822
322319
313049
327178
313030
327143
317845
308601
295241
304018
299797
303983
299766
308647
322759
337110
332207
327570
332189
327528
322760
313460
308747
304360
318040
304350
317987
313448
273455
269338
264847
260925
273423
269365
264863
295309
286386
290588
299564
286373
295275
290564
277521
268727
281505
272611
277500
268759
281527
282209
286511
277976
290930
277931
290885
282263
273495
260959
269460
264963
269404
264906
273560
286423
299545
295325
290628
295286
290574
286485
277563
272666
268871
281632
268809
281565
277630
239253
235760
230892
227559
239252
235769
230886
251307
259938
254767
263668
251261
259992
254832
242649
234099
245967
237331
242622
234115
246010
247779
252487
244125
256331
244101
256295
247796
239263
227565
235808
230887
235784
230885
239278
251352
263728
260089
254934
260044
254889
251384
242675
237341
234121
246084
234121
246048
242696
205854
202914
197488
194806
205920
202857
197335
217109
225577
220093
228640
217154
225571
220036
208472
200289
211440
202520
208545
200115
211352
214171
219308
211063
222457
211118
222478
214113
205779
194780
202704
197142
202784
197304
205702
217058
228618
225527
219913
225553
219977
216996
208393
202471
199919
211180
200074
211261
208315
525004
517944
509088
502158
525095
517806
508977
547015
565971
553061
570828
547091
565925
552978
530548
514774
536516
520349
530613
514679
536438
541556
552423
533605
558817
533818
558910
541437
524908
502009
517488
508767
517649
508867
524819
546943
570637
565734
552854
565783
552909
546884
530498
520253
514519
536332
514595
536368
530455
464972
458985
451549
445418
465116
458842
451403
484859
499640
490422
505061
484995
499524
490276
470709
457226
476244
462460
470853
457084
476096
478952
487089
472532
493532
472647
493632
478850
464845
445292
458605
451161
458714
451274
464741
484740
504947
499335
490056
499421
490151
484645
470582
462341
456848
475876
456957
475972
470479
401533
413310
407867
395917
413427
407746
401460
431106
443976
436411
449141
431222
443839
436296
406991
418716
423970
411955
418846
406883
423876
425514
432319
419724
438034
419815
438146
425417
413225
395892
407593
401367
407657
401409
413152
430995
449022
443602
436093
443714
436188
430893
418627
411885
406727
423710
406784
423786
418544
363112
357719
368168
368084
352738
363028
357593
395450
389189
384373
384244
400346
395340
389113
362737
378132
373413
373282
367153
362564
378032
378883
384498
373594
389879
373650
389881
378858
368041
352586
362858
357519
362928
357546
368013
384164
400291
395218
389031
395265
389066
384112
373179
367060
362416
377903
362466
377949
373123
322955
317929
327475
327304
313285
322794
317713
352113
346115
341880
341740
356386
351935
346067
321973
335887
331774
331700
325956
321932
335876
337145
342405
332475
347145
332523
347175
337116
327235
313220
322710
317634
322714
317645
327221
341678
356321
351817
346060
351845
346048
341661
331674
325987
321941
335923
321920
335896
331664
289293
285433
279969
276378
289244
285469
280041
312198
302683
306428
316115
302651
312199
306485
293116
283639
296786
287326
293053
283715
296860
298738
303872
294758
308100
294724
308092
298779
289357
276444
285589
280214
285516
280124
289442
302729
316166
312254
306633
312220
306553
302791
293199
287389
283895
297025
283801
296940
293302
252551
249238
243498
240463
252488
249317
243529
264995
274220
268226
277744
264929
274291
268276
255688
246470
258771
249413
255631
246501
258804
261737
267367
258432
270962
258374
270878
261802
252602
240485
249424
243573
249380
243553
252649
265059
277802
274443
268372
274367
268327
265120
255744
249427
246556
258866
246531
258839
255795
216487
213892
207538
205074
216584
213798
207294
228156
237254
230786
239989
228203
237253
230731
218858
210066
221472
211902
218941
209825
221382
225474
231567
222661
234456
222729
234470
225412
216379
205017
213613
207035
213702
207240
216291
228103
239972
237230
230605
237246
230669
228034
218751
211860
209585
221184
209772
221285
218630
545110
540707
529212
524790
545235
540597
529093
562970
581899
566624
581019
563026
581934
566495
548093
532100
550861
535697
548209
531983
550817
561079
574924
556403
578515
556494
578664
560986
545012
524678
540428
528950
540503
529002
544968
562900
581098
581915
566324
581895
566310
562846
547992
535514
531811
550698
531903
550732
547892
485489
481148
472027
467462
485610
481003
471897
503049
518042
507236
521476
503186
517903
507068
489811
476089
493672
480424
489988
475907
493511
499322
509590
494883
513898
494968
513974
499253
485395
467353
480803
471711
480889
471790
485331
502948
521356
517652
506740
517780
506844
502873
489681
480141
475632
493194
475743
493272
489598
433289
428769
421306
416756
433389
428677
421217
449660
463210
454370
466978
449791
463041
454237
437780
425293
441829
429654
437876
425218
441795
445560
453952
440976
458338
441060
458429
445470
433196
416695
428521
421088
428592
421149
433114
449556
466832
462803
454016
462904
454064
449506
437698
429587
425124
441754
425164
441734
437642
382678
386929
375964
371707
386996
382611
375907
402006
414082
406599
418187
402060
414000
406566
391422
380165
395309
384566
391518
380071
395267
397971
405003
393669
409419
393714
409462
397958
386871
371645
382494
375797
382548
375834
386825
401958
418131
413854
406371
413916
406432
401909
391367
384394
379898
395099
379972
395120
391324
340021
344087
333854
330077
344076
340040
333881
358203
369424
362563
373311
358173
369400
362535
348373
337680
351797
341612
348350
337679
351894
354474
360743
350417
364968
350383
364969
354489
344101
330105
340116
333954
340075
333912
344122
358241
373290
369302
362508
369338
362478
358270
348369
341571
337739
351988
337697
351948
348383
304225
300532
294337
290990
304178
300603
294392
317476
327886
321354
331537
317432
327886
321392
308127
297944
311311
301674
308117
297961
311411
314075
320098
310510
323958
310427
323905
314139
304274
291045
300736
294515
300673
294459
304305
317522
331539
327939
321425
327901
321400
317580
308163
301598
298021
311514
297993
311482
308200
265237
261969
255599
252447
265275
261962
255573
278304
288383
281896
291750
278290
288397
281910
268988
258844
272010
262079
268988
258855
272018
274975
281222
271679
284628
271661
284591
274970
265201
252438
261957
255533
261959
255550
265175
278314
291745
288408
281906
288400
281904
278321
268982
262066
258836
272019
258851
272019
268971
226278
223750
216579
214493
226348
223664
216473
238938
249225
242415
252270
239002
249205
242367
229346
219163
232410
222067
229407
219072
232367
236049
242727
233241
245742
233284
245756
236021
226233
214483
223500
216404
223582
216512
226194
238894
252245
249161
242294
249182
242325
238865
229304
222089
219024
232310
219105
232335
229269
459859
449608
446234
436726
459847
449506
446225
481802
497416
491452
506192
481775
497543
491527
468280
454833
477167
463211
468254
454842
477234
472863
476093
462664
487090
462619
486868
472856
459876
436805
449398
446269
449426
446241
459875
481843
505810
497614
491760
497214
491633
481932
468326
463271
454925
477448
454876
477327
468408
410010
401741
398260
390430
410068
401612
398221
429479
441890
436947
449758
429472
441908
436969
417442
405555
424476
412429
417441
405558
424497
421334
424680
413099
433619
413124
433611
421324
409947
390467
401467
398158
401501
398177
409913
429512
449822
441999
437063
441949
437017
429551
417451
412461
405601
424587
405574
424549
417454
365868
358976
355461
349079
365891
358929
355466
382796
393887
389189
400493
382813
393899
389146
372053
361595
378082
367422
372095
361579
378047
375949
379386
369362
386980
369377
386993
375958
365852
349135
359002
355440
358998
355447
365826
382794
400488
393988
389110
393948
389111
382817
371998
367397
361550
378006
361551
378016
371983
326643
321052
317161
311951
326656
320996
317155
341416
351351
346841
356888
341401
351348
346843
331760
322246
336868
327210
331750
322272
336865
335723
339567
330296
345607
330339
345587
335753
326628
312025
320907
317126
320989
317148
326612
341429
356890
351354
346868
351339
346848
341446
331769
327222
322302
336871
322299
336856
331785
290707
285908
281961
277542
290689
285891
281983
303797
312818
308349
317516
303750
312860
308400
295077
286436
299428
290896
295048
286476
299478
299015
303007
294630
308111
294628
308113
299051
290722
277631
285908
281983
285931
281997
290721
303838
317553
312912
308471
312897
308444
303867
295108
290929
286539
299541
286524
299521
295122
257499
253388
249186
245540
257491
253332
249183
269633
277922
273815
282240
269559
277965
273880
261418
253167
265423
257213
261384
253178
265495
265293
269392
261433
273728
261414
273719
265320
257516
245589
253263
249201
253292
249194
257526
269712
282295
278046
273982
278022
273952
269740
261461
257263
253204
265580
253195
265567
261481
225680
222198
217563
214728
225662
222169
217573
236931
244930
240537
248764
236881
244970
240577
228910
220867
232344
224328
228886
220866
232368
233223
237594
230029
241351
229962
241309
233240
225703
214764
222155
217598
222154
217590
225712
236981
248800
245035
240649
245012
240621
237007
228945
224330
220896
232393
220883
232388
228967
194604
191762
186584
184375
194656
191718
186416
204968
212896
208165
216112
204991
212897
208132
196975
189438
200020
191828
197043
189261
199947
201946
206991
199588
210017
199559
209987
201949
194543
184371
191625
185971
191633
186347
194536
204955
216104
212921
208093
212909
208108
204951
196908
191770
188878
199880
189224
199879
196910
493813
484887
479057
470835
493744
484933
479099
516874
535248
526100
542926
516844
535355
526106
501535
486659
510208
494718
501477
486670
510203
508938
515795
499362
525010
499269
524560
509083
493915
470897
485143
479232
485021
479167
494037
516926
542705
535583
526296
535157
526163
517025
501634
494717
486783
510347
486724
510250
501771
438516
431540
425871
419153
438542
431551
425825
458744
472580
465806
480009
458776
472560
465761
445361
432439
452099
438793
445404
432375
452047
451639
457438
444365
465235
444323
465191
451670
438530
419151
431620
425791
431587
425792
438555
458749
480007
472613
465779
472577
465755
458781
445349
438740
432314
452033
432326
452026
445358
390041
384146
378938
373209
390094
384105
378905
407725
419876
413788
426001
407786
419804
413721
395944
384624
401817
390242
396000
384592
401757
401573
406991
395358
413405
395364
413413
401565
390008
373194
384077
378891
384075
378883
390010
407676
425940
419738
413667
419746
413669
407671
395908
390221
384590
401728
384574
401718
395914
347069
342045
337012
332137
347028
342049
337049
362804
373508
368186
379008
362768
373509
368184
352289
342118
357436
347254
352235
342170
357480
357479
362526
352223
367985
352207
367971
357488
347103
332156
342060
337142
342042
337088
347123
362832
378999
373532
368216
373509
368196
362854
352325
347290
342243
357554
342203
357525
352352
308716
304053
299835
295344
308684
304087
299879
322802
332243
327595
337231
322778
332272
327616
313471
304386
318059
308869
313452
304427
318080
317932
322432
313179
327328
313148
327277
317949
308741
295363
304132
299932
304119
299914
308749
322828
337254
332360
327662
332305
327635
322866
313491
308908
304472
318097
304461
318096
313500
273731
269540
265033
261152
273643
269624
265113
286635
295380
290701
299723
286557
295442
290783
277800
268945
281713
272898
277712
269026
281800
282490
286699
278209
291137
278179
291109
282523
273824
261229
269724
265233
269706
265208
273850
286719
299794
295531
290913
295506
290872
286754
277897
273004
269153
281944
269125
281903
277931
239328
235835
230894
227585
239300
235855
230904
251445
260141
254977
263922
251415
260198
255016
242738
234120
246111
237348
242718
234125
246132
247865
252667
244235
256495
244213
256481
247875
239350
227579
235872
230909
235867
230912
239356
251475
264003
260282
255064
260267
255055
251481
242758
237353
234135
246159
234134
246150
242766
205538
202609
197076
194371
205617
202527
196869
216868
225499
219855
228534
216934
225474
219803
208152
199868
211098
202038
208231
199688
211032
213949
219236
210888
222386
210913
222396
213924
205452
194303
202427
196401
202442
196779
205437
216814
228513
225441
219730
225454
219761
216784
208055
201953
199269
210937
199625
210954
208026
524717
517330
508693
501640
524751
517225
508654
546794
565601
552830
570429
546823
565667
552863
530414
514457
536329
520127
530429
514412
536320
541173
551660
533174
558329
533163
558004
541201
524715
501596
517260
508633
517207
508629
524757
546785
570110
565882
552992
565454
552902
546819
530420
520111
514402
536402
514389
536334
530468
464629
458520
451070
445012
464666
458469
451006
484561
499270
490005
504791
484586
499234
489999
470384
456764
475821
462129
470412
456713
475808
478745
486784
472408
493424
472393
493411
478755
464626
444962
458456
450963
458447
450965
464625
484561
504776
499234
490019
499215
489998
484575
470392
462114
456692
475837
456688
475814
470403
413035
407529
401335
395838
413089
407476
401308
430734
443507
436016
448783
430804
443441
435958
418410
406682
423647
411763
418471
406647
423597
425213
431967
419534
437799
419528
437803
425222
413004
395823
407459
401321
407440
401293
413027
430694
448758
443393
435941
443398
435927
430705
418382
411750
406651
423594
406628
423578
418401
368014
362852
357508
352477
368014
362845
357496
384085
395183
389000
400209
384091
395170
388978
373091
362402
377874
367044
373106
362398
377862
378895
384517
373636
389925
373604
389895
378922
368023
352473
362889
357533
362849
357499
368056
384082
400201
395183
389005
395163
388972
384096
373090
367074
362450
377903
362411
377870
373111
327215
322708
317640
313314
327216
322721
317662
341691
351816
346089
356393
341669
351830
346129
331709
321970
335959
326127
331681
322013
336000
337101
342285
332495
347163
332454
347126
337141
327230
313355
322788
317714
322742
317693
327261
341730
356438
351927
346195
351867
346166
341779
331752
326169
322082
336056
322062
336040
331780
289640
285686
280317
276715
289540
285771
280427
302963
312314
306717
316367
302870
312390
306795
293504
284001
297115
287619
293400
284109
297200
299021
304095
295049
308287
295002
308263
299067
289756
276835
285937
280596
285885
280550
289809
303059
316430
312486
306922
312456
306881
303110
293618
287714
284263
297334
284221
297298
293667
252736
249453
243595
240513
252695
249479
243619
265225
274520
268409
277967
265177
274593
268438
255873
246579
258881
249434
255838
246596
258892
261966
267678
258586
271250
258573
271219
261983
252763
240523
249511
243631
249502
243632
252770
265271
278025
274698
268483
274674
268467
265288
255898
249441
246604
258916
246603
258906
255904
216118
213527
206967
204610
216198
213449
206763
227867
237210
230559
239919
227946
237189
230504
218438
209534
221083
211418
218524
209361
221031
225225
231465
222443
234385
222478
234393
225196
216038
204544
213321
206315
213353
206689
216025
227821
239917
237164
230455
237167
230478
227796
218356
211367
208954
220972
209313
220974
218333
544866
540369
528884
524472
544899
540311
528822
562751
581894
566249
581666
562752
581954
566384
547787
531696
550593
535203
547824
531601
550574
561013
574277
556248
578205
556242
577853
561140
544877
524444
540317
528796
540284
528789
544940
562767
581599
582262
566407
581872
566387
562802
547782
535130
531489
550423
531524
550491
547845
485199
480746
471653
467170
485262
480722
471610
502697
517545
506580
521050
502777
517484
506550
489448
475562
493080
479687
489533
475520
493106
499131
509368
494835
513780
494809
513753
499151
485172
467150
480735
471588
480718
471577
485183
502650
520858
517504
506456
517467
506449
502653
489366
479570
475506
493000
475485
492978
489360
432998
428466
421038
416568
433044
428431
421004
449486
462733
453906
466795
449478
462686
453993
437572
425083
441738
429507
437598
425073
441825
445369
453731
440882
458282
440872
458246
445423
432966
416556
428439
421013
428431
420987
432991
449529
466745
462825
454109
462738
454051
449597
437580
429456
425118
441758
425078
441787
437639
386790
382458
375782
371637
386796
382437
375807
401903
413801
406268
418098
401890
413780
406291
391256
379868
395080
384094
391272
379870
395161
397963
404893
393684
409398
393647
409363
398004
386800
371652
382484
375879
382446
375837
386837
401947
418039
413842
406301
413769
406244
401985
391261
384007
379972
395106
379925
395103
391275
344182
340158
334003
330271
344150
340205
334060
358391
369298
362491
373380
358314
369334
362568
348448
337790
351996
341665
348409
337846
352101
354582
360878
350579
365069
350544
365034
354609
344208
330328
340276
334138
340252
334117
344226
358476
373361
369492
362740
369407
362637
358528
348495
341672
337925
352150
337907
352147
348534
304362
300799
294544
291162
304325
300857
294558
317706
327988
321397
331671
317653
328038
321439
308207
298038
311468
301453
308217
298051
311472
314290
320363
310758
324121
310726
324102
314301
304394
291216
300947
294564
300931
294567
304397
317742
331631
328155
321511
328096
321476
317762
308202
301427
298030
311376
298044
311420
308215
265158
261952
255521
252434
265163
261946
255512
278325
288415
281883
291723
278322
288425
281886
268940
258813
272006
262056
268956
258788
271989
274958
281306
271716
284689
271710
284683
274955
265160
252436
261954
255498
261950
255503
265163
278332
291684
288474
281905
288444
281892
278343
268929
262055
258738
271864
258763
271937
268936
226141
223413
216445
214239
226170
223372
216314
238839
249141
242270
252227
238850
249126
242254
229234
219094
232297
221877
229250
218944
232251
235965
242681
233135
245721
233150
245720
235943
226100
214225
223316
215924
223323
216292
226103
238837
252196
249157
242263
249127
242252
238830
229194
221854
218535
232099
218905
232158
229197
)
;

boundaryField
{
    inlet
    {
        type            zeroGradient;
    }
    outlet
    {
        type            fixedValue;
        value           uniform 0;
    }
    seabed
    {
        type            zeroGradient;
    }
    top
    {
        type            zeroGradient;
    }
    side1
    {
        type            zeroGradient;
    }
    side2
    {
        type            zeroGradient;
    }
    submarine
    {
        type            zeroGradient;
    }
}


// ************************************************************************* //
