/*--------------------------------*- C++ -*----------------------------------*\
  =========                 |
  \\      /  F ield         | OpenFOAM: The Open Source CFD Toolbox
   \\    /   O peration     | Website:  https://openfoam.org
    \\  /    A nd           | Version:  10
     \\/     M anipulation  |
\*---------------------------------------------------------------------------*/
FoamFile
{
    format      ascii;
    class       volScalarField;
    location    "0.8";
    object      p;
}
// * * * * * * * * * * * * * * * * * * * * * * * * * * * * * * * * * * * * * //

dimensions      [0 2 -2 0 0 0 0];

internalField   nonuniform List<scalar> 
12920
(
113599
256135
276775
300439
284519
291937
276016
267586
251433
237841
220171
203386
183712
164098
142139
120587
97881.2
74703.6
54356.3
34472.7
30397.8
234486
264783
292402
285861
291333
277076
268468
252666
238246
220456
203417
183916
164234
142471
120710
97741.7
74546.1
54184
34340.7
186414
383377
317234
336619
306400
306560
285855
275944
257503
242953
223899
206244
185498
165168
143080
121050
97757.6
74550.1
54085.6
34220.5
407628
431079
322948
331168
309429
310608
293836
282026
263496
247166
227658
208652
187621
166560
144278
121914
98327.2
74859
54185.1
34128.6
382038
440389
341660
354178
330142
327936
305296
292843
271500
254660
233276
213636
191195
169433
146312
123355
99333.6
75478.9
54426.7
34074.6
428080
475289
365277
366080
328396
337224
313869
302143
280949
260556
239727
217904
195480
172525
149183
125461
100863
76415
54902.1
34072.1
284867
443319
352421
381868
350202
356006
331661
319152
292256
269633
246256
224562
200629
177642
152671
128193
102714
77645.6
55488.1
34098.6
471860
467150
381398
406046
372134
371975
351374
331331
307430
281365
257509
236038
212106
187878
157312
131391
105132
79210.7
56336.3
34159.2
207233
464914
400621
430295
397671
391987
367996
347373
320734
296458
272549
248365
223386
197065
167227
134849
107962
81068.2
57360
34285.5
383348
495800
410608
445098
420131
413987
388909
362943
335473
310535
285550
259446
232561
205031
173673
139493
111353
83379.7
58579.3
34523.2
767170
616303
477341
490952
447219
436319
407854
381135
353821
327012
299660
271430
242135
213141
180071
144390
115008
85834.7
59941.8
34840
540824
621385
515358
529029
483838
467990
434476
403543
373579
343610
313374
282513
251794
220987
187646
149262
118505
88303.2
61277
35154
500599
654053
593577
583827
522097
500227
460834
427458
392466
358949
324949
291977
258682
226097
185607
153808
122015
90793.3
62634.6
35441.5
623234
751984
646349
634482
561659
532527
480100
446185
403293
369566
329685
295531
258438
224954
190630
157863
124799
92486.8
63497.7
35620.1
780167
822447
706035
679682
593448
565316
501827
465872
418956
382139
340656
304047
265913
230536
195335
161513
127288
94279.5
64466.2
35825.9
971529
907928
778945
726840
637784
600656
530103
489896
433307
395648
349840
312243
271970
235764
199239
164637
129641
95895.4
65286.8
36001.9
1.1374e+06
1.00814e+06
823249
769077
669040
627830
546794
508235
444446
405735
357577
319025
277399
240449
202818
167336
131578
97247.3
65995.7
36094.4
1.00518e+06
1.03998e+06
848135
798051
697331
650525
567374
524022
457788
415660
364789
325027
281759
243919
205167
169143
132858
98149.1
66509.7
36196.8
1.00564e+06
990341
863277
815033
718518
664647
578790
535352
463206
422566
368844
328942
284450
246268
206928
170619
133891
98839.1
66854.8
36250.1
927696
976119
856705
833785
727685
673848
587185
539378
470546
426079
372229
331005
286104
247450
207848
171328
134397
99134.2
66982.4
36222.7
147943
268338
281509
303287
284632
291388
275749
267208
251121
237755
220089
203370
183855
164150
142220
120470
97827.3
74614.2
54314.3
34448.2
68023.3
249243
271978
294091
286186
291403
276865
268031
251944
237554
219948
203120
183815
164214
142484
120645
97662.4
74485.8
54155.9
34327.9
154954
393997
324163
337283
306747
306631
285731
275766
257297
242808
223844
206199
185509
165149
143062
121027
97729.4
74534.8
54074.8
34218.3
384137
421361
321535
330831
308974
310787
294600
282145
263343
247128
227574
208607
187634
166548
144278
121904
98321.1
74859.3
54183.5
34131.9
434343
449727
345148
354248
330222
328088
305312
292855
271525
254676
233289
213648
191197
169436
146306
123352
99331.9
75479.5
54427.1
34079.5
420253
459875
372568
365460
328281
337288
314133
302268
281145
260606
239696
217883
195460
172518
149184
125459
100862
76415.6
54903.3
34078.8
97525.1
449810
359490
380565
352438
355385
331784
318867
292191
269789
246220
224556
200619
177634
152665
128191
102713
77644.6
55489.3
34104.8
407958
458054
376329
405457
374219
371503
352195
330568
307106
281725
257570
235986
212140
187888
157298
131376
105126
79205.2
56337.1
34166.6
372889
448043
404943
431720
398513
391433
368307
347017
320373
296642
272547
248423
223441
197069
167233
134829
107943
81056
57357.9
34292.1
268695
456658
408449
445794
420559
413859
387685
362680
334963
310576
285592
259427
232535
204991
173682
139465
111330
83364.7
58578.8
34532
662240
592864
478128
490473
447202
436298
407613
381195
353826
327065
299760
271365
242081
213145
180051
144359
114988
85820.2
59938.9
34843.6
533632
615105
513671
529120
482973
467509
434293
403036
373289
343544
313375
282503
251806
220992
187627
149261
118481
88286.1
61273
35159.4
610651
665707
595183
583633
521366
499289
460297
427359
392274
359025
324918
291980
258685
226098
185664
153809
121982
90781.3
62631.6
35444.3
701858
764292
646699
633135
560319
533309
479689
446460
402913
369545
329397
295368
258422
225067
190719
157846
124837
92466.2
63486
35618.5
768633
818292
700660
676453
592325
566015
500583
465861
418462
381898
340433
304047
265944
230556
195319
161503
127183
94292.8
64471.6
35828
949871
903048
784400
728759
637830
600723
528714
489762
432995
395564
349677
312233
271882
235670
199121
164525
129594
95849.7
65271.4
36001.2
1.03313e+06
987577
826865
769239
671479
628062
546652
509321
444262
405944
357406
318926
277227
240324
202695
167235
131534
97223.7
65989.7
36104.3
962881
1.03545e+06
849151
799033
698585
650676
566595
524459
457117
415615
364585
324933
281640
243830
205114
169117
132843
98147.5
66509
36204.7
1.05644e+06
990797
867603
813923
720329
663656
579102
535281
462267
422475
368621
328863
284401
246236
206905
170609
133888
98840.6
66856.3
36261
1.03591e+06
1.0086e+06
865871
839090
728218
673740
586990
539293
470461
426045
372195
330985
286094
247442
207843
171325
134396
99135.6
66984
36233.9
310744
310220
289428
304658
285227
291396
275689
266923
250816
237272
219782
203451
184153
164318
142515
120521
97686.4
74500
54251.4
34401.6
180879
276754
274282
295240
286294
291515
277276
268273
252496
238030
219788
202915
183805
164206
142546
120659
97597.2
74473.3
54117.9
34303.7
374882
363994
326315
338012
305902
306182
285435
275574
257132
242605
223828
206230
185573
165187
143079
121021
97704.4
74519.5
54061.3
34211.3
387794
404124
321339
331470
309285
310407
293660
281869
263254
247106
227577
208608
187639
166538
144280
121900
98318.6
74859.1
54180.5
34131.9
385654
421184
341054
352405
330848
328230
305150
292843
271533
254708
233317
213674
191190
169442
146306
123353
99330.5
75480.1
54426.6
34081.3
325127
443264
366522
365745
333100
336376
313815
302403
281379
260697
239698
217870
195436
172501
149183
125455
100860
76415.2
54903.8
34081.3
268145
444660
361570
380882
356058
354701
331275
318995
292671
270110
246283
224565
200606
177616
152657
128184
102710
77642
55489.9
34108.3
378744
462199
374225
408394
374764
371356
351364
330883
307586
282250
257743
235997
212134
187871
157277
131360
105118
79195.7
56336.9
34173.3
431886
446766
406997
434109
398179
391563
367836
347066
320400
296591
272579
248575
223399
197012
167224
134779
107917
81030.2
57351.6
34297.2
191516
431375
415415
447863
419946
413211
387148
362164
334664
311231
285809
259430
232463
204906
173679
139414
111290
83333.2
58572.2
34539.1
414004
544016
477934
489410
447495
436498
407506
381140
354313
325578
299942
271425
242013
213116
180018
144319
114954
85790.3
59930.4
34845.5
540330
611762
513474
529184
482565
466794
433606
402393
372765
343789
313553
282560
251782
220991
187618
149228
118434
88250.7
61264.6
35162.5
605483
671955
595398
583674
521107
499033
459849
427084
392022
358852
324943
291974
258676
226123
185741
153833
121966
90768.4
62625.2
35442.8
721932
764661
649773
630493
558686
533618
478709
446526
402230
369088
329006
295331
258481
225225
190770
157750
124845
92478.9
63488.3
35613.1
829078
826951
699884
673437
592159
567321
499515
466745
418099
381737
340361
304205
266045
230618
195290
161414
127124
94245
64454.8
35823.8
780076
876782
781395
728123
638076
601681
527778
490443
433357
395725
349622
312296
271869
235565
198850
164391
129509
95777.7
65242.6
35995.5
1.07957e+06
978811
833225
769231
676045
628607
547341
510418
444237
406367
357311
318795
276954
240081
202448
167094
131457
97183.9
65978.9
36111.9
1.1158e+06
1.02998e+06
854238
794659
702004
650932
567716
525345
456786
415586
364278
324730
281461
243702
205019
169082
132828
98140
66506.3
36209.1
1.18712e+06
1.02288e+06
873401
813322
720801
662000
580202
535283
461863
422257
368400
328787
284346
246202
206885
170594
133883
98838.2
66856.2
36264.7
1.03846e+06
979029
853038
840278
727316
672971
586766
539195
470387
426017
372101
330947
286069
247429
207834
171320
134394
99136.2
66984.7
36237.3
503190
356797
301563
307009
286029
291530
275723
266775
250634
237051
219466
203341
184317
164751
142784
120661
97629.7
74473.5
54194.9
34357.5
197595
292799
281045
297609
286929
291528
276838
267979
252315
238049
219796
202613
183728
164237
142572
120674
97549.4
74449.8
54097.5
34284
463814
376628
326893
339991
306115
306332
285157
275130
256946
242330
223724
206280
185675
165286
143100
121034
97696.2
74506.4
54053.1
34204.2
385222
393318
321161
333581
308805
309873
292938
281343
263072
246983
227620
208553
187676
166534
144270
121891
98317.9
74860.2
54177.5
34130.2
328599
406881
345979
354432
331377
328178
305228
292944
271565
254808
233421
213733
191215
169454
146301
123351
99330.2
75480.2
54425.5
34081.1
414982
440795
371023
367006
334498
336446
313983
302213
281644
260859
239745
217872
195426
172493
149181
125452
100859
76414.7
54903.9
34082.2
337883
455243
379240
383627
357619
354581
330992
318367
293497
270676
246460
224635
200601
177598
152645
128179
102707
77639.1
55489.9
34110.1
294471
478198
379173
406947
374806
370871
350062
332135
309365
282548
257719
236079
212111
187844
157254
131337
105106
79183.2
56335.6
34179.2
437438
449618
414290
433651
396716
392925
367590
347258
321211
297057
272711
248624
223269
196950
167216
134676
107875
80990.6
57340.4
34301.5
110603
410158
402437
446486
416970
412122
386608
362010
335257
311622
285850
259265
232357
204750
173692
139315
111216
83278.7
58559.2
34546.2
396756
516974
471688
487972
447916
436495
407277
381073
354567
327119
299880
271013
242051
213047
180043
144227
114884
85734.9
59916
34850.5
377437
604586
509406
528965
481049
466002
433002
402323
372792
343864
313491
282554
251753
220953
187655
149092
118356
88194.4
61253.8
35169.1
657728
681188
601775
583759
519663
498454
459369
426800
391401
358592
324970
292007
258634
226150
185718
153849
121946
90757.5
62615.4
35439.7
655140
764034
641971
627644
556919
533871
477962
446616
401743
368888
328731
295180
258495
225316
190833
157707
124824
92506.1
63493.7
35607.6
743187
825381
695499
669485
593681
567668
499377
467112
417893
381588
340157
304250
266108
230686
195174
161343
127094
94181.7
64424.5
35813.9
757326
872985
783581
727030
639503
602966
527248
490780
433349
395814
349614
312329
271747
235392
198651
164254
129439
95698.5
65205.7
35987.6
1.0367e+06
972053
838585
766790
678940
629470
548006
511344
444444
406651
357222
318740
276782
239899
202299
167011
131405
97150.3
65966.6
36115.8
915690
1.03292e+06
857973
792320
702747
650905
568247
526141
456275
415574
364141
324671
281345
243603
204957
169050
132815
98132.2
66501.8
36211.3
1.18442e+06
1.04028e+06
880869
813670
720858
661570
580338
535633
461303
422085
368253
328723
284300
246172
206865
170578
133876
98834.5
66855.3
36265.6
883407
984728
855355
841877
727539
673090
586979
539769
470165
425925
371951
330897
286043
247418
207827
171315
134390
99136.6
66985.8
36238.7
493692
382730
303980
307778
286475
291607
275785
266819
250647
236832
219235
203345
184212
164771
143028
120731
97611.1
74448.5
54174.5
34336
234967
306998
283327
298485
287108
291923
277113
268298
252248
238087
219836
202734
183617
164264
142655
120702
97540.8
74444
54089.5
34273.9
466253
378709
325324
339908
305909
306591
285043
275111
256940
242244
223646
206280
185701
165320
143147
121052
97691.7
74506.3
54048.9
34199.9
378328
375874
324698
335843
308390
309256
292196
281147
262889
246744
227887
208689
187686
166547
144262
121877
98317.5
74862.3
54175.7
34128.8
193052
383319
341346
353516
330555
328042
305046
292793
271600
254923
233596
213833
191220
169465
146307
123351
99329.7
75481.5
54424.9
34080.6
336184
428579
372655
367387
334909
335983
313964
302052
281848
261039
239819
217906
195429
172487
149180
125449
100858
76414.4
54903.7
34082.1
465291
449621
382825
384893
358121
354233
331059
318118
293836
271006
246577
224705
200614
177588
152635
128173
102707
77636.8
55489.6
34110.6
328984
465145
379971
405542
374461
370953
349483
332586
310535
282874
257805
236142
212063
187794
157190
131308
105103
79172.6
56333.2
34183.6
408000
451018
416722
433589
397320
392978
367069
347222
322104
297473
272724
248421
223072
196917
167237
134489
107828
80941.1
57322.2
34302.3
183443
412211
410635
447090
416062
412317
386940
361916
336141
311817
285772
259231
232254
204682
173800
139120
111129
83212.8
58536
34551.5
314995
504961
471014
487702
448833
435306
407215
380974
354807
327652
299793
271061
242028
212958
180204
144046
114799
85664.8
59891.5
34856.2
400358
586992
507831
529818
481102
466246
433208
402828
373108
343463
313452
282616
251719
220884
187847
148843
118262
88129.9
61237.1
35176.2
696838
686794
604686
585456
519312
498412
458834
426355
390818
358346
324909
292029
258637
226136
185649
153853
121939
90750
62599.5
35436.4
598398
757213
644434
625989
557019
534221
477011
446557
401422
368677
328555
295194
258514
225394
190864
157712
124817
92517.8
63503.6
35604
743194
829119
694509
667707
596303
566819
499389
467295
417680
381498
340119
304273
266148
230710
195053
161337
127067
94151
64402
35805
761037
869821
783595
727159
641084
603277
526908
491079
433449
395919
349619
312320
271631
235275
198575
164127
129425
95672.3
65179.7
35981.1
1.14609e+06
984923
841626
767137
681062
629640
548389
511526
444633
406805
357185
318682
276732
239834
202223
166953
131384
97132
65958.6
36116.5
981455
1.03564e+06
858787
790686
702233
650438
568623
526605
455891
415391
364077
324651
281287
243551
204921
169030
132808
98126.9
66499.3
36211.8
1.26686e+06
1.05292e+06
884067
813036
720551
662257
579912
536225
461559
422049
368230
328696
284280
246155
206856
170571
133871
98831.4
66854.8
36265.7
868345
964939
854603
841498
728716
673586
587085
540072
469769
425845
371870
330873
286031
247413
207823
171311
134388
99137
66987.8
36239.8
292341
322757
302782
311542
292445
322981
302806
266081
295811
276516
285897
266013
295980
276659
306987
339375
317983
326055
307070
339536
317678
280124
310301
287221
300030
280073
310143
287262
353361
382493
364578
368185
353181
382129
364627
327765
358744
338256
347186
327562
358594
338052
303137
331675
312581
320486
303160
331428
312566
278069
306767
288489
296596
278059
306774
288506
254141
282232
263057
272548
254104
282237
263043
229616
256647
236944
248394
229616
256620
236939
203539
230314
209852
223430
203555
230311
209851
176924
203062
182093
197077
176922
203042
182149
368990
401834
382626
388238
369045
401454
382675
342313
376237
355903
362828
342159
376363
355846
316165
348858
329280
335219
316507
348771
329263
291938
322731
302665
310574
291979
322751
302795
266058
295947
275381
285560
266029
295979
275336
239329
268378
246878
259420
239294
268339
246907
211928
239685
218260
232547
211911
239705
218215
183883
211137
188973
205003
183927
211118
189014
387656
426213
404670
407645
387640
426118
404564
360742
397651
375885
381201
360756
397492
375733
333764
368566
346654
353767
333768
368433
346358
306466
339305
317924
327080
306503
339189
317890
278588
310380
287283
299735
278557
310323
287227
249439
279621
256899
271366
249450
279584
256887
220391
249354
226600
242100
220382
249363
226612
190911
219075
195913
213151
190961
219081
195958
410763
454058
430076
434473
410578
453824
429881
381034
421885
397347
403192
380974
421716
397152
350824
388812
363419
373399
350438
388319
363715
321100
355352
331918
343488
321120
355707
331952
290160
323462
299506
313363
290146
323475
299499
259446
291234
266921
282486
259461
291200
266908
228590
258670
234539
251810
228597
258655
234533
197904
226585
202009
220991
197925
226573
202050
353221
381730
364643
368086
353277
381275
364412
327336
358347
337970
347024
327250
358160
337717
303135
331298
312669
320328
302912
330681
313084
278071
306884
288566
296585
278416
307207
288778
254128
282272
263058
272553
254298
282413
263155
229621
256622
236932
248571
229612
256628
236883
203546
230303
209835
223427
203497
230256
209748
176920
203025
182150
197029
176916
202951
182141
368944
401214
382635
387301
368531
400993
382409
342032
376350
355844
362250
341454
376118
356134
316635
348819
329345
334587
317153
349317
329604
292038
322815
302803
311097
292273
322564
302863
266028
295991
275326
285761
266056
295956
275815
239284
268332
246898
259433
239226
268299
246763
211901
239696
218205
232485
211837
239595
218174
183927
211108
189015
204934
183915
211074
188988
387615
426040
404481
407557
387546
425696
404106
360773
397404
375581
381159
361082
397071
375106
333751
368266
346451
354184
333724
367771
346349
306641
339224
317866
326233
306917
339373
318027
278539
310324
287203
299883
278585
310350
287210
249410
279587
256896
271186
249274
279649
256920
220377
249370
226617
242017
220358
249371
226625
190962
219085
195960
213125
190932
219081
195957
410418
453504
429693
433844
409881
453290
429322
380826
421510
397018
402566
380188
421165
396603
350552
388126
363838
372897
350653
387693
364208
321143
355830
331948
343740
321305
356234
331880
290145
323475
299482
313528
290142
323427
299363
259462
291193
266896
282563
259455
291138
266856
228601
258664
234525
251788
228606
258652
234498
197926
226577
202050
220996
197924
226568
202061
353125
381257
364263
367537
352897
381378
364261
327297
358154
337606
347285
327705
358265
337286
302844
330542
313216
320906
303231
330839
313658
278500
307307
288836
296915
278590
307639
288945
254321
282452
263144
272705
254370
282541
263070
229589
256616
236860
248631
229514
256554
236767
203475
230233
209708
223302
203407
230152
209593
176914
202920
182136
196963
176904
202815
182109
368407
400882
382345
386698
368225
400889
382136
341325
376074
356256
362013
341260
375898
356560
317273
349489
329651
335146
317679
350071
329936
308937
305088
315184
311327
308820
305188
315284
282231
279245
289047
285862
282279
279293
289083
239201
268445
246717
259328
239118
268404
246650
211803
239557
218165
232386
211690
239521
218141
183911
211059
188971
204791
183886
210997
188924
387490
425544
403981
407397
387388
425246
403795
361209
396957
375023
381119
361483
396830
375184
333714
367684
346263
354544
333962
367956
346513
323091
320538
330078
326675
323626
321883
329913
296442
292770
303513
300648
296528
293603
303454
249248
279663
256926
271426
249239
279682
256927
220349
249370
226619
242034
220330
249356
226582
190916
219075
195953
213069
190863
219042
195928
409674
453108
429164
433208
409226
452896
428930
380044
421027
396409
402176
379950
420738
395921
350711
387563
364259
372640
351124
387224
364173
321277
356315
331831
343973
321050
356015
331689
290130
323405
299330
313460
290190
323357
299248
259453
291125
266841
282542
259433
291119
266786
228611
258647
234492
251767
228579
258632
234467
197922
226567
202066
220964
197907
226559
202036
352906
381342
364285
367200
352810
381025
364305
327924
358307
337296
347265
328469
358367
337822
303502
331089
313803
321864
303878
331712
314103
278609
307751
288976
297399
278556
307962
289005
254382
282542
263032
272767
254372
282505
262943
229491
256524
236721
248482
229379
256381
236568
203389
230117
209561
223129
203339
229980
209489
176907
202772
182104
196922
176892
202682
182068
368262
400953
382070
386777
368248
401261
382008
341306
375846
356598
361970
341953
375803
356599
317809
350067
330085
335812
318098
350127
330344
292458
323268
303059
311806
292435
323600
303170
265952
296101
275569
285804
265885
296135
275225
239083
268081
246625
259230
239007
268104
246634
211667
239522
218131
232269
211640
239557
218098
183883
210974
188923
204677
183858
210923
188887
387318
424999
403697
407288
387124
425200
403709
361580
396831
375326
380966
361491
396865
375519
334125
368071
346608
354710
334366
368392
346669
306907
339546
317639
327603
306930
339475
317375
278362
310106
287255
299769
278341
310022
287257
249238
279676
256918
271067
249234
279700
256874
220316
249346
226567
242063
220277
249289
226501
190865
219029
195924
212974
190836
218973
195867
409252
452707
428890
433257
409684
452556
428923
379955
420625
395765
402777
380303
420524
395698
351166
387115
364061
373148
350968
387058
363700
321069
355809
331668
343534
320879
355517
331630
290224
323362
299230
313466
290376
323365
299212
259428
291136
266775
282579
259385
291148
266753
228568
258650
234459
251729
228503
258657
234417
197907
226561
202023
220906
197860
226534
201951
352756
381099
364293
367638
352886
381148
364118
328666
358384
338103
347244
329053
358271
338575
304032
331935
314161
322459
304492
332426
314290
278579
307999
288995
297654
278530
308076
288946
254372
282506
262918
272548
254354
282497
262885
229332
256373
236539
248183
229270
256383
236523
203332
229947
209478
222867
203386
229912
209473
176951
202679
182115
196908
176990
202705
182140
368204
401281
382011
387261
367946
401575
381873
342193
375801
356605
361875
342694
375728
356524
318150
350121
330349
336529
318140
350078
330371
292427
323603
303228
311814
292443
323680
303307
265888
296213
275154
285833
265866
296280
275117
238998
268077
246617
259201
239005
267989
246618
211642
239549
218078
232266
211626
239534
218047
183907
210907
188949
204703
183962
210862
189019
387115
425340
403776
407105
387001
425492
403897
361505
396960
375564
380889
361480
397108
375644
334427
368408
346630
354866
334541
368453
346586
306925
339385
317344
327766
306991
339290
317284
278301
310053
287298
299854
278279
309935
287369
249200
279715
256862
270993
249187
279749
256811
220256
249262
226478
241980
220179
249239
226415
190889
218949
195908
212884
190953
218885
195897
409804
452217
428976
433607
409948
452366
429158
380336
420491
395732
402931
380469
420276
395595
350858
387087
363716
373091
350710
386833
363684
320834
355520
331587
343329
320755
355457
331542
290379
323356
299217
313346
290384
323174
299252
259359
291154
266751
282641
259284
291019
266790
228474
258652
234398
251653
228420
258511
234410
197894
226517
201981
220824
197839
226364
201953
302397
298787
295760
292407
302311
298861
295844
311944
318882
316292
322992
312125
318754
315325
305866
299257
309522
302046
305825
299427
308638
309024
311433
305325
315448
305260
315385
309047
302464
292434
298936
295853
298905
295873
302462
312084
323090
319057
316641
318835
315586
312414
305897
302128
299386
309744
299434
308900
306002
275230
272747
268680
266078
275354
272774
268654
286287
292546
288667
295082
285888
292747
288068
279819
272681
282027
276090
279530
272749
281951
282176
285888
279260
289059
279316
289096
282215
275304
266069
272704
268708
272750
268671
275400
286258
295177
292635
288784
292807
288197
285907
279735
276198
272572
281985
272727
281926
279372
317032
314072
310531
307794
317241
315072
310383
328532
335153
332440
339424
328459
335234
332419
321451
314306
325339
317880
321490
314275
325249
323169
326861
321106
330578
322298
330018
323966
317056
307801
314252
310507
315119
310358
317346
328549
339487
335371
332384
335303
332383
328538
321431
317773
314308
325176
314276
325200
321483
289768
285670
282023
278569
289512
285937
282208
299137
307006
302561
310205
299310
306911
302514
291506
284186
294898
287229
291735
284035
294895
296350
300585
292939
303462
293568
303426
296326
289713
278640
285850
282024
285786
282247
289291
299140
310150
306833
302504
306837
302505
299249
291479
287242
284236
294876
284046
294886
291687
344065
359320
350816
351621
344073
359390
350768
321426
340374
326212
330779
321194
340341
326054
294882
314591
300750
307276
294748
314576
300699
269688
289485
274404
281499
269676
289481
274464
247606
264162
251864
257519
247618
264249
251982
224842
241914
228306
236015
224824
241986
228342
200416
217419
203306
212138
200414
217407
203299
175982
192286
177339
187881
175976
192272
177337
375510
399938
382553
391704
375582
399910
382810
367016
363774
373276
367972
363772
373293
367025
343940
340868
351208
347315
340866
351197
343963
318141
316357
324741
320662
316342
324725
318145
293428
290972
300453
296468
290903
300457
293459
269112
266238
276112
272558
266281
276096
269127
244423
242294
251598
248377
242278
251694
244406
218771
216956
226254
223404
216948
226246
218768
191956
190577
199435
197075
190571
199435
191959
154616
171503
155320
167230
154615
171490
155325
396611
420472
406943
414110
396654
420610
406712
385601
380856
390974
388484
380816
390619
385605
360429
356030
367354
362924
356029
367332
360428
332119
328269
339508
335468
328254
339457
332110
308208
304511
314477
310539
304513
314500
308242
282379
279108
288898
285559
279120
288937
282345
255564
252795
262291
259436
252796
262309
255571
227947
225712
234902
232559
225712
234903
227936
200072
198135
207040
205024
198129
207033
200078
159084
176930
161967
173676
159089
176917
161958
418371
449511
432143
436076
418281
449285
432122
406458
400516
413525
407832
400509
413523
406474
379586
374432
386461
381156
374447
386464
379585
351913
347012
358719
353806
346937
358738
351993
324033
320173
331096
327007
320193
331030
324080
296271
292797
303292
299691
292789
303304
296264
266844
264165
274475
271409
264133
274451
266857
237157
234865
244528
242136
234858
244511
237172
207779
205903
215153
213154
205923
215156
207777
165193
183596
167502
180063
165176
183586
167499
446943
479157
463984
467827
447331
479351
464101
432370
425652
439915
434448
425699
439738
432376
402078
396121
409907
403473
396035
409870
402134
370983
366384
378770
373563
366312
378760
371124
339932
336348
347619
343518
336307
347567
339855
308748
305608
316753
313381
305613
316756
308739
277640
274803
285637
282506
274803
285643
277638
246177
244015
254230
251805
244020
254224
246168
215045
213333
222996
220987
213339
222991
215054
170015
189306
173672
187633
170016
189299
173670
442701
471209
456439
460561
442749
470753
456394
408258
437391
419376
427467
408234
437276
419509
373187
400682
383940
392347
373387
400632
383976
340358
365543
348825
359020
340349
365466
348805
306885
329929
314237
324935
306885
329877
314217
273537
295824
279530
291973
273530
295838
279534
240424
261680
245477
258676
240422
261721
245474
207762
228601
211745
226085
207769
228610
211799
343653
359817
350960
351964
343366
359787
350852
320991
340089
325346
330653
320917
339982
325380
294869
314143
300531
307214
295115
314074
300548
269649
289708
274947
282051
269620
289774
275353
247622
264402
252034
257652
247687
264507
252065
224813
242049
228349
235953
224804
242128
228375
200405
217400
203290
212137
200396
217401
203266
175970
192273
177341
187881
175967
192267
177333
376327
399611
383360
391523
376126
399634
382923
366626
363785
373519
368196
366775
363690
373382
343552
340711
351142
347042
343641
340711
351267
317552
315855
324440
320340
317724
315708
324358
293707
290881
300515
296649
293563
291029
300709
269159
266327
276026
272582
269131
266402
276024
244437
242241
251736
248475
244436
242235
251752
218766
216954
226186
223452
218775
216950
226178
191930
190554
199413
197059
191938
190549
199396
154609
171486
155326
167228
154597
171478
155317
394952
420672
406377
413872
394074
420740
406080
385244
380488
390527
387760
385342
380319
390818
360056
355644
367195
362496
360167
355499
366955
332522
328285
339080
334769
332388
328389
339029
308325
304723
314668
310710
308235
304819
314787
282360
279146
288931
285638
282366
279159
288943
255505
252749
262304
259417
255531
252768
262264
227919
225700
234883
232520
227936
225687
234864
200008
198098
206997
204976
200018
198086
206985
159083
176910
161940
173676
159069
176898
161918
418256
449392
432099
436347
418088
449240
431876
406154
400286
413311
407602
406242
400231
413215
379593
374477
386441
381183
379590
374487
386431
351689
346968
358663
353916
351708
347093
358656
324034
320249
331008
327104
324034
320337
330949
296339
292696
303451
299813
296315
292644
303488
266737
264029
274300
271294
266734
263956
274219
237149
234812
244490
242055
237151
234798
244482
207775
205913
215159
213139
207777
205910
215155
165152
183586
167486
180034
165128
183580
167465
446835
478598
463600
467331
446650
478722
463624
431882
425487
439312
434230
431983
425332
439342
401255
395629
409254
402893
401425
395476
409076
370469
365906
378486
373196
370568
365796
378407
340133
336418
347784
343617
340051
336478
347895
308729
305587
316767
313409
308758
305586
316753
277605
274821
285616
282546
277621
274840
285602
246205
244033
254250
251802
246208
244036
254258
215034
213354
222977
220992
215036
213354
222973
170006
189306
173654
187619
169986
189310
173632
442508
470311
456312
460240
442475
470092
456427
408290
437095
419714
427282
408282
436890
419712
373519
400465
383894
392211
373594
400164
383823
340326
365310
348651
358960
340285
365167
348539
306850
329848
314144
324931
306745
329852
314071
273498
295839
279477
291973
273447
295891
279448
240393
261797
245427
258679
240351
261868
245400
207772
228634
211790
226104
207820
228660
211798
343477
359291
350515
350500
342405
358914
350118
320888
340060
325518
331522
321016
339968
325971
295484
314188
300769
308222
295963
314534
301057
269625
289995
275647
282431
269929
290248
275654
247697
264642
252110
257719
247726
264713
252100
224794
242085
228342
236048
224787
242030
228311
200379
217390
203250
212127
200364
217374
203235
175961
192248
177323
187860
175951
192228
177304
375443
399812
381999
392235
375247
400161
381322
366278
363642
373083
367841
366458
363730
373155
343632
340665
351240
347142
343580
340721
351249
317550
315505
324225
320518
317457
315545
324257
294218
291447
300697
296663
294141
291535
300761
269305
266633
276185
272626
269290
266625
276241
244553
242246
251700
248600
244516
242245
251698
218665
216902
226161
223368
218696
216878
226145
191883
190522
199322
196995
191899
190511
199297
154591
171472
155310
167218
154563
171468
155279
393225
420805
405874
412969
392864
421116
405764
384392
379493
390625
386983
384563
379313
390577
359807
355286
366594
362155
359863
355282
366492
333454
328651
339444
334820
333149
328823
339683
262113
259418
262085
255349
252680
255392
252654
227824
225633
234785
232438
227851
225613
234750
199947
198040
206938
204873
199970
198018
206916
159058
176889
161905
173681
159024
176892
161870
417820
449165
431589
436734
417504
449312
431255
405902
400043
413007
407456
405945
399992
412961
379664
374521
386423
381133
379636
374576
386471
351816
347427
358716
354499
351710
347562
358825
274163
271250
274181
266623
263829
266626
263718
237167
234782
244494
242012
237162
234789
244507
207741
205882
215135
213103
207750
205863
215126
165109
183576
167447
180016
165073
183576
167403
446044
478266
463209
466701
445665
478410
463079
431222
424721
438784
433466
431343
424518
438632
400602
394893
408614
402242
400735
394757
408484
370047
365467
378032
372650
370169
365363
377918
336539
343913
336525
340194
348000
340270
347953
305642
313534
305693
308655
316716
308633
316785
282554
277530
274867
285521
277538
274863
285513
246185
244029
254217
251776
246195
244020
254209
215037
213350
222994
220984
215045
213341
222989
169964
189328
173626
187629
169913
189341
173594
442208
469451
456275
459831
442246
469494
456493
408099
436469
419279
427000
407864
436188
418940
373490
399714
383612
391786
373343
399415
383543
340187
364976
348331
358726
340094
364865
348244
306656
329870
313950
324953
306579
329900
313868
273398
296027
279407
291978
273329
296083
279383
240319
261924
245382
258635
240275
261942
245368
207880
228722
211831
226134
207870
228773
211835
342006
358526
349661
349582
341920
358275
349464
321248
340173
326468
332475
321378
340237
326892
296700
315266
301322
310042
297269
315961
301665
270185
290481
275554
282611
270343
290587
275422
247750
264804
252122
257741
247766
264881
252184
224778
242008
228285
236115
224776
242034
228276
200346
217354
203211
212090
200331
217348
203190
175949
192203
177284
187828
175929
192200
177245
375197
400699
380782
393176
375094
401299
380832
366246
362996
372902
367294
366332
362791
372597
344034
341083
351344
347268
343911
341200
351406
318338
316009
324725
321437
318133
316238
324912
294417
291680
301142
297183
294403
291663
301266
269380
266476
276416
272710
269373
266455
276438
244506
242294
251678
248593
244538
242283
251649
218517
216797
226048
223226
218556
216765
225985
191812
190479
199221
196938
191830
190469
199197
154559
171477
155255
167227
154494
171529
155158
392803
420784
405353
412354
393431
421192
405432
384034
379271
389929
386662
384062
379284
389819
359580
355149
366320
362043
359630
355127
366253
334281
329526
340119
335369
334087
329745
340341
305377
315475
309023
309057
311711
305440
315540
279237
289040
282294
282344
285817
279223
289077
262034
255249
252541
259228
255246
252516
262050
227779
225573
234686
232324
227789
225557
234674
199832
197928
206813
204715
199869
197894
206780
159001
176914
161854
173737
158918
176977
161778
416879
448995
430711
436401
416470
448995
430256
405575
399718
412903
407301
405649
399618
412964
379745
374633
386467
381016
379788
374594
386419
352149
347815
359101
354537
352107
347856
359131
320909
330938
324276
324353
327841
321401
331196
292544
303352
296185
296118
299806
292428
303296
274078
266565
263719
270954
266572
263701
274066
237169
234812
244518
242067
237174
234813
244517
207657
205783
215083
213029
207684
205739
215066
165060
183587
167371
180114
164991
183640
167273
444936
478059
462710
466502
444712
478519
462458
430809
423996
438298
432991
430862
423932
438315
400503
394808
408259
402469
400412
394929
408240
369907
365526
377616
372966
369950
365722
377612
336233
339751
347715
343750
339808
336104
347622
305836
308998
316893
313516
308956
305874
316874
277459
274813
285482
282570
277477
274799
285481
246152
243998
254199
251746
246169
243973
254180
214994
213305
222962
220940
215009
213286
222956
169874
189369
173591
187725
169757
189439
173514
442085
468712
456363
459478
442126
468836
456466
407473
435624
418368
426656
407102
435255
418081
373060
399089
383370
391086
372816
398878
383286
340009
364761
348142
358433
339960
364698
348113
306522
329924
313782
324959
306484
329971
313722
273308
296091
279291
292016
273281
296082
279167
240258
261963
245363
258630
240230
261949
245352
207858
228820
211862
226142
207801
228843
211846
341601
358140
349193
350417
341807
358945
349318
321451
340224
327179
332684
321510
340263
327238
297624
316465
302066
310710
297554
316889
302202
270509
290762
275319
283169
270577
291135
275378
247828
264943
252192
257891
247869
265084
252247
224791
242065
228209
236151
224794
242156
228151
200319
217335
203153
212019
200306
217380
203114
175945
192190
177206
187768
175903
192258
177092
375087
401370
380622
392957
375521
401476
380875
365939
362412
372429
367133
366016
362362
372487
344309
341408
351527
347192
344296
341426
351528
319033
316997
325527
322207
318903
317213
325649
294304
291457
301695
297506
294349
291448
301804
269262
266651
276348
272631
269321
266692
276360
244153
242234
251449
248334
244224
242178
251427
218277
216670
225799
222990
218375
216630
225761
191720
190460
199165
196904
191764
190457
199191
154498
171623
155078
167306
154273
171795
154732
393633
420793
405184
412615
393944
421086
405341
384123
379354
389835
386962
384144
379317
389839
359620
355123
366165
361927
359555
355266
366174
334750
330298
340882
336323
334644
330429
340965
309139
305455
315662
311858
309167
305502
315652
282436
279138
289119
285782
282416
279146
289141
255278
252510
262135
259222
255291
252505
262133
227741
225481
234638
232251
227755
225456
234632
199751
197819
206736
204686
199771
197805
206739
158872
177065
161741
173909
158588
177226
161441
416026
447921
429654
435360
416071
448136
429724
405312
399300
412923
407281
405298
399263
413027
379634
374539
386267
380970
379578
374543
386285
352420
348080
359341
354903
352373
348142
359383
324520
320800
331467
327687
324506
320831
331516
295942
292654
303075
299807
295934
292679
303076
266563
263717
274026
271056
266562
263718
274013
237085
234783
244464
242000
237113
234752
244442
207523
205639
214985
212918
207566
205598
214940
164962
183728
167216
180352
164677
183919
166884
444348
478254
462285
467256
444495
479117
462226
430891
424210
438446
433574
430806
424317
438950
400903
395422
408682
402899
400855
395488
408763
369931
365687
377811
373110
369969
365618
377839
339696
335984
347606
343388
339766
335886
347563
308934
305861
316811
313445
308979
305847
316808
277464
274794
285566
282645
277463
274786
285601
246071
243916
254147
251688
246092
243900
254152
214882
213225
222919
220859
214932
213182
222905
169653
189518
173503
188097
169247
189683
173202
441838
467945
456240
459123
441750
468274
455905
406784
434917
417843
426351
406484
434836
417675
372695
398711
383200
390811
372624
398643
383143
339855
364645
348047
358246
339617
364508
347966
306428
329988
313663
324804
306320
329978
313627
273246
296065
279031
291980
273202
296044
278967
240197
261915
245337
258640
240092
261896
245327
207760
228841
211859
226112
207632
228845
211797
362811
358321
356425
353254
358368
356356
362814
370820
378157
375619
382432
378143
375585
370809
366384
360250
370775
364566
360235
370767
366361
366950
368059
363791
373620
363838
373401
366919
362849
353194
358387
356163
358418
356303
362813
370713
382334
378009
375480
378065
375563
370584
366406
364613
360150
370771
360249
370795
366371
337939
333751
330711
327702
333713
330665
337943
347696
354772
351829
358711
354754
351823
347747
341512
334359
345335
338219
334310
345318
341538
343839
347262
340777
351045
340815
351130
343728
337854
327633
333495
330409
333567
330564
337779
347611
358702
354636
351591
354729
351716
347424
341416
338139
334143
345154
334241
345240
341316
312472
308687
305459
303110
308659
305423
312475
321594
327988
324871
331617
327972
324861
321616
315107
309021
318319
312474
309010
318316
315111
318034
320549
316009
324529
316224
324631
317900
312444
303118
308443
305561
308569
305449
312377
321492
331524
327830
324812
327919
324861
321382
315150
312464
309141
318432
309057
318350
315158
288271
284277
281298
278085
284275
281283
288285
297202
303080
300831
306755
303059
300833
297193
291240
284968
294683
288483
284952
294683
291245
293423
296528
290805
300332
290770
300284
293445
288285
278076
284176
281287
284197
281277
288295
297245
306769
303335
300894
303209
300859
297297
291251
288485
284974
294734
284956
294702
291272
263808
260292
256699
254127
260282
256721
263817
272647
279049
275934
282222
279054
275923
272664
266523
259986
269536
263050
259998
269519
266525
269113
272556
266314
276063
266303
276074
269120
263798
254086
260310
256794
260282
256756
263799
272653
282229
279058
275944
279057
275933
272642
266523
263057
259989
269517
259996
269526
266510
238980
235908
231732
229620
235936
231756
238990
247473
253971
250093
256635
253902
250113
247385
241115
234542
243603
236926
234540
243629
241141
244416
248376
242263
251708
242270
251699
244432
238973
229611
235954
231771
235944
231773
238979
247508
256630
253852
250063
253875
250072
247516
241111
236930
234562
243571
234549
243611
241127
212766
210097
205173
203549
210133
205194
212771
221367
228195
223548
230315
228205
223550
221348
214634
207621
216739
209859
207639
216746
214635
218770
223420
216953
226198
216945
226218
218777
212787
203556
210173
205225
210155
205219
212805
221363
230312
228210
223546
228211
223548
221349
214627
209859
207638
216740
207645
216745
214621
185868
183406
177978
176928
183420
177993
185873
194162
201080
196206
203057
201092
196182
194151
187395
180357
189290
182132
180375
189284
187390
191954
197081
190560
199426
190564
199433
191947
185867
176918
183431
177998
183429
177993
185866
194161
203051
201084
196161
201091
196172
194156
187400
182140
180380
189289
180375
189291
187400
379864
375390
373612
369000
375388
373646
379844
390430
397165
395449
401705
397150
395449
390358
384486
378011
389217
382653
378032
389193
384469
385634
388490
380603
390861
380767
390833
385577
379890
369042
375425
373623
375401
373656
379869
390407
401571
397202
395270
397198
395317
390377
384571
382685
378077
389125
378085
389133
384531
353757
349439
346605
342310
349443
346590
353754
365102
371775
369612
376284
371790
369633
365094
358227
351014
362868
355882
350999
362865
358209
360398
362935
355829
367294
355950
367353
360295
353700
342261
349246
346434
349388
346522
353615
365079
376350
371790
369676
371807
369663
365037
358217
355867
350909
362879
350965
362895
358147
326034
322015
320411
316269
322032
320433
326004
336774
343688
342000
348832
343669
341995
336766
330807
324859
335542
329229
324846
335539
330760
332159
335380
328229
339232
328230
339359
332267
326154
316409
322203
320683
322099
320556
326334
336796
348781
343641
342015
343651
341968
336905
330777
329200
325020
335587
324947
335527
330920
301822
298253
295413
291937
298256
295424
301838
312148
318594
316094
322700
318587
316084
312182
305627
299078
309303
302688
299092
309311
305616
308189
310565
304612
314578
304551
314531
308234
301827
291943
298338
295460
298272
295415
301894
312149
322691
318538
316155
318550
316084
312195
305610
302689
299130
309374
299087
309302
305547
275746
272657
269100
266031
272642
269079
275773
285819
292485
289204
295975
292500
289206
285821
279032
272254
282294
275353
272239
282286
279050
282389
285560
279154
288913
279139
288928
282376
275757
266037
272659
269076
272645
269076
275780
285817
295950
292482
289152
292482
289186
285788
279054
275348
272261
282283
272240
282272
279082
248729
246110
241843
239336
246113
241848
248732
258414
265353
261295
268360
265354
261273
258431
251436
244359
254100
246884
244355
254100
251443
255568
259435
252768
262321
252793
262323
255552
248734
239311
246149
241813
246151
241834
248731
258411
268354
265373
261247
265363
261266
258400
251417
246907
244353
254070
244361
254093
251398
220967
218831
214002
211927
218837
213993
220962
230210
237280
232510
239699
237296
232506
230201
223150
216108
225389
218244
216099
225381
223151
227952
232554
225709
234896
225713
234903
227948
220967
211919
218833
213971
218839
213979
220961
230209
239709
237293
232490
237301
232496
230197
223139
218225
216072
225337
216082
225348
223129
192957
191058
185471
183905
191061
185491
192964
202024
209054
203964
211131
209056
203975
202012
194753
187378
196670
188997
187395
196676
194753
200051
205013
198107
207008
198121
207020
200031
192950
183916
191063
185512
191065
185499
192938
202011
211125
209029
203974
209041
203977
201994
194762
189004
187411
196701
187400
196697
194760
399900
394207
393162
387652
394189
393152
399914
412433
420663
418906
426207
420620
418908
412430
405689
398753
411924
404641
398731
411901
405702
406409
407692
400403
413397
400437
413518
406336
399862
387639
394132
393109
394144
393134
399808
412392
426134
420568
418866
420578
418883
412338
405641
404600
398633
411836
398684
411869
405584
372704
367674
365784
360742
367687
365764
372704
384812
391888
390392
397616
391859
390355
384845
377773
370759
383200
375904
370744
383175
377802
379589
381182
374472
386457
374464
386463
379592
372698
360737
367705
365720
367685
365740
372704
384776
397548
391782
390237
391825
390301
384734
377745
375838
370619
383008
370676
383114
377707
345063
340349
338202
333759
340285
338172
345122
356780
363512
361738
368511
363524
361643
356854
349880
342606
354627
346524
342538
354439
349937
351808
353781
346918
358686
346888
358733
351751
345026
333754
340314
338002
340270
338068
344968
356658
368523
363472
361240
363553
361413
356520
349754
346377
342394
354118
342396
354301
349639
317161
313299
310233
306472
313260
310278
317193
328111
335236
332163
339148
335112
332127
328154
321299
314254
325110
317936
314285
325117
321248
324029
327057
320253
331082
320238
331007
324057
317192
306495
313321
310399
313235
310347
317224
328170
339158
335110
332303
335061
332254
328191
321464
317891
314374
325250
314340
325166
321421
289124
285780
281821
278586
285769
281848
289132
299873
307141
302640
310386
307130
302630
299860
292307
284756
295022
287277
284724
295016
292318
296289
299699
292751
303423
292767
303354
296313
289121
278573
285705
281848
285730
281862
289130
299863
310340
307249
302627
307200
302621
299834
292270
287254
284592
294961
284650
294988
292229
259324
256774
251927
249483
256749
251925
259347
269471
276993
272030
279615
277015
272007
269448
261894
254440
264480
256887
254389
264455
261908
266830
271397
264064
274380
264102
274431
266781
259288
249478
256694
251890
256743
251919
259296
269479
279597
276981
271985
277012
271985
269463
261902
256884
254374
264440
254376
264438
261891
229842
227631
222502
220387
227620
222505
229844
239495
246944
241766
249354
246928
241767
239495
232053
224589
234190
226601
224592
234190
232049
237146
242123
234824
244493
234839
244500
237144
229843
220385
227595
222509
227604
222508
229845
239497
249358
246919
241778
246918
241772
239503
232059
226606
224598
234202
224596
234195
232063
200317
198469
192462
190935
198473
192488
200317
209659
217109
211515
219075
217113
211504
209649
202060
194398
203908
195940
194407
203910
202050
207779
213155
205917
215159
205924
215159
207778
200332
190945
198496
192515
198488
192501
200337
209662
219079
217114
211509
217114
211507
209654
202067
195947
194424
203935
194412
203926
202066
424995
418337
417228
410743
418357
417191
424996
439134
449086
446818
453925
448870
446751
439119
431710
423281
437971
430054
423242
437933
431719
432252
434503
425650
439608
425664
439705
432162
424900
410658
418298
416947
418322
417057
424799
439066
453896
448649
446667
448765
446703
439027
431597
429952
422984
437715
423125
437806
431482
394397
388800
386476
381058
388762
386429
394448
407603
416291
414120
421862
416232
414099
407639
400153
391544
405054
397349
391511
405036
400200
401874
403328
395772
409477
395898
409700
401654
394289
381046
388480
386271
388642
386330
394137
407489
421803
415886
413958
416084
414036
407329
400011
397283
391350
404850
391455
404966
399869
362705
358538
354952
350655
358403
354762
362904
375491
384402
380760
388737
384265
380541
375565
367028
358388
370807
363419
358299
370627
367389
370908
373476
366056
378578
366179
378706
370729
362441
350409
358220
354624
358311
354596
362479
375269
388506
384012
380327
384161
380334
375036
366793
363513
358527
370643
358319
370534
366980
332381
328826
324376
321075
328840
324382
332350
343427
351915
348408
355418
351915
348443
343354
336252
327689
339417
331932
327692
339435
336246
339918
343483
336372
347656
336294
347502
340011
332393
321083
328839
324404
328771
324387
332431
343505
355530
352060
348645
351949
348500
343639
336296
331943
327722
339504
327697
339446
336380
301119
297916
293157
290173
297917
293166
301124
311854
320494
315924
323465
320492
315930
311830
304587
295937
307019
299505
295949
307013
304599
308759
313364
305609
316768
305615
316757
308765
301127
290155
297914
293153
297921
293158
301126
311879
323472
320502
315958
320493
315950
311882
304595
299506
295940
306990
295948
307000
304593
269949
267165
261887
259457
267161
261878
269957
280186
288910
283571
291226
288911
283570
280184
272918
263990
274688
266919
263989
274682
272919
277637
282492
274801
285627
274799
285634
277632
269942
259466
267163
261872
267160
261872
269932
280180
291212
288889
283560
288901
283569
280172
272911
266918
263986
274649
263988
274666
272903
238477
236310
230493
228587
236306
230494
238464
248065
256826
250969
258667
256823
250969
248063
240828
232117
242217
234538
232119
242219
240827
246190
251814
244023
254239
244016
254227
246200
238479
228590
236317
230483
236302
230491
238475
248075
258657
256829
250976
256823
250978
248084
240827
234538
232112
242208
232117
242208
240827
207418
205604
199121
197916
205626
199150
207425
216498
225179
218795
226581
225175
218794
216494
209336
200332
210274
202035
200334
210273
209328
215041
220989
213346
222981
213345
222987
215037
207417
197918
205644
199157
205638
199152
207413
216499
226576
225163
218793
225168
218795
216496
209333
202044
200337
210276
200331
210278
209332
362820
358481
356262
353386
362848
358517
356348
370386
377696
375336
381651
370523
377487
375305
366344
360287
370827
364688
366384
360337
370797
366529
368144
363703
373155
363674
373253
366332
362849
353361
358470
356347
358544
356369
362835
370286
381486
377220
375076
377364
375217
370143
366409
364614
360189
370781
360311
370810
366423
337518
333142
330259
327279
337542
333064
330181
347255
354606
351309
358294
347305
354662
351216
341120
334013
345018
337897
341198
333909
344900
343558
347045
340655
351308
340684
351323
343586
337481
327238
333039
330164
333009
330159
337502
347214
358238
354652
351116
354668
351147
347210
341058
337799
333775
344720
333820
344794
341020
312203
308327
305629
303081
312290
308252
305665
321224
327680
324733
331142
321320
327515
324686
315102
309289
318529
312791
315137
309411
318654
317449
320330
315513
324238
315607
324283
317414
312083
303031
308164
305564
308205
305635
312012
321078
330900
327342
324623
327405
324626
320996
315037
312918
309535
318835
309502
318726
315029
288343
284171
281333
278157
288341
284406
281390
297471
303442
300966
307002
297384
303441
301060
291399
285022
294801
288634
291326
285087
294884
293890
296608
291333
300683
291198
300699
294017
288448
278274
284362
281541
284331
281460
288495
301250
297576
307115
303621
303535
301160
297669
295052
291504
288713
285219
285157
294972
291592
263804
260342
256824
254175
263795
260394
256839
272674
279069
275958
282315
272649
279094
275982
266534
259989
269526
263077
266528
260005
269547
269197
272531
266610
276130
266512
276084
269256
263834
254243
260491
256818
260440
256831
263872
276047
272702
282362
279173
279136
276008
272725
269614
266539
263118
260101
260041
269576
266557
238987
235955
231764
229632
238982
235963
231754
247471
253820
250100
256620
247495
253822
250083
241144
234563
243537
236920
241138
234560
243519
244447
248540
242233
251716
242223
251735
244471
238986
229629
235984
231724
235976
231739
238984
247460
256631
253884
250028
253866
250048
247454
241145
236902
234530
243499
234548
243510
241141
212796
210171
205218
203533
212808
210162
205198
221321
228207
223536
230292
221335
228200
223522
214589
207619
216726
209812
214609
207592
216708
218748
223445
216923
226169
216939
226172
218725
212765
203517
210121
205126
210144
205165
212725
221304
230275
228164
223478
228187
223500
221283
214564
209782
207526
216654
207560
216683
214538
185863
183430
178000
176920
185864
183427
178005
194137
201068
196150
203005
194147
201047
196138
187395
180380
189289
182150
187398
180381
189285
191922
197045
190533
199348
190542
199371
191912
185862
176919
183417
178010
183423
178007
185858
194121
202978
200992
196107
201021
196123
194104
187391
182146
180378
189273
180380
189280
187385
379782
375426
373623
368868
379830
375274
373395
390124
397004
395101
401237
390201
397104
395006
384317
377990
388993
382580
384446
377791
388923
384972
387451
379736
390723
379984
390703
384785
379564
368671
374914
372916
375108
373109
379385
389904
401012
396840
394746
396878
394821
389754
384112
382490
377509
388776
377655
388807
383955
353392
349132
346330
341864
353498
349025
346229
364770
371739
369648
376278
364927
371570
369592
357956
350822
362859
355850
358038
350743
362862
359978
362351
355289
366701
355380
366830
359913
353317
341652
348714
345985
348873
346109
353277
364647
376189
371239
369538
371409
369557
364551
357910
355939
350850
362873
350725
362874
357896
326752
322330
320796
316832
326536
322554
320949
337268
343653
342091
348930
337046
343747
342265
331310
325038
335744
329464
331098
325089
335928
332645
334601
328549
339215
328463
339052
332878
321159
326959
316971
322908
322706
321089
327144
337479
349125
344169
342636
343938
342453
337765
325298
331508
329536
336187
325176
336053
331714
302003
298413
295501
292114
301942
298505
295558
312162
318625
316160
322932
312133
318689
316276
305735
299165
309325
302864
305601
299220
309311
304986
314987
308647
308496
310980
304894
314835
298697
295687
302189
302095
292199
298604
295628
318869
315988
312238
312198
323086
318812
316362
299277
309387
305825
305795
302876
299253
309440
275713
272644
269050
266023
275755
272641
269012
285773
292493
289093
296016
285768
292495
289037
279105
272279
282233
275196
279088
272311
282090
279212
289016
282322
282338
285696
279174
288981
272684
268841
275535
275636
266033
272645
268942
292537
288916
285814
285772
295980
292492
288910
272447
282370
279270
279119
274851
272394
281701
248673
246099
241797
239267
248714
246044
241778
258339
265376
261238
268285
258386
265376
261163
251351
244344
254050
246856
251380
244318
254019
262133
255471
259426
252702
252737
262204
255433
248634
239249
245985
241724
246013
241756
248589
265387
258330
268206
261089
265349
261144
258299
251319
246820
244235
253899
244285
253974
251258
220938
218822
213961
211885
220951
218808
213950
230171
237281
232482
239670
230186
237260
232467
223102
216061
225327
218194
223118
216050
225315
227901
232503
225651
234816
225669
234842
227877
220921
211864
218766
213921
218789
213936
220901
230154
239642
237194
232427
237232
232450
230130
223085
218185
216024
225294
216038
225304
223069
192927
191061
185511
183926
192934
191055
185507
201974
209017
203969
211099
201985
209006
203962
194751
187411
196705
189012
194759
187408
196701
199996
204957
198056
206956
198072
206971
199986
192919
183923
191038
185488
191047
185501
192912
201961
211087
208982
203937
208995
203952
201946
194742
189002
187390
196676
187401
196692
194729
399680
394069
393065
387593
399740
394062
393034
412207
420537
418793
425930
412277
420454
418685
405466
398572
411746
404366
405519
398520
411621
406066
407551
400118
413069
400145
413110
406017
399608
387551
393928
392980
393977
392992
399574
412128
425789
420376
418466
420395
418569
412060
405407
404230
398435
411331
398465
411472
405366
372739
367726
365713
360850
372708
367770
365728
384664
391736
390149
397295
384698
391691
390041
377633
370555
382903
375421
377667
370503
382782
379596
381162
374498
386418
374484
386419
379619
372760
360959
367875
365783
367812
365751
372793
384631
397188
391613
389784
391643
389920
384611
377609
375259
370389
382496
370438
382640
377606
344849
340380
337953
333776
344902
340465
337902
356279
363375
361112
368115
356404
363295
360974
349317
342317
353888
346460
349459
342260
353734
351677
354036
347333
358668
347215
358655
351669
337733
344799
333774
340603
340535
337846
344719
356173
367925
363155
360626
363203
360796
356090
342100
349184
346425
353551
342183
353642
349074
317280
313408
310470
306772
317254
313598
310508
328272
335136
332400
339258
328222
335166
332419
321444
314377
325317
317920
321412
314442
325379
320124
330532
323937
324020
327156
320525
330783
313772
310562
317300
317276
306845
313774
310526
335118
332418
328440
328328
339336
335116
332430
314370
325412
321504
321453
317999
314407
325364
289182
285639
281811
278434
289133
285506
281723
299755
307245
302622
310346
299792
307251
302627
292066
284530
294944
287195
292148
284488
294924
292685
303529
296417
296367
299841
292583
303516
285618
281788
289266
289229
277929
285264
281748
307137
302595
299529
299670
310352
307206
302613
284329
294893
291916
291984
287200
284410
294903
259268
256679
251870
249364
259321
256646
251834
269375
276954
272001
279603
269432
276894
272027
261843
254375
264453
256909
261867
254376
264472
274123
266680
271174
263860
263913
274166
266634
259230
249324
256537
251816
256601
251823
259205
276819
269346
279625
272072
276851
272055
269348
261842
256915
254410
264505
254392
264493
261862
229849
227589
222510
220371
229848
227580
222508
239518
246929
241786
249374
239511
246940
241792
232078
224606
234210
226619
232068
224606
234216
237152
242036
234779
244480
234788
244478
237155
229851
220366
227569
222500
227575
222506
229848
239537
249373
246963
241793
246954
241796
239533
232080
226620
224602
234218
224605
234220
232076
200339
198501
192517
190958
200342
198499
192515
209647
217115
211511
219086
209653
217113
211511
202063
194426
203941
195961
202067
194427
203940
207769
213135
205895
215143
205905
215150
207759
200334
190945
198472
192502
198486
192510
200326
209644
219085
217105
211506
217110
211509
209637
202061
195961
194418
203934
194423
203939
202055
424424
418151
416751
410251
424591
417975
416571
438745
448325
446464
453544
438835
448356
446419
431103
422781
437494
429621
431245
422642
437420
431663
433972
424947
438983
425134
439114
431524
424185
410071
417562
416185
417771
416367
423992
438520
453394
447940
446057
448107
446192
438366
430900
429426
422291
437127
422448
437226
430733
393739
388305
386165
380618
393938
388106
386012
406967
415619
413793
421420
407121
415422
413712
399531
391279
404649
396906
399708
391175
404509
401074
402736
395077
408769
395282
408912
400905
393535
380392
387653
385647
387880
385837
393347
406819
421260
415081
413444
415237
413555
406678
399369
396748
390909
404177
391063
404328
399205
362513
358226
354670
350548
362524
358235
354770
374943
383876
380294
387986
374985
383745
380317
367065
358723
370699
364001
367020
358919
370834
370364
373055
365550
378160
365662
378293
370256
362488
350601
358153
354870
358200
354847
362454
374901
387820
383452
380196
383617
380253
374822
367120
364088
359082
370901
359030
370859
367142
332503
328879
324413
321204
332459
328945
324426
343865
352205
348758
355968
343749
352335
348844
336505
327729
339564
331937
336442
327734
339603
336514
340199
343705
347983
336511
347955
340254
329077
332532
321260
324446
328996
324424
332574
343924
356111
352490
348849
352428
348877
343935
336529
331917
327679
339573
327707
339606
336536
301076
297899
293140
290150
301110
297895
293121
311842
320499
315948
323462
311873
320491
315906
304563
295923
306977
299455
304583
295901
306954
305596
308693
313452
316696
305580
316718
308671
297859
301034
290135
293061
297876
293091
300984
311792
323446
320447
315816
320471
315863
311743
304532
299409
295839
306869
295870
306918
304498
269927
267175
261878
259462
269934
267188
261887
280142
288874
283540
291178
280159
288859
283520
272881
263985
274648
266884
272893
263987
274638
277584
282558
274869
285539
274863
285573
277560
269912
259458
267203
261861
267199
261878
269895
280120
291157
288821
283478
288840
283500
280095
272863
266872
263985
274609
263988
274624
272845
238462
236329
230475
228603
238470
236336
230472
248098
256839
250970
258664
248092
256847
250963
240829
232106
242220
234516
240830
232101
242223
246204
251795
244036
254228
244038
254247
246200
238470
228605
236339
230482
236340
230477
238476
248101
258660
256857
250949
256852
250957
248100
240827
234508
232093
242213
232097
242220
240823
207416
205650
199156
197927
207417
205652
199158
216500
225163
218790
226574
216497
225161
218786
209343
200337
210281
202053
209340
200338
210284
215036
220992
213353
222981
213354
222976
215047
207419
197926
205651
199157
205653
199157
207420
216507
226572
225162
218780
225161
218785
216508
209346
202060
200339
210301
200339
210293
209349
362727
358545
356237
353023
362811
358484
356218
369904
377260
374946
381346
370029
377234
374803
366306
360108
370685
364201
366412
360116
370539
366245
367681
363248
372862
363459
373043
366354
362650
352959
357982
356377
358186
356286
362580
369962
381348
377091
374811
377109
374797
370119
366210
364221
360239
370361
360170
370417
366180
337557
333130
330187
327400
337514
333243
330261
347328
354632
351129
358178
347237
354605
351152
340992
333765
344645
337494
340993
333798
344596
343715
347180
340962
351280
340808
351241
343819
337622
327561
333665
330457
333485
330370
337683
347399
358210
354673
351224
354617
351180
347490
341037
337386
333969
344517
333876
344562
341125
312262
308123
305580
302879
312046
308125
305663
321075
327302
324655
330528
321009
327310
324746
313349
315150
309592
319008
315101
309685
319118
317728
320701
315772
324500
315633
324370
317910
312515
303023
308396
305952
308220
305805
312691
321194
330642
327530
325233
327395
324918
321307
313502
315219
309957
319461
309811
319278
315368
288591
284376
281615
278561
288541
284420
281674
301328
307404
301406
297833
303717
297760
303804
295119
288882
295173
291712
285273
291661
285312
294285
296782
291646
301001
291602
300872
294359
288643
278600
284543
281730
284485
281709
288711
307521
301557
301481
297906
304030
303918
297974
288918
295264
295220
291752
285373
285343
291788
263966
260506
256824
254354
263912
260480
256828
276083
282494
276123
272790
279206
272756
279247
269655
263118
269679
266586
260153
266573
260115
269313
272705
266505
276369
266582
276309
269331
264003
254379
260407
256833
260453
256814
263973
282519
276103
276145
272835
279313
279280
272882
263094
269629
269640
266562
260082
260097
266577
238970
235976
231703
229565
238979
235962
231683
256602
247429
253919
250024
247443
253927
250015
241114
234505
243483
236834
241131
234474
243464
244560
248626
242288
251693
242278
251699
244552
238949
229541
235914
231638
235941
231662
238926
256581
247410
253917
249975
253929
250000
247387
241091
236803
234398
243402
234438
243437
241059
212633
210094
205085
203451
212678
210064
205048
221227
228129
223454
230209
221257
228093
223431
214480
207492
216618
209667
214512
207456
216582
218630
223337
216823
226090
216852
226121
218594
212591
203429
210005
204984
210034
205014
212552
221193
230182
228019
223387
228057
223408
221157
214445
209628
207383
216526
207421
216549
214407
185844
183410
178010
176910
185851
183403
178011
194063
200961
196091
202887
194085
200928
196073
187376
180378
189264
182128
187381
180378
189256
191866
196979
190488
199246
190500
199270
191847
185835
176909
183388
178012
183396
178012
185825
194041
202852
200859
196026
200894
196052
194016
187370
182121
180377
189231
180379
189244
187363
378992
374759
372772
368281
379166
374646
372656
389385
396676
394639
400865
389528
396652
394577
383670
377377
388677
382278
383780
377278
388585
384259
386844
379176
390224
379235
390416
384129
378853
368202
374448
372569
374529
372599
378700
389222
400847
396396
394456
396484
394491
389133
383542
382204
377154
388441
377205
388507
383447
353135
348627
345972
341286
353219
348588
346088
364465
371130
369516
376012
364504
371052
369473
357818
351071
362925
356357
357844
351252
362935
359767
362106
355186
366375
355246
366419
359700
353060
341267
348429
346357
348534
346239
352977
364445
375956
370997
369390
371005
369436
364443
357853
356504
351513
362998
351417
362959
357874
321335
317390
321388
327472
323035
327252
323195
338260
344423
342798
349706
338018
344676
343011
325371
329581
325475
332001
336302
331856
336460
333667
335010
329298
339950
329125
339895
333903
317533
321657
321514
327665
323544
323366
327848
338500
349871
345124
343260
344895
343129
338710
329684
325819
325618
332134
336661
336559
332299
248496
245960
241688
239174
248545
245930
241644
265396
268523
265338
258176
261042
258238
260984
251139
244189
253829
246684
251199
244131
253765
259382
262044
262058
255309
252581
252622
255272
248456
239147
245865
241574
245898
241604
248423
268510
265207
265278
258110
260909
260935
258060
251088
246664
244065
253718
244096
253727
251042
220853
218737
213902
211763
220877
218708
213877
230084
237156
232400
239534
230104
237117
232375
223048
216012
225285
218158
223056
215997
225275
227803
232412
225584
234699
225597
234717
227795
220832
211724
218679
213816
218688
213849
220818
230076
239526
237072
232369
237089
232366
230069
223041
218149
215955
225273
215977
225270
223031
192882
191029
185480
183901
192900
191017
185470
201909
208967
203920
211042
201930
208950
203897
194684
187373
196656
188952
194711
187357
196633
199924
204834
197963
206846
197994
206884
199898
192863
183896
190986
185447
191005
185464
192849
201884
211020
208891
203844
208925
203873
201851
194660
188938
187340
196587
187348
196612
194647
399525
393867
392953
387456
399535
393868
392982
411902
420316
418329
425445
411960
420295
418224
405243
398398
411186
403914
405301
398342
411109
405831
407376
399855
412976
399906
412916
405764
399518
387429
393814
392967
393842
392983
399536
411792
425255
420362
417905
420272
418011
411694
405174
403836
398267
410954
398263
411005
405176
372917
367926
365824
361359
372828
368020
365920
384647
391587
389660
396865
384613
391580
389599
377686
370443
382397
375048
377623
370531
382385
379721
381147
374639
386497
374615
386479
379782
372995
361420
368172
366127
368114
365971
373042
384699
396811
391589
389628
391579
389587
384737
377746
375148
370692
382441
370619
382403
377832
337573
333664
337545
344581
340665
344640
340801
356018
363138
360488
367671
356011
363194
360441
341955
346207
341973
348938
353447
348974
353389
351916
354631
347751
359023
347674
358882
352003
333772
337881
337666
344780
340926
340882
344917
356235
367730
363512
360790
363402
360512
356334
346365
342174
342035
349031
353605
353458
349158
259197
256487
251823
249236
259192
256450
251842
276807
279667
276790
269375
272080
269369
272084
261900
254428
264510
256929
261890
254438
264514
271248
274171
274188
266622
263752
263726
266603
259198
249233
256442
251850
256432
251850
259190
279674
276860
276801
269372
272089
272087
269369
261898
256930
254444
264515
254446
264515
261887
229840
227570
222491
220342
229845
227573
222481
239520
246975
241787
249366
239528
246978
241779
232058
224596
234213
226608
232070
224584
234212
237174
242023
234809
244518
234805
244515
237175
229838
220334
227577
222461
227581
222472
229832
239518
249362
246980
241761
246983
241772
239515
232047
226597
224559
234185
224573
234201
232036
200298
198455
192491
190896
200314
198431
192473
209618
217098
211500
219065
209629
217088
211491
202036
194411
203929
195946
202048
194401
203920
207729
213086
205809
215100
205841
215115
207709
200281
190876
198378
192444
198405
192458
200263
209609
219055
217066
211469
217078
211483
209590
202025
195940
194377
203900
194391
203911
202006
423642
417332
415992
409470
423791
417124
415834
437990
447758
445852
453040
438152
447650
445731
430387
422112
436971
429071
430533
421974
436877
431083
433303
424132
438399
424290
438476
430982
423488
409293
416726
415591
416894
415686
423375
437819
452946
447498
445485
447531
445589
437687
430251
428994
421749
436711
421846
436799
430158
393026
387479
385471
379945
393166
387361
385332
406395
414922
413289
420930
406525
414801
413182
398866
390718
403967
396253
399021
390522
403808
400490
402143
394743
408297
394704
408369
400409
392902
379913
387379
385036
387329
385174
392798
406282
420815
414633
412984
414697
413059
406192
398720
396073
390135
403521
390331
403631
398630
350788
362346
358088
354895
362414
358048
354902
374628
383301
380107
387449
374730
383166
379998
367150
359070
370915
364262
367157
358985
370928
369947
372613
365365
377668
365338
377784
369930
350966
362336
358201
354937
358082
354927
362363
374526
387357
382866
379750
383031
379896
374381
367110
364242
358862
370870
358904
370942
367059
329079
321207
328991
332575
324476
332595
324494
343768
352480
348764
356278
343870
352417
348615
336455
327641
339532
331769
336505
327617
339475
343993
336379
336492
340060
347807
347887
339927
321097
328691
328833
332495
324442
324497
332369
343644
356208
352203
348282
352311
348457
343534
336369
331727
327555
339362
327577
339425
336296
297843
290144
297862
300934
293044
300937
293012
311606
320427
315774
323379
311656
320436
315725
304424
295801
306845
299299
304465
295758
306819
313469
305780
305720
308756
316901
316871
308874
290166
297992
297912
300954
293019
293002
301054
311577
323368
320498
315663
320469
315686
311600
304389
299276
295680
306805
295717
306805
304427
269874
267202
261849
259449
269879
267198
261846
280048
288802
283460
291111
280068
288794
283441
272804
263982
274594
266822
272824
263967
274574
282547
277519
274833
285492
274851
285502
277498
269858
259442
267173
261820
267189
261851
269830
280026
291109
288797
283413
288794
283428
280002
272780
266805
263917
274554
263945
274559
272759
238468
236337
230485
228603
238473
236336
230486
248104
256869
250945
258637
248097
256866
250938
240823
232092
242208
234483
240817
232096
242197
246182
251770
244016
254225
244019
254232
246181
238456
228592
236313
230458
236325
230473
238449
248115
258631
256861
250921
256866
250934
248117
240830
234478
232100
242180
232100
242190
240835
207418
205648
199157
197918
207420
205642
199155
216503
225170
218779
226561
216506
225174
218769
209350
200340
210317
202060
209350
200337
210318
215029
220975
213317
222967
213332
222977
215017
207411
197915
205621
199149
205633
199155
207406
216500
226562
225182
218762
225177
218771
216495
209347
202057
200327
210314
200335
210320
209342
362412
357728
356445
352901
362491
357659
356422
370178
377059
374822
381173
370192
376841
374794
366156
360274
370295
364310
366177
360283
370245
366191
367253
362560
372518
362682
372581
366094
362337
352852
357394
356309
357521
356368
362227
370161
381139
376690
374710
376807
374769
370099
366107
364310
360270
370151
360266
370202
366048
337892
333967
330591
328104
337759
334159
330717
347614
354751
351253
358324
347550
354817
351307
341295
334084
344483
337372
341218
334185
344503
344145
347249
341368
351504
341295
351455
344235
338037
328296
334479
331035
334318
330899
338160
347693
358346
354941
351461
354895
351389
347778
341357
337561
334449
344723
334328
344587
341446
312990
308675
306107
303682
312855
308875
306239
321635
327756
325534
331299
321462
327972
325768
315815
310116
319641
313930
315577
310260
319791
318566
321654
316763
325349
316514
325142
318758
313105
303816
309293
306575
309075
306364
313353
321904
331516
328449
326007
328223
325944
322150
316143
314038
310468
320004
310391
319924
316312
288814
284622
281733
278582
288765
284648
281725
301624
298079
304141
307842
298035
304235
301683
295300
291840
285400
289006
291824
285409
295338
294407
297296
291540
301529
291644
301404
294378
288850
278606
284668
281692
284718
281719
288872
298113
307918
304380
301757
304340
301724
298125
291848
289032
285368
295368
285408
295355
291835
263949
260401
256848
254369
263942
260373
256857
276035
272768
279335
282475
272808
279329
276007
269605
266575
260064
262994
266577
260041
269564
269367
272768
266553
276392
266490
276430
269316
263953
254388
260439
256859
260395
256878
263940
272747
282449
279219
275984
279302
275989
272794
266580
262978
259991
269488
260023
269513
266591
238855
235889
231612
229460
238899
235852
231575
247319
253904
249942
256486
247367
253859
249913
240975
234352
243364
236656
241020
234305
243316
244420
248563
242256
251503
242287
251598
244291
238770
229427
235744
231427
235811
231500
238677
247194
256432
253715
249783
253795
249824
247079
240866
236606
234163
243203
234232
243230
240792
212499
209980
204958
203369
212520
209952
204939
221071
227976
223367
230072
221120
227925
223348
214336
207349
216514
209531
214371
207314
216507
218482
223187
216701
225844
216737
225905
218446
212484
203356
209893
204892
209928
204918
212462
221041
230022
227826
223280
227878
223316
220992
214316
209512
207256
216471
207284
216500
214288
185809
183382
178014
176899
185817
183374
178009
193967
200826
195999
202731
193994
200794
195969
187343
180381
189215
182090
187353
180375
189202
191798
196931
190456
199162
190464
199176
191780
185807
176912
183356
177990
183369
178015
185804
193948
202697
200750
195928
200766
195948
193923
187333
182098
180366
189170
180389
189187
187321
378586
374451
372556
368257
378609
374441
372557
389082
396222
394380
401089
389036
396203
394330
383369
377141
388392
382032
383384
377119
388372
384070
386763
379318
389780
379333
389770
384111
378585
368273
374405
372485
374431
372528
378579
388994
401118
396108
394232
396056
394252
388924
383269
382024
377047
388344
377086
388350
383188
352882
348334
346451
341438
352917
348267
346511
364448
370988
369368
375815
364449
370967
369354
357943
351615
363068
356584
357916
351657
363060
359553
362017
355091
366180
355105
366200
359554
352885
341649
348319
346718
348207
346585
352941
364440
375817
370915
369370
370947
369363
364434
357972
356585
351713
363020
351671
363037
358008
321783
328130
323708
317930
327996
323856
321897
338986
345366
343350
350149
338865
345427
343432
325961
332534
336749
330212
332422
326067
336858
334396
335572
330152
340719
329918
340522
334490
328229
318031
324114
322056
324010
321968
328328
339078
350110
345452
343592
345452
343497
339038
332593
330313
326115
336985
326103
336998
332584
298966
295844
302461
302468
292462
299004
295819
319355
316438
312658
312851
323993
319513
317240
299461
309873
306124
306239
303126
299452
310096
309089
311763
305535
315695
305478
315597
309091
302486
292427
299022
295856
299045
295833
302525
312962
323592
319523
316757
319561
316739
312987
306238
303188
299505
310043
299529
310094
306249
272639
268772
275502
275563
265902
272588
268822
292607
288983
285844
285793
296072
292623
288867
272261
282355
279161
279055
274748
272132
281780
282377
285826
279156
289096
279179
289093
282409
275610
265890
272556
268925
272572
268869
275672
285800
296120
292653
289109
292634
289024
285815
279044
275187
272143
282155
272157
282070
279032
248386
245830
241550
239046
248394
245796
241536
265111
258047
260841
267993
258034
265095
260878
251032
244050
253697
246627
251027
244051
253702
255268
259219
252514
262133
252505
262090
255294
248388
239020
245774
241524
245776
241527
248398
258081
268074
265166
260909
265148
260901
258103
251047
246635
244064
253742
244059
253729
251059
220798
218677
213794
211644
220807
218669
213775
230073
237064
232398
239539
230064
237070
232416
223025
215944
225285
218131
223022
215931
225288
227773
232292
225509
234651
225534
234662
227771
220798
211643
218652
213764
218665
213772
220803
230081
239554
237082
232443
237079
232429
230086
223024
218115
215917
225280
215923
225278
223025
192806
190966
185444
183872
192830
190945
185429
201776
208868
203813
210958
201817
208837
203770
194594
187344
196565
188909
194625
187332
196533
199805
204691
197829
206736
197859
206756
199780
192786
183884
190893
185405
190923
185439
192765
201756
210948
208817
203715
208827
203749
201733
194572
188921
187321
196476
187347
196507
194541
399412
393751
392861
387234
399438
393680
392800
411316
420194
417673
425051
411430
420209
417638
405063
398208
410841
403649
405118
398138
410823
405452
407213
399395
412988
399469
412891
405418
399364
387179
393559
392665
393609
392734
399329
411168
425008
420083
417555
420060
417556
411116
404993
403681
397950
410852
398036
410824
404931
372990
368198
366004
361594
373011
368177
365911
384675
391500
389677
396851
384728
391424
389698
377886
370759
382531
375386
377950
370814
382613
379674
380994
374528
386273
374567
386348
379597
372949
361486
368095
366006
368119
365957
372911
384569
396807
391376
389753
391401
389674
384529
377751
375421
370862
382773
370922
382726
377753
338059
345151
341003
334246
345068
341062
338165
356499
363616
360866
368203
356445
363667
361001
342295
349400
353719
346661
349306
342360
353854
352246
354631
347980
359234
347920
359279
352266
345229
334312
341180
338343
341124
338264
345304
356531
368264
363800
361243
363693
361089
356656
349448
346673
342475
354056
342389
353940
349539
314021
310497
317457
317444
307039
314268
310466
335421
332425
328512
328487
339548
335470
332433
314224
325044
321502
321405
317576
314154
325027
324429
327565
320780
331407
320963
331336
324476
317450
306979
313923
310357
314035
310411
317461
328456
339532
335489
332215
335534
332326
328369
321330
317475
313944
324867
314075
324965
321215
285292
281679
288988
288887
277814
285022
281568
306767
302501
299330
299361
310047
306727
302481
284378
294878
291853
291939
287248
284444
294917
296054
299768
292590
303131
292508
303205
295984
288825
278259
285488
281487
285378
281519
288786
299353
310031
306620
302478
306667
302464
299349
291971
287239
284472
295026
284461
294977
291976
259158
256428
251842
249247
259172
256434
251826
276905
269381
272084
279677
269366
276936
272079
261858
254434
264512
256910
261868
254419
264512
266555
271024
263719
274050
263703
274058
266563
259150
249246
256435
251809
256450
251822
259140
269386
279688
276950
272072
276945
272073
269390
261845
256893
254377
264495
254404
264505
261841
229812
227560
222452
220306
229825
227543
222438
239503
246974
241746
249333
239512
246969
241725
232008
224543
234166
226546
232025
224522
234145
237160
242071
234810
244493
234813
244511
237140
229795
220292
227530
222395
227539
222421
229772
239487
249317
246926
241678
246957
241710
239460
231987
226526
224477
234096
224501
234123
231962
200216
198362
192440
190850
200239
198329
192421
209549
217051
211457
219012
209573
217031
211439
201968
194376
203885
195905
201987
194362
203869
207632
212999
205666
215022
205703
215047
207600
200186
190865
198265
192386
198302
192424
200160
209531
218994
216986
211401
217011
211424
209507
201950
195909
194341
203824
194372
203849
201927
423231
416615
415518
409390
423275
416655
415503
437484
447380
445327
452678
437538
447445
445267
430093
421669
436625
428900
430086
421639
436584
430750
432957
424085
438512
423931
438318
430770
423221
409515
417072
415579
416791
415458
423304
437406
452472
447607
445172
447383
445152
437412
430112
428898
421674
436526
421630
436530
430193
392947
387375
385003
380065
392815
387513
385056
406068
414586
412890
420617
406107
414593
412888
398603
389939
403406
395681
398599
389800
403348
400644
402641
395382
408516
395200
408349
400752
393091
380176
387916
385324
387690
385143
393201
406098
420541
414764
412931
414659
412869
406169
398663
395657
389856
403308
389806
403292
398726
362472
358387
355005
351143
362365
358466
355057
374154
382715
379684
387029
374249
382617
379605
367045
358855
370869
363874
367022
358869
370801
369943
373113
365760
377767
365777
377654
369959
362558
351054
358399
355009
358448
355041
362552
374147
387014
382728
379744
382643
379660
374166
367133
363751
358769
370848
358813
370829
367183
328642
332181
324365
320980
332242
328578
324315
343396
352051
348144
355637
343428
351925
348054
336200
327553
339295
331659
336218
327582
339234
339749
343559
336053
347614
336067
347610
339773
332194
320931
328528
324272
328557
324289
332196
343403
355532
351958
348053
351923
348037
343449
336163
331647
327580
339157
327594
339190
336137
298091
301258
293077
290264
301178
298180
293141
311698
320508
315661
323369
311653
320522
315669
304502
295670
306827
299221
304468
295676
306847
309016
313485
305899
316847
305899
316855
309009
301295
290322
298224
293256
298213
293217
301313
311731
323377
320527
315675
320529
315676
311750
304530
299214
295706
306881
295687
306870
304559
269788
267154
261783
259422
269805
267144
261758
279945
288794
283402
291139
279969
288786
283390
272742
263890
274559
266765
272747
263880
274560
277467
282573
274804
285531
274792
285497
277470
269774
259404
267097
261712
267124
261736
269770
279947
291146
288821
283376
288798
283385
279940
272754
266757
263858
274568
263870
274566
272768
238442
236298
230452
228550
238448
236279
230442
248104
256867
250909
258656
248109
256872
250893
240841
232101
242177
234446
240840
232098
242169
246133
251730
243933
254153
243950
254166
246113
238433
228532
236221
230409
236254
230430
238424
248097
258660
256884
250866
256878
250881
248082
240841
234435
232072
242151
232090
242163
240844
207391
205608
199151
197892
207397
205590
199137
216476
225185
218752
226556
216489
225186
218738
209328
200327
210307
201994
209335
200310
210298
214984
220925
213247
222933
213271
222944
214956
207379
197899
205546
199099
205573
199144
207368
216459
226552
225181
218690
225183
218723
216428
209315
201997
200261
210272
200311
210289
209301
362169
357296
356278
352729
362185
357237
356226
370029
376691
374697
381097
370090
376699
374651
365975
360260
370119
364247
366017
360217
370065
365858
367106
362553
372853
362266
372459
366032
362129
352641
357366
356103
357153
356140
362370
369956
381063
376851
374629
376672
374634
369949
365926
364210
360074
370016
360160
370064
365952
338356
334580
331170
328771
338276
334628
331215
347874
354956
351512
358372
347846
354917
351574
341637
334602
344853
338364
341542
334730
345013
344284
347128
341609
351534
341448
351516
344217
338452
328932
334696
331193
334655
331256
338518
347882
358367
354819
351554
354873
351644
347798
341712
338528
334871
345155
334843
345147
341710
313740
309563
306646
304217
313559
309828
306738
322549
328643
326094
332151
322368
328819
326197
316505
310635
320225
314205
316399
310676
320298
319107
322384
317315
325803
317302
325783
319048
313894
304370
310029
306942
309993
306872
313908
322712
332344
328965
326450
328940
326376
322745
316688
314270
310725
320394
310707
320361
316738
288863
284630
281634
278469
288891
284509
281520
298114
304404
301788
307984
298139
304455
301737
291818
285315
295319
288947
291836
285323
295375
294317
297608
291690
301770
291600
301814
294355
288863
278498
284513
281403
284514
281442
288886
298141
308037
304601
301733
304559
301719
298178
291858
288930
285312
295397
285311
295372
291893
263944
260459
256802
254336
263948
260411
256688
272765
279270
275952
282485
272784
279271
275961
266568
259947
269464
262884
266582
259887
269460
269202
272570
266806
276406
266781
276397
269119
263954
254350
260275
256527
260340
256595
263928
272735
282482
279296
275979
279287
275963
272706
266556
262882
259832
269480
259853
269464
266537
238593
235679
231340
229270
238636
235571
231223
247031
253692
249771
256364
247051
253683
249771
240722
234085
243187
236527
240750
234005
243190
244035
248254
242204
251393
242193
251424
243928
238583
229254
235422
231032
235466
231100
238565
247008
256372
253699
249771
253698
249770
246992
240701
236522
233912
243201
233939
243194
240693
212420
209866
204859
203321
212427
209804
204819
220852
227764
223238
229918
220927
227708
223191
214231
207236
216434
209472
214258
207213
216401
218150
222914
216666
225721
216644
225745
218080
212438
203338
209722
204745
209761
204785
212477
220794
229910
227648
223155
227672
223166
220758
214220
209472
207196
216377
207202
216382
214216
185820
183344
178013
176884
185808
183320
177905
193884
200750
195913
202686
193914
200759
195892
187301
180406
189146
182032
187310
180305
189131
191671
196901
190556
199284
190490
199238
191610
185826
177083
183390
177943
183298
178064
185913
193874
202696
200789
195883
200773
195890
193861
187288
182234
180422
189169
180503
189106
187350
378504
374387
372431
368129
378546
374322
372365
388745
396089
394211
401312
388839
396107
394195
383098
377009
388360
381987
383139
376948
388361
384140
387062
379348
390191
379346
389937
384142
378507
368088
374251
372205
374329
372310
378379
388688
401345
396424
394127
396198
394207
388584
383118
382000
376817
388361
376916
388431
383058
353200
348496
346830
342449
353029
348745
346946
364422
370890
369384
375786
364423
370848
369385
358070
351731
363027
356639
358040
351770
363064
359698
361975
355375
366124
355404
366177
359707
353294
342615
349006
347041
348945
347012
353331
364438
375785
370795
369326
370833
369376
364417
358069
356566
351718
362961
351729
363019
358047
328404
324212
322005
318153
328292
324278
322084
339108
345451
343588
350149
339088
345467
343597
332672
326182
336982
330326
332661
326210
336983
334665
336455
330493
340837
330462
340839
334673
328384
318134
324342
322107
324305
322074
328419
339067
350080
345430
343590
345416
343559
339108
332634
330341
326271
337017
326198
336985
332702
302501
299042
295873
292410
302504
298995
295888
312998
319568
316834
323613
312987
319605
316884
306317
299540
310080
303266
306278
299583
310105
309123
311814
305483
315658
305471
315615
309177
302535
292429
299007
295932
298979
295917
302567
313044
323647
319705
316957
319648
316931
313087
306365
303302
299633
310156
299624
310143
306389
275683
272543
268940
265875
275680
272540
268946
285846
292684
289175
296259
285835
292728
289204
278971
272109
282160
275156
278995
272094
282166
282458
285814
279190
289184
279180
289172
282464
275690
265880
272558
268916
272555
268943
275680
285862
296281
292762
289227
292757
289224
285867
278966
275150
272024
282173
272067
282177
278951
248386
245768
241517
238998
248392
245767
241517
258069
265141
260884
268063
258085
265121
260867
251040
244061
253702
246608
251046
244059
253684
255257
259218
252477
262084
252493
262120
255232
248373
239001
245763
241516
245766
241514
248364
258052
268036
265038
260824
265082
260858
258021
251028
246616
244060
253680
244056
253690
251017
220784
218628
213773
211625
220798
218593
213765
230068
237080
232436
239533
230081
237077
232409
223005
215919
225268
218061
223019
215905
225248
227740
232256
225448
234642
225447
234635
227743
220782
211626
218580
213773
218582
213771
220782
230067
239526
237086
232406
237079
232399
230071
223001
218054
215901
225237
215905
225240
223001
192739
190870
185452
183809
192745
190849
185355
201698
208814
203696
210884
201725
208799
203664
194520
187378
196445
188855
194518
187287
196445
199752
204695
197797
206751
197804
206747
199744
192714
184044
190885
185507
190824
185592
192770
201694
210870
208788
203642
208791
203655
201684
194500
189108
187469
196473
187552
196418
194563
399324
393547
392645
387090
399301
393533
392634
411023
419919
417575
425463
410962
419982
417606
405005
397958
410927
403876
404925
398034
411027
405320
407179
399221
412921
399239
412956
405333
399356
387086
393461
392523
393550
392623
399283
411035
425519
419763
417710
419891
417662
411081
405050
403915
397999
411072
398040
411115
404973
373036
368089
366172
361579
372954
368133
366237
384714
391431
389849
397087
384616
391547
389955
377928
370925
382829
375632
377858
370956
382904
379606
380959
374446
386200
374521
386278
379554
372993
361508
368031
366218
368092
366217
372972
384697
397119
391512
389993
391533
389999
384688
377931
375658
370950
382927
370959
382944
377919
345444
341257
338420
334465
345400
341297
338466
356813
363888
361190
368453
356758
363934
361170
349684
342537
353976
346599
349645
342559
353947
352447
354855
348157
359399
348126
359390
352476
345478
334504
341350
338542
341320
338508
345512
356842
368460
363949
361166
363949
361154
356862
349713
346560
342595
353933
342556
353909
349746
317458
313915
310323
306928
317453
313931
310325
328262
335448
332100
339307
328299
335422
332010
321085
313881
324755
317355
321132
313856
324676
324541
327732
320894
331577
320868
331552
324561
317487
306948
313988
310395
313955
310366
317507
328240
339267
335427
331957
335408
331953
328241
321067
317306
313859
324632
313847
324634
321072
288725
285501
281449
278309
288740
285515
281426
299312
306613
302520
310056
299370
306596
302523
291960
284486
295022
287342
291982
284480
294999
295973
299835
292706
303209
292705
303163
295999
288731
278308
285515
281381
285522
281409
288726
299301
309964
306611
302473
306597
302488
299302
291933
287367
284452
294987
284478
294994
291918
259093
256395
251761
249182
259108
256376
251743
269370
276940
272067
279736
269374
276940
272057
261810
254353
264474
256835
261820
254332
264447
266564
271043
263684
273962
263720
274003
266532
259108
249192
256394
251749
256396
251742
259108
269376
279748
276913
272054
276937
272056
269362
261809
256814
254318
264433
254323
264433
261814
229708
227510
222359
220212
229743
227481
222315
239398
246890
241642
249254
239426
246869
241629
231908
224453
234066
226452
231936
224420
234048
237055
241982
234731
244410
234733
244417
237043
229682
220186
227457
222291
227460
222296
229670
239373
249243
246838
241611
246850
241621
239356
231884
226433
224386
234026
224398
234037
231868
200108
198222
192439
190791
200121
198212
192339
209443
216963
211375
218920
209484
216928
211332
201888
194383
203785
195792
201901
194277
203761
207510
212890
205571
214914
205585
214919
207496
200075
191044
198238
192476
198182
192575
200125
209426
218899
216899
211288
216906
211311
209409
201853
196005
194403
203763
194507
203726
201903
423563
417298
415708
409905
423419
417463
415794
437461
447425
445124
452479
437372
447853
445253
430517
421765
436474
429061
430311
421844
436502
431005
433467
424475
439261
424382
438868
431199
423756
409941
417561
415982
417548
415942
423889
437552
452053
448000
445605
447512
445398
437871
430748
429172
421999
436497
421933
436507
430931
393353
387972
385229
380453
393266
388072
385274
406299
414914
412956
420474
406271
415004
412968
398957
389977
403297
395713
398875
390002
403267
400932
402947
395501
408806
395529
408826
400893
393377
380481
388092
385239
388123
385283
393321
406336
420461
415131
412860
415116
412989
406286
399032
395696
389943
403021
389990
403227
398969
362563
358312
354946
350761
362596
358227
354835
374166
382823
379789
387037
374194
382878
379797
367163
358797
370854
363667
367192
358730
370810
369907
373100
365570
377827
365571
377849
369922
362546
350693
358189
354808
358179
354770
362565
374130
386994
382940
379740
382927
379797
374166
367156
363676
358723
370703
358660
370779
367217
332102
328433
324216
320815
332134
328369
324189
343367
351962
348038
355478
343434
351962
348018
336159
327514
339125
331545
336124
327451
339091
339661
343318
335812
347543
335822
347523
339673
332107
320781
328333
324153
328340
324172
332100
343325
355467
352078
348086
351983
348053
343357
336211
331555
327388
339056
327418
339077
336280
301324
298212
293265
290389
301321
298210
293246
311733
320517
315661
323323
311745
320530
315647
304657
295722
306884
299227
304596
295750
306867
308886
313388
305769
316787
305804
316823
308850
301312
290390
298179
293204
298196
293221
301295
311702
323280
320585
315653
320563
315655
311658
304719
299248
295736
306673
295747
306824
304752
269770
267072
261686
259325
269765
267060
261665
279934
288857
283362
291162
279933
288936
283390
272817
263834
274570
266754
272778
263809
274568
277445
282644
274773
285619
274771
285619
277444
269764
259291
267053
261637
267047
261639
269765
279912
291144
289013
283454
288982
283419
279904
272837
266756
263760
274434
263769
274535
272840
238413
236195
230386
228453
238418
236193
230352
248027
256901
250857
258639
248061
256935
250855
240882
232044
242137
234387
240855
231995
242113
246046
251663
243872
254112
243883
254134
246038
238395
228437
236185
230316
236191
230324
238369
247975
258596
256948
250885
256963
250870
247958
240901
234398
231939
241969
231945
242054
240889
207328
205518
199127
197766
207343
205492
198997
216310
225181
218663
226491
216384
225190
218638
209284
200275
210248
201865
209286
200123
210219
214854
220839
213130
222852
213156
222885
214833
207300
197965
205503
199070
205452
199182
207335
216244
226443
225204
218662
225200
218647
216213
209267
202052
200100
210132
200252
210166
209294
)
;

boundaryField
{
    inlet
    {
        type            zeroGradient;
    }
    outlet
    {
        type            fixedValue;
        value           uniform 0;
    }
    seabed
    {
        type            zeroGradient;
    }
    top
    {
        type            zeroGradient;
    }
    side1
    {
        type            zeroGradient;
    }
    side2
    {
        type            zeroGradient;
    }
    submarine
    {
        type            zeroGradient;
    }
}


// ************************************************************************* //
