/*--------------------------------*- C++ -*----------------------------------*\
  =========                 |
  \\      /  F ield         | OpenFOAM: The Open Source CFD Toolbox
   \\    /   O peration     | Website:  https://openfoam.org
    \\  /    A nd           | Version:  10
     \\/     M anipulation  |
\*---------------------------------------------------------------------------*/
FoamFile
{
    format      ascii;
    class       volScalarField;
    location    "6.9";
    object      p;
}
// * * * * * * * * * * * * * * * * * * * * * * * * * * * * * * * * * * * * * //

dimensions      [0 2 -2 0 0 0 0];

internalField   nonuniform List<scalar> 
12920
(
-1.07033e+06
-797771
-751055
-552499
-470663
-365095
-302486
-235263
-190975
-146908
-116058
-93541.8
-77279.8
-64153.8
-55497.1
-48653
-44272.2
-41399.9
-40148
-31120.1
-1.68866e+06
-918235
-760977
-548758
-459197
-351117
-290334
-225649
-182410
-139555
-111258
-88715.9
-73413.6
-61029.1
-53009.8
-46785.8
-42902.6
-40352.6
-39432.9
-30255.1
-1.06853e+06
-777221
-679895
-497584
-420847
-313049
-260686
-199022
-162959
-124679
-99790.9
-79087.7
-66011.9
-55225.3
-48239.1
-43108.1
-39957.6
-38142.7
-37876.5
-29031.2
-914639
-631863
-586768
-417933
-365655
-265425
-226176
-170559
-139568
-106763
-85457.5
-66905.4
-55579.8
-46588
-41286.2
-37507.5
-35565.7
-34761.2
-35862.6
-28047
-869216
-573402
-526996
-356417
-288881
-200723
-169623
-125516
-104215
-78545.9
-62821.3
-49334.9
-41249.8
-34755.3
-31510.5
-29678.3
-29529.6
-30582.3
-33358.2
-27231.5
-567950
-341028
-338867
-213198
-202339
-133749
-117741
-85293.3
-69755.4
-50951.6
-40969
-30942.7
-25470
-21502.8
-20345
-20616.4
-22644.4
-25764
-30207.7
-26701
-119501
-151198
-194845
-102585
-109735
-59231
-51085.6
-31805.2
-27632.8
-17516.7
-15022.7
-9428.93
-8169.63
-6664.68
-7316.24
-10092.8
-14439.8
-19955.8
-26809.1
-25891.1
-30099.1
21440.4
770.463
37509.8
-2323.36
19562.6
-7255.34
970.585
4704.49
8207.28
8947.04
10153.4
9233.47
8067.16
6577.33
1263.38
-5679.44
-13898.5
-23198
-24649.7
103949
109058
129996
144115
89029.3
88271.2
56865.6
50649.9
45096
41598.8
37750.9
34250.3
30074.1
25552.8
21226.2
15103.7
4104.96
-7506.15
-19422.5
-23451.2
254960
235776
255845
230427
172043
167160
124602
104204
90156.4
79227.7
70054.7
61584.9
53727.5
45972.2
39847.4
27292.5
13083.4
-1116.46
-15632.3
-22346.2
441203
370376
321438
298600
235027
226979
191360
160291
135342
114710
100244
87824.7
76405.2
65391
55121.9
38563.4
21890
5164.36
-11883.7
-21207.9
609404
478605
400383
358247
286177
269673
235349
205657
180839
157371
135304
114043
97110
82857.7
67922.8
48789.5
30146.5
11228.9
-8234.22
-20007.4
938949
695616
481411
437841
338990
311618
265613
239738
211224
187064
162295
139411
118444
98900.9
78236
58203.1
37549.9
16858.6
-4781.93
-18757.6
808500
650855
499480
466186
369481
343647
294564
272684
235176
213140
181812
160931
133812
111032
87492.5
66248.2
43889.1
21825.6
-1712.33
-17576.1
552451
583624
492544
470942
394251
367415
317703
291761
253137
227232
196251
170971
144033
120199
95762.7
72946.4
49400.1
25892.8
905.421
-16487.4
744336
602786
513510
480378
412347
385351
331979
309840
264419
241464
205906
182047
152569
129073
102336
78593.7
53653.1
29127.6
2814.1
-15789.6
276504
558758
483419
477169
415813
392328
343492
319918
279222
252200
217191
191274
160817
135235
107650
82611
56738.5
31178.1
4021.51
-15664.9
790036
634447
533504
492684
427613
407219
351718
330475
284763
259386
222900
197262
165074
138964
110407
84860
58174.6
32084.7
4322.1
-16041.4
221538
483260
462144
476595
424961
410805
355257
333433
288921
263320
226317
199345
167532
140959
112285
86168.5
58920.2
32197.8
4047.76
-16894.3
457879
490256
473091
476759
425891
412730
357766
335462
290982
265134
228114
200888
168910
141929
113077
86687
59137.1
32119.8
3825.34
-17880.2
-1.14798e+06
-817721
-747901
-548230
-470217
-364191
-302668
-235094
-190678
-146917
-116279
-93305.1
-77183.8
-64089.1
-55438.9
-48648.5
-44293.7
-41430.3
-40154.6
-31088.1
-1.55108e+06
-901642
-756301
-547331
-459669
-351088
-290886
-225340
-182266
-138974
-111168
-88589.1
-73253.3
-61058.9
-53012.3
-46807.7
-42947.6
-40400.9
-39469
-30052.1
-1.05905e+06
-768707
-675284
-497265
-421855
-313121
-261453
-199229
-162874
-124087
-99530.9
-78936.6
-65870.2
-54984.1
-48192.2
-43081.5
-39967.6
-38183.2
-37887.8
-28632.1
-895981
-631793
-588328
-414554
-365149
-264276
-226162
-170308
-139898
-106334
-84988.6
-66682.3
-55443.3
-46478.2
-41252
-37500.9
-35560.4
-34740.5
-35811.4
-27556.1
-823479
-579166
-530189
-352911
-287974
-199935
-169668
-125485
-103968
-78034.9
-62771.4
-49120.5
-41111.3
-34685.6
-31508.8
-29681.2
-29502.9
-30455.5
-33207.3
-26647.3
-636053
-340918
-345540
-211619
-201446
-131542
-117158
-84932.1
-69716.8
-51249.7
-40864.1
-30751.3
-25309.7
-21447.8
-20333.6
-20626.5
-22624.5
-25689.8
-30128.3
-26100.6
-173926
-155516
-193500
-100801
-110661
-57497.1
-51836
-30947.8
-27354.8
-17727.1
-14901.5
-9521.03
-8273.11
-6773.42
-7282.42
-10067.2
-14443.6
-19900.6
-26727
-25272.2
-10576
24084.7
-779.068
35685.9
-2819.69
19284.2
-7484
1065.98
4303.21
7925.71
8786.58
10071.9
9156.23
8082.35
6830.71
1584.87
-5672.61
-13852.7
-23092.3
-24070.5
130640
123373
123915
142159
90236.4
88863
55827.7
49991.9
44729.9
41559.4
37736.3
34266.7
29887.1
25173.3
21486.9
15113.3
4066.85
-7439.5
-19313.4
-22917.6
211010
237768
249603
230954
173510
168288
124737
104250
90079.6
79314.3
70172.3
61743.8
53771.6
46013.4
39764
27273.4
13104.3
-1035.69
-15540.5
-21841.3
443794
381808
324315
297002
236181
227123
191788
161426
136492
115717
100514
87924.7
76565.3
65716.8
55746.8
38563.2
21918.9
5253.66
-11800.5
-20728.9
529143
473523
397162
355305
286973
268661
234491
205285
180381
157003
135058
113378
97432.1
83119.5
68061.8
48899.8
30195.4
11330
-8140.4
-19501.2
1.08325e+06
706071
490262
438582
338639
311527
265641
240708
211720
187936
162912
139920
118476
98956.5
78380.9
58271.4
37606.4
16958.6
-4665.83
-18285.5
826999
641174
492196
464226
367885
343403
294363
272204
235429
213087
182212
161040
133823
111038
87573.4
66297.2
43956.5
21927.8
-1599.13
-17077.4
479073
589032
489984
471417
393329
367566
317951
291750
253186
227133
196035
171110
144066
120335
95806.9
73000
49472.5
25998.6
1028.76
-15978.9
735294
605442
512011
481269
413126
384942
332647
309804
264619
241548
205979
182310
152586
129240
102401
78698.4
53756.4
29244.9
2962.41
-15254.6
566391
570383
490254
478837
416403
392362
344530
320394
279501
252301
217667
191215
161039
135447
107892
82873
56938.1
31349.3
4220.99
-15103.4
834327
634463
531630
492551
428565
407422
351431
330105
284689
259588
222828
197005
165223
139096
110459
84907
58225.5
32165.8
4453.83
-15618.3
247376
507042
460029
477668
425395
410437
355143
333340
288995
263033
225997
199283
167536
141001
112314
86175.8
58919.1
32211.4
4096.52
-16656.9
525187
495677
472390
475231
425652
412497
357820
335544
291000
265156
228130
200880
168878
141905
113057
86667.8
59106.9
32128.5
3868.92
-17783.7
-1.16921e+06
-837426
-740677
-540784
-469469
-362089
-301887
-233635
-189377
-145706
-116145
-93001.5
-77105.7
-63989.6
-55367.3
-48653
-44331.5
-41450.7
-40191.1
-30934
-1.34998e+06
-860346
-744843
-543967
-459364
-350187
-291010
-224473
-181577
-137988
-110731
-88216.7
-73034
-60905.8
-52998.4
-46784.8
-42953.7
-40451.3
-39499.1
-29515.7
-993972
-732909
-672381
-494654
-422627
-312887
-262273
-199185
-162167
-123172
-98999.8
-78545.5
-65581.2
-54813.9
-48117.2
-43045.8
-39982.3
-38151.3
-37908
-27803.8
-976553
-643305
-593211
-414093
-363549
-262815
-225828
-169896
-140364
-105658
-84393.5
-66286.2
-55171.4
-46297.3
-41201.5
-37499.2
-35558.4
-34748.4
-35701.5
-26553.4
-937260
-607200
-546737
-347337
-286775
-198955
-169515
-124996
-103304
-77485.2
-62371.3
-48703.6
-40831.8
-34577.7
-31493.1
-29688.7
-29457.6
-30255.7
-32987.9
-25542.5
-620483
-364899
-357368
-210057
-200002
-129139
-115723
-83485.9
-69115.6
-51191.9
-40659.9
-30330.3
-24988.1
-21318.5
-20318.5
-20636.7
-22571.2
-25502.3
-29985.5
-24964.5
-122230
-156603
-192939
-94610.1
-109668
-55844.6
-52069.4
-30820.8
-27513.4
-17852.1
-14559.7
-9504.5
-8119.28
-6743.46
-7187.63
-10016.3
-14384
-19782
-26546.9
-24159.5
-244151
42954.5
5050.36
35724.1
-720.171
19616.7
-7625.64
1195.99
3478.69
7544.66
8490.42
9847.81
8993.37
8095.63
7196.03
1823.53
-5573.77
-13690.2
-22906.2
-22997.4
86210.4
150102
115692
141535
92485.3
90020.7
54741.5
48416
43739.2
40959.1
37372.2
33697
29153.3
24451.2
22091.1
15174.5
4140.1
-7262.91
-19117
-21885.2
341003
258956
248244
231130
173852
170380
125674
105451
90353.1
79585.9
70520.8
61971
53805.2
45895.6
39654.7
27146.4
13201.5
-851.543
-15343.2
-20857.3
537659
370617
324204
295170
236560
226133
192273
161579
137906
117594
101477
87757
76888.2
66188
56034.8
38520.8
21989.8
5484.45
-11536.6
-19796.8
519813
476376
398405
353874
288207
267266
233733
204517
179588
156418
134425
113977
97910.2
83395.8
68232.8
49024.9
30323.6
11543.7
-7804.74
-18547.4
942496
668749
484305
437557
338185
311684
265906
241626
212019
189150
163509
140291
118490
99048.6
78540.7
58400.9
37724.7
17197.8
-4360.85
-17333.7
567090
619872
487027
460113
367379
342721
294614
271682
235713
212745
182245
160943
133714
111343
87745.9
66356.3
44076.5
22121.9
-1347.83
-16096.6
534923
584336
487306
471284
392099
367301
318415
291335
253324
227006
195829
171069
144038
120556
95837.5
73052.5
49605.2
26193.6
1291.26
-14971.3
582681
598183
501592
482312
411892
384259
333280
309637
265024
241578
206427
182431
152835
129423
102392
78784.4
53916.3
29464.3
3289.21
-14215.9
429994
559691
482929
479043
415976
392595
345247
320701
279621
252345
217930
191164
161333
135550
108276
83267.2
57224.6
31664.1
4610.69
-14057.6
825672
631554
530063
492369
429092
406247
350994
329761
284588
259641
222743
196847
165129
139119
110605
85062
58341.6
32298.8
4643.48
-14752.6
272695
525580
457939
479452
425898
410251
355157
333345
288921
262982
225943
199129
167407
140851
112187
86086.1
58920.5
32295.3
4228.54
-16135.5
502436
502258
471858
474793
425631
412353
357846
335537
291000
265151
227960
200882
168827
141877
113027
86669.7
59121.3
32169.7
3954.85
-17510.8
-1.06813e+06
-869424
-730202
-533560
-468161
-359909
-301919
-232595
-188742
-144607
-115767
-92604.4
-76845.8
-63854
-55319
-48637.5
-44394.4
-41521.8
-40312
-30589.5
-1.31222e+06
-822302
-747933
-542726
-460286
-349643
-291648
-224054
-180973
-136343
-109882
-87664.1
-72805.5
-60695.5
-52887.2
-46761.2
-42981.5
-40436.5
-39606.7
-28539.8
-691610
-693660
-672135
-492121
-422473
-312663
-262522
-198790
-161417
-122048
-98148.2
-77995
-65181.4
-54556
-47994.7
-43000.7
-40025
-38176.6
-38001.2
-26381.9
-844611
-632632
-599014
-415596
-361367
-261046
-224803
-169136
-139641
-104990
-83669
-65773.7
-54830.8
-46100.6
-41169.8
-37547
-35577.1
-34673.6
-35609.5
-24759.1
-936386
-608232
-548661
-350175
-283183
-198075
-168663
-124282
-102387
-76877.4
-61682.7
-48180
-40462.3
-34501.8
-31483
-29711
-29421.3
-30094.1
-32786.3
-23763.6
-907890
-382450
-369443
-216457
-198474
-127412
-113055
-83094.6
-68577.5
-51043.4
-40261.8
-29718.2
-24486.7
-21160.7
-20304.7
-20681.7
-22541.9
-25272.9
-29880
-23220.6
-111619
-150773
-202564
-94202.4
-108129
-55372.1
-51217.6
-31314
-27708.6
-17878.7
-13792.3
-9152.82
-7740.28
-6499.77
-7085.45
-9980.48
-14325.2
-19591.1
-26344.2
-22461.1
-14556
18201.6
-12812.7
33489.7
2330.58
19392.1
-6709.52
1505.48
2732.17
7218.19
8154.86
9413.17
8599.29
8091.85
7619.74
2008.53
-5467.07
-13454.8
-22705.2
-21360.8
328669
177182
113960
140524
94178.6
90931.3
54300.3
48136.9
42879.7
40052.4
36575.7
32927.9
28487.8
24118.8
22722.2
15296.6
4274.68
-7035.29
-18899.1
-20244
357144
275466
245725
229941
173395
172110
127918
107447
92072.1
80383.9
70863
62123.5
53911.9
45875.7
39506
27185.9
13343.1
-609.895
-15089.3
-19193.5
572325
396191
332286
294740
236433
225581
191942
161185
138073
119201
102447
88171.8
76577.3
65762.8
55839.9
38643
22145.4
5792.83
-11227.2
-18160.7
650975
477305
403291
352017
288577
265178
232756
203589
178682
155827
134203
114643
98534.7
83661.6
68134.9
49266
30524.4
11918.6
-7534.29
-16964.6
909421
653515
493166
435799
337858
311763
265818
241942
211666
189995
163498
140730
118650
99166.6
78653.8
58563.2
37912.1
17491.5
-4072.65
-15740
625376
605656
482162
456809
367146
342305
295398
270966
235772
211702
181785
160095
133400
111893
87985.1
66330.6
44240.9
22362.7
-1039.06
-14479.4
567342
580909
485857
471711
392440
366768
318854
290479
253537
226537
195808
170695
144140
120450
95831.3
73164.3
49796.6
26471.9
1677.22
-13319.5
589981
578500
498993
483309
410011
384136
333242
309040
265652
241278
206913
182190
153199
129167
102708
79123.9
54086.7
29752.9
3732.07
-12539
545622
548589
494770
481104
416248
392824
344891
320357
279486
252083
217867
190892
161269
135404
108474
83429.4
57655.3
32114.2
5178.8
-12351.7
896281
631188
531781
490984
428305
404785
350574
329354
284475
259475
222651
196638
165057
139083
110647
85117.6
58422.7
32430
4868.64
-13198.1
370493
572159
466517
481767
426036
409765
355109
333296
288840
262984
225837
199021
167254
140719
112110
86073.7
58971.1
32416.5
4395.92
-15140.8
395331
499777
470543
473296
425387
412125
357720
335608
290993
265123
227868
200841
168773
141862
112980
86643.6
59141.6
32231.7
4019.58
-17058.2
-1.12916e+06
-877705
-724461
-533528
-466629
-357379
-301520
-231457
-187426
-143415
-115307
-92376.6
-76687.5
-63761.8
-55330.9
-48642.2
-44454.3
-41598.1
-40499.7
-29989.8
-1.04163e+06
-787682
-746034
-540127
-460040
-349032
-291508
-223479
-180197
-133766
-108727
-87080.7
-72476.9
-60450
-52767
-46733.7
-43028
-40460.9
-39949.6
-27082.7
-683382
-671822
-675787
-492291
-420715
-312634
-262145
-198453
-160737
-120863
-96967.1
-77302.5
-64668.7
-54261.2
-47852.1
-42977.1
-40128.2
-38157.2
-38247.8
-24397.8
-771851
-618101
-604582
-417425
-360165
-262284
-223940
-168889
-138625
-104622
-82822
-65229.2
-54456.7
-45881.3
-41172.5
-37676.8
-35597.4
-34508.4
-35720.8
-22412.8
-814851
-602570
-547866
-353454
-284054
-198628
-167888
-123821
-101975
-76309
-60606.6
-47551.1
-39981.8
-34511.1
-31456.7
-29741.4
-29379.5
-29898.4
-32816
-21413.5
-937249
-403011
-374883
-220193
-198045
-128679
-112080
-83316.1
-68409
-50754.4
-38984.3
-28786.6
-23756
-20977.7
-20267
-20736.7
-22540.8
-25206.9
-29988.8
-20996.9
-321634
-158700
-213844
-98375.1
-105688
-55779.3
-49613.4
-32687.1
-27824.3
-17798
-13473
-8662.94
-7250.52
-6134.9
-6945.86
-9950.01
-14274.6
-19371.6
-26212.2
-20332
57281.3
39673.2
-16797.3
33048.1
2334.75
19051.4
-3751.2
2297.87
4060.68
8485.97
9260.39
10200.1
9272.24
8327.64
8231.45
2137.39
-5371.36
-13173.4
-22636.7
-19288.3
405012
192033
112012
140201
93510.5
91892.9
55129
49913.1
44058
40817
37302.3
33639
29199.6
24711.6
23007.1
15481.7
4465.15
-6798.3
-18842.5
-18203.7
427200
294626
243587
228787
173074
170787
131004
108209
92861.8
81072.2
71170.6
62194.2
53836.7
45899.8
39326.2
27238.3
13544.7
-371.616
-15015.5
-17167.8
445902
388851
324076
292743
234982
225631
191229
160532
137882
119195
102705
88390.7
76116
65378.6
55136.3
38658.1
22253
6045.82
-11151
-16220
599379
469743
401642
351190
287874
264678
231515
202669
177841
155340
133927
114537
97995.9
83285.2
67532.2
49536.6
30750.9
12226.1
-7445.52
-15040.2
880469
649351
492806
432953
337712
311898
266594
241345
210892
189528
162809
141230
118236
98991.6
78406.6
58726.3
38060.7
17764.7
-3944.17
-13819.1
656152
603290
479305
455481
367319
342498
296162
270383
235274
210816
181229
159061
133277
112041
88363.9
66566.5
44401.4
22580.4
-854.848
-12585.1
633619
579234
483670
473432
392701
366580
317912
289483
253845
225963
195965
170172
144159
120225
96120.7
73256.5
50004.8
26749.9
1928.13
-11415.7
597959
573087
499078
483702
408258
384731
332671
308440
265826
240722
206933
181704
153252
128835
102879
79102
54464
30047.5
3934.47
-10625.4
483924
529694
494103
481326
415395
392801
343889
319679
278961
251532
217716
190497
161086
135087
108390
83424.5
57844.5
32409.3
5512.19
-10407.3
794421
619009
530938
490111
427550
403596
350004
328998
284373
259155
222724
196430
165023
139028
110688
85152
58537.1
32607.9
5116.29
-11303.6
642914
566315
471967
482195
425961
409300
354902
333293
288816
263060
225766
198980
167156
140653
112049
86048
58996.9
32505.8
4445.92
-13806.7
419903
501119
474944
474164
425414
412066
357603
335715
290987
265175
227830
200869
168733
141863
112938
86632.6
59142.3
32278.4
4017.21
-16518.6
72757.4
108181
96370.8
80157.7
73074.2
109368
97313.4
64075.8
92899.9
85003
70787.9
64218.5
93765.7
85020.1
105111
147701
131615
118408
106169
147232
131443
90246.9
126094
111530
102280
90322.7
126140
112058
52781.8
107524
94719.1
56331.2
52346.7
107477
94606.1
46217.3
91293.5
81941.1
50222.9
45980.3
91218.3
81903.1
42817.7
79226.9
72301.4
44906.3
42935.8
79231.3
72256.6
38793
70053.3
64066.8
41612.9
38890.8
70071.5
64153.5
35601.3
62157.3
56667
37774.3
35838.7
62242.9
56725.8
31432.9
54805.1
49595.8
34304.2
31558.3
54887.1
49602.9
27501
47889.9
42668.2
29991.9
27479.4
47846.8
42591.2
22789.7
40828.2
35349.6
25323.4
22596.6
40749.5
35284
108290
177450
151937
124690
108254
177736
152936
93303.9
145236
126968
104195
93250.7
146230
128212
81810.6
122029
109581
90097.2
81796.3
122975
109716
72250.4
105839
96010.1
79271.5
72355.1
105993
96081.7
63672.7
92930.8
84264.8
70123.9
63743.5
92988.5
84357.5
55672.2
81467.3
73516
61680.1
55715
81529.8
73600.8
47918.9
70915.8
63256.3
53751.5
47942.5
71013.8
63415.9
40507.9
60736.9
53230.5
46001.8
40645.5
60918.6
53559.7
167495
225245
202878
191683
168063
224832
202543
141118
196239
177518
161198
141857
195904
177171
119251
171505
154428
136102
120123
171141
154061
103614
148917
132683
115332
103794
148600
132533
90845.6
127293
110814
100396
90934.1
126917
110689
79200.2
105987
95432.8
87883.4
79289.1
106156
95650.6
68096.5
92100.7
81939
76500.8
68262.7
92240.4
82117.3
57487.3
78566
68404.4
65594.4
57818.4
78799.3
68563.6
212395
257663
237940
234794
212109
257307
238164
187105
231091
212107
205417
186826
231361
212367
163080
204397
186101
180540
162782
204546
186347
140914
179565
162755
157120
140776
179828
163179
119197
155734
138915
135147
118634
155818
139615
100521
132346
118588
113440
100978
132772
118926
86486.5
112218
100227
97330
86626.3
112158
100230
72405.1
95162.2
83013.5
83037.2
72496.4
95185
83073.3
52076.7
107410
94613.9
55274.1
50785.5
107799
94850.5
45840.3
91225.9
81886.4
48907.8
45332.6
91452.4
81868
42958
79216.4
72249.4
44071.8
42737.2
79153.5
72292.4
38915.4
70099.8
64200.3
41209.7
39004.9
70238.2
64372
35932.9
62294.8
56757.1
37538.1
35785.8
62461.5
56870.6
31584.6
54923.3
49602.3
33929.9
31373.1
55015.1
49550.8
27343.3
47830.7
42542
29402.3
26771.8
47740.3
42304.7
22613.4
40693.3
35301.5
24634.9
22603
40496.4
35201.6
108324
177845
153463
125439
109056
178528
154591
93244.9
146797
128813
104936
93369.1
148227
130560
81806
123592
109901
90151.3
81899.3
125324
111527
72403.1
106127
96136.5
79479.6
72646.1
107666
96283.4
63787.9
93022.5
84442
70409.7
64015.7
92940.1
84623.2
55742.8
81596.5
73663.9
61920
55811.5
81767.4
73887
47951.7
71082.7
63518.3
53810.1
47900
71320.6
63838.1
40653.6
61032.6
53756
45934.7
40498.2
61366.9
53796.1
168176
224547
202364
192270
168259
223764
201605
142295
195744
177004
161615
143300
195159
176449
120616
170953
153884
137685
122066
170315
153246
103929
148444
132355
117542
104769
147895
131772
91012.1
126656
110748
101225
90849.5
126143
111281
79345.8
106324
95761.2
87960.5
79541
107059
96160.5
68370.4
92321.1
82216.4
76805.7
68748
92648.4
82525.2
58088.4
78897.4
68721.2
66127.6
58356.9
79184
68972.2
211923
257180
238253
233977
211205
257278
238522
186687
231543
212503
204733
186191
232110
212881
162629
204557
186432
179805
162091
204562
186716
140719
179928
163380
156578
140466
180315
164004
118501
155892
139932
134563
118628
156260
140731
101140
132964
118925
113728
101624
133387
118886
86720.7
112243
100240
97778.7
86974.6
112648
100268
72613.5
95200.8
83226.1
83324.3
72753.5
95195.6
83354.3
50229
107827
95063.7
54760.7
49397.9
108671
95979.6
45145.3
91683.7
81904.1
47938.7
44876
92685.2
82794
42429.7
79189.3
72336.7
42965.4
41434.2
79959.5
72744.3
38970.6
70305
64432.2
40153
38428.2
70642.9
64621.3
35561.5
62509.9
56886.7
36710.8
34797
62651.8
56940.6
31165.2
55033.2
49513.4
33009
30505.1
55088.2
49569.7
26549.5
47699
42297
28528.5
26049.3
47750.9
42336.2
22732
40474.9
35233.3
24111.8
22808.9
40475.6
35113
109633
178685
154738
127146
111332
179262
154797
93636.1
148441
131073
107107
95104.4
148623
131806
81991.9
125870
112245
91640.7
82719
126821
113556
86532.5
77303.4
88759.6
79735.8
86284.9
77447.2
88982.8
76290.6
68324.2
78511.8
70619.7
76012.8
68422.8
78750
55818.4
81650.1
73945
62077.5
55874.2
81772.3
73809.3
47878.5
71369.7
63840.7
53857
47875.6
71168.8
63534.2
40529.6
61301.3
53855.6
45851.1
40411.6
61008.3
53638.6
168210
223415
201295
192191
167898
222618
200305
143411
194909
176252
161310
143412
194068
175619
122519
170093
153015
138092
123486
169434
152437
124071
113412
128201
117215
123530
114133
128641
104930
97967.9
109011
102926
104595
99576.8
109414
79606.2
107319
96316.4
87841
79520.9
107892
96818.9
68838.9
92783
82646.7
76723.9
68557.9
93262.9
83012.7
58489.6
79295.3
69135.9
65902.3
58274.1
79617.5
69223.5
210937
257073
238576
233140
210098
257245
238691
186005
232284
212964
203826
185406
232641
213067
161893
204488
186788
178907
161326
204223
186942
140366
180433
164174
155965
140061
180762
164577
118751
156393
140848
134239
119096
156649
141019
101786
133436
118960
114596
102322
133735
119364
87061.6
112745
100282
98394.5
87323.4
112902
100249
72868.7
95196
83542.8
83610.6
72913.9
95049.4
83513.7
49191.2
108867
96254.7
55159
49212.6
110774
96893
44722.3
92991.5
83206.9
49474.4
45346.4
93606
83948.6
41197.8
80313.4
72931
43769.4
40811.5
80979
73394.4
38234.7
70796.3
64718.6
40597
38324.4
71229.9
65048.6
34629
62719.3
56996
37064.3
34505.3
62965.2
57154.3
30409.8
55140.2
49635.1
33402.7
30561.9
55286.8
49811.2
26003.4
47817.7
42374
28955.7
26116.1
47973.4
42535.9
22936.8
40498
35179.6
24485.8
22552.2
40648
35155.5
111699
179278
154747
130508
112418
179760
154485
95558.8
148599
131878
108100
96246.8
148424
131901
82989.2
126940
113655
92757.6
83611.6
127054
113859
73193.2
109715
97620.2
80949.7
73540.6
109724
98366.1
64279
94043.6
85102.6
71107.3
64390
94785.7
85192.6
55917.1
82029.7
73706.5
62208.2
55938
82072.2
73455.2
47916.8
71040.4
63397.9
53881.3
47923.5
70763
63142.7
40483.7
60888.1
53688.9
45923.8
40308.5
60665.1
53258.8
167750
222263
199969
191387
167142
221505
199005
143361
193775
175398
160719
143151
192931
174750
123615
169223
152288
137940
123658
168625
151885
106385
147109
131455
119143
106577
146755
131411
91237.6
126180
112141
102636
91812.7
126143
112140
79413.6
107948
96872.6
88422.2
79085.1
107955
96446.2
68403.9
93356.5
83058.5
76196.1
68051.5
92784.2
82509.9
58328.2
79659
69333.8
65437.4
57775
79138.5
69030.1
209814
256950
238673
231872
209004
257171
238474
185198
232691
213049
202886
184565
232503
212667
161159
204076
186916
178036
160720
203622
186543
139987
180840
164609
155444
139714
180865
164262
119161
156643
141013
133993
119180
156340
140653
102477
133889
119577
114628
102245
134205
119823
87387.1
112934
100247
98221.8
87156.8
113226
100302
72999.1
94968.7
83657.6
83477.1
72786.4
95012.3
83415.9
49145.6
111183
97041.6
55732
49687
112479
97390.2
45425.3
93747.9
84067.1
50588
45549.7
94039.9
84253
40599.3
81092
73486.3
44554.3
40476.3
81248.2
73622.8
38328.5
71316.2
65101.6
41117.7
38279.5
71430.6
65165
34374.5
63018.4
57167.9
37687.9
34309.1
63065.4
57171.3
30614.8
55289.8
49801.2
34018.7
30728.5
55281.4
49748.2
26141.5
47951.4
42535.6
29643.5
26333.7
47884.4
42496.7
22574.7
40673.8
35339.4
25298.1
22438.9
40663.9
35265.3
112545
179885
154367
132097
112895
179382
154228
96337.4
148348
131877
108481
96491.8
148211
131863
83738.3
127049
113911
93009.4
83922.2
127050
113984
73612.1
109832
98494.3
81243.9
73705.2
109998
98729
64382.4
94898.2
85154.5
71246.4
64355
95084.6
85055.2
55901.6
82022.1
73378.3
62157.9
55831.9
81885
73204.4
47884.9
70691.7
63087.9
53757.9
47805.3
70594.9
63020.5
40407
60615.3
53345.4
45848
40105.9
60550.1
53133.5
166905
221253
198718
191282
166477
221658
198191
143074
192677
174554
160176
142958
192221
174150
123649
168448
151776
137796
123628
168094
151595
106663
146661
131380
119272
106810
146507
131322
91817.7
126134
112098
102809
91748.4
126121
112099
79003.9
107895
96237.7
88286
78779.4
107803
95919.8
67990.6
92536.6
82281.8
75990
67921.8
92184.4
82054
57771.2
78929.5
69039.6
65309.2
57338.7
78710.2
68905.2
208776
257155
238341
231148
208352
258014
237627
184358
232304
212400
202249
183913
232295
211753
160604
203496
186349
177435
160403
203504
185631
139622
180861
164026
155175
139480
181025
163122
119094
156186
140390
133822
118975
156141
139353
102068
134253
119669
114369
101778
134509
118852
86950.4
113335
100328
97605
86668
113511
99747.6
72740
95195.2
83492.1
83041.5
72352.1
95528.8
82940.2
83871.3
74987.8
81126.7
72858.3
83655.3
75107.2
81354.5
96218.1
98393.6
103546
108611
95537.9
99026
103553
92527.9
89006.4
99390
95267.8
92151.3
89191
98203.2
86780.8
79946.3
77766.3
89638.2
77590.3
89317.9
86999.2
84033.4
72938.9
75373.6
81613.7
75217.8
81475.9
84235.2
96667.7
109047
99641.5
104914
99457.7
103958
96580.8
92891.1
95573.5
89716.4
100736
89473.9
98468.2
93067.8
73718.2
66148.8
71284.1
64127.2
73518.9
66196.9
71460.8
82858.7
85905
90007.5
91847.5
82916.7
85968.1
89122.1
79715.8
77623.5
87165.3
85674.1
79934.6
77714.6
85650.3
76392.8
70686.4
68567.9
78937
68471
78859.1
76413.9
73841.8
64173.1
66315.5
71522.6
66243.5
71533.1
73850.9
83029.3
92128
86481.3
90720.3
86216.8
89316.6
83371.8
79886.9
85758.2
77914.7
87722.6
77815.6
85779.8
80342.2
118921
109097
113618
106627
118482
110496
114024
132295
137854
142549
147523
132508
137641
142425
127219
122259
137113
131514
127283
122292
136973
124366
117559
114554
128836
114439
128894
124186
119170
106950
110218
114398
110755
114291
119163
132324
147369
137666
142190
137580
142308
132582
127284
131461
122597
136798
122402
136865
127496
100393
94532.3
97192.2
91726
100528
96920.5
97057.8
112950
117368
120995
126094
112738
117477
121079
108722
104378
116113
111760
108390
104739
116264
105178
103132
98819.6
109831
99770.6
109682
105425
100513
91860.7
95397
97484.8
96996.2
97202.2
100977
113129
126112
117798
121219
117616
121156
113288
108906
111939
105033
116470
104958
116384
108994
-2513.25
26078.6
28960.9
-7341.81
-2555.43
25634.9
28707.4
2001.7
27407.9
28130.6
919.981
1834.51
27196
27857.6
8049.48
26926
27229.5
4515.61
7675.72
26570.7
26954.3
8215.43
25784.5
25269.3
8097.42
8114.23
25542
25097
11060.1
23790.4
23849.6
8901.02
10932.6
23588.3
23682.6
9878.54
22006.7
21384.7
10130.1
9886.43
21816.2
21227.8
9539.74
19211.8
18295.1
9222.6
9593.8
18999.8
18159.7
7375.34
15583.1
14285.3
8084.4
7433.81
15494.9
14239.1
68876
120866
101799
88342.6
68619.2
120745
101575
71283.2
56349.7
74175.5
56694.4
56304.6
73977.2
71358.2
62903.6
50000.4
64530.3
50543.8
49897
64468.9
62936.6
55596.1
44335
56756.1
45064.6
44346.1
56737.6
55580.4
50151.7
40762.5
51230.6
41614.2
40795
51214.3
50142.6
45185.4
37279.8
45995.4
37761.5
37321.6
45992.5
45165.7
40141.6
33575.1
41095
34272.2
33628
41093.4
40125.9
35089.1
29646.7
35976.3
30069.1
29682.2
35947.1
35099.8
29495.7
25156.5
30494.4
25514.5
25091
30435
29533.4
19933.4
29858.3
27112.3
21320.5
19872.5
29792.7
27050.3
139016
200533
175706
167546
139094
200745
175901
131977
118134
140992
124592
118094
140942
132041
112374
100247
116796
104186
100233
116748
112411
97470.1
87245.1
100881
90138.7
87228.7
100863
97482.3
85590.5
76809.8
88287.6
79227.8
76820.6
88299.8
85553.7
75419.3
67917.4
77868.1
70064.9
67924.7
77871.1
75415.3
66103.8
59585.7
68318.3
61600.9
59610.9
68331.3
66077.5
57409.4
51800.3
59537.9
53728
51800.3
59548.3
57400.2
48948.9
44062.2
51003.1
45968.9
44069.9
51013.8
48925.7
34384.1
47470.7
41292
39791.1
34435.2
47690.8
41104.4
203912
247293
224787
227175
203999
247297
224465
194088
182328
202527
191410
182434
202494
194095
167816
153407
174527
160486
153580
174477
167797
142973
129540
148967
135497
129772
149048
142850
121675
110602
126556
114822
110682
126616
121625
104083
97058.9
107561
100268
97075.1
107589
104077
90850.5
84884.4
93976.8
87834.5
84896.9
93985.3
90835.8
78775.3
73615.8
81750
76418.3
73631.9
81760.2
78761.7
67040.1
62707.6
69876.1
65422.1
62738.2
69911.3
67010.3
48249.7
61397.1
53816.8
55373
48424.8
61498.8
53811.4
247330
289710
265059
269420
247011
289609
264795
234975
227280
243325
235211
227208
243229
235066
208226
199253
214296
205607
199199
214256
208257
183324
174826
189523
180779
174755
189478
183382
159908
151936
165423
157311
151883
165370
159921
137157
129899
142639
135258
129853
142664
137149
115779
109327
120684
113861
109116
120677
115807
98634.8
93700.7
102063
97161.6
93722.2
102176
98606.4
83444.6
79445.9
87067.8
82890.5
79468.7
87087.2
83423.7
60675.2
73948
65760
67969.1
60676.8
74002.9
65776.9
254334
276185
269291
265712
254492
276126
269362
227789
253627
239533
240047
227974
254109
239670
199888
222107
212912
211397
199977
222320
213262
176504
198401
186591
187384
176935
198886
186764
151770
171622
162972
162551
152071
171754
163113
131182
149532
139617
139673
131279
149654
139692
109608
125668
117042
118487
109601
125565
116997
91467.2
105121
96986
98923.7
91495.5
105039
96971.1
-2154.73
24787.7
28213.4
-7023.4
-2208.08
24562.4
27637
1659.44
26857.5
27435
1135.5
1424.28
26347.1
26860.5
7115.55
26034.3
26554.2
3952.01
6396.67
25309.4
26144.4
7974.34
25185.6
24854.8
7757.49
7891.77
24790.2
24582.2
10676.3
23280.9
23443.1
8693.24
10351.8
23023.9
23287.9
9903.46
21554.5
20969.1
10019.2
9953.03
21348.4
20714.2
9690.35
18737
18004.6
9128.8
9627.28
18465.1
17856.4
7710.66
15356.1
14346.2
8113.32
7767.01
15232.1
14245
68346.8
120345
101441
89531.5
68288.5
120834
101537
70630
55580.1
73258.9
55716.1
70783.6
55266.9
73236.1
62355.1
49236.3
63989.5
49686.8
62534.2
48927.2
63766.6
55437.5
44196.3
56547.7
44565.2
55533.6
44130.4
56419.7
50198.9
40968.8
51126.2
41502.4
50200.4
41012.6
51069.8
45292.4
37575.5
45965.6
37708.6
45278.9
37628.3
45940.7
40159.7
33822.7
41049.4
34225.2
40180.7
33784.9
40999.3
34816.9
29575.7
35727.9
29773.1
34923.5
29422
35611
29041.2
24678.5
30057.7
25009
29187.6
24511.9
29877.8
19992.8
29783.5
27104.9
21732.6
19952.5
29797
26933.6
139440
200886
176431
169296
140057
200931
177215
132616
118172
141155
124952
132288
118319
141479
112765
100274
117068
104361
112515
100349
117497
97472.7
87162.9
100819
90068.7
97442.2
87149.8
100859
85854.4
76964.1
88426
79356.6
85766.4
77022.2
88483.4
75541.9
68010.9
77963.3
70235.1
75489.6
68063.5
78035.2
66337.5
59730.1
68505.4
61803.5
66264.6
59781.7
68588
57585.8
51837.3
59665.3
53791.3
57531.7
51848.9
59720.3
49162.2
44119.8
51168.2
46009.4
49127.5
44094.8
51219.7
34600.2
47665
41180.4
39738.3
34346.7
47649.7
41085.9
204236
246984
223980
226974
204441
246635
223402
194034
182730
202577
192019
194036
182808
202688
167449
154726
174081
161553
167593
154969
173927
143743
130943
149459
136921
143582
131356
149497
122396
111337
127073
116165
122130
111710
127299
104284
97262.5
107885
100678
104210
97398.6
108081
91015.8
85004
94070.5
88008.9
90964.6
85082.7
94111.9
79014.4
73803.4
81908.5
76639.5
78927.9
73892.5
81981.6
67494.5
63074.2
70204.6
65854.3
67353.5
63231.1
70335.1
48685.1
61687.7
54004.4
55958
48521.1
61860.7
53921.8
246625
289480
264491
268155
246429
289601
264281
234261
226460
242687
234331
234458
226158
242552
207897
198926
214011
205122
207997
198786
213901
182839
174317
189140
180203
182994
174125
188985
159716
151647
165124
156873
159769
151557
165039
137107
129565
142659
134933
137144
129354
142637
115384
108785
120383
113390
115421
108970
120367
98876
93868.9
102479
97541.9
98806
93951.9
102595
83556.1
79630.1
87219.4
83191.2
83535.4
79685.2
87271.5
60837
74093.8
66036.5
68158.8
60824.8
74154.2
66010.4
254716
275865
269433
266394
255052
276636
269544
228495
254794
240026
241273
228984
255236
240354
200169
222383
213745
211905
200500
222566
214036
177626
199640
187163
188546
178344
200315
187538
152682
172044
163118
163235
153239
172514
162951
131304
149814
139799
140113
131329
149945
139871
109633
125537
116942
118452
109685
125564
116874
91710.1
104895
97039
99000.3
91737.5
104730
96974.1
-2487.91
23463.9
26818.8
-6682.81
-2740.32
23850.9
26368.8
1243.36
25907.3
26350.8
1355.79
1227.68
25853.1
26095
5571.78
24783.2
25806.7
3156.19
4857.41
24538.2
25392
7815.68
24536.5
24380.2
7428.01
7901.37
24455.6
24384.5
9858.24
22863.9
23247
8376.72
9381.02
22865.1
23287.5
9979.99
21194.2
20566.5
9714.99
9965.92
21157.7
20581.4
9417.31
18258.7
17787.8
8906.04
9154.82
18234.6
17829
8055.24
15152.8
14527.8
8135.35
7903.63
15166.7
14439.1
68034.4
121528
101831
90862.9
68368.6
122718
102519
70004.7
53972.9
72551.8
54832.6
70093.5
53601.6
72679.2
61589.8
47676.2
63085.7
48098.5
61749.8
47242.3
62993
55008.4
43676.6
55850.5
43495.4
55109.4
43403
55664.1
50052.4
40644.3
50801
40687.3
50109.6
40396.1
50690.7
45137.4
37242.8
45769.5
37191
45200.9
37013.5
45677
39869.8
33252.9
40737.8
33462.8
39961.4
33004.4
40625.3
34282.9
28710
35132.5
28904.3
34402.7
28451.9
34985
28660
24035.1
29412.2
24288.7
28685
23916.8
29380.8
20443.5
29762.9
27115.2
22477.4
20329.6
29673.6
26873.2
140917
199954
178368
171664
142111
199898
179031
135164
119019
142728
126124
134304
119414
143494
115295
101223
119606
106033
114640
101772
120284
98735.8
87334
101876
90765.8
98255.7
87691.2
102420
68844.7
62015.3
68942.4
66618
59919.1
66556.5
59949.8
57650.1
51825.9
59838.6
53809.5
57673
51830.4
59825.2
48971.9
43948.4
51143.9
45864.7
49021.9
43908.5
51099.7
34458.5
47652.7
41324.9
39578.2
34207.3
47572.4
40845.2
204467
245509
222757
225929
204382
244858
222242
193542
182786
202563
192350
193742
182726
202491
166796
155113
173448
161512
166967
155063
173280
143753
132549
149315
138029
143818
132781
149211
94029.1
87958.8
94003.3
91085.4
85108.5
91075.1
85131.3
79438.3
74179.3
82253.5
76942.6
79337.5
74216.1
82350.2
67952.8
63505.3
70743.1
66111.5
67965
63450.8
70801.3
48554.3
61955
54165.9
55966.6
48134.8
61971.9
53974.8
246225
289394
263978
266595
246081
289279
263716
233341
225184
241966
233604
233580
224869
241863
207431
198273
213506
204292
207555
198080
213360
182102
173471
188467
179363
182298
173239
188281
151234
156260
151119
159492
164756
159555
164648
128954
134337
128927
136778
142407
136831
142329
114218
116063
109710
120632
115827
109953
120809
99300.3
94284.3
102976
98050.9
99183.1
94408.2
103112
83662.8
79875.7
87385.7
83470.9
83635.4
79939
87417.1
61067.8
74264.6
66382.5
68222.6
60971.1
74138.2
66246.5
255241
276495
269477
266347
255524
277925
269451
229367
255858
240748
241885
229664
256461
241038
200901
222864
214123
211951
201255
223279
213946
178939
200991
187846
189658
179355
201504
187983
153534
172831
162837
163591
153627
173020
162709
131463
150137
139900
140469
131723
150448
139845
109769
125639
116832
118576
109855
125735
116747
92008.9
104664
97163.8
99110.4
91975.9
104728
97000.4
-3361.53
23750.1
26218.7
-4757.93
-3886.44
24713.3
26393.8
1242.94
26292.7
26312.4
2119.64
1656.55
27442.2
27113.2
3754.69
24576.3
24918.1
3496.06
3100.2
24558.2
24600.8
7920.13
24650.8
24618.3
7678.3
7848.58
24827.5
25141.5
8910.53
23031.1
23274.1
8705.91
8583.26
23048
23143.3
9663.1
21363.9
20788.9
9674.22
9403.34
21486.2
21192.7
8719.75
18436.6
18073.8
8801.81
8376.27
18598.6
18300.5
7923.21
15267.3
14914
8202.86
7398.21
15536.3
14973.4
68338.6
123627
103403
92072.7
69247
125302
104796
69252.4
52275.4
72343.3
54530.5
69313
52115.7
72421.4
62073.8
46831.7
63123.2
48582
61809.3
47045.4
63321.5
55023.7
42633.8
55691.4
43103.9
54934.4
42587.6
55836.2
49984
39698
50560
40125.3
49929.1
39660.4
50590.4
44897.6
36316
45515.4
36616.1
44906.1
36244.6
45522.1
39796.1
32435.6
40483.1
32982.5
39751.6
32410.6
40497.7
34308.6
28033.8
34969.5
28555.8
34256
28025.5
35016.2
28844.5
23740.9
29481.1
24188.9
28776.5
23736.8
29549
20532.3
29687.7
27184.2
22889.3
19891.9
29781.6
26995.4
144060
199318
179165
172113
147180
199194
178693
138041
121213
146054
128964
137538
121842
147002
116855
103165
121595
107722
116639
103429
121822
100315
88842.3
103828
92369.4
100048
89118.8
104090
77951.4
89986.6
87250.6
87498.7
80615.1
78147.5
90290.5
68617.6
78981.6
76411.2
76476.8
70938.6
68687.6
79088.1
69001.2
66654.6
60043
62183.2
66646.9
60098.3
69015.9
57550.9
51924.4
59783
53930.2
57589
51943
59747.5
48849.4
43872.6
51032.3
45911.2
48870.5
43881.4
51004.5
34472.4
47439.4
40992.7
39429.3
34175.8
47279.2
40602
204058
243874
221698
225922
203749
244453
221368
192385
182292
201730
191779
192695
182093
201488
166074
154779
172721
161045
166261
154658
172496
143422
133013
148873
138038
143510
133009
148761
115080
128807
124203
124153
118909
114756
128743
98827.1
110046
105732
105876
102443
98821.8
110139
94464
91337
85260.4
88409.1
91284.7
85283.4
94592
78975.1
73809.9
82131.7
76414.8
79174.8
73637.8
81944.6
67557.2
63184.3
70487.5
65617.3
67697
63058.8
70327.2
48268.7
61956.3
54253.9
55502.7
47864.2
61880.6
53979
245489
288475
263273
265062
244966
288497
263245
232169
223855
241127
232507
232471
223520
240918
206879
197460
212895
203350
207027
197245
212730
181313
172567
187677
178460
181508
172358
187472
150773
159190
164317
155692
159274
150651
164211
128946
136645
142160
134157
136686
128932
142086
116728
110480
121298
114655
116631
110494
121318
99585.2
94807.6
103470
98573.3
99562.1
94837.7
103527
83728.2
80095.3
87484.2
83684.8
83727.8
80116
87490.8
61226.6
73963
66565.6
67931.9
61081.1
73624.6
66049.2
255695
278548
269445
266384
255978
280313
269424
229852
257012
241074
241755
229770
257166
240853
201443
223641
213567
211206
201263
223807
213259
179598
201794
187901
189978
179612
201596
187525
153566
173038
162547
163229
153353
172870
162305
132079
150985
139722
140998
132371
151397
139419
109976
125872
116697
118562
109987
126011
116528
92192.5
105024
97260.5
99104.8
92241.7
105389
96776.4
-4012.9
24727.3
26567.4
-3534.7
-3891.75
24815.1
26709.2
1929.4
27984.7
28373.5
2397.19
2571.91
28055.9
28325.1
2398.28
24668.1
24450.5
4056.07
2845.64
24686.5
24424.1
7716.21
24899.1
25506
8648.46
7946.74
24820.6
25339.7
8045.07
23088
22952.4
9394.92
8222.11
23031.2
22875.4
9215.08
21414.2
21533.1
10599.7
9338.27
21302
21689.2
8042.67
18448.1
18616.7
9787.74
7898.73
18165.1
18792.5
6987.47
15666.8
15746.9
8932.33
6456.05
15500.7
16116.5
69340.4
125661
106442
92787.5
70019.3
126609
108446
69248.7
51343.8
72729.1
55470.2
69224.9
51207.3
72972.9
62727
47389
63958.8
50592.4
62563.5
47653.2
64184.8
55200
42135
56357.2
44499.3
55167
42075.6
56513.3
50227.4
39536.3
50796.2
41134
50216.5
39483.5
50855.1
44980.9
35936.8
45713.8
37629.3
44976.6
35880.4
45794
40021.1
32394
40657.9
33947
40015.9
32379.9
40712.7
34583.8
28008.9
35248
29515.9
34564.5
28001.2
35318.5
29170.7
23697.2
29704.9
25050.5
29078.7
23705.6
29780.5
19468.3
29856.8
27383.2
23498.1
18817.5
29733.5
27659.6
149570
198497
177948
170734
149981
198410
177481
139359
122990
149068
131579
139080
123246
149641
117175
103881
122137
108327
117132
103966
122203
100830
89609.5
104506
92919.1
100769
89681.1
104551
87966.8
78543.5
90825.6
81161
87894
78615.8
90914.7
76601.4
68849.5
79272.6
71210.7
76585
68870.4
79308.2
66511.6
60079.7
68947.9
62174.8
66553.5
60049.9
68917.7
57326.9
51837.9
59579.6
53793.9
57378.1
51790.2
59530.9
48764.3
43947.2
50885.6
45870.8
48800.6
43928.3
50847.3
34461.5
47139.9
40790.4
39134.1
34510.5
47005.6
40776.8
203527
244711
221227
225504
203385
244668
221299
191245
181447
200768
191232
191466
181293
200805
165292
154260
171735
160348
165475
154133
171496
143087
132918
148433
137832
143160
132883
148342
124013
114977
128593
119225
124025
115022
128562
106303
98933.7
110419
102756
106215
98965.9
110492
91213.5
85143.6
94731.4
88359.2
91239
85091
94744.2
78474.3
73341.4
81518.5
76051.9
78540.1
73287.1
81440
67068.2
62789
69925.7
65335.5
67146.2
62729.9
69866.8
47968.4
61611.5
54164
54873
47830.2
61361.4
54134.6
244848
287961
262849
264951
245001
288758
262917
231178
222567
240036
231348
231371
222293
239914
206186
196603
212206
202471
206370
196404
212033
180657
171802
186872
177669
180787
171656
186684
158857
150305
163909
155255
158928
150218
163826
136338
128749
141785
133889
136434
128723
141677
116707
110305
121193
114461
116749
110227
121106
99178.7
94244
103278
97813
99317.7
94064
103114
83577.5
79804.1
87321.8
83135
83637.1
79662.6
87205.6
61366.6
73627.7
66102.9
67117.8
61376
73500.6
65657.1
256127
280763
269403
267832
256401
281466
268710
229309
257289
240435
241222
229022
257588
240188
200939
223842
213016
210916
201161
223633
212253
179162
201335
186869
189183
178560
201565
186303
153096
172662
162122
162497
153340
172364
161526
132444
151401
138841
141111
132344
151395
138102
109964
126220
116586
118052
110402
126122
116268
92515.5
105802
96639.7
98798.1
92515
105921
96306.5
68804.7
53133
67173.9
52697.1
53251.3
67092.1
68906.9
87454.1
91651
101918
107448
91514.2
101947
87519.3
84189.5
80997.4
98590.9
94658.4
80932.1
98516.9
84326.4
71141.7
56464.5
55942.9
73716.8
56138.6
73769.1
71024.1
68669.2
52558.5
53133.5
66782.5
53240.9
66960.1
68506.2
87353.8
107392
91388.1
101947
91384
101930
87287.1
84070.9
94620.5
80777
98493.7
80856.5
98481.6
83990
60315.7
47948.5
58639.1
46172.6
47899.2
58618.8
60365.4
75234.6
77998.4
87944.7
91259.2
77951.1
87931
75266.1
72563.7
70224.8
84856.8
81926.3
70201.3
84845.2
72590.6
62817.1
50414.5
49511.5
64183.3
49739.7
64349.8
62685.9
60240.8
46098.6
47701.9
58530.8
47826.4
58585.5
60139.8
75187
91232.1
77810.1
87901.4
77885.9
87916.9
75120.7
72527.2
81917.1
70154.6
84821.7
70181.1
84835.2
72477.7
53967.5
43539.6
52870.1
42848
43544.8
52880
53981.8
66120.2
67972.2
76805.2
79226.8
67971.9
76806
66103.5
64239.8
62566.6
74527.7
72286.9
62552.5
74511.6
64247.3
55615.5
44999.9
44299.7
56637.9
44333.8
56700.1
55599.2
53945.5
42886.2
43453.1
52892.2
43502.2
52894
53873.7
66144.3
79234.1
67975.4
76794
67980.2
76810.5
66146
64228.5
72271.7
62514.7
74459.8
62537.6
74488.5
64196.1
48521.1
39733.8
47463.3
38813.9
39745.4
47475.7
48529.6
59037.3
60696.6
67990
70054.3
60688.6
67995.4
59034.3
57285.8
55749.3
65953.2
64085.9
55760.6
65969.4
57279.5
50172.9
41609.8
40914.7
51167.2
40847.2
51195.7
50189.8
48509.3
38844.7
39766.1
47520.3
39749.1
47496.3
48490.8
59044.3
70058.7
60671
68048.7
60681.1
68013.3
59052
57297.2
64115.5
55803.1
66044
55778.7
66001.1
57312.5
43651.1
36299.2
42692.8
35650
36322.1
42711.3
43651.5
52725.4
54129.7
60343.5
62172.5
54142.3
60357.2
52710.3
51083.2
49621.3
58456
56681.3
49633.1
58469.7
51071.6
45215.8
37762.4
37493.2
45980.8
37398.4
45985.9
45251.2
43646.1
35733.2
36369.3
42770
36336.9
42737.7
43641.6
52747.3
62202.3
54190.2
60414.3
54162.9
60380.9
52776.1
51098.7
56700.6
49668.1
58521.5
49647.9
58492.3
51120.2
38496.9
32314.6
37548.7
31461.3
32325.8
37552.9
38505.7
46554.9
47987.1
53061.8
54823
47997
53081.1
46543.9
44930.6
43530
51266.3
49597.5
43529.1
51282.7
44924.2
40157.2
34278.4
33810.8
41078.4
33719.1
41082.5
40179.2
38476.3
31507.1
32313.9
37542.6
32309.2
37552.9
38446.5
46563.3
54844.1
48027.7
53125.4
48008
53099.9
46573.7
44935.5
49600
43508
51321.1
43521.9
51300.9
44936.8
33342.5
28147.6
32379.7
27523.5
28132.8
32353.2
33382.3
40577.6
41994.6
46191.7
47876.8
41979.6
46174.9
40599.8
38911.9
37458.8
44386.3
42650.2
37430.9
44372.8
38935.9
35060.2
30034.9
29702.3
35821.2
29736.6
35892.6
35005.8
33268.1
27541.8
28008.2
32227.2
28083.6
32304
33168.8
40539
47861.3
41911.2
46131.1
41949.9
46154
40489.1
38871.1
42625.5
37320.5
44332.2
37384.4
44355.6
38816
27400.6
23259.8
26610.2
22730.8
23207.2
26584.9
27468.8
34214.8
35751
39096
40810.7
35720.5
39077
34246.7
32574.4
31009.3
37161.6
35329
30976.7
37138.5
32607.9
29421.6
25432.3
24841.6
30212.9
24978.8
30339.2
29316.7
27301.9
22683.9
23052.9
26511
23135
26587.5
27175.7
34154.9
40786.8
35602.6
38994.9
35672.3
39044.2
34068.8
32526.9
35349.6
30815.6
37062.2
30936.4
37112.1
32453.2
126725
113215
121377
108252
113188
121298
126745
150594
161513
166859
177514
161592
167016
150458
143591
136165
159568
152105
136386
159829
143414
131958
124575
118114
141077
118070
140924
132085
126815
108234
113224
121469
113185
121287
127039
150802
177539
161876
167483
161642
167227
151030
143838
152449
137202
160626
136747
160209
144185
108344
96683.6
104514
93280.9
96662.8
104486
108375
124723
130101
138499
145431
130251
138828
124751
119949
115484
132485
127186
115469
132775
119984
112368
104180
100240
116817
100230
116741
112407
108323
93265.4
96644.6
104434
96650.6
104456
108317
124869
145775
131080
139771
130584
139273
125270
119960
127615
115523
133849
115471
133289
120172
94246.4
84465.9
91213.3
81803.4
84451.2
91215.2
94251
107476
111344
117675
122171
111333
117692
107489
103845
100418
113516
109593
100420
113518
103854
97458.6
90120.1
87184.3
100821
87209.9
100844
97443.2
94245.3
81799.3
84413.3
91247.4
84434.2
91230.4
94242.7
107471
122485
111361
118128
111336
117808
107484
103841
109630
100458
113711
100431
113553
103853
82932.6
74446.6
80392.9
72278.1
74479.7
80409.3
82893.1
94085.7
97141.8
102387
105863
97156.5
102414
94060
91109
88256.4
99110.8
96019.1
88265.4
99125.5
91091.5
85645.9
79244.6
76912.5
88382.3
76862.7
88340.7
85703
82973.3
72315.3
74579.5
80473.2
74530.9
80433.3
83022.6
94120.4
105910
97231.9
102557
97183.4
102466
94183.1
91136.2
96041
88333.1
99198.1
88288.9
99151.9
91188.4
72985.2
65749.1
70648.7
63687.2
65757.9
70661.6
72975.1
82744.4
85446.3
89978.9
92940.5
85454.8
89986.4
82734.8
80079.7
77498.5
87065.3
84279.1
77509.7
87073.1
80067.9
75433.2
70088.9
67970.9
77915.4
67942.3
77886
75456.2
73001.7
63711.1
65805.7
70722.3
65778.4
70686.6
73023.1
82763
92959.2
85511.7
90022.6
85476.9
90001.4
82785.8
80095.1
84312.4
77578.6
87109.8
77537.6
87088
80117.4
63886.3
57592.1
61709
55677.5
57606.8
61722.8
63865.9
72498.9
74935.5
78766.5
81479.7
74954.2
78783.5
72470.3
70090.8
67681.6
76131.8
73525
67690.1
76141.5
70073.2
66143.6
61627.5
59681.6
68412.6
59640.8
68359.9
66198.3
63920.4
55691.7
57666
61791.8
57632
61750.4
63966.8
72546.2
81501
75030.1
78873.3
74987.7
78815.6
72605.2
70117.1
73553.4
67762.1
76214.3
67715.8
76167.8
70161.5
55256.7
49832.7
53136.4
47919.5
49834.4
53149.7
55247
62938.8
65291.6
68331.4
70927.5
65301.5
68350.6
62922.8
60594.5
58257.7
65781.1
63279.1
58281.1
65803.2
60574.2
57437.9
53735.3
51821.9
59615.2
51807.6
59574.8
57480.4
55289.2
47929.2
49859.7
53235.1
49844.8
53185.1
55335.5
62977.7
70961
65383.2
68456.2
65332.6
68393.4
63036.3
60641.3
63334.1
58408.3
65924.5
58333.2
65852.7
60707.2
46806.7
42290.4
44814.5
40540.9
42306.9
44850.3
46783.9
53688.7
55956.7
58251.7
60762.2
55978.3
58277.7
53654.4
51526.4
49303.5
55674.4
53276
49340.3
55707.1
51482.6
48998.2
45984.2
44112.2
51108.2
44090.8
51053.3
49064
46871.9
40637.9
42410.8
45020.8
42359.6
44978.4
46952.8
53761.6
60825.8
56125.4
58457.4
56040.2
58346.4
53863.3
51625.9
53465.7
49598.7
55926.8
49500.2
55795.5
51762.1
188157
175403
181126
167658
175417
181035
188238
206794
214888
216713
225157
214831
216696
206810
200231
193125
210219
202814
193013
210165
200313
194052
191472
182645
202600
182526
202484
194051
188053
167894
175618
180761
175501
180910
187955
206717
224967
214780
216430
214763
216592
206627
200109
202695
192606
209937
192820
210071
199963
161454
147143
155086
141249
147282
155168
161403
179724
186440
189730
196178
186333
189666
179830
173407
167348
183529
177445
167273
183471
173489
167815
160848
154345
174229
153913
174366
167719
161524
141504
147967
155380
147564
155291
161517
179533
196059
185903
189413
186134
189559
179303
173253
177323
166960
183236
167136
183372
173053
137189
124209
131674
119410
124415
131754
137096
155526
161364
165661
171434
161303
165587
155593
149792
144144
159908
154343
144154
159839
149814
143169
135763
130534
149344
130146
149193
143384
137356
119707
125229
132083
124787
131896
137580
155411
171306
161028
165284
161185
165455
155266
149726
154216
144067
159557
144127
159717
149609
116605
107025
111809
103644
107077
111849
116559
133352
138699
143520
148846
138693
143468
133395
128047
122884
138027
132681
122743
138011
128153
121773
115030
111046
126881
110829
126727
121924
116709
103701
107261
112061
107153
111929
116881
133273
148736
138580
143270
138651
143381
133176
127898
132638
122402
137880
122560
137962
127749
100541
93910.1
97227.5
90860.4
93922.9
97231.7
100536
111864
117477
121972
127272
117342
121832
111867
107235
103533
116444
110734
103527
116270
107226
104107
100316
97169.1
107743
97109.4
107647
104149
100557
90889.5
93996.8
97274.8
93950.4
97248.1
100585
111865
127141
117138
121306
117213
121582
111889
107254
110685
103580
115863
103539
116019
107302
87788.6
82018
84752.8
79213.4
82026.3
84773.1
87773.6
96573
99927.9
102048
106009
99941.9
102117
96543.8
93364.6
90179
98719.6
95479.8
90202.6
98780.8
93337.8
90879.4
87855
84953.8
94032.6
84921.1
94005.1
90916.8
87821.2
79244.2
82109.7
84846.7
82059
84804.8
87862.4
96629.3
106057
100032
102469
99975.3
102279
96705.9
93412.5
95555
90300.1
99012.9
90245.3
98882.1
93477.2
75780.3
70850.9
72784.6
68121.9
70868.9
72812.7
75765.1
83822.3
86992.6
88769.7
92129.3
87011.2
88787.4
83808.9
80588.6
77390.4
85348.2
81966.3
77408.7
85361.4
80585.2
78808
76451.3
73727.3
81839.1
73669.9
81789.8
78855.4
75824.2
68180.3
70979.4
72967.6
70913.9
72876
75883.5
83851.4
92176.4
87095.8
88861.4
87047.3
88818.6
83889.2
80620.5
82022.2
77569.4
85438.8
77463.6
85390.2
80674.3
64059.1
60105.5
61078
57528.5
60157.7
61106.3
64019.7
71254.2
74257.6
75304.5
78611.9
74301.1
75341.8
71207.7
68204.7
65041.9
71871.4
68422.5
65062.6
71909.3
68135.7
67112.7
65494.9
62928
70084.8
62814.9
69980.8
67215.8
64152.4
57709.1
60408.7
61412.5
60261.2
61314.1
64284.4
71338.8
78698.3
74500.6
75490
74385.8
75417
71445.1
68295.3
68543.7
65295.1
72052.4
65253.3
71970.8
68431
227913
219995
220866
212346
219938
220813
227986
244192
252043
251293
257443
251973
251338
244182
236014
230045
243179
237976
230011
243229
236034
234832
234966
226774
242950
227018
243054
234670
227768
212249
219608
220588
219804
220720
227584
244170
257333
251813
251493
251867
251406
244135
235969
238069
229915
243553
229964
243361
235925
202148
193136
196105
187046
193094
196054
202192
217650
222961
225273
231128
222948
225282
217683
210720
204929
218492
212162
204917
218517
210753
208164
205523
199034
214109
199122
214190
208087
202068
186948
192921
195856
193019
195966
201970
217617
231229
222896
225429
222920
225334
217594
210681
212258
204874
218692
204899
218589
210642
177029
168763
171312
163017
168697
171251
177102
191392
197259
198441
204427
197250
198485
191398
184356
179044
191496
186159
179030
191493
184389
183242
180676
174490
189281
174639
189395
183131
176925
162914
168441
171051
168585
171159
176795
191361
204474
197161
198661
197209
198561
191314
184305
186229
179002
191558
179015
191497
184237
154129
146384
148490
140864
146320
148543
154100
167564
172494
174194
179629
172499
174309
167500
161172
155935
168272
162829
156023
168348
161075
159875
157223
151729
165213
151806
165300
159824
154146
140821
146208
148595
146262
148581
154143
167648
179691
172495
174654
172499
174457
167716
161286
162972
156228
168679
156128
168487
161378
131416
124389
126139
119118
124360
126132
131426
144036
149173
150356
155739
149221
150421
143985
137552
132709
143737
139049
132782
143777
137510
137158
135207
129717
142669
129799
142672
137157
131418
118893
124066
126064
124282
126120
131407
144117
155740
149311
150725
149270
150542
144211
137607
139294
133037
144031
132899
143867
137673
110830
104520
106618
100665
104392
106361
110917
122341
126510
128100
132413
126539
128228
122279
116655
112804
122496
118692
112799
122534
116665
115650
113593
108741
120468
108851
120624
115494
110650
100821
104578
106364
104404
106267
110524
122422
132547
126698
128676
126596
128419
122417
116625
118843
112512
122647
112651
122585
116555
94705.4
90054.9
91008.8
86510.4
90069.5
91025
94699.3
103783
107231
108851
112149
107205
108795
103695
99234.2
95746.5
103607
100223
95751.8
103666
99214.6
98680.6
97238.4
93807.7
102372
93757.8
102271
98740.7
94735.1
86555.1
90140.3
91104.7
90096.3
91056
94779.5
103861
112114
107345
108814
107270
108785
103931
99271.2
100225
95801.9
103812
95774
103742
99314.9
79503
75911.7
75620.4
72414.9
75943.1
75619.5
79481.8
87667.8
91202.1
91362
95156.3
91201.8
91361.7
87659.1
83338.4
80021.1
86838.2
83005.3
80015.5
86833.6
83347.6
83481.9
82956
79573.3
87168.7
79523.6
87121.4
83508.2
79533
72513.8
76031.8
75680.1
75976.1
75705.3
79564.4
87691.2
95173.1
91234.8
91369.9
91215.4
91368.3
87717.7
83346.2
83081.3
80049.7
86834
80064.9
86832.1
83362.9
68131.3
52939.5
66582.4
51712.2
68314.5
52663.4
66370.9
87150.1
91190.1
101928
107559
87170
91254.8
101976
83922.6
80707.8
98530.6
94650.6
83931.7
80656.6
98607.5
70400.4
55273.9
54507.4
72946.4
54822.9
72889
70262.9
67932.5
51267.3
51889.7
65927.3
52285.9
66149.4
67754.1
87116.4
107561
91334.7
102103
91161.2
102010
87171
83944.6
94722.4
80616.7
98854.3
80623.4
98708.6
84010.2
59864.8
47543.1
58453.9
45676.8
60017.1
47341.6
58351.2
74973.4
77740.4
87894.8
91260.3
75049.2
77679.5
87903
72356.6
70116.9
84810.1
81869.4
72421.9
70060.9
84803.2
62161.5
49312.4
48184.6
63284.2
48572.4
63527.7
61953.9
59684.1
45490.7
46839.3
58083.2
47085.9
58227.7
59476.7
74899.3
91329.1
77616.9
88009
77634.6
87935.1
74835
72281.9
81860.7
69909.1
84845.6
69989.6
84809.7
72205.6
53672
43321.3
52875.6
42977.6
53773.4
43215.7
52845.1
66036.7
67945.3
76767.7
79183
66106.3
67884.7
76737.2
64112.1
62491.8
74436.9
72251.2
64156.6
62468.8
74418.5
55322.2
44286
43934.1
56057.1
44025.3
56255.1
55218.1
53551.5
42903
42856.6
52724.6
43030.2
52793.7
53420.5
65965.3
79158.6
67702.9
76704.2
67801.6
76712.5
65902
64065.6
72265.7
62425
74410.9
62445.4
74407.9
64024.3
48435.1
39741.6
47538.6
38954.3
48465.6
39718.2
47554.5
59074.6
60661.7
68100.1
70136.3
59060.4
60658
68153.5
57349.8
55828.7
66095.3
64255.6
57328.9
55855.7
66150.8
50182.5
41366.6
40864
50904.5
40979.1
50993.1
50153.6
48393
38979.2
39568.5
47553.1
39645.3
47560.9
48340.8
68272.4
59090.3
70183.4
60663.7
60659.3
68210.7
59103.3
66276.9
57370.2
64313.5
55893
55879.1
66211.1
57386.3
43607.1
36352.5
42792.4
35988.1
43629
36334.4
42803.9
52831.6
54218.7
60456.2
62352.7
52805.7
54244.6
60502.2
51162.6
49688.9
58556.9
56806.2
51142.3
49707.3
58595.9
45281.6
37623.7
37449.8
45845.2
37561.3
45900.5
45250.8
43562.2
35907.2
36131.4
42732.7
36240.5
42789
43497.6
60589.6
52844.5
62410
54265.8
54260.5
60548.2
52844.8
58683.1
51176.3
56845.1
49709.4
49718.5
58635.5
51181
38332.8
32264.3
37511.5
31587.8
38399.6
32206.5
37456.9
46574.1
48041.3
53151.1
54958.6
46577.6
48046.6
53175.5
44909.2
43481.7
51338.6
49595.6
44928.1
43442.6
51351.6
40112.9
34076.3
33487.4
40846.1
33643.6
40933.7
40045.7
38239
31509.2
31939.2
37267.3
32079.1
37374.8
38118.3
46558.2
54990
48032.9
53206.2
48043.7
53194.6
46530.1
44876.7
49579
43316.3
51351
43387
51356.4
44831.8
32889.3
27876.9
32119.6
27181.7
33042.3
27728.5
31985.4
40345.6
41860.8
46103
47809.6
40424.6
41799.7
46065.9
38654.9
37234.4
44298.9
42474.3
38743.9
37127
44252.2
34689
29594.7
28979.6
35305.9
29207.1
35469
34545.9
32713.1
26979.2
27332.2
31672.5
27534.8
31831.8
32522.9
40250.5
47779.6
41645.9
45955.9
41726.8
46016.4
40144.3
38550.1
42389.5
36875.9
44125.3
37001.8
44191.2
38439.1
26903.7
22975
26514.3
22567.4
27036.8
22902.8
26451
33824.6
35510.6
38923.5
40616.3
33956.1
35400
38838
32272.3
30805.2
36991.3
35245
32355.6
30745.4
36973.2
28897.5
24821
24179.5
29509.5
24339.7
29685.8
28771.9
26808.9
22612.4
22798.2
26463.6
22836.9
26488.5
26755
33701.9
40529.4
35200.3
38746.2
35283.7
38785.3
33650.9
32216.5
35266.6
30720.6
36922.3
30773.7
36945.6
32179.7
127874
113311
121812
108455
127392
113453
122286
151704
161978
167725
178069
151321
162328
167979
145206
137767
161039
153949
144669
138344
161426
133042
125101
118749
142256
118488
141722
133612
128518
108672
114007
123761
113671
123002
129354
152187
178235
163295
168300
162698
168147
152794
145780
154342
139620
161947
138949
161726
146450
108482
96653.1
104452
93237.9
108354
96683.7
104527
126528
131722
140321
147374
125845
132373
140917
121289
115810
134420
129402
120630
116325
135004
113305
104556
100732
118901
100487
118159
113975
108865
93274.7
96888.4
105201
96751.7
104735
109474
127216
147872
133703
141980
133021
141501
127899
121959
129983
117645
136159
116989
135603
122632
94282.9
84399.3
91275.3
81820.6
94252
84393.5
91319
107764
111490
118632
124185
107554
111871
119230
104043
100523
114066
110282
103910
100647
114584
97565.8
90082.5
87201.6
101343
87156
100979
97798
91505.4
94355.9
81848.2
84444.2
84403.6
91390
94505.9
108207
124764
113067
120379
112457
119811
108790
101221
104343
110837
115762
100859
115173
104849
83176.9
74626.2
80534.9
72466.6
83087.5
74688.8
80622.2
94441.1
97316.3
102692
106339
94285
97452.2
102883
91390.8
88399.3
99261.5
96204
91271.3
88488.9
99340.9
77183.5
88649.4
86114.9
85969.7
79406.2
77091
88557.2
74869.4
80908.8
83456.1
83297.4
72547.9
74768.8
80743
97985.9
103786
95038.2
94675.2
106707
97662.4
103167
88766.5
99482.2
91799.2
91558.5
96276.3
88607.1
99430.9
73089.1
65842.5
70779
63868.4
73050.5
65892.5
70877.6
82840.9
85557.5
90048.4
93052.6
82812.6
85614.9
90073.2
80154
77630.3
87143.7
84689.7
80140.3
77704.3
87195.3
68216.9
78290.3
75751.1
75620.4
70314.1
68130.7
78138.5
66056.3
71130.7
73299.1
73151.8
63948.8
65956.8
71003.3
85762.9
89920.2
82869.1
82862.6
93059
85682.2
90096.7
77770.5
86793.4
80073.1
80144.7
84916.5
77770.8
87224.9
64087.9
57705.5
61843.2
55771.4
64023.5
57746.8
61900.7
72750.1
75090
78945
81743.1
72672.1
75199
79027.3
70298
67824.1
76277.2
73736.5
70224.3
67896.2
76348.7
68757.3
66413.4
61863.2
59879.7
59832.7
68670.6
66488.3
64154.8
55795.6
57817.8
62007
57785.7
61957.9
64217.8
75307.9
72826.5
81804.4
79163.2
75280.8
79096.4
72895.5
70375.8
73813.4
68038.1
76497.1
67970.9
76423.1
70450.7
55445.1
49873.4
53291.9
47949.8
55390
49880.1
53345.2
63192.4
65448.8
68536
71161.9
63109.8
65523.8
68627.2
60877.1
58499.4
66015.7
63632.6
60788.5
58596.9
66119.8
57634.7
53805.5
51842.3
59816.2
51851.7
59773.3
57668.3
55491.3
47931.7
49855.6
53385.4
49874.7
53382.7
55514.8
63275.5
71244.8
65667.5
68809.8
65600.5
68722.7
63346.5
60961.5
63747.3
58741.9
66326.9
58686.6
66228.3
61020.7
46992.5
42420.4
45061.4
40577.2
47005.4
42353.1
44999.7
54084.6
56226.4
58590.9
61159.3
53980.4
56328.8
58729.1
52002.3
49777.7
56064.6
53778.9
51900.5
49730.9
56206.2
49128.1
45982.2
43992.6
51192.8
44043.5
51241.5
49077.4
46954.9
40579.5
42239.2
44931.1
42292.1
45013.2
46915
54136.7
61281.2
56392.6
58841.6
56406
58844.3
54085.3
51962
53858
49692.7
56268.9
49766.1
56274.7
51919
187794
175721
180609
168248
187866
175802
180463
206305
214652
216167
224333
206480
214575
215887
199634
192388
209738
202152
199802
192174
209485
193980
192101
182827
202697
182823
202652
193898
187720
168272
175843
180171
175835
180317
187639
206062
224006
214210
215229
214346
215558
205801
199429
201894
191728
208869
191959
209186
199187
161323
148410
155380
142727
161435
148778
155320
178850
185679
189259
195575
179073
185460
189105
172626
166765
183084
176824
172841
166559
182928
167294
161611
155127
173613
155088
173772
167133
161195
143080
149117
155121
149007
155232
161054
178634
195383
185042
188760
185248
188943
178425
172414
176639
166140
182597
166350
182768
172204
138035
125665
132295
121092
137814
126099
132519
154925
160852
165089
170749
155103
160661
164879
149307
143983
159369
153687
149467
143876
159161
143846
137340
132191
149405
131768
149470
143858
133001
138226
121576
126941
126526
132759
138369
154735
170535
160253
164430
160459
164658
154533
143558
149132
153473
158702
143735
158937
148943
117432
107413
112256
104116
117124
107640
112525
132969
138491
143141
148272
133074
138384
142999
127517
122312
137766
132153
127620
122266
137624
113117
127869
123121
122722
116672
112206
127559
108672
113289
118148
117768
104349
108007
112871
138089
142696
132709
132854
148087
138255
142848
122256
137279
127372
127443
131955
122252
137454
100667
94074.5
97316.4
91199
100625
94206.7
97367.6
112084
117116
121085
126413
111956
117142
120963
107531
103650
115790
110872
107389
103752
115798
97748.3
108684
104485
104365
100868
97526.9
108340
94238.4
97405.2
100715
100693
91342.5
94298.6
97403.7
117284
120940
112525
112279
126242
117201
120921
104092
115980
108048
107744
111053
103890
115867
87966.3
82168.8
84898.3
79407.7
87913.6
82222.2
84949.9
96896.2
100113
102661
106554
96796.5
100214
102864
93645.1
90369.8
99160.9
95883.8
93555.9
90451.8
99320.2
94134.5
91059
88052.6
85148.3
85144
94139.1
91085
88017.1
79472.8
82310
85093.1
82267.7
85010.2
88063.7
100464
97003.1
106801
103297
100328
103077
97119.2
93744.6
96016.8
90654.7
99668.2
90546.4
99489.5
93855.3
76078.1
71069.8
73075.4
68493.7
75970.9
71175.9
73196.1
84043.3
87160.7
88924
92416.9
83955.3
87239.8
89012.2
80874.7
77689.4
85509.6
82312.9
80762.7
77808
85605.3
79115.1
76720.5
74089.9
82153.1
73990.1
82063
79223.1
76197.5
68623.9
71402.5
73457.9
71289.9
73324.4
76323.9
84147.4
92526.7
87436.8
89241.6
87331.7
89120.7
84262.6
81000.8
82414.7
78072.2
85844.5
77936.1
85719.9
81133.3
64592.8
60579.1
61700.4
58232.9
64417.1
60774.8
61815.8
71696.7
74627.3
75575.1
78990.3
71579.5
74750.8
75656.4
68698.1
65521.2
72122.6
68767.7
68538.6
65611.7
72216.3
67660.4
65996.3
63528.5
70613.6
63396.8
70471.7
67816.8
64777.4
58389.6
61018.3
62151
60948.2
62097.2
64969.2
71841.3
79082.6
75023.5
75855.8
74885.2
75753.7
71998.7
68861
68927.8
65954.2
72421
65845.5
72308.8
69060.4
227191
219360
220432
211705
227386
219089
220269
243967
251598
251579
257220
244038
251549
251670
235816
229861
243724
238347
235868
229824
243889
234038
234095
225517
242208
225827
242315
233826
226994
211462
218498
219923
218797
220098
226796
243856
257173
251304
251818
251366
251755
243739
235749
238433
229742
244181
229785
244039
235668
201746
192803
195736
186533
201862
192663
195609
217574
222874
225580
231746
217579
222861
225747
210590
204847
218854
212639
210614
204817
219025
207791
204936
198455
213648
198627
213780
207677
201625
186367
192337
195347
192505
195480
201501
217567
231937
222821
226034
222843
225901
217556
210568
212777
204736
219326
204782
219189
210538
176497
168272
170935
162461
176649
168085
170819
191183
197100
198711
204598
191255
197024
198781
184059
178984
191554
186543
184154
178961
191597
182669
180011
173700
188647
173919
188819
182489
176339
162281
167670
170563
167883
170696
176172
191094
204571
196829
198819
196932
198791
190995
183952
186616
178892
191568
178929
191568
183837
154112
146146
148596
140648
154130
146074
148594
167816
172481
174835
180068
167771
172464
175037
161494
156321
168827
163603
161446
156409
169004
151349
159665
156731
164858
151458
164952
159613
145895
154086
140562
148571
145990
148586
154055
167853
180173
172422
175389
172444
175210
167890
161527
163797
156578
169309
156493
169150
161556
131217
123817
125918
118476
131350
123669
125846
144442
149351
150922
156031
144325
149392
151215
137862
133153
144207
140283
137750
133185
144496
129026
137030
134755
142519
129153
142591
136911
123602
131146
118527
125891
123604
125844
131121
144545
156102
149460
151717
149426
151455
144608
137935
140534
133342
144949
133268
144730
138019
110748
104782
106536
101302
110589
104994
106717
122344
126755
128883
133154
122352
126807
129027
116496
112491
122665
118893
116476
112606
122659
115437
113504
109459
120479
109207
120405
115613
110934
101464
105420
107069
105208
106897
111132
122366
133288
126936
129189
126868
129108
122382
116622
118853
112958
122675
112784
122632
116770
94896.3
90202.2
91165.2
86806
94836.2
90284.2
91232.2
104074
107435
108838
112389
104001
107542
108885
99415.7
95840.2
103872
100248
99363.8
95887.2
103924
98964.5
97656.9
94163.7
102842
94051.7
102715
99068.9
94975
86889.8
90491.4
91351.5
90384.1
91294.8
95059
104154
112525
107775
108968
107659
108923
104239
99467.1
100263
95990.1
103998
95939.8
103968
99517.1
79610.8
76064.6
75789.2
72626.8
79586.1
76126.9
75784.3
87759.8
91257.6
91387.3
95197.8
87740.7
91278
91389
83390.8
80130.2
86852
83222.9
83369.3
80128.4
86858.5
83582.6
83257.6
79808.5
87351.6
79747.7
87315
83607
79631
72738
76249.6
75890.7
76180.1
75893.4
79658.4
87777.3
95208.4
91308
91400.3
91295.4
91406.9
87796.5
83400.9
83368.7
80215.4
86856.7
80216.6
86872.7
83420.7
67438.3
51395.4
65715.2
49890.2
67572.6
51163.2
65575.2
87348
91300.7
102174
108147
87211.6
91577.7
102304
84085.7
80621.3
99041.7
95325.8
84064.5
80671.4
99336.5
69763.8
54540.2
52793.2
72621.3
53123.8
72471.7
69566.9
67312.7
49531.8
51092.9
65524.4
50948.8
65506.9
67225.1
87464.2
108267
92042.1
102771
91680.8
102451
87434.5
84149.4
95652.9
80860.8
100022
80748.4
99681.8
84216.6
59025.9
46503.1
57929.3
45045.4
59249.5
46251.4
57785.6
74915.3
77644.3
88165.3
91945.6
74806.9
77731.3
88437.2
72134.8
69831.6
84942.4
82046
72141.1
69791.3
85188.1
61537
47859
46813
63006.4
46898.6
62967.5
61607.3
58870.4
44915.5
45766.3
57694.5
45933.4
57681.8
58972.9
75074.7
92301.7
78060.4
89197.1
77875.1
88796.8
75279.7
72333.2
82401.3
70152.9
85970.9
69861.4
85548.1
72579.1
53138.8
42558.5
52638
42090
53276.3
42253.7
52541.4
65839.8
67612.1
76727.6
79327.6
65851
67591.2
76822.5
72413.9
63993.2
62408.8
74437.3
63993.9
62406.5
74511.7
54925.7
43123.5
42816.5
55580.5
43001.9
55526.9
54900.8
53046.9
41685.6
41672.1
52363.9
41854.3
52429.6
52991.7
65936.2
79629.5
67899.6
77351.8
67712.7
77081
66073.5
72573
64058.3
62514.2
74951.8
62450.4
74728.1
64152.4
48170.8
39424.2
47523.1
38853
48266.7
39269
47468
68342.1
70390.8
68417.4
59103.2
60669.7
59106.5
60681.3
66349.3
64487.9
66420.4
57397.8
55895
57394.4
55888.3
49989.7
40348.4
39850.9
50562.5
40083.2
50595.4
49928.9
48066.3
38640.9
38841.6
47345.9
39047.2
47400.8
48010
70508.9
68614.2
68494.7
59105.9
60758.9
60707.8
59172.1
64538.3
66589.6
66489.2
57408.4
55911.1
55879.9
57460.7
43282.8
35934
42663.1
35314.6
43407.6
35716.6
42582.5
60626.1
62555.4
60658.2
52814.7
54262.9
52833.1
54259
58714.5
56893.6
58725.3
51162.2
49688.3
51176.3
49657.6
45063.2
36928.5
36496.3
45537.4
36714
45581.6
44965.9
43152.6
34993.6
35181
42426.6
35404.4
42499.8
43093.5
62593.6
60726.4
60678
52791
54259.7
54255.8
52788.1
56896.7
58779.4
58730.7
51145.1
49640.7
49623.2
51133.6
37823
31737.1
37141.1
30945.3
37974.2
31527.9
37011.3
55045.4
46446.5
48014.5
53210.2
46490
47992.5
53210.7
44728.2
43234.4
51335.6
49482.6
44777.8
43162.1
51318.8
39787
33169.8
32544.2
40496.2
32718.3
40540.1
39745.6
37716.9
30701.6
31080.6
36927.5
31282.2
36910.3
37735.5
55058
46427.3
47971.3
53261.7
47969.1
53227.5
46446.3
44723.4
49520.7
43215.5
51395.1
43175.7
51349
44750.7
32240
27101.6
31529.7
26344.2
32343.9
26879.9
31430
40008.7
41566.8
45897
47695.2
40043.5
41521.4
45905.3
38332.9
36795.4
44097.8
42298.6
38348.8
36804.2
44093.2
34234.5
28652.4
28101.2
34944.4
28225
34952.6
34226.4
32238.7
26159.1
26563.1
31459.3
26667.7
31425.4
32259.6
40023.5
47713.3
41537
45966.8
41513.1
45927.3
40059
38346
42311
36869.9
44140.2
36828.7
44107
38383.1
26743.5
22797
26563.1
22738.1
26734.4
22800.8
26566.9
33653.2
35149.4
38722.7
40463.9
33649.4
35133.9
38710.5
32168.1
30766.9
36898.3
35161.7
32164.6
30721.6
36888.7
28679.1
24160.2
23767.4
29429.3
23825.1
29398.7
28721
26777.2
22846.8
22834.6
26687.6
22806.7
26688.8
26830.8
33675.5
40463.7
35180.9
38710.7
35148
38707.9
33709.5
32188.8
35193
30767.4
36891
30791.3
36885
32226.4
130905
114542
124488
110238
130127
115177
125198
154059
163831
168403
178948
153429
164511
168498
147662
140244
162098
154810
147100
140731
162196
135991
126466
120606
145196
119963
144216
136822
131672
110809
116427
126261
115806
125842
132260
154574
179081
165568
168581
165040
168551
154920
148038
154820
141251
162278
141046
162249
148304
110737
97312.2
105799
94112
110102
97830.8
106399
129143
134352
142284
148564
128577
134856
142465
123903
118287
136579
131438
123296
118904
136838
115923
106627
102825
121293
102317
120892
116341
111358
94605.3
98897.7
107510
98360.2
106987
111822
129503
148616
135410
142589
135188
142558
129747
124328
131669
119743
137078
119407
136994
124619
91711.6
82172.2
92092.6
95290.2
84550
94861.3
84837.2
109942
113677
120924
126330
109373
114264
121449
101753
113045
102314
105953
116346
105399
116951
99215.8
91198.7
88452.2
103475
88066.1
102959
99673.7
82448.9
92813.6
92465.5
95714.8
85469
85147
96116.3
110467
126628
115174
122064
114803
121825
110878
113481
103089
102769
106443
117603
117379
106846
64306.8
57839.9
62039.8
55827.5
64270.6
57852.1
62048.6
75309.1
81775.8
75385
73032.9
79196
72964.4
79261.1
70551.9
68083.5
76551.7
73972.4
70514.6
68084.4
76592.1
62043.8
68984.1
68977.3
66632.3
60002.7
59972.8
66637.2
64305
55846.9
57903.5
62046.4
57874.6
62049.1
64302
81843.3
75492.4
75433.4
73038.3
79224.8
79271.3
73033.6
70527.4
73895.8
68013.5
76493.1
68057.2
76550.4
70495.8
55459
49837.5
53343
47863.5
55489.4
49831.2
53302.1
63323.6
65706.5
68864.2
71343.7
63383.6
65677.3
68809.3
60954.6
58688.8
66383.5
63757.8
61005.3
58626.1
66291.2
57625.3
53825.9
51872.2
59795.3
51843
59809.9
57604.4
55428.7
47859.4
49863.3
53245.2
49837.1
53267.8
55404.8
63256.9
71270.6
65565.6
68600.3
65628.9
68718.4
63180.3
60886.2
63655.9
58478.8
66058
58555.2
66184.9
60806.5
46828.5
42193.2
44955
40452.2
46868.5
42160.9
44850
53970.5
56346.2
58803.8
61220.9
54031.6
56285.3
58737.7
51820.9
49738.5
56234.9
53754.8
51869.2
49644.1
56189.7
48931.5
45848
43869.6
51043.9
43883.3
51065.3
48896.6
46787.1
40492.5
42129.8
44746.8
42138.6
44863
46749.9
53912.3
61122.1
56147.3
58558.3
56217
58654.1
53853.4
51766.5
53801.6
49549.9
56058.2
49672.2
56124.2
51714.5
187375
175818
180017
168131
187525
175770
179850
205178
213942
214872
223181
205495
213776
214521
198604
191466
208537
200972
198906
191173
208202
193283
192251
182476
202074
182615
202254
193004
187175
168025
175595
179425
175695
179655
186933
204831
222847
213292
213793
213490
214153
204481
198279
200640
190525
207525
190857
207862
197940
160749
149151
154995
143450
160904
149138
154861
178016
184829
188552
194641
178222
184597
188322
171795
165932
182410
176048
171998
165726
182208
166621
161421
154889
172923
154986
173107
166443
160589
143445
149030
154587
149095
154724
160428
177801
194358
184061
187821
184339
188076
177570
171593
175836
165326
181765
165524
181992
171388
133199
122923
133310
138425
127344
138423
127673
154131
160046
164200
169870
154329
159842
163973
143358
152798
143176
148557
158462
148744
158231
143678
138083
132988
148986
132919
149100
143595
123222
133449
133396
138411
128072
127912
138387
153946
169650
159456
163545
159645
163754
153777
152605
142977
143049
148395
157820
158016
148259
88143.4
82338.2
85176.5
79652.4
88102.8
82369.7
85262.6
100621
107574
100816
97395.4
103521
97246.1
103748
94118.3
90777.8
99856.1
96485.2
93978.9
90913.3
100053
87943.8
94228.1
94038.6
91115.5
85138.4
85077.5
91174.4
88158.7
79599.6
82333.3
85251.4
82344.9
85300.4
88181.9
107796
101093
100989
97546.1
104083
103959
97582.2
94248.5
96660.8
91055.6
100402
91042.1
100246
94236.9
76552.8
71493.3
73589.5
68779.5
76449.1
71491
73688.9
84551.1
87554.8
89372.3
92934.3
84390.6
87691.1
89514.3
81433.5
78225.3
85974.8
82776.2
81277.4
78376.8
86109.7
79449.8
76841.3
73971.6
82269.5
74103.7
82363.6
79332.2
76530
68683.4
71243.7
73504.3
71380.4
73619.5
76404.1
84703
93097.6
87894.3
89823.5
87836.3
89666.6
84749.1
81576.4
82906
78493.5
86375.3
78513
86247.4
81580.1
65026.2
60996.2
62289.6
58399.8
65038.3
60965
62217.4
72343.6
75170.1
75970.5
79414.1
72179.3
75323
76076.9
69413.3
66170.4
72520.7
69146.6
69250.1
66205.2
72614.8
67899
66017.5
63288.9
70619.7
63384.6
70723.1
67794.1
64982.4
58476.3
60840.1
62113.2
60912.8
62270.1
64917.1
72432.5
79527.4
75387.8
76235.4
75428.6
76172.9
72398.4
69477.1
69267.7
66246.1
72720
66318.4
72678.9
69470
226376
218190
219739
210662
226589
217882
219547
243383
251001
251752
257216
243555
250916
251762
235437
229680
244274
238638
235558
229607
244386
233067
233325
224204
241478
224533
241620
232785
226151
210381
217257
219148
217569
219349
225920
243179
257071
250550
251705
250659
251710
242973
235293
238668
229417
244564
229517
244469
235137
201240
192161
195210
185811
201373
191977
195067
217512
222786
226163
232431
217538
222743
226258
210455
204682
219455
213020
210501
204616
219559
207303
204061
197672
213054
197879
213208
207168
201103
185611
191588
194765
191786
194919
200961
217476
232555
222621
226356
222688
226329
217425
210399
213056
204449
219706
204538
219646
210329
161696
175807
167449
170420
175993
167228
170268
190764
196710
198787
204433
190883
196579
198768
183566
178844
191497
186871
183706
178785
191452
181905
179134
172784
187884
173009
188086
181707
161505
175618
166801
169959
167010
170113
175431
190632
204313
196268
198606
196430
198682
190488
183411
186910
178636
191298
178715
191353
183248
145795
140260
145695
153975
148548
154017
148523
167946
172389
175546
180562
167921
172347
175701
161595
156658
169447
164352
161580
156722
169605
156109
150891
151007
159424
164427
164538
159351
140151
145493
145595
153925
148442
148489
153864
167959
180665
172241
175926
172297
175833
167960
161597
164486
156774
169839
156762
169732
161583
123632
118880
123681
131140
125961
131125
126040
144579
149520
151908
156528
144588
149543
152077
138126
133416
145102
140938
138094
133484
145238
134279
128939
128928
136743
142219
142271
136717
118999
123786
123736
131152
126186
126116
131161
144591
156603
149519
152186
149539
152160
144580
138143
140988
133605
145384
133549
145327
138144
111540
105628
107237
101952
111331
105831
107400
122592
127024
129255
133511
122454
127128
129333
117089
113122
122762
119068
116927
113275
122890
114436
116277
110366
121166
110175
120989
116472
111736
102125
106216
107710
106027
107562
111913
122763
133612
127369
129570
127248
129438
122943
117246
119206
113533
123244
113413
123055
117393
95226.2
90597.4
91405.8
87151.4
95143.4
90702.6
91457
104409
107887
109008
112820
104326
107991
109042
99597
96033.8
104018
100275
99561.5
96066.3
104015
99408.9
98216.7
94692.9
103372
94543.3
103249
99500
95301.5
87241.1
90907.4
91544.2
90807
91504.6
95367.9
104485
112872
108150
109096
108078
109077
104550
99621.6
100274
96117
103949
96093.2
103998
99633.2
79705.8
76309.3
76018.5
72865.1
79681.4
76375
76000.1
87841.7
91316.1
91437.5
95162.4
87818.6
91317.7
91427.6
83444.9
80321.9
86861.9
83493.8
83436.2
80293.3
86810.7
83690.3
83544.4
80051.3
87467
80001.3
87445
83708.7
79723.7
72956.9
76476.1
76047.5
76428.3
76106.9
79735.3
87866.4
95128.8
91297.6
91432.9
91311.8
91457.2
87888.8
83438.8
83627.5
80291.6
86689.1
80360
86779
83425.7
67365.1
51153.5
65543.3
49188.5
67255.8
51429.8
65607.2
87506.8
92215.1
103048
109597
87431.5
92597.2
103349
84543
81025.6
100339
96499.1
84350.6
81214.9
100657
69227.7
54708.3
51741.4
72592.1
51844.1
72332.6
69230.7
67513.2
49108.5
52008.5
65848.2
51651
65710.2
67692.3
87632.2
110078
93073.4
104035
92793.2
103687
87789.6
84734.8
96711
81546.1
101227
81380.4
100955
84931.4
59515.5
45690
57936
44860.5
59205.1
45977.6
58233.7
75827.1
78278.6
89543.1
93229
75576.5
78495.6
89790.6
73309
70480.6
86404.4
83553.5
72924
70851.6
86690.7
62253.4
48949
47424.5
63736.3
47213.2
63525.7
62423.5
59833.1
45025.3
46982.5
58925.5
46375.3
58602
60113.1
76027
93434.3
78868.8
90159.8
78687.7
89997.1
76216.5
73546.7
83780.1
71347.7
87085.2
71135.8
86909.4
73752.9
52963.5
41549
52339.6
41072.6
52971.3
41671
52356.5
66427.7
68127
77629.6
80611.9
66237.7
68392.5
77900.8
64416.5
62601.2
75185.9
73129
64272.8
62711.1
75425.8
55101.8
43333.8
42370.8
56198.2
42427
56012.6
55141.6
53031.1
40889
42042
52426.5
41796.7
52411.7
53120.3
66567.6
80820.8
68747.4
78226.8
68585.7
78086.8
66682.5
64529.1
73276.4
62894.3
75729.7
62807.6
75596.3
64627.2
48137.6
38677.1
47375.8
38206.6
48059.3
38708.9
47444
68744.8
59356.9
60834.7
70964.8
59252.8
60932.4
68888.2
66706.2
57656.9
55995.2
64831.7
57543.3
56097.2
66842.1
50087.7
40310.5
39680.7
50714.8
39634.3
50630.1
50188.8
48243.8
38223
39205.4
47716.5
38844.4
47550.6
48364.8
59477.3
71115.8
61123.9
69144.4
61039.5
69040.8
59566.7
57793.4
64969
56313.6
67097.3
56216.5
66999.2
57886.9
43048.5
35014.2
42398.8
34571.3
43057.3
35035.5
42412.1
60774.2
52846.3
54289
62793.2
52804
54343.3
60842.3
58836.6
51185.1
49667.7
57062.3
51147
49710.5
58902.4
44930.4
36757
36129.7
45617.4
36137.1
45537.2
44979.7
43043.4
34505
35425.9
42533.2
35156.5
42469.6
43102.3
52916.3
62893.6
54477.9
60983.5
54419.2
60930.1
52962.1
51247
57123.4
49809.8
59025.7
49775.1
58980.1
51282.8
37838.4
30989.7
36972.5
30418.4
37772.6
31036.1
37050.7
46551
47997.3
53314.3
55217.8
46487.6
48043.3
53395.1
44887.5
43276.2
51458.6
49736.3
44806.2
43361.4
51556.1
39878.5
33139.8
32434.1
40588.6
32399.9
40522.1
39980.9
37922
30465.1
31466.1
37309.3
31169.6
37158.6
38013
46642.2
55265.3
48141.2
53462.2
48110.7
53442.7
46684.6
45000.7
49792
43546.4
51625.6
43482.9
51606
45044.2
32358.1
26535.9
31512.9
26020.8
32301.8
26598.4
31582.8
40186.3
41585.1
46037.1
47920.8
40111.9
41663.5
46138
38503.6
36919.3
44202.2
42429.2
38435.8
36975.3
44292.7
34378.5
28701
28048.7
35154.7
28025.1
35067
34477
32412.4
26051.7
26954.2
31743.6
26714.3
31658.1
32457.8
40285.5
47968.1
41804.7
46182.2
41763.8
46183.1
40338.9
38587.7
42499
37118.6
44356.1
37039.4
44347.8
38654.1
27001.4
22886.1
26839.7
22796.4
26902.5
22911.7
26802.9
33809.4
35223.3
38725.5
40533.6
33757.7
35271
38748.9
32344.6
30909.7
36904.6
35102.6
32278.5
30890.2
36930.6
28926.1
24295.8
23740.1
29676.1
23732.3
29618.8
29002.2
27136.3
22802.9
22971.4
26877.2
22884.5
26969.7
27226.8
33866.4
40586
35378.2
38826.9
35321
38784.5
33916.7
32419.8
35246.3
31026.4
37012.5
31057.5
36967.8
32492.9
133067
116884
126572
111994
132709
117272
126808
155279
165787
168558
179416
155129
166042
168518
148594
141375
162275
154678
148483
141439
162239
138436
129782
122683
148444
122300
147715
138785
133331
112232
117846
127076
117591
126972
133514
155373
179507
166507
168389
166195
168449
155451
148645
154592
141470
162023
141464
162157
148647
112383
99293.6
107856
95863.2
112145
99582
108108
129991
135551
142583
148552
129904
135626
142547
124942
119980
137112
131910
124818
120140
137113
116998
107939
103782
122064
103635
121973
117076
112549
96086.9
99955.6
108407
99800.9
108292
112645
130023
148491
135677
142433
135658
142494
130033
125005
131915
120287
137054
120235
137090
125035
93150.2
96761
85794.1
83249.6
96491.3
86068
93443.3
111367
115439
122229
127007
111159
115631
122336
103380
107351
117776
113710
107136
103588
117899
100519
92592.4
89494.2
104425
89330.9
104288
100671
96972.9
83449.5
86448.6
93840.2
86280
93667.2
97136.6
111520
127042
115836
122434
115759
122398
111620
107517
113788
103887
118037
103757
117983
107638
75525.2
81715.4
84410
84608.6
73314.1
75680.8
81861.6
99849.3
105692
96634.6
96704.8
109380
100012
105636
89820.7
101248
93138.6
93282.7
97980.6
89999.9
101577
87663
80797.7
78440.1
90694.2
78310.4
90518.1
87792.1
84740.4
73446.1
75954.1
82044.3
75836.9
81961.6
84848.7
96798.5
109564
100293
105893
100168
105756
96896.7
93399
98197.4
90250.3
101999
90136.7
101813
93505.4
66384.3
71505.3
73823.3
73846.6
64353.6
66468.1
71506.3
86607.8
90827.9
83570.1
83767
94423.4
86801.2
91198
78227.5
87439.4
80630
80851.9
85522.9
78322.8
88149.4
76519.9
71027.1
68813.3
79223.3
68759.7
79160.3
76558.1
73874.6
64383.4
66547.8
71470.8
66520.2
71489.2
73901.9
83899.7
94630.6
87048.5
91438.5
86940.9
91344.1
83995.2
80953.3
85356
78315.5
88140.6
78326.5
88154.2
81020.9
64291.8
57943
62049.5
55958.2
64305
57992.7
62023.6
75617.5
73023.5
79289.1
82160.6
73042
75639.1
79250.4
70416.3
67960.3
76433.9
73618.1
70464.8
67897.1
76369.5
66633.4
62206.5
60104
68978.4
60112.9
69003.5
66597.1
64259
55960.6
57989.4
61925.4
58003.6
61979.7
64213.5
72977.2
82142.5
75572.5
79127.6
75611.9
79196.3
72917.6
70354.2
73535.2
67752
76224.8
67826.3
76300.8
70283.5
55348.4
49913.5
53235.3
47953.7
55386.6
49930.1
53203.3
63012.1
65490.2
68457.4
70936.3
63094.2
65414.2
68344.2
60639.7
58401.4
65911
63294
60719.7
58330.3
65796.4
57498.5
53916.1
51887
59638.1
51925.7
59696.9
57438.4
55297.9
47950.1
49879
53110.1
49914.5
53159.7
55240.6
62933.3
70844.8
65261.7
68167.8
65337
68248.9
62859
60564.3
63211.2
58203
65625.6
58264.2
65703
60494.4
46681.9
42129.3
44798.6
40383
46712.3
42135.5
44659.6
53762.2
56083.3
58465.2
60796.8
53808
56024.2
58378.5
51612
49596.8
55981.6
53456.2
51662
49446.3
55901.9
48841.4
45932.3
43923.7
50927.8
43902.4
50968.5
48826.5
46656.8
40457.6
42157.6
44527.6
42144.6
44722.3
46638.2
53721.6
60724.8
55917.3
58258.2
55969
58315.9
53673.3
51566.5
53503.9
49281.8
55760.4
49493.7
55826.3
51526.3
186344
175454
179157
167575
186651
175274
178861
203759
212953
213421
222030
204115
212720
213066
197226
190180
207188
199637
197586
189829
206856
192065
191517
181653
200957
181870
201157
191757
186016
167370
174795
178228
175050
178547
185683
203400
221701
212129
212388
212373
212716
203054
196862
199314
189144
206209
189481
206527
196502
160107
148951
154449
143298
160267
148862
154310
177068
183768
187560
193484
177325
183469
187297
170972
165132
181530
175177
171181
164943
181291
165879
160891
154395
171993
154528
172251
165677
159948
143228
148663
154041
148765
154173
159795
176806
193201
182872
186787
183167
187038
176548
170761
174959
164584
180821
164759
181053
170554
133471
138299
128168
123642
138352
128201
133448
153471
159274
163345
169016
153620
159098
163154
142925
148025
157642
152145
148140
142859
157474
143333
137994
132956
148539
132987
148649
143244
138236
123657
128195
133349
128205
133404
138170
153329
168816
158768
162796
158929
162970
153191
147913
152009
142700
157168
142781
157315
147805
110504
114584
119278
119297
106361
110416
114655
137785
142088
132832
132930
146984
137806
141979
122785
136766
127717
127851
131466
122906
136714
124102
119045
114912
128636
114818
128689
124055
119321
106474
110639
114796
110525
114730
119341
132935
146864
137728
141768
137777
141869
132901
127905
131444
123019
136580
122978
136648
127916
94999.5
97948.6
101486
101725
91943.3
95313
98126.3
117960
121275
113421
113493
126198
118057
121299
105080
116540
109065
109102
112181
105096
116573
106006
102553
98894.2
110335
98870.9
110241
106116
101893
91913.4
95230.6
98313.9
95285.1
98227.1
102022
113503
126179
118138
121223
118093
121281
113540
109092
112182
105068
116494
105077
116559
109110
88120.7
82294.7
85153.7
79278.3
88199.2
82213.3
85002.6
101163
97624.9
104092
107967
97604.1
101195
104079
94209.8
91016
100407
96798.2
94224.3
90902.9
100368
91312.1
88471.6
85198.6
94709.9
85250.3
94672.1
91266.5
88006.1
79173.4
82069
84722.6
82140.1
84838.5
87920.3
97619.1
107964
101193
104034
101197
104081
97547.4
94105.2
96645
90513.8
100159
90722.2
100301
93941.6
76042.5
71077.4
73355
68246.3
76242.2
70909.9
73171.7
84411.3
87777.8
89908.4
93231.8
84600.8
87605.9
89772.8
81231.6
78330.8
86451.2
82943.4
81421.4
78152.4
86325.3
78771.4
76292.9
73416.3
81616.8
73512.5
81750.8
78634.9
75842.7
68134
70696.6
72854.2
70788.3
72979.6
75710.1
84181.7
93022.2
87142.7
89296.9
87384.1
89545.7
83938
81005.5
82734
77718.9
85852.4
77945.7
86096.2
80766.7
64704.9
60749.9
62139.4
58064.5
64835.3
60644.5
61868.9
72094.6
75236.9
76263.6
79560.2
72271.2
75073.8
76204.8
69226.3
66309.8
72725
69221.4
69380.8
66113.9
72697.3
67402.8
65514.4
62853.6
70014.9
62945.6
70145.5
67245.7
64576.5
58077.1
60422.2
61510.3
60535.3
61845.8
64423.6
71903.4
79358.2
74670.6
75852
74881.7
76029.3
71710.8
69026.2
69272.7
65717.2
72443.5
66064.3
72599.8
68817
225451
216944
218947
209532
225682
216637
218747
242531
250173
251578
257081
242727
250039
251623
234816
229310
244624
238650
234967
229206
244717
231873
232110
222873
240357
223186
240554
231610
225235
209259
216047
218385
216336
218557
225044
242360
257019
249656
251680
249769
251622
242237
234684
238579
229014
244833
229107
244774
234583
200658
191384
194606
184987
200813
191175
194443
217266
222536
226344
232690
217357
222433
226274
210140
204348
219738
212985
210245
204233
219734
206721
203115
196815
212384
197030
212560
206551
200494
184775
190751
194104
190964
194276
200318
217152
232632
222146
225935
222307
226141
217005
210013
212836
203948
219539
204106
219666
209848
175068
166602
169810
161001
175247
166413
169670
190166
196091
198452
203951
190331
195903
198305
182902
178547
191182
186849
183075
178451
191080
181124
178244
171971
187072
172158
187270
180947
174898
160854
166075
169426
166237
169541
174743
190001
203767
195496
197910
195706
198099
189847
182744
186722
178267
190915
178358
190980
182610
145390
153697
148375
139911
153789
145280
148285
167909
172180
175979
180873
167944
172117
175960
161494
156772
169908
164562
161551
156732
169921
159102
155563
150410
164004
150528
164107
159011
153589
139816
145055
148050
145165
148172
153473
167853
180896
171978
175757
172051
175898
167783
161421
164455
156529
169877
156647
169920
161343
123825
131192
126264
119191
131172
123837
126305
144477
149490
152132
156591
144540
149413
152009
138083
133644
145386
140960
138127
133654
145336
136601
134090
128823
141902
128892
141996
136534
131175
119190
123771
126260
123816
126311
131099
144386
156492
149130
151502
149295
151805
144267
138008
140858
133581
145119
133632
145247
137892
112148
106375
107826
102524
112055
106414
107897
123326
127477
129711
134036
123148
127544
129801
117645
113633
123482
119750
117526
113753
123726
116768
114656
110424
121257
110485
121300
116770
112156
102398
106215
107900
106335
107920
112136
123443
134172
127507
129777
127536
129864
123533
117761
119873
114001
124119
113902
123982
117827
95425.7
90998.7
91573.2
87411.9
95414.4
91039.2
91585.7
104640
108205
109133
113005
104603
108250
109156
99616.6
96143.6
103890
100230
99631.2
96166.7
103859
99559.7
98437.7
94483
103417
94710.5
103531
99449.9
95407.3
87353.6
90719.3
91503.8
90947.9
91577.6
95334.8
104655
113124
108279
109254
108280
109222
104629
99590.1
100275
96191.5
104015
96187
103925
99541.4
79731.9
76511.9
76153.3
72907.7
79738.1
76537.4
76029.9
87948
91278.2
91463.4
94895.4
87919
91253.5
91430.6
83394.3
80375.1
86683.6
83485.2
83412.5
80269.3
86651.3
83720.5
83654
79954.7
87454.7
80108.9
87488
83679.4
79717.2
72963.1
76477.1
75885.5
76544.3
76087.2
79688.9
87977.5
94946.6
91195
91498.5
91230.3
91500.4
88000.2
83373.7
83627.9
80262.8
86823.9
80361.3
86751.9
83348.7
68092.8
52260.8
65996.1
49366.9
67890.2
52730.1
66182.6
88014.1
93175.9
104343
111880
87902.1
93470.1
104628
85202.5
81682
101447
97175.1
85055.9
81822.3
101649
69277.2
55541.7
51290.7
73289.1
51166.5
73035.8
69396.7
68245.7
49611.5
52615.6
66397.3
52814.4
66355
68314.2
88069.3
112171
93746.8
105050
93434
104852
88178.7
85297
97304.5
81993.7
101892
81939.1
101808
85361.5
60624.1
47395.6
59098.5
45604.7
60352.6
48058.6
59241.6
76520.5
79012.7
90291.4
93885.8
76370.1
79137.2
90400.7
74088.1
71504.8
87213
84133.4
73911
71644.2
87311.2
62876.8
50745.6
47897.2
64473.1
47705.3
64353.3
62930.7
60859.4
45394.3
48270.6
59370.9
48331.6
59331.3
60960.5
76629.8
93996.2
79290.3
90543.4
79240
90501.7
76667.6
74196.4
84199
71772.3
87444.9
71729.1
87398
74251.8
53261.2
42223.1
52433
40515.5
53200
42516.5
52448.4
66827.2
68862.6
78327.5
81155.4
66764.8
68934.3
78393.7
64747.4
62963.3
75831.3
73551.8
64699.2
63020.9
75902.3
55224.7
44712.6
42006.7
56691.1
41855.8
56612.4
55238.6
53316.1
40325.9
42473.8
52477
42688.9
52463.9
53371.4
66866.8
81201
69031.4
78479.6
68977.4
78436
66894.2
64766.3
73592.4
63079.4
75986.4
63060.6
75947
64813.3
48573.6
39535.3
47806.4
38357.3
48480.2
39945.9
47847.2
59684
61187.6
69218.2
71375.8
59632
61232.9
69266.4
57993.4
56374
67165.6
65132.9
57948.3
56419.5
67209.2
50221.3
41293.9
39466.4
50922.2
39291.6
50896.8
50218.8
48645.6
38151.1
40056.5
47858.7
40171.6
47851.5
48690.5
59716.1
71410.3
61284.5
69303.1
61257.6
69290.1
59723.3
58017.1
65151.3
56460.7
67246.3
56449.6
67229.6
58037.4
43234.5
35641.6
42535.3
34338.7
43172.2
35950.1
42535.3
53006.8
54522.2
61018.1
63046.6
52988.8
54551.1
61035.6
51309.5
49825.9
59052.9
57170.6
51301.6
49835.5
59065.9
44971.9
37775.7
35835.3
45870.7
35699.4
45843.2
44974.8
43271.8
34176.6
35998.8
42527.4
36100.3
42531.3
43296.8
53014.4
63058.8
54565.1
61043.9
54558.2
61041.1
53014.4
51308.8
57169.7
49841.3
59078.1
49840.9
59073.2
51313.2
38180.8
31771.3
37433.4
30720.1
38103.7
32162
37472.5
46701.7
48151.1
53460.7
55284.3
46700
48147
53447.2
45049.3
43572.1
51621.6
49777.2
45055.7
43576.4
51605.2
40010.8
34102.9
32384.7
40760.1
32236.1
40740.1
40001.6
38224.6
30605.6
32385.4
37460.1
32432.3
37470.8
38250.5
46697.4
55279.8
48135.8
53430.9
48135.3
53433.7
46692.2
45033.8
49755.5
43561.8
51591.1
43569.5
51592.4
45032.5
32609.8
27232
31853
26216.7
32532.7
27591
31962.5
40333
41809.4
46155.5
47919.6
40345.2
41793.6
46119.5
38645.2
37174.7
44336.9
42518.7
38660.8
37195.5
44307.6
34580.3
29700.2
28002.8
35382.3
27865
35354.1
34573.8
32658.7
26171.8
27827.3
31990.9
27860.2
31991.4
32695.1
40315.8
47893
41761.8
46075.9
41769.2
46087.7
40303.2
38622.3
42502.2
37195.6
44274.7
37199
44282.5
38619.8
27305
23108.7
27027.4
22351.9
27280.6
23378
26926.9
34029.8
35444.1
38885.4
40670.8
33974.4
35455.9
38910.1
32626.9
31264.5
37070.3
35229.4
32561.3
31172.7
37137.8
29243.7
25297.4
23835.2
29891
23646.9
29842
29258.2
27351.4
22316.9
23641.9
27023
23626.9
27127.5
27413.2
34054.6
40663.7
35449.3
38912.6
35445.5
38919.3
34061.6
32631.4
35389.2
31189.3
37171.6
31319.1
37168.4
32641.4
133752
118017
127151
112666
133631
118175
127227
155624
166696
168339
179847
155530
166891
168307
148615
141460
161870
154277
148605
141474
161788
139550
131743
123671
149885
123481
149759
139672
133891
112802
118462
127395
118340
127323
133992
155709
179490
166813
168278
166813
168292
155777
148687
154237
141554
161805
141512
161781
148761
112750
100049
108472
96382.4
112707
100113
108510
130039
135686
142376
148258
130037
135683
142320
125072
120317
137018
131858
125054
120332
136993
117239
108435
104101
122323
104056
122284
117286
112816
96445.9
100233
108603
100186
108563
112854
130049
148194
135709
142282
135683
142280
130077
125102
131856
120385
136988
120362
136984
125123
97328.3
86575
93966
83828.6
97251.8
86660.9
94049.1
111717
115881
122450
127036
111681
115904
122454
107766
103975
118071
113947
107716
104036
118091
100870
92967.1
89763.7
104627
89725.7
104591
100903
97378
83884.3
86753.4
94126.7
86713.9
94098.2
97408.3
111744
127034
115956
122482
115928
122461
111773
107799
113971
104100
118122
104077
118108
107818
85000.9
76045.3
82111.1
73658.8
84936.7
76107.6
82158.9
97050.6
100384
106006
109906
96980.9
100451
106094
93663.2
90338.1
102137
98593.4
93593
90404.5
102241
88012.2
81213.5
78677.9
90999
78656.6
90968.9
88033.3
85041.9
73686.5
76165.8
82203.5
76142.6
82189.3
85062.8
97109.8
109959
100525
106232
100497
106165
97161.8
93719.4
98670.3
90493.2
102386
90454.8
102323
93763.6
73920.6
66559.7
71450.7
64368.8
73916.4
66563.5
71430.8
84103.4
87125.6
91510.2
94982.6
84059.9
87180.8
91567.6
81108.5
78316.7
88186.3
85129.6
81077.9
78301.3
88222.7
76614.8
71235.7
68884.9
79350.2
68879.4
79333
76632.3
73918.8
64358.8
66567.3
71400.9
66565.8
71412.8
73914.4
84130.1
95043.4
87243.8
91633.5
87218.8
91606.4
84145.8
81105
85081.8
78251.7
88204.9
78273.4
88216
81101.3
64117.4
57960.8
61869.1
55862.9
64163.2
57928.8
61820.6
72791.4
75528.9
79054.6
81972.9
72852.5
75485.7
78986.1
70146.1
67680.8
76145.7
73308.7
70211.3
67621.5
76069.8
66480.6
62160.9
60022.1
68888.6
60028
68895.2
66469.5
64086.8
55837.2
57904.1
61784.9
57907.6
61790.6
64079.2
72737
81923.9
75413.6
78869.9
75445.5
78923.3
72691.9
70092.7
73250.8
67571
75931
67582.7
75998.6
70053.8
55135.3
49833.6
53059
47844.6
55183.3
49789.6
53013.7
62741.7
65193.5
68101
70635.1
62793.2
65140
68050.6
60385.3
58148.9
65562.9
63046.9
60433.2
58105.3
65516.5
57293.4
53764.9
51744.9
59497.9
51755.5
59501.6
57285.9
55104.4
47814.2
49750.3
52975.6
49758.3
52983.6
55099
62710.8
70600.6
65106.1
68020
65109.2
68021.7
62706.9
60356.1
63022.8
58073.9
65488
58077.5
65489.6
60353.3
46605.6
42175.9
44621.6
40205.8
46630.8
42180.8
44421.2
53582.8
55870.5
58212.9
60576.1
53631
55831.6
58166
51453
49352.6
55702
53124.4
51498.4
49125.5
55648.5
48745.3
45849.7
43904.2
50820.5
43911.3
50823.4
48732.4
46585.5
40247.9
42150
44353
42158.5
44504.8
46585.4
53553
60552.5
55805.9
58123.3
55806.9
58142
53542.5
51406.8
53223.4
49012.9
55611.4
49161.4
55614.5
51386
185119
174532
177919
166691
185361
174336
177636
202460
211821
212078
221253
202725
211776
211822
195841
188827
205900
198464
196153
188545
205614
191087
191086
181108
201119
181164
200811
190991
184995
166546
174198
177362
174219
177453
184995
202255
221241
212045
211538
211690
211636
202134
195635
198277
188255
205387
188345
205421
195574
159512
148568
153920
143012
159646
148486
153815
176085
182592
186549
192451
176303
182342
186334
170174
164421
180599
174376
170353
164277
180397
165162
160216
154002
171270
154041
171332
165098
159413
142971
148405
153701
148428
153736
159364
175927
192288
182084
186090
182164
186172
175842
170040
174234
164106
180143
164166
180233
169965
138051
128176
133294
123638
138106
128157
133246
152955
158621
162638
168292
153063
158494
162504
147620
142622
157035
151686
147705
142555
156923
143038
137801
132869
148246
132864
148277
143019
138016
123630
128152
133199
128148
133214
138003
152876
168170
158340
162346
158396
162401
152835
147560
151624
142489
156793
142509
156839
147531
119393
110729
114857
106726
119365
110794
114912
132819
137674
141682
146585
132858
137625
141612
127899
123045
136521
131353
127910
123062
136472
124018
119249
115102
128550
115061
128546
124040
119422
106774
110881
114982
110844
114954
119450
132793
146532
137580
141544
137592
141563
132788
127891
131331
123078
136417
123071
136433
127892
102259
95264
98397.4
91801.7
102150
95280.6
98459.8
113665
118184
121218
126135
113600
118226
121233
109265
105125
116467
112111
109183
105184
116491
106355
102788
98982.6
110566
98975.2
110541
106377
102295
91767
95262.4
98468.2
95270
98476.9
102300
113708
126133
118262
121241
118254
121247
113719
109316
112122
105209
116500
105215
116513
109319
87800.6
81997.7
84635.1
78927.5
87857.4
81927.1
84558.5
97445.6
101203
103913
107865
97480.9
101215
103832
93765.2
90378.6
99981.1
96103.5
93837
90281.2
99869.8
91178.9
88321.2
84991.4
94707.2
85039
94730.5
91138.1
87741.7
78855.4
81790.3
84404.5
81858.3
84484.9
87677.3
97410.4
107842
101184
103726
101207
103777
97369.7
93703.1
96003.7
90117.9
99719.4
90199.7
99789.4
93638.3
75560.9
70627.2
72768.9
67947.9
75620
70578.2
72713.2
83683.1
86987.6
89047.2
92384.7
83784.9
86877.4
88892.9
80529.7
77578.3
85608
82152.2
80620.1
77491.4
85468.3
78434.5
76008.2
73253.7
81312.7
73256
81374.2
78425.4
75528.9
67923.1
70550
72682.6
70550.5
72684.8
75527.1
83615.1
92273.4
86703.5
88704.1
86788.8
88783.8
83575.7
80482.5
82079.7
77437.6
85359.1
77447.2
85388.6
80474.4
64172.3
60331.2
61490.9
57467.9
64283.1
60250.1
61209.4
71422.7
74531.4
75664.5
78798.8
71551.2
74439.5
75532.7
68490.9
65658.9
72287
68815.7
68630.7
65353.8
72174.8
67030.5
65309.7
62685.2
69830.2
62696.1
69835.6
67006.8
64112.5
57471.1
60161.6
61180.1
60186.1
61266.2
64100.3
71365.5
78730.8
74380.1
75438.8
74391.2
75468
71339.5
68408.3
68899.2
65187.4
72104.6
65335.4
72115.9
68376
224771
215782
218238
208583
224886
215553
218117
242053
249352
251636
257420
242128
249279
251591
234448
228930
244901
238093
234503
228860
244926
231011
231003
221849
239690
222032
239573
230904
224705
208432
215294
218009
215373
218037
224707
241956
257623
248949
251139
248984
251458
241874
234425
237818
228859
245375
228828
245052
234400
199909
190537
193917
184166
200122
190330
193734
216646
221956
225655
232122
216831
221749
225370
209391
203781
219320
212161
209622
203625
219159
206043
202320
196177
211852
196248
211902
205990
199749
184001
190069
193534
190156
193598
199675
216520
232015
221507
225034
221593
225089
216525
209228
211865
203554
219206
203545
219020
209141
174503
165934
169334
160509
174612
165815
169260
189577
195297
197708
203389
189708
195101
197466
182421
178190
190938
186080
182505
178124
190954
180546
177531
171481
186433
171547
186538
180483
174410
160439
165671
169182
165727
169208
174344
189467
203412
194744
197022
194921
197246
189426
182358
185885
178076
191449
178082
191221
182256
153293
144958
147945
139550
153369
144877
147867
167661
171903
175616
180787
167711
171822
175361
161187
156400
169840
163719
161267
156274
169766
158830
155199
150142
163743
150161
163776
158805
153230
139498
144789
147781
144817
147806
153193
167619
180827
171650
174861
171749
175101
167616
161117
163402
156186
169947
156196
169803
161014
130838
123677
126180
119042
130979
123636
126080
143966
148901
151108
156011
144144
148676
150633
137496
133519
145010
139966
137731
133439
144882
136268
133857
128671
141486
128703
141574
136222
130745
119011
123581
125997
123615
126032
130668
143832
156040
148357
149849
148519
150238
143773
137333
139666
133348
145082
133361
144947
137191
112017
106065
107851
101942
112088
105956
107784
123585
127441
129610
134227
123621
127291
129309
117781
114087
124254
119374
117845
114048
124316
116673
114413
110119
120976
110167
121037
116644
111952
101846
105811
107706
105876
107736
111885
123544
134360
127093
128839
127203
129084
123568
117713
119123
114036
124641
114002
124485
117610
94977.3
90482.3
91384.3
86791.2
95155
90297.9
91268.8
104539
108165
109202
113328
104585
108002
108887
99302.7
96172.3
104187
100095
99440.7
96156.6
104240
99099.9
97691.6
93863
102888
93943
102994
99049.1
94870.9
86704.9
90138.3
91194.9
90192.9
91222
94787.2
104472
113410
107682
108379
107840
108599
104459
99185.4
99921.5
96087
104476
96107.3
104387
99119
79577.8
76345.5
75989.8
72470.9
79634.9
76214
75851.6
88020.7
91130.8
91444.2
95246.6
88044.4
91030.1
91253.4
83236.2
80376.9
87045.1
83181
83307.9
80187.4
87177.3
83563
83064.2
79560.3
87124
79592.4
87147
83546.3
79556.6
72463.2
76102.1
76057.6
76135
75998
79562.3
87986.1
95405.1
90967
90989.6
90988.4
91126.4
87956.5
83210.4
83162.5
80097.9
87600.1
80194.2
87405.2
83215.6
)
;

boundaryField
{
    inlet
    {
        type            zeroGradient;
    }
    outlet
    {
        type            fixedValue;
        value           uniform 0;
    }
    seabed
    {
        type            zeroGradient;
    }
    top
    {
        type            zeroGradient;
    }
    side1
    {
        type            zeroGradient;
    }
    side2
    {
        type            zeroGradient;
    }
    submarine
    {
        type            zeroGradient;
    }
}


// ************************************************************************* //
