/*--------------------------------*- C++ -*----------------------------------*\
  =========                 |
  \\      /  F ield         | OpenFOAM: The Open Source CFD Toolbox
   \\    /   O peration     | Website:  https://openfoam.org
    \\  /    A nd           | Version:  10
     \\/     M anipulation  |
\*---------------------------------------------------------------------------*/
FoamFile
{
    format      ascii;
    class       volScalarField;
    location    "2.4";
    object      p;
}
// * * * * * * * * * * * * * * * * * * * * * * * * * * * * * * * * * * * * * //

dimensions      [0 2 -2 0 0 0 0];

internalField   nonuniform List<scalar> 
12920
(
1.8295e+06
1.64308e+06
1.31608e+06
1.25038e+06
1.03871e+06
967967
852498
786350
701418
639209
570489
511729
450475
393491
335350
279192
223032
167422
111787
54098.5
1.79289e+06
1.55195e+06
1.31307e+06
1.20962e+06
1.01606e+06
953922
839005
779681
696055
636957
568768
510607
449570
392830
335129
278891
222572
166946
110922
52969.3
1.43071e+06
1.42433e+06
1.2158e+06
1.15982e+06
990846
936761
824197
768567
688273
631045
564629
507889
447716
391808
334601
278463
221900
166177
109734
51804
1.10506e+06
1.2963e+06
1.17379e+06
1.10759e+06
970292
915660
811316
758289
680680
625255
560493
504805
445781
390379
333633
277533
221010
165238
108660
50844
1.48104e+06
1.24852e+06
1.0674e+06
1.03312e+06
929034
888009
796683
746227
673139
618151
555315
500410
442624
387863
331659
275871
219507
164035
107519
49973.8
850008
1.02433e+06
1.01103e+06
997948
911396
873457
787431
737134
667992
612360
551748
496875
440318
385840
329751
274020
218047
162813
106359
48445
941792
1.01363e+06
940324
946095
875727
850301
776024
726223
660965
606735
547699
493746
437689
383546
327454
271797
216411
161990
105555
47022.1
737073
949421
891295
917282
855541
832210
783871
729393
671164
615480
559122
504061
448838
393878
324145
269282
214806
160862
104537
46282.8
618273
878403
805186
870962
816233
815596
778586
729275
674064
619058
563791
508853
453969
398139
333664
266239
212826
159393
103444
45938.1
924122
956012
889539
906451
836802
816075
773183
723068
669892
615883
561655
506814
452188
396136
331680
263927
211101
157736
102601
46595.5
600257
970637
873328
920328
832072
817193
772550
720972
667566
613645
559595
505084
449881
393874
329639
262379
209699
156610
102153
47303.5
969739
1.02688e+06
951362
941507
861870
825976
776575
721827
667145
612809
558775
503342
446946
391085
328086
261090
208703
155815
101888
47399.5
1.21273e+06
1.12927e+06
1.00454e+06
961150
863764
821799
770439
716595
660777
606465
550510
494522
437796
381868
313505
260820
207920
155431
101490
46823.6
1.44209e+06
1.23157e+06
1.05744e+06
977426
885533
828690
761398
708025
648204
594701
536648
481638
424113
368724
313773
260724
207611
155243
101103
46210.7
1.08418e+06
1.13665e+06
995239
955361
870456
824149
758005
706221
647615
593991
536730
481689
424984
369972
314350
260708
207851
155382
101006
45677.9
1.07099e+06
1.13683e+06
1.03769e+06
967679
879635
825085
758950
707147
646654
594390
535952
482217
425147
371046
315536
261976
208208
155766
101363
45379.2
881634
1.02968e+06
938295
924641
861588
815230
753665
704011
645026
593139
535577
482067
425604
371748
316611
263161
209445
156836
101946
45610.7
1.00101e+06
1.04195e+06
960366
928940
855779
811080
750354
702207
643627
592749
535297
482479
426101
372569
317391
264087
210396
157642
102902
46752.5
958495
914045
873555
882362
837162
802548
746172
700200
642503
591693
534844
482071
426197
372984
318085
264832
211066
158203
103634
47294
975674
898014
893643
889402
836672
800410
744105
698689
641461
591476
534702
482229
426560
373521
318646
265338
211471
158495
104029
47545.2
1.85059e+06
1.67793e+06
1.31885e+06
1.25195e+06
1.03826e+06
968748
852744
786585
701195
639241
570369
511721
450439
393511
335306
279204
223043
167390
111628
53655.9
1.73399e+06
1.54557e+06
1.3065e+06
1.21274e+06
1.01721e+06
953423
838057
778972
695597
636820
568650
510601
449525
392856
335107
278947
222586
166906
110675
52432.6
1.37853e+06
1.41913e+06
1.21657e+06
1.16183e+06
993396
936479
824788
768558
688132
631029
564502
507908
447642
391894
334674
278540
221861
166089
109427
50920.3
1.16101e+06
1.2986e+06
1.17516e+06
1.10746e+06
970972
915206
811624
758159
680505
625210
560330
504875
445757
390473
333741
277627
220962
165125
108300
49918.3
1.42316e+06
1.24533e+06
1.06425e+06
1.03238e+06
929848
887883
796828
746112
672917
618066
555062
500410
442664
387958
331758
275933
219431
163927
107149
49093.6
905172
1.04239e+06
1.00384e+06
996172
911227
873547
787296
737087
667570
612152
551454
496754
440314
385948
329863
274041
217978
162699
105991
47779.8
1.00031e+06
1.01662e+06
935428
943747
874759
850189
775880
726082
660637
606587
547500
493807
437777
383569
327373
271799
216296
161854
105199
46450.9
795439
966882
894638
916613
854726
832205
783721
729321
671050
615378
558984
504056
448875
393853
324203
269312
214742
160775
104304
45639.9
779415
901003
804336
872363
816843
815364
779281
729219
674038
619070
563766
508974
454055
398102
333310
266357
212747
159242
103212
45252
843482
964701
887789
906922
837441
816569
773855
723067
669847
615745
561456
506899
452212
396036
331490
263996
211010
157608
102391
46097.4
676832
961387
874991
920810
832314
817869
773122
720965
667482
613506
559677
505065
449973
393882
329461
262382
209620
156540
101968
46858.6
1.01011e+06
1.03676e+06
955441
942394
862691
826768
777213
721942
667182
612860
558824
503229
446863
391067
327833
261067
208585
155762
101680
46808
1.24782e+06
1.1258e+06
1.00718e+06
961596
864299
822136
770579
716614
660887
606331
550387
494349
437712
381854
313286
260737
207841
155379
101267
46396.1
1.42022e+06
1.22994e+06
1.05678e+06
978813
885672
828844
761482
708031
648305
594641
536636
481531
423969
368580
313594
260531
207507
155169
100867
45778.6
1.17875e+06
1.14401e+06
1.00055e+06
955460
870646
824082
758114
706241
647660
593993
536739
481667
424946
369912
314229
260611
207710
155265
100776
45339
1.09582e+06
1.1469e+06
1.04031e+06
967595
879654
825078
759131
707170
646907
594400
535951
482188
425101
370991
315522
261951
208117
155640
101031
44970.8
1.01415e+06
1.0427e+06
943784
927660
861362
815397
753783
704005
645109
593128
535585
482043
425574
371714
316581
263132
209394
156746
101715
45138.1
1.12715e+06
1.05088e+06
963193
928110
856025
811064
750440
702222
643662
592712
535273
482453
426072
372549
317371
264060
210367
157628
102750
46157.1
890494
898539
876794
882004
837235
802636
746188
700030
642469
591749
534887
482062
426160
372988
318075
264806
211051
158200
103567
47042
861677
893919
893713
888630
835909
800007
744134
698720
641406
591486
534706
482279
426639
373565
318652
265345
211459
158481
103960
47400.2
1.83756e+06
1.66342e+06
1.31738e+06
1.25249e+06
1.03742e+06
969184
853095
786543
700698
639107
570280
511889
450496
393459
335347
279189
222915
167305
111331
52814.3
1.69427e+06
1.55733e+06
1.30353e+06
1.2151e+06
1.02051e+06
954074
837908
778295
695095
636511
568409
510767
449604
392962
335210
278984
222485
166789
110151
50846.5
1.2463e+06
1.42261e+06
1.213e+06
1.16606e+06
996646
937407
825898
768056
687865
630888
564194
507958
447501
392012
334915
278700
221736
165918
108803
48862.9
1.27798e+06
1.31313e+06
1.1791e+06
1.11086e+06
972947
914655
812453
757853
680366
625152
560003
504992
445670
390595
334003
277792
220855
164901
107580
47765.2
1.30662e+06
1.24117e+06
1.06072e+06
1.03195e+06
930934
887954
797299
745915
672733
617987
554621
500501
442786
388122
332057
276056
219335
163705
106437
46990.2
787081
1.05203e+06
995613
994197
911858
873690
787249
737088
667031
611856
550760
496655
440405
386208
330119
274159
217861
162507
105315
46012.5
994077
1.03554e+06
927314
941986
874184
850412
776125
725855
659931
605995
546884
493873
437912
383691
327450
271883
216139
161630
104540
44505
692352
953684
891889
915326
854426
832337
783760
729032
670732
614838
558545
503912
448829
393737
324316
269473
214628
160647
103866
43256.2
742069
924410
802992
872259
818667
815579
779698
729234
674052
619026
563644
508987
453959
397834
333289
266509
212583
159134
102801
43564.6
929786
991919
887673
909109
838844
817434
774572
723149
669937
615716
561367
506994
452215
396005
331537
264022
210825
157459
101943
44750.3
802831
997110
878457
922454
833852
819097
774077
721126
667564
611617
559493
505163
450139
393893
329403
262341
209522
156448
101545
45440.5
1.13873e+06
1.0615e+06
956946
941162
863524
827824
778159
722103
667285
613009
558658
502993
446852
391099
327569
260949
208448
155672
101210
45362.9
1.16536e+06
1.12145e+06
1.00816e+06
961232
865441
822787
771507
716763
661199
606076
550248
494166
437675
381693
312947
260583
207695
155274
100767
45061.2
1.41801e+06
1.23868e+06
1.06406e+06
979837
886549
829107
762040
708249
648446
594620
536620
481378
423828
368605
313269
260164
207302
155012
100391
44666
1.21101e+06
1.1434e+06
1.01193e+06
955537
871222
824065
758140
706277
647794
594065
536786
481664
424902
369833
314198
260528
207473
155056
100239
44083.6
1.31724e+06
1.17787e+06
1.05185e+06
967758
880099
825084
759344
707230
647269
594479
535992
482170
425070
370914
315498
261854
208023
155476
100452
43909.6
1.18823e+06
1.05457e+06
957452
928920
861375
815448
753946
704020
645271
593176
535635
482044
425563
371682
316547
263085
209335
156635
101265
44076.1
1.16754e+06
1.08056e+06
970407
928204
856303
811044
750567
702165
643755
592726
535309
482448
426061
372531
317356
264036
210304
157550
102271
45032.2
878814
894037
878338
879754
836670
802356
746142
699914
642470
591805
534935
482118
426308
373053
318105
264817
211040
158176
103211
46293.5
770567
884807
888150
884596
835076
799566
744021
698726
641428
591521
534733
482379
426752
373588
318610
265331
211436
158473
103839
47086.5
1.71418e+06
1.66382e+06
1.31338e+06
1.25046e+06
1.03719e+06
969176
853323
786501
700018
638922
570201
512006
450393
393366
335192
279083
222850
167268
111047
51348
1.76086e+06
1.55312e+06
1.30019e+06
1.21534e+06
1.02482e+06
954790
839270
777322
694695
636011
568230
510942
449615
392958
335212
279001
222368
166667
109532
47400.2
1.2886e+06
1.41203e+06
1.20843e+06
1.16629e+06
1.00121e+06
937807
828598
767239
687709
630539
563685
508040
447081
392067
335288
279042
221632
165754
107844
44896.8
1.43141e+06
1.32191e+06
1.17742e+06
1.11184e+06
973000
915293
815298
757382
680398
625020
559496
505102
445284
390738
334499
278160
220794
164654
106398
43773.5
1.29332e+06
1.23955e+06
1.05693e+06
1.03237e+06
931960
887851
798561
745559
672634
617873
553839
500518
442801
388346
332623
276366
219223
163466
105244
43023.8
686996
1.05637e+06
989138
992474
912768
872679
788690
737363
666562
611600
549752
496591
440516
386597
330525
274397
217734
162305
104310
42111.1
858195
1.01931e+06
925939
939902
873760
850214
776909
725317
659392
605599
546134
494070
438169
383714
327595
272042
216043
161402
103572
40545.8
770048
959422
902414
915503
854709
832362
784345
729457
670308
614100
557862
503611
448782
393565
324672
269781
214558
160442
103121
39138.4
846823
947840
806125
873575
820218
815608
780080
729369
674126
618989
563444
508910
453851
397731
333509
266852
212378
159038
102138
39581.3
894097
1.00524e+06
885965
910700
839977
818047
774906
723330
670164
615870
561327
507003
452213
396121
331967
264123
210688
157308
101232
41314.6
989481
1.01212e+06
883256
922927
835536
819912
774545
721376
667898
613455
559849
505192
450066
393875
329643
262426
209488
156327
100805
42106.6
1.21492e+06
1.08339e+06
960405
940624
864306
828478
778826
722428
667642
613202
558426
502905
446947
391126
327444
260928
208279
155459
100446
42213.4
1.10571e+06
1.12779e+06
1.01139e+06
962250
867051
823061
772869
716898
661735
605801
550271
494041
437801
381556
312644
260226
207500
155174
100117
42090.6
1.40898e+06
1.22532e+06
1.06615e+06
980955
887090
829509
762591
708369
648527
594511
536574
481267
423834
368697
313079
259915
207073
154860
99686.6
41703.3
1.16938e+06
1.14392e+06
1.01953e+06
954963
872434
824045
757880
706280
647912
594092
536863
481665
424922
369819
314258
260533
207201
154786
99416.5
41223.4
1.36964e+06
1.18356e+06
1.05929e+06
967058
880530
825113
759573
707285
647571
594530
536151
482193
425088
370862
315464
261778
208006
155406
99504.2
40974.9
1.11564e+06
1.06501e+06
966184
929274
861842
815538
754148
704065
645479
593201
535733
482056
425566
371645
316471
263025
209274
156536
100558
41549.5
1.20382e+06
1.05642e+06
976802
927119
856645
810944
750625
702087
643871
592753
535393
482465
426066
372468
317304
264005
210230
157462
101564
42552.3
884820
884390
882683
880648
837043
802261
746148
699770
642541
591933
535247
482462
426489
373116
318107
264803
211012
158168
102898
44699
829293
884723
889966
882195
834689
799121
743757
698682
641492
591640
534923
482500
426825
373580
318598
265305
211408
158482
103736
46591.6
1.82492e+06
1.67248e+06
1.32124e+06
1.24995e+06
1.03836e+06
968643
853839
786348
699264
638572
569880
511986
450233
393294
335110
279017
222760
167239
110916
49769
1.61512e+06
1.54743e+06
1.29697e+06
1.21615e+06
1.02642e+06
957328
840198
777971
695554
635552
568725
511244
449085
392781
335204
279043
222246
166609
109125
42535
1.15841e+06
1.42296e+06
1.19989e+06
1.16654e+06
1.00288e+06
940214
829024
768148
689649
630393
563112
508294
446227
391979
336006
279701
221491
165701
106885
39504.5
1.41809e+06
1.32672e+06
1.17871e+06
1.11399e+06
973814
915785
816518
757410
682537
625023
558975
505236
444504
390914
335345
278819
220758
164497
105356
38553.5
1.2406e+06
1.22759e+06
1.05599e+06
1.03278e+06
932164
887930
801061
745518
674158
618027
552716
500536
442831
388735
333667
276871
218962
163307
104145
37764.5
686682
1.06426e+06
987814
992478
912518
872475
790657
736998
668440
611915
548936
496654
440646
387243
331042
274748
217704
162293
103189
36638.4
854498
1.02116e+06
918601
936844
873924
848080
777308
725153
660963
606213
545501
494734
438611
383593
327833
272466
216124
161178
102358
35612.7
746327
968949
897556
914625
854847
831659
785011
730172
670336
614874
557366
503228
448948
393834
324541
270404
214553
160100
102123
34978.8
854507
948225
808747
872005
821188
815902
780566
729574
674252
618901
563198
508736
453795
397923
334297
267493
212248
159032
101472
35185.3
946705
1.02127e+06
885297
913239
840626
818256
775087
723584
670441
616009
561417
507082
452337
396281
332713
264044
210444
157181
100545
37108.6
995598
1.02094e+06
887338
921226
837929
820776
774630
721625
668285
614122
559807
505182
449956
393867
330378
261943
208871
156119
99786.4
37900.8
1.04816e+06
1.07632e+06
958356
939194
864634
828404
779101
722818
668040
613396
558434
502996
447104
391167
327909
260990
208121
155376
99771.3
38202.4
1.12441e+06
1.13124e+06
1.01078e+06
964921
868187
823240
773952
717248
662320
605834
550687
494135
438198
381877
312739
260199
207420
155113
99710.6
38309.7
1.40268e+06
1.22453e+06
1.06743e+06
981621
887902
830062
763059
708349
648595
594514
536553
481437
424008
368940
313205
259929
207014
154846
99111
37948.9
1.22171e+06
1.1428e+06
1.02362e+06
955125
873255
824297
758023
706168
648042
594028
536961
481720
425021
369922
314414
260624
207158
154764
98617.4
37621.2
1.27864e+06
1.19008e+06
1.0644e+06
966662
880886
825138
759727
707226
647747
594556
536487
482312
425188
370958
315499
261808
208136
155472
98666.8
37512
1.18387e+06
1.07365e+06
973190
929673
862442
815552
754257
704172
645672
593174
535838
482057
425619
371634
316486
262993
209250
156517
99838.9
38110.5
1.0171e+06
1.04833e+06
978136
926182
856797
810831
750634
702021
644026
592789
535486
482463
426086
372382
317187
263966
210171
157490
101227
39361.4
837460
878964
885857
880653
837210
801860
746188
699729
642721
592099
535461
482605
426517
373049
318035
264765
210969
158191
102817
42884.9
765855
870405
884281
879336
834206
798912
743804
698672
641613
591707
535043
482608
426854
373582
318563
265268
211383
158491
103696
46135.8
574957
611763
573021
615817
574926
611901
572965
520586
559419
520395
561327
520600
559374
520293
573100
613010
572505
611818
573391
613196
572432
520219
558882
517400
559730
520211
558717
517263
743184
772765
737020
779189
743310
773145
736964
688720
724377
684452
729237
688697
724285
684354
633560
670874
630155
674019
633601
670798
630101
578324
616617
575973
619042
578212
616556
575796
523207
562226
520926
563729
523240
562065
520966
468401
507316
466442
508899
468405
507357
466473
412795
452684
410780
454005
412666
452701
410748
355838
396617
353907
398104
355604
396557
353557
735860
772118
733922
773712
735875
772514
733956
683382
721075
681387
723058
683316
721064
681313
629409
667985
627510
669848
629300
667893
627368
575294
613987
573501
615764
575158
613867
573438
520404
560010
519111
561496
520455
559931
519128
465922
505450
464328
506868
465950
505477
464363
410249
450552
408651
452207
410230
450608
408641
353213
394449
351480
396072
352861
394416
351256
734006
774574
734730
772971
734005
775009
734849
681007
721371
680560
720951
680952
721432
680595
627089
666993
626403
667488
626985
667007
626407
573187
612874
572283
613550
573166
612883
572390
518790
558871
517878
559659
518788
558965
517818
463688
503841
461664
505075
463711
503774
461603
408012
447639
405677
449917
407975
447585
405682
350867
391687
349546
393868
350730
391674
349387
735436
777124
737792
777059
735563
777324
737834
680791
722834
682058
721913
680802
722850
682043
626480
667109
627748
667164
626482
667075
627719
572233
613043
572422
612847
572326
613008
572393
517446
557549
516792
558821
517406
557508
516714
461062
501796
460254
503277
461002
501693
460185
405039
445169
404011
446884
405024
445146
404035
349187
389389
348891
391068
348996
389396
348665
743322
773242
736956
779740
743442
773903
736981
688705
724263
684337
729213
688653
724247
684357
633626
670796
630096
674020
633579
670848
630122
578221
616550
575723
618996
578027
616514
575609
523298
562038
521004
563635
523248
561969
521069
468446
507388
466480
508957
468298
507459
466472
412629
452700
410729
453946
412301
452666
410666
355688
396527
353535
397887
355493
396462
353338
735888
772655
733988
774516
735967
773336
734135
683314
721078
681308
723120
683356
721182
681370
629280
667881
627333
669899
629283
667915
627232
575096
613824
573401
615719
574972
613423
573077
520490
559866
519122
561381
520568
559460
519624
465964
505477
464388
506976
465987
505585
464536
410210
450638
408623
452213
410146
450770
408656
352847
394429
351253
395996
352699
394437
351117
734033
775081
734889
773996
734176
775803
735012
680953
721459
680624
721072
681024
721547
680757
626971
667020
626411
667524
626945
667108
626491
573206
612886
572436
613083
573444
612962
572515
518762
558992
517757
559813
519216
558935
517507
463729
503718
461573
505203
463900
503493
461513
407995
447565
405690
450106
408079
447552
405748
350732
391679
349377
393893
350590
391724
349195
735608
777302
737805
778025
735752
778074
737995
680830
722833
682053
722044
680956
722952
682188
626475
667073
627681
667232
626552
667173
627671
572359
612973
572361
612961
572391
612895
572254
517359
557461
516644
558720
517126
557325
516500
460976
501632
460160
503045
460911
501508
460153
405023
445144
404027
446846
405077
445208
404029
348966
389391
348634
391090
348728
389342
348337
743462
773939
737004
780121
743584
774292
737100
688664
724257
684384
729314
688634
724356
684517
633601
670882
630138
674074
633575
671029
630231
578027
616516
575587
618940
577799
616583
575551
523272
561949
521082
563464
523186
561911
521106
468284
507472
466460
508911
468035
507486
466457
412289
452658
410639
453857
412308
452649
410665
355600
396468
353413
397717
355675
396537
353517
736002
773434
734193
774970
736122
773921
734372
683389
721234
681412
723276
683550
721420
681581
629296
667946
627098
670102
629421
668144
627279
601282
602115
614889
615731
601325
602112
614880
547142
547764
560758
561343
547203
547750
560669
465988
505555
464589
507004
466002
505535
464536
410132
450783
408660
452204
410179
450724
408623
352777
394433
351183
396078
352883
394433
351263
734235
775865
735066
774643
734420
776393
735270
681062
721599
680819
721315
681250
721816
681076
626881
667175
626549
667798
627075
667463
626787
599676
599655
612884
611769
599598
599522
612906
545897
545794
559236
559825
545606
546029
559539
463949
503431
461516
505169
463927
503353
461590
408078
447567
405772
450106
408024
447677
405832
350644
391740
349214
393880
350674
391764
349105
735817
778107
738042
778794
736060
779051
738392
681009
722988
682242
722336
681246
723213
682482
626607
667212
627656
667544
626810
667482
627714
572368
612855
572195
613156
572254
612781
572074
517055
557261
516442
558469
516929
557165
516386
460907
501471
460139
502909
460950
501439
460155
405098
445226
404034
446918
405163
445306
404041
348736
389329
348394
391118
348561
389262
347830
743615
774192
737142
780544
743658
774433
737304
688666
724410
684570
729467
688708
724603
684736
633630
671081
630279
674176
633722
671264
630415
577778
616615
575551
618850
577603
616702
575574
523196
561911
521116
563233
523201
561938
521180
467999
507490
466474
508778
467961
507530
466567
412351
452656
410703
453810
412479
452754
410896
355895
396577
353707
397867
356409
396719
353925
736167
773844
734429
775172
736324
774039
734581
683610
721489
681657
723518
683796
721673
681910
629487
668239
627589
670374
629644
668519
627910
574931
613726
573054
615979
574988
614318
573459
520605
559409
519579
561389
520664
559822
519236
466013
505563
464496
507044
466098
505571
464444
410214
450684
408609
452306
410377
450606
408598
353068
394439
351435
396258
353293
394480
351727
734478
776380
735346
774797
734633
776629
735597
681337
721902
681178
721561
681610
722183
681475
627372
667571
626878
668196
627654
667884
627123
573534
613267
572417
614054
573432
613465
572457
519206
558684
517266
559780
518856
558701
517341
463899
503364
461628
505163
463853
503456
461750
408003
447709
405851
449980
407963
447809
405889
350813
391771
349190
393878
351038
391796
349227
736150
779050
738478
779192
736431
780002
738805
681339
723271
682545
722720
681643
723495
682840
626881
667563
627726
667947
627086
667969
627839
572225
612739
572036
613342
572225
612677
572095
516920
557141
516382
558409
516970
557235
516481
460982
501437
460177
502965
461098
501424
460339
405199
445342
404060
447073
405258
445444
404169
348623
389267
347877
391158
348583
389329
347866
743656
774337
737365
780509
743234
774663
737466
688773
724671
684795
729538
688376
724800
684878
633828
671326
630453
674212
633440
671417
630487
577625
616728
575580
618913
577129
616758
575554
523247
561954
521210
563107
522807
561936
521214
467986
507558
466600
508663
467628
507566
466591
412409
452789
410920
453854
411954
452789
410842
356564
396731
354101
398146
356362
396651
354023
736386
773892
734619
775473
736509
774063
734590
683862
721729
681991
723728
683969
721850
682146
629686
668601
627984
670547
629727
668749
628112
575015
614389
573554
616026
575004
614526
573696
520706
559926
519269
561404
520744
560074
519290
466129
505605
464443
507106
466119
505615
464356
410419
450588
408588
452342
410397
450495
408533
353497
394481
352061
396258
353377
394452
352395
734681
776489
735684
774693
734803
776449
735917
681699
722276
681562
721785
681866
722500
681693
627713
667969
627195
668441
627827
668059
627391
573450
613531
572491
614248
573541
613754
572637
518887
558730
517373
559895
518839
558824
517391
463848
503489
461772
505151
463743
503470
461653
407942
447826
405888
449849
407888
447717
405880
351400
391802
349500
393844
351810
391835
349856
736523
780047
738829
779167
736726
780853
739002
681732
723556
682896
723044
681890
724376
683270
627150
668048
627825
668143
627310
668509
627915
572252
612676
572152
613588
572380
613066
572405
517000
557272
516522
558523
517029
557679
516631
461124
501428
460419
503002
461091
501764
460604
405266
445474
404258
447043
405279
445804
404316
348884
389338
348227
391203
349315
389602
348243
587658
588535
574292
574932
587761
588513
574198
600331
613884
599622
611811
600549
613775
598978
587056
573881
586340
572909
587231
573744
585890
601318
615765
602181
615024
602135
614919
601423
587655
574923
588538
574241
588518
574179
587759
600400
611792
614057
599711
613800
599132
600732
587026
572983
573918
586352
573680
586051
587312
533566
534177
520136
520603
533614
534175
520166
546748
560366
545988
559353
546837
560246
546145
533340
519910
532835
520676
533327
520117
533168
547110
561326
547739
560682
547737
560640
547131
533532
520605
534169
520112
534168
520157
533551
546668
559436
560375
545926
560174
546140
546826
533248
520762
519902
532746
520112
533021
533278
586516
586582
572777
573489
586233
586944
573095
599721
613049
599529
613070
599655
613127
599571
586231
572684
586017
572493
586183
572711
586036
599824
611745
599922
613068
599821
612952
599812
586574
573439
586862
572841
586870
573123
586358
599791
613133
613267
599648
613199
599613
599827
586257
572466
572676
586040
572705
586042
586260
532389
532548
518458
520342
531998
533127
518628
545407
559111
545183
558833
545431
559106
545116
531635
517814
531327
517340
531662
517771
531256
545875
559727
545951
559214
545954
559529
545553
532335
520452
532581
518458
532887
518663
531954
545354
558776
559010
544978
559067
545046
545285
531577
517296
517689
531114
517738
531185
531506
761987
778537
753441
783808
762084
778397
753544
701340
725957
697797
729366
701309
725952
697723
645247
669757
641771
671085
645212
669724
641778
588677
614441
586280
615364
588538
614408
586222
533125
558501
530907
559027
533052
558525
530943
477885
503641
476083
503998
477810
503692
476109
422641
448576
420748
448791
422516
448638
420727
367094
392970
364904
393842
366976
392918
364693
794825
812337
786717
815521
794806
812505
786709
764254
768404
777703
778620
768425
777689
764241
714170
716438
727694
729280
716440
727680
714207
659355
661105
673170
674045
661112
673162
659371
604628
605998
618381
619055
605985
618369
604651
549558
550685
563413
563767
550673
563412
549548
494804
495832
508483
508851
495827
508492
494798
439838
440766
453687
453975
440758
453706
439834
383404
384494
397740
398126
384405
397735
383446
307498
332813
305755
333364
307478
332662
305668
789574
818175
788550
816291
789946
818256
788773
759592
760911
772893
773258
760962
772944
759538
708925
710006
722010
723058
709986
722004
708932
655576
656376
669048
669868
656362
669028
655599
601496
602298
615100
615845
602283
615072
601503
547334
547843
561046
561604
547830
561021
547371
492738
493205
506333
506827
493213
506354
492726
437783
438284
451675
452193
438287
451682
437777
381253
381866
395567
396127
381845
395556
381289
304475
330300
303691
331584
304393
330239
303592
790017
819311
790761
817459
790185
819476
791005
759658
759764
773388
772537
759805
773321
759634
707642
707734
720996
720954
707712
720981
707664
653729
654076
667282
667532
654032
667254
653780
599923
600244
613283
613609
600237
613273
599933
545824
546124
559137
559609
546127
559168
545803
490767
491275
504686
505088
491277
504684
490770
435181
435958
449112
449891
435984
449117
435169
378842
379553
393063
393832
379555
393073
378861
302695
328654
302169
329571
302612
328562
302073
797850
831814
799645
826435
798142
832137
799900
763173
762855
777458
776644
762899
777524
763135
708508
708097
722314
721844
708109
722339
708492
653783
653551
667334
667141
653562
667335
653775
599385
599259
613014
612828
599276
613017
599391
544831
545258
558438
558791
545264
558457
544818
488769
489264
502868
503334
489250
502850
488785
432358
432972
446348
446928
432953
446325
432384
376639
377186
390460
391077
377180
390446
376629
301686
326640
302586
327977
301589
326501
302486
745759
769313
746308
770509
745804
769422
746319
689591
716286
690035
716569
689573
716267
690056
634231
660331
635416
660800
634228
660395
635499
579010
605708
579702
606421
578972
605685
579709
522975
549797
523857
550466
522932
549800
523868
466721
493864
467646
494443
466681
493840
467620
409721
437459
410976
437755
409697
437432
410925
354971
381267
355412
381860
354938
381295
355327
762280
778123
753647
783820
762508
778243
753845
701282
725905
697619
729084
701056
725848
697486
645229
669691
641778
670827
645065
669638
641764
588484
614339
586099
614989
588078
614226
585944
533041
558500
530929
558672
532814
558439
530899
477805
503713
476084
503851
477454
503710
476037
422450
448653
420660
448769
422178
448687
420588
367152
392798
364827
393691
366949
392696
364698
794776
812692
786962
815572
794848
813031
787190
764659
768681
778121
779532
764531
768821
778407
713995
716394
727595
729211
714039
716370
727567
659366
661211
673136
674017
659356
661219
673136
604479
605948
618358
619027
604525
605857
618344
549548
550729
563347
563695
549559
550679
563324
494869
495908
508558
508948
494857
495866
508581
439758
440734
453741
453999
439793
440636
453734
383242
384227
397686
398020
383266
384177
397643
307792
332546
305778
333237
307740
332501
305677
790340
818330
789097
817176
790699
818768
789406
760008
761215
773426
774139
759883
761317
773677
708985
709958
722065
723081
708962
709958
722098
655538
656337
669009
669855
655534
656344
669019
601425
602210
614969
615734
601455
602181
614953
547228
547781
560880
561424
547253
547777
560837
492832
493280
506418
506927
492801
493304
506448
437815
438292
451713
452214
437803
438293
451722
381114
381717
395467
396002
381131
381701
395457
304505
330136
303690
331468
304376
330101
303563
790491
819746
791359
818741
790930
820444
791708
760082
760057
773731
773485
759935
760195
774061
707633
707703
720977
720991
707616
707720
720997
653667
653964
667202
667488
653663
653965
667207
599772
600202
613214
613460
599811
600229
613169
545755
546077
559303
559689
545805
546020
559308
490692
491282
504612
505062
490715
491293
504579
435273
436083
449150
450035
435246
436112
449191
378858
379522
393107
393888
378842
379522
393124
302668
328424
302115
329404
302508
328310
301930
798552
832235
800195
827536
799055
832700
800748
763593
763165
777968
777524
763447
763295
778233
708572
708160
722411
721965
708537
708197
722433
653800
653612
667344
667196
653788
653622
667349
599426
599348
613013
612883
599407
599381
613024
544769
545207
558489
558809
544807
545153
558474
488642
489156
502749
503170
488680
489112
502703
432300
432910
446243
446850
432306
432910
446224
376562
377139
390423
391072
376585
377128
390425
301571
326362
302504
327687
301345
326154
302184
746014
769450
746431
771380
746372
770288
746908
689607
716398
690151
716701
689666
716555
690359
634285
660386
635598
661021
634343
660594
635832
578910
605664
579676
606210
578831
605603
579661
522836
549744
523847
550315
522745
549750
523872
466636
493767
467554
494253
466591
493684
467515
409738
437372
410861
437676
409769
437347
410842
354937
381310
355317
381787
354531
381278
355136
762852
778105
754039
784220
762960
778569
754272
700964
725770
697331
729003
700661
725707
697135
645083
669597
641762
670420
644977
669562
641779
587876
614058
585754
614296
587366
613895
585502
532755
558340
530849
558141
532541
558210
530789
477392
503693
475921
503706
476988
503663
475789
422106
448736
420520
448761
422065
448746
420488
367272
392654
364881
393692
367239
392718
364768
794816
812998
787151
815910
794665
813148
786965
765005
769063
778589
779904
764921
769191
778762
713916
716317
727539
729251
713915
716304
727555
659450
661310
673178
674041
659426
661310
673203
604362
605785
618302
618968
604392
605679
618300
549483
550666
563251
563560
549503
550603
563225
494848
495844
508618
508946
494863
495782
508619
439607
440459
453691
453898
439634
440372
453677
383337
384185
397552
397764
383280
384200
397546
308173
332552
305969
333388
308141
332693
305946
790854
818903
789576
818005
790936
819317
789598
760382
761554
774099
774795
760299
761626
774311
709140
710005
722221
723185
709092
710038
722271
655658
656423
669113
669984
655614
656467
669166
506547
507007
506577
492936
493360
492920
493368
437812
438282
451751
452213
437810
438277
451744
381121
381701
395458
396020
381102
381719
395469
304621
330135
303761
331698
304569
330259
303672
791197
820686
791872
819882
791325
821296
791986
760543
760555
774583
774387
760434
760660
774912
707794
707843
721120
721188
707749
707897
721175
653848
654051
667305
667627
653774
654121
667379
504529
505224
504574
490714
491370
490682
491439
435322
436150
449287
450153
435309
436135
449298
378917
379547
393173
393889
378908
379557
393180
302647
328230
302049
329479
302486
328185
301846
799409
832768
801066
828446
799740
833045
801457
764157
763669
778782
778445
764008
763802
779058
708800
708371
722580
722172
708730
708436
722655
653988
653716
667444
667361
653919
653791
667510
599492
613061
599523
599477
613096
599473
613125
544921
558594
544844
544521
558340
544585
558281
502954
488514
488989
502573
488539
488963
502546
432388
433007
446224
446865
432353
433043
446240
376503
377119
390442
391106
376517
377116
390446
301397
326085
302330
327472
301096
325923
301984
746788
770511
747579
772641
747419
771710
748611
689751
716760
690526
716851
689851
716865
690743
634449
660684
636070
661446
634584
661004
636436
578733
605513
579597
605934
578641
605358
579575
522697
549688
523891
550232
522709
549715
523977
466558
493593
467469
494093
466543
493474
467463
409804
437318
410844
437710
409821
437328
410868
354365
381148
355345
381594
353861
380996
355239
762797
778655
754287
784834
761998
779311
754030
700658
725758
696975
729633
701006
726048
697090
645219
669595
641848
670190
645265
669702
641911
587096
613784
585182
614065
586661
613770
584846
532504
558079
530742
557468
532431
557971
530722
476940
503643
475669
503327
476881
503630
475537
422239
448782
420545
448816
422375
448920
420605
367643
392813
365076
393583
367652
392916
364972
794261
812444
786543
816126
794023
812744
786232
765220
769473
778557
780307
765163
769625
778654
714037
716363
727675
729397
713994
716388
727735
659593
661433
673316
674128
659547
661457
673365
604308
605633
618338
618913
604314
605564
618358
549413
550544
563157
563360
549428
550498
563138
494775
495700
508613
508863
494794
495649
508612
439619
440399
453664
453832
439599
440438
453674
383501
384355
397600
397762
383481
384464
397654
308680
332955
306423
333779
308673
333248
306360
790793
819218
789357
818579
790722
819638
789148
760557
761768
774382
775072
760518
761821
774533
709382
710185
722439
723389
709316
710247
722501
655961
656647
669364
670230
655876
656721
669443
602208
615134
601492
601542
615911
602225
615200
547744
560655
547122
547144
561338
547756
560688
506516
492884
493352
507009
492891
493350
506503
437850
438328
451738
452234
437832
438358
451748
381321
381860
395549
396169
381257
381925
395591
305012
330491
304006
332314
304990
330850
303963
791205
820992
791870
820679
791113
821571
791790
760716
760833
775041
774745
760689
760877
775205
708041
708072
721361
721438
707968
708136
721430
654282
654417
667665
668000
654164
654529
667773
600639
613406
600005
600096
613863
600626
613588
546050
559216
545547
545560
559771
546020
559231
504550
490812
491424
505107
490791
491411
504537
435337
436075
449299
450027
435338
436054
449297
378952
379614
393169
393872
378944
379635
393162
302760
328221
302101
329918
302651
328295
301924
799879
832848
801573
828999
800014
833123
801914
764620
764126
779462
779020
764511
764229
779675
709130
708673
722928
722524
709041
708764
723030
654328
654073
667768
667742
654240
654171
667864
599579
599466
613197
613247
599466
599598
613222
544671
544359
558134
558403
544372
544652
558113
488499
488945
502515
502915
488486
488963
502525
432468
433115
446325
446987
432444
433126
446369
376462
377103
390495
391144
376460
377105
390521
301270
325957
302277
327525
300958
325890
301977
747992
772006
749273
773929
748338
772867
749368
689908
717006
690924
717054
689994
717252
691238
634770
661242
636655
662088
634889
661575
636648
578527
605267
579560
605762
578510
605353
579697
522776
549726
524108
550491
522842
549961
524218
466551
493272
467492
494056
466605
493265
467581
409885
437362
410992
437981
409963
437500
411146
353981
380820
355582
381642
353881
380663
355507
761645
779433
753724
784493
760995
779347
753238
701302
726260
697657
730286
701586
726512
697749
645567
669909
641903
670472
645185
669970
641881
586308
613856
584539
614841
586089
614159
584264
532441
557900
530735
557305
532306
557827
530726
476815
503612
475432
503064
476508
503563
475357
422453
449132
420669
449199
422398
449153
420567
367802
392989
365101
394134
367360
393139
364806
793779
812184
786237
816772
793845
812716
786667
765443
769990
778403
780755
765366
769926
778573
714202
716568
727936
729613
714175
716537
727995
659724
661689
673556
674187
659727
661599
673628
604310
605676
618465
618845
604310
605611
618550
549371
550515
563113
563144
549387
550447
563118
494691
495623
508631
508695
494720
495539
508639
439685
440627
453748
453811
439694
440608
453747
383392
384636
397823
398069
383512
384589
397864
308967
333607
306727
334879
308499
333845
306598
790563
819180
788847
818748
790475
819723
788752
760685
762009
774463
775373
760638
762115
774725
709633
710434
722693
723650
709573
710496
722754
656231
656922
669672
670499
656179
656969
669737
601705
602306
615335
616030
601678
602324
615361
547354
547844
560864
561434
547311
547866
560908
492960
493425
506577
507101
492952
493438
506594
437888
438445
451798
452350
437897
438451
451800
381462
382024
395699
396279
381469
382006
395698
305489
331340
304322
333017
305666
331746
304179
791013
821219
791752
821307
791247
821853
791699
760619
760938
774911
774820
760661
760966
774983
708369
708344
721651
721690
708288
708416
721726
654648
654806
668068
668367
654573
654880
668154
600332
600610
613850
614175
600276
600636
613907
545744
546161
559363
559839
545697
546204
559420
490846
491444
504618
505177
490861
491441
504597
435272
435993
449273
449922
435303
435959
449242
379029
379723
393159
393860
379013
379736
393151
303013
328572
302203
330709
302806
328877
301983
800009
832064
801800
828820
800039
832585
802366
764891
764494
779818
779297
764824
764616
780010
709476
709046
723342
722919
709396
709134
723450
654645
654445
668178
668113
654586
654513
668254
599551
599698
613327
613455
599510
599753
613377
544412
544702
558162
558468
544389
544730
558198
488612
489067
502611
503014
488584
489084
502638
432603
433205
446523
447114
432571
433215
446563
376507
377134
390560
391176
376471
377161
390597
301362
326287
302584
328236
301211
326611
302381
748311
772851
749050
774193
748328
773019
748596
690251
717402
691468
717534
690644
717829
691858
634777
661797
636439
662355
634791
662075
636387
578714
605446
579828
605967
579001
605634
580060
522871
550229
524089
550779
522929
550567
524072
466716
493478
467672
494280
466893
493749
467801
410104
437734
411222
438340
410213
438048
411272
354468
380797
355931
382042
354461
381095
355759
753228
755458
740411
743228
755455
740403
753217
762722
773546
760787
772788
773582
760824
762645
751183
738717
749305
736994
738705
749309
751172
764322
778833
768621
778071
768491
777759
764444
753249
743256
755494
740373
755459
740388
753271
762852
772873
774167
760981
773757
760877
762989
751204
736976
738658
749354
738682
749323
751225
700731
701826
686927
688708
701802
686893
700774
712724
725940
711266
724339
725913
711223
712769
699293
685733
697945
684414
685697
697905
699334
714130
729258
716414
727627
716434
727656
714088
700692
688719
701740
686822
701790
686859
700656
712678
724311
725855
711154
725884
711187
712638
699253
684386
685604
697839
685659
697874
699213
645733
646518
631980
633575
646518
631978
645742
658354
672077
657271
670837
672025
657253
658402
644688
631031
643686
630131
631028
643677
644700
659351
674046
661164
673139
661152
673156
659347
645738
633608
646549
631976
646551
631978
645742
658324
670812
671944
657240
671983
657244
658308
644684
630116
631019
643667
631027
643672
644676
590993
591365
577271
578298
591329
577234
591032
603841
617460
603078
616588
617447
603061
603849
590311
576612
589573
575946
576588
589569
590321
604607
619072
605929
618358
605986
618364
604571
590962
578299
591249
577114
591342
577182
590896
603836
616573
617426
603027
617441
603056
603801
590278
575875
576451
589485
576524
589543
590204
535866
536204
522161
523206
536197
522178
535847
548905
562777
548366
562158
562754
548342
548908
535238
521525
534616
520932
521535
534623
535223
549562
563795
550683
563370
550720
563392
549564
535889
523270
536222
522196
536260
522188
535901
548920
562103
562707
548337
562726
548327
548934
535267
520945
521564
534655
521551
534632
535284
481178
481429
467486
468398
481423
467499
481164
494238
507923
493707
507323
507927
493715
494235
480670
466947
480120
466449
466957
480128
480663
494821
508923
495853
508533
495885
508510
494839
481200
468450
481450
467520
481484
467511
481222
494258
507335
507960
493756
507943
493732
494281
480685
466463
466978
480157
466970
480142
480701
425910
426146
411882
412762
426143
411863
425906
439342
453243
438813
452689
453255
438816
439339
425422
411324
424850
410774
411316
424849
425425
439834
454038
440709
453736
440798
453724
439814
425907
412760
426125
411791
426172
411833
425901
439339
452696
453264
438810
453262
438814
439329
425412
410760
411278
424828
411299
424839
425396
369244
369950
354824
355760
369898
354725
369304
382972
397246
382386
396606
397230
382367
382994
368790
354370
368065
353725
354270
368001
368839
383351
398155
384218
397718
384318
397732
383300
369165
355752
369723
354562
369840
354685
369079
382941
396588
397182
382279
397211
382324
382898
368721
353698
354074
367869
354218
367923
368646
747488
748573
734803
735857
748588
734802
747467
759898
772580
758967
772185
772623
759018
759865
747232
734306
746643
733921
734312
746664
747215
759661
773435
761129
773302
761021
773048
759783
747531
735868
748648
734852
748613
734826
747588
759965
772298
772984
759209
772752
759100
760065
747270
733935
734367
746766
734338
746708
747320
695758
696789
682432
683353
696766
682415
695768
708317
721421
707952
721062
721421
707930
708322
695142
681825
694752
681353
681804
694723
695156
708931
723057
709966
722039
709975
722018
708944
695756
683332
696727
682408
696748
682408
695759
708321
721060
721458
707912
721439
707917
708329
695136
681329
681784
694690
681791
694702
695135
642179
642891
628753
629366
642869
628685
642220
654971
668445
654500
667945
668417
654459
655003
641551
628090
641014
627462
628039
640971
641589
655558
669855
656340
669009
656352
669017
655541
642135
629335
642829
628568
642850
628627
642088
654944
667916
668383
654396
668398
654425
654919
641510
627416
627929
640891
627988
640931
641462
588071
588816
574593
575258
588805
574579
588084
600937
614475
600501
613948
614444
600478
600962
587507
574045
587023
573474
574029
587004
587518
601492
615799
602236
614995
602264
615040
601476
588054
575220
588744
574516
588786
574554
588022
600914
613912
614366
600408
614414
600454
600889
587494
573460
574002
586919
574022
586970
587469
533626
534100
519921
520414
534105
519949
533626
546913
560555
546465
559996
560531
546453
546946
533216
519522
532787
519123
519538
532787
533213
547306
561540
547794
560928
547801
560977
547281
533628
520431
534127
519993
534112
519969
533634
546875
559971
560469
546358
560507
546414
546845
533208
519131
519561
532731
519548
532769
533202
479144
479632
465419
465928
479637
465428
479136
492268
505895
491765
505466
505915
491772
492259
478647
464896
478092
464336
464909
478098
478641
492752
506843
493255
506393
493227
506371
492774
479154
465938
479666
465455
479649
465439
479171
492280
505474
505948
491793
505931
491781
492297
478655
464347
464941
478121
464922
478107
478670
423833
424352
409724
410243
424350
409724
423834
437257
451150
436656
450564
451159
436670
437249
423332
409215
422738
408646
409226
422759
423327
437787
452199
438292
451702
438289
451690
437795
423832
410238
424339
409707
424343
409719
423841
437268
450587
451190
436729
451172
436690
437286
423346
408642
409209
422781
409215
422774
423357
366844
367703
352614
353059
367616
352531
366934
380688
395091
380116
394432
395063
380093
380740
366456
351994
365746
351398
351847
365698
366499
381181
396100
381744
395502
381808
395533
381149
366793
353022
367492
352350
367543
352499
366733
380668
394408
394995
380071
395028
380084
380658
366407
351369
351706
365610
351819
365650
366354
747011
747028
734086
733991
747022
734076
747005
760755
773456
760868
774627
773507
760916
760683
747730
734452
747926
734749
734458
747959
747710
759720
772670
759953
773641
759857
773398
759833
747048
733990
747068
734101
747032
734081
747113
760836
774714
773989
761140
773667
760995
760958
747767
734799
734500
748137
734472
748037
747827
694235
694435
680761
680980
694411
680738
694261
707656
721151
707766
721383
721149
707758
707673
694141
680621
694148
680557
680600
694136
694166
707623
720947
707695
720969
707698
720971
707612
694218
680961
694388
680714
694394
680719
694212
707641
721412
721149
707777
721147
707763
707633
694128
680573
680599
694162
680592
694141
694132
640205
640582
626730
627042
640530
626701
640260
653537
667108
653458
666993
667084
653446
653575
640007
626524
639924
626402
626508
639915
640040
653692
667505
653974
667208
653996
667226
653670
640174
627010
640468
626668
640495
626685
640155
653522
667001
667062
653464
667068
653460
653514
639997
626409
626499
639924
626505
639924
639989
586398
586827
572715
573159
586793
572690
586453
599648
613045
599409
612879
613040
599408
599657
586132
572480
585918
572308
572476
585904
586156
599907
613592
600206
613251
600231
613278
599858
586337
573152
586744
572696
586765
572683
586292
599636
612885
613031
599405
613042
599409
599608
586106
572348
572522
585890
572497
585892
586076
532274
532534
518513
518807
532534
518522
532267
545626
558990
545466
558894
559002
545488
545600
532054
518225
531768
517881
518228
531782
532040
545835
559630
546116
559272
546130
559221
545834
532265
518803
532501
518483
532524
518508
532239
545651
558921
559093
545496
559036
545496
545668
532046
517857
518174
531737
518209
531766
532025
476893
477516
462991
463692
477517
462991
476897
490272
504293
489770
503835
504287
489759
490279
476290
462310
475694
461651
462304
475681
476298
490756
505084
491278
504644
491278
504669
490738
476886
463700
477525
462985
477521
462989
476873
490254
503812
504229
489700
504265
489736
490225
476274
461631
462275
475627
462293
475659
476248
421261
422066
407182
408002
422092
407192
421225
434391
448367
433651
447626
448362
433638
434390
420433
406396
419651
405677
406402
419644
420428
435204
449902
436061
449126
436021
449121
435230
421272
407986
422117
407204
422100
407184
421285
434396
447608
448347
433612
448356
433625
434395
420441
405678
406431
419645
406409
419643
420443
364552
365399
350452
350829
365347
350407
364585
378256
392388
377653
391678
392388
377641
378268
364202
349922
363535
349494
349885
363504
364222
378828
393845
379527
393096
379542
393087
378829
364530
350824
365286
350311
365311
350399
364519
378247
391674
392395
377624
392388
377630
378246
364180
349478
349780
363453
349869
363477
364162
749726
749157
736009
735459
749186
736035
749690
764298
777968
765037
776996
778022
765015
764264
750533
736768
750753
737761
736770
750715
750525
763239
776770
763074
777863
762953
777597
763359
749789
735515
749315
736133
749244
736088
749863
764377
777075
778351
765251
778089
765057
764536
750577
737772
736850
750803
736807
750713
750665
694688
694397
681060
680790
694397
681058
694690
709006
722773
709586
722806
722779
709547
709018
695137
681559
695044
682027
681553
695006
695158
708512
721883
708136
722390
708124
722371
708520
694693
680793
694408
681078
694399
681064
694718
709005
722819
722796
709550
722797
709538
709008
695135
682025
681553
695004
681551
695004
695139
640204
639973
626734
626492
639989
626738
640197
654030
667555
654671
667099
667547
654662
654041
640333
627013
640187
627733
627005
640188
640324
653789
667156
653598
667348
653588
667343
653789
640200
626491
640005
626704
640004
626725
640193
654033
667081
667544
654699
667540
654660
654042
640334
627713
626995
640189
626998
640171
640341
585684
585742
572117
572262
585748
572134
585678
599606
613059
599986
613039
613063
599997
599599
585706
572219
585319
572425
572224
585327
585693
599384
612840
599321
613010
599299
613010
599394
585703
572291
585786
572183
585762
572157
585726
599590
613020
613055
599968
613055
599980
599589
585708
572401
572220
585281
572224
585305
585716
530905
531385
517008
517449
531395
516997
530902
544579
558225
544635
557545
558232
544631
544569
530495
516747
529841
516779
516726
529833
530494
544834
558804
545242
558489
545256
558475
544829
530899
517435
531360
516943
531386
516977
530881
544574
557518
558230
544625
558235
544624
544559
530481
516736
516649
529801
516687
529808
530463
474537
475100
460506
461046
475085
460492
474546
488438
502431
488490
501771
502408
488474
488453
474087
460189
473452
460235
460163
473439
474093
488745
503311
489196
502790
489227
502823
488715
474523
461026
475041
460450
475066
460474
474503
488407
501725
502341
488400
502378
488427
488371
474071
460195
460101
473386
460132
473403
474053
418287
418946
404443
405033
418931
404434
418312
431870
445815
431951
445158
445803
431954
431909
417860
404046
417263
404012
404043
417274
417885
432330
446907
432919
446271
432934
446299
432314
418274
405029
418925
404435
418925
404444
418275
431832
445137
445791
431932
445796
431937
431800
417829
404024
404034
417246
404045
417267
417802
362537
363221
348771
349138
363195
348729
362553
376367
390061
376286
389403
390033
376321
376371
362439
348570
361778
348828
348517
361786
362458
376630
391074
377151
390424
377167
390435
376607
362514
349100
363134
348585
363166
348688
362480
376353
389399
389969
376462
390000
376406
376325
362415
348779
348355
361742
348470
361774
362371
753314
755512
740352
743375
753285
755586
740339
763242
774411
761061
773544
763106
774882
761182
751280
738634
749388
736955
751251
738617
749436
764747
779544
769017
778660
768890
778424
764854
753343
743391
755724
740330
755632
740330
753384
763339
773639
775416
761367
775065
761266
763442
751313
736963
738604
749542
738606
749485
751351
700578
701717
686789
688679
700617
701668
686760
712550
725824
711123
724249
712594
725799
711102
699120
685558
697812
684331
699167
685528
697794
713956
729209
716324
727537
716347
727547
713929
700549
688680
701602
686733
701647
686742
700531
712505
724243
725767
711085
725780
711087
712473
699086
684339
685519
697797
685518
697790
699074
645776
646590
631982
633602
645757
646585
631984
658310
671927
657243
670805
658305
671926
657253
644691
631020
643669
630098
644680
631025
643679
659382
674036
661264
673158
661259
673146
659402
645798
633617
646616
631980
646625
631986
645818
658325
670823
671954
657299
671936
657272
658346
644714
630106
631045
643726
631036
643698
644736
590783
591281
577056
578125
590833
591172
577007
603705
617418
602991
616537
603759
617411
602946
590056
576388
589398
575670
590126
576337
589327
604443
619051
605764
618311
605872
618326
604414
590750
578128
591083
576923
591199
576965
590721
602876
603663
616524
617391
617398
602905
603639
589249
590016
575635
576265
576298
589279
589988
535910
536280
522201
523260
535907
536237
522206
548936
562694
548336
562014
548940
562675
548336
535297
521580
534670
521030
535293
521594
534680
549536
563713
550648
563276
550705
563301
549519
535915
523295
536232
522211
536277
522210
535915
548320
548931
561990
562637
562657
548329
548922
534689
535301
521051
521621
521609
534686
535304
481252
481507
467520
468380
481242
481462
467511
494331
507988
493780
507417
494310
508013
493803
480728
466984
480171
466482
480719
466980
480181
494874
508992
495834
508610
495889
508599
494871
481256
468387
481426
467468
481485
467496
481248
494347
507440
508051
493834
508035
493821
494355
480732
466479
466955
480188
466972
480187
480728
425877
426151
411739
412494
425891
426093
411684
439293
453260
438800
452691
439315
453246
438787
425355
411261
424814
410703
425377
411236
424800
439717
454032
440509
453703
440616
453723
439671
425862
412394
426037
411591
426089
411634
425841
439273
452679
453206
438765
453228
438775
439254
425333
410683
411193
424764
411210
424781
425306
368972
369664
354581
355593
369014
369574
354452
382828
397151
382232
396492
382855
397126
382206
368584
354076
367815
353410
368603
353961
367775
383240
397970
384152
397569
384178
397606
383250
368969
355607
369540
354358
369562
354440
368992
382835
396465
397090
382194
397098
382196
382857
368570
353414
353896
367730
353972
367740
368580
747712
748685
734887
735907
747644
748728
734927
760270
773118
759318
772912
760156
773362
759451
747444
734402
746838
734030
747377
734442
746923
760108
774257
761487
774040
761399
773796
760219
747783
735934
748840
735019
748780
734971
747861
760365
773059
773737
759692
773489
759566
760469
747513
734079
734537
747103
734487
747011
747587
695787
696716
682415
683318
695770
696714
682431
708365
721483
707917
721104
708344
721514
707932
695157
681786
694689
681316
695142
681798
694699
709014
723097
709981
722176
709965
722135
709050
695813
683332
696745
682491
696725
682456
695848
708394
721138
721595
707995
721552
707958
708431
695182
681336
681856
694757
681821
694721
695218
642043
642818
628527
629272
642056
642819
628505
654900
668378
654379
667881
654904
668384
654373
641403
627886
640864
627307
641425
627854
640851
655554
669872
656387
669070
656361
669039
655580
628492
642045
629274
642853
642831
628497
642059
654909
667893
668430
654393
668400
654378
654926
627803
641397
627286
640851
627834
640849
641398
587923
588689
574468
575039
587979
588630
574414
600825
614331
600362
613782
600862
614295
600326
587398
573971
586867
573341
587438
573937
586816
602129
614933
601360
601393
615726
602151
614945
588552
574317
587806
587865
574998
588585
574360
614154
600134
600683
600775
613784
614260
600307
573873
586516
587278
587345
573236
573902
586723
533628
534145
520018
520520
533633
534156
520044
546781
560418
546284
559760
546812
560373
546174
533201
519578
532668
519110
533200
519605
532574
547767
560770
547199
547207
561398
547770
560797
534172
520114
533622
533625
520546
534165
520079
560336
545915
546771
546765
559624
560347
546046
519835
532417
533259
533220
519167
519676
532484
479214
479682
465471
465979
479191
479696
465489
492358
505970
491811
505480
492322
506002
491839
478726
464965
478142
464438
478692
464996
478174
506518
492865
506954
493346
493327
506483
492896
479237
465985
479717
465524
479709
465507
479256
506147
492408
505511
491934
506061
491882
492465
478767
464482
465055
478262
465028
478214
478806
423832
424337
409696
410194
423841
424328
409685
437333
451210
436768
450687
437312
451234
436792
423354
409204
422794
408627
423354
409176
422810
437822
452213
438292
451744
438295
451732
437816
423823
410178
424303
409638
424314
409653
423812
437341
450738
451286
436834
451263
436813
437343
423351
408643
409166
422790
409164
422803
423334
366633
367444
352328
352744
366671
367401
352220
380628
394990
380056
394438
380647
394992
380042
366285
351703
365578
351161
366313
351608
365561
381103
395995
381695
395455
381696
395455
381095
366609
352763
367370
352173
367375
352236
366605
380614
394440
394990
380038
394993
380038
380608
366265
351179
351566
365544
351628
365546
366262
747273
747128
734130
734073
747185
747204
734170
761234
774153
761242
775406
761059
774578
761388
747981
734531
748223
734928
747895
734570
748316
760196
773644
760452
774549
760317
774188
760338
747364
734121
747384
734268
747292
734216
747464
761350
775508
775108
761628
774716
761493
761495
748066
734967
734659
748504
734612
748409
748162
694240
694392
680717
680967
694217
694408
680733
707661
721157
707801
721482
707638
721172
707837
694193
680615
694199
680660
694153
680641
694249
707666
721027
707793
721071
707750
721030
707706
694280
680993
694480
680792
694438
680759
694319
707703
721508
721239
707947
721199
707887
707750
694247
680707
680718
694390
680673
694317
694299
640151
640451
626655
626968
640148
640447
626651
653523
667064
653478
667040
653515
667072
653492
640001
626489
639932
626423
639990
626496
639945
653684
667503
654005
667250
653978
667219
653720
626639
640164
626973
640470
640456
626641
640187
653543
667067
667130
653550
667089
653511
653583
626532
640022
626449
640006
626509
639968
640050
586276
586755
572733
573252
586279
586791
572770
599580
613019
599411
612899
599590
613004
599432
586103
572566
585912
572480
586078
572627
585943
600351
613023
599702
599742
613379
600282
613112
587021
572790
586272
586279
573266
586832
572789
613012
599495
599623
599594
612925
612999
599462
572688
586000
586168
586139
572509
572671
585975
532127
532457
518447
518737
532189
532389
518413
545627
559148
545470
558999
545660
559178
545420
531915
518121
531680
517683
531979
518055
531606
546058
559259
545643
545693
559662
545935
559286
532494
518435
532038
532067
518724
532275
518400
559152
545265
545503
545571
558979
559177
545348
517907
531420
531754
531838
517598
517983
531516
476850
477535
462982
463758
476859
477552
462989
490131
504178
489652
503638
490184
504119
489597
476178
462256
475588
461545
476212
462244
475547
504546
490677
505079
491354
491313
504555
490672
476850
463822
477622
463083
477579
463040
476870
503985
490085
503564
489495
504055
489543
490048
476153
461523
462244
475481
462241
475510
476140
421292
422134
407240
408030
421279
422132
407276
434409
448342
433606
447551
434399
448338
433607
420468
406456
419650
405703
420449
406471
419660
435287
450072
436162
449251
436149
449216
435296
421326
408063
422156
407318
422139
407301
421359
434416
447547
448358
433657
448342
433629
434434
420494
405724
406514
419700
406490
419677
420522
364506
365264
350314
350644
364508
365251
350232
378268
392407
377627
391690
378256
392424
377630
364137
349773
363428
349287
364146
349683
363415
378878
393891
379536
393160
379529
393143
378893
364502
350658
365241
350179
365241
350246
364504
378286
391706
392467
377645
392445
377638
378301
364128
349282
349605
363377
349685
363392
364125
750041
749379
736180
735651
749945
749457
736223
764838
778372
765293
777598
764645
778669
765520
750839
736888
750802
737870
750726
736942
750957
763722
777709
763550
778666
763408
778379
763880
750135
735694
749636
736330
749540
736270
750241
764998
777728
779116
765963
778808
765689
765197
750944
737892
737072
751248
736998
751045
751072
694824
694446
681105
680866
694767
694504
681133
709039
722808
709544
722870
709015
722834
709565
695176
681550
694995
682091
695152
681559
695006
708615
721997
708310
722518
708249
722467
708667
694880
680913
694648
681205
694576
681166
694940
709070
722889
722919
709620
722867
709583
709123
695207
682125
681603
695041
681576
695016
695255
640189
640005
626690
626482
640182
640011
626688
654088
667537
654711
667099
654056
667553
654772
640367
626986
640182
627685
640347
626993
640214
653825
667207
653661
667396
653631
667364
653864
640211
626510
640070
626729
640031
626702
640249
654124
667118
667600
654897
667567
654810
654176
640393
627659
627020
640285
627001
640227
640434
585774
585817
572203
572387
585751
585852
572213
599576
613061
599938
612955
599581
613068
599910
585708
572207
585237
572337
585714
572184
585198
599457
599445
612918
613068
599419
613043
599462
585906
585789
572398
572187
585884
572208
585792
599564
612915
613093
599825
613082
599866
599550
585689
572289
572105
585088
572149
585141
585661
530800
531312
516894
517297
530847
531247
516840
544488
558211
544588
557428
544529
558180
544568
530391
516596
529746
516607
530431
516543
529720
545003
544716
558773
558397
545083
558442
544653
531082
530740
517207
516718
531167
516779
530675
544438
557367
558082
544491
558134
544518
544381
530340
516538
516428
529619
516484
529645
530277
474456
475011
460424
460948
474480
474977
460395
488285
502298
488343
501593
488327
502253
488307
474011
460070
473351
460164
474031
460040
473336
488603
503106
489024
502610
489066
502655
488568
474431
460924
474912
460344
474943
460366
474407
488244
501539
502168
488229
502208
488256
488209
473994
460151
459990
473305
460013
473311
473982
418322
418939
404428
405038
418297
418950
404430
431786
445780
431901
445166
431785
445769
431892
417804
404013
417205
404029
417793
403995
417184
432298
446845
432969
446215
432932
446215
432318
418336
405057
418986
404463
418965
404446
418351
431790
445180
445752
431888
445760
431877
431791
417824
404027
403981
417183
403981
417175
417844
362398
363100
348554
348857
362438
363073
348441
376261
389936
376469
389376
376296
389920
376439
362266
348312
361696
348497
362322
348179
361626
376545
391080
377119
390436
377124
390430
376529
362354
348834
363028
348306
363047
348417
362314
376228
389364
389902
376285
389909
376384
376193
362206
348477
347993
361441
348132
361551
362141
753478
755789
740338
743510
753425
755891
740355
763584
775461
761434
774157
763511
775714
761512
751437
738606
749600
737032
751393
738614
749662
765061
779898
769408
778759
769267
778632
765127
753533
743538
756070
740408
755970
740378
753596
763629
774099
775851
761617
775658
761557
763682
751483
737063
738655
749780
738630
749721
751533
700533
701599
686733
688638
700527
701561
686741
712464
725763
711094
724279
712459
725776
711115
699100
685532
697820
684420
699081
685553
697851
713931
729288
716320
727625
716316
727584
713958
700550
688653
701535
686780
701566
686758
700576
712486
724312
725846
711194
725804
711150
712521
699132
684465
685620
697942
685584
697892
699175
645861
646665
631976
633565
645841
646657
631978
658406
671981
657333
670924
658374
672015
657374
630159
644790
631049
643755
644762
631059
643789
659476
674078
661366
673272
661358
673236
659508
645886
633597
646700
632010
646704
631990
645919
658442
670975
672105
657467
672058
657419
658478
630189
644822
631107
643876
631078
643828
644862
590665
591109
576886
577922
590696
590992
576846
602864
616529
602861
603623
617393
603631
617403
589228
575566
589211
589951
576238
589970
576213
604340
619002
605603
618319
605696
618307
604321
590639
577904
590870
576774
590990
576810
590612
616553
602890
602871
603622
617447
617423
603621
575555
589212
589206
589942
576178
576193
589935
535913
536261
522209
523223
535916
536210
522205
548311
561929
548300
548904
562620
548914
562602
534691
521093
534691
535310
521632
535308
521639
549464
563548
550543
563178
550603
563201
549445
535909
523230
536166
522193
536217
522199
535903
561916
548295
548294
548897
562580
562589
548891
521100
534695
534691
535312
521648
521644
535315
481220
481430
467434
468177
481237
481364
467388
507481
494357
508064
493842
494359
508072
493845
480708
466933
480184
466449
480720
466906
480177
494832
508954
495713
508615
495774
508618
494812
481205
468136
481285
467306
481353
467341
481188
507485
494352
508079
493841
508077
493844
494344
480697
466449
466885
480159
466889
480167
480686
425792
426036
411567
412267
425815
426001
411555
439221
453186
438755
452655
439238
453171
438746
425279
411180
424757
410629
425286
411157
424756
439593
453892
440363
453662
440372
453667
439590
425785
412289
425971
411556
425992
411549
425796
439212
452650
453159
438760
453163
438746
439213
425287
410639
411161
424754
411148
424752
425301
369082
369569
354440
355563
369032
369586
354410
382928
397100
382210
396482
382896
397115
382230
368653
353971
367741
353387
368608
353941
367772
383411
397727
384264
397564
384217
397548
383455
369138
355667
369655
354537
369611
354524
369208
382968
396505
397164
382310
397135
382266
383009
368712
353505
354069
367877
354059
367817
368786
748008
748901
735069
736039
747934
748962
735120
760624
773805
759784
773677
760545
774016
759880
747729
734588
747192
734253
747657
734642
747279
760434
774769
761734
774469
761673
774285
760492
748077
736079
749082
735222
749020
735170
748147
760676
773722
774209
760000
774026
759940
760734
747794
734313
734748
747435
734695
747359
747859
695944
696774
682536
683434
695891
696814
682592
708526
721644
708041
721291
708475
721697
708097
695322
681903
694804
681460
695264
681961
694859
709193
723228
710129
722380
710080
722324
709252
696006
683489
696921
682724
696863
682656
696073
708584
721353
721813
708222
721754
708158
708648
695384
681516
682083
694979
682021
694918
695451
628481
629321
628492
642115
642881
642080
642919
654994
668468
654421
667993
654952
668514
654474
627724
627055
627688
641437
640858
641405
640903
655715
670042
656578
669290
656518
669225
655790
629361
628633
628538
642173
643029
642967
642253
655061
668059
668646
654644
668572
654547
655151
627070
627903
627733
641501
641088
640973
641606
479278
479721
465534
465989
479270
479719
465543
506203
505662
506279
492535
491974
492507
492026
478847
465082
478310
464608
478833
465098
478354
507010
506538
506573
492931
493359
493367
492909
479276
465993
479713
465539
479716
465547
479264
505679
506170
506262
492517
491964
492021
492472
478840
464581
465057
478306
465084
478349
478815
423769
424293
409638
410138
423790
424275
409644
437342
451289
436837
450780
437347
451282
436807
423296
409169
422782
408654
423309
409171
422774
437818
452207
438304
451733
438285
451735
437824
423761
410154
424272
409672
424263
409655
423769
437322
450759
451253
436735
451269
436768
437296
423291
408640
409178
422736
409175
422758
423286
366648
367383
352251
352755
366618
367415
352232
380630
394990
380046
394431
380614
394992
380058
366300
351637
365552
351156
366272
351613
365573
381155
396044
381800
395513
381754
395487
381199
366693
352871
367533
352370
367465
352351
366753
380659
394430
395017
380103
395001
380078
380696
366344
351257
351733
365646
351722
365603
366405
747656
747479
734324
734297
747559
747568
734385
761712
775197
761729
776128
761599
775519
761842
748353
734709
748599
735129
748253
734762
748691
760603
774386
760806
775132
760732
774881
760668
747745
734359
747733
734507
747653
734445
747831
761790
776181
775834
762012
775588
761924
761868
748436
735197
734879
748876
734819
748786
748518
694402
694524
680837
681109
694358
694568
680896
707857
721291
708006
721663
707800
721352
708074
694401
680777
694453
680894
694347
680847
694514
707844
721252
708011
721295
707953
721233
707902
694460
681172
694686
681052
694622
680969
694529
707923
721736
721490
708227
721419
708148
707995
694468
680980
681016
694673
680927
694588
694546
626635
626970
626688
640283
640487
640220
640556
653721
667194
653614
667263
653642
667275
653698
626576
626621
626651
640175
640065
640101
640142
653940
667706
654302
667561
654204
667465
654046
626997
626880
626755
640381
640746
640639
640495
653819
667359
667468
653904
667368
653797
653931
626702
626832
626735
640269
640331
640233
640379
476950
477687
463114
463968
476912
477758
463143
503933
503390
503913
490020
489459
490024
489437
476150
462259
475463
461532
476138
462286
475460
505255
504557
504603
490738
491414
491449
490753
476968
463954
477724
463169
477758
463162
476979
503364
503881
503898
490026
489432
489428
490043
476170
461557
462350
475498
462318
475474
476192
421390
422170
407326
408066
421382
422166
407328
434494
448382
433689
447605
434462
448409
433723
420570
406537
419728
405794
420549
406554
419758
435331
450139
436096
449297
436117
449298
435335
421386
408047
422123
407311
422148
407322
421377
434521
447642
448464
433795
448437
433759
434544
420586
405814
406573
419823
406566
419791
420598
364514
365247
350226
350605
364507
365263
350181
378325
392485
377652
391753
378316
392498
377655
364124
349635
363362
349137
364122
349568
363350
378927
393885
379590
393177
379573
393181
378934
364524
350688
365328
350229
365289
350252
364542
378335
391761
392506
377652
392505
377656
378340
364128
349170
349561
363330
349613
363338
364139
750460
749731
736399
735892
750345
749833
736478
765547
779179
766100
778479
765353
779489
766377
751334
737151
751376
738165
751195
737246
751598
764280
778550
764031
779417
763912
779164
764412
750573
735973
750038
736659
749934
736565
750691
765713
778619
779905
766839
779611
766567
765887
751468
738252
737454
751979
737346
751754
751607
695075
694713
681251
681078
695005
694776
681312
709244
722979
709648
723062
709176
723056
709701
695356
681648
695065
682323
695302
681701
695108
708874
722250
708586
722831
708507
722739
708956
695146
681158
694921
681466
694843
681385
695224
709310
723128
723233
709817
723139
709748
709390
695412
682389
681840
695182
681770
695136
695472
626671
640363
640125
626767
640300
640196
626810
654308
667642
654952
667300
654233
667706
655062
640538
627042
640319
627682
640481
627072
640396
654067
667449
653974
667676
653878
667589
654152
626739
640432
640363
626905
640276
626857
640507
654384
667365
667859
655263
667776
655135
654473
640600
627681
627138
640536
627102
640447
640667
585917
572335
585917
585763
572152
585782
572110
599505
613104
599768
612840
599527
613113
599719
585579
572054
585019
572156
585623
572001
584956
613110
599562
599546
599475
613174
613151
599470
572295
585890
585906
585735
572020
572064
585707
599474
612800
613123
599616
613118
599658
599449
585531
572100
571906
584832
571951
584886
585484
530996
517000
530920
530544
516661
530600
516615
544272
558021
544436
557226
544325
557965
544412
530188
516377
529566
516419
530229
516336
529549
558528
544711
544773
544462
558172
558223
544410
516957
530797
530846
530500
516557
516580
530467
544216
557177
557864
544371
557908
544368
544184
530156
516388
516285
529525
516304
529523
530134
474366
474886
460338
460912
474384
474871
460346
488162
502135
488197
501456
488181
502112
488189
473958
459972
473295
460141
473970
459961
473301
502926
488495
488940
502517
488947
502527
488485
474356
460926
474885
460381
474871
460361
474358
488150
501441
502097
488188
502099
488181
488147
473949
460140
459976
473313
459963
473305
473945
418407
419013
404478
405120
418375
419044
404492
431814
445748
431897
445250
431798
445752
431919
417885
403995
417198
404036
417864
404022
417214
432414
446890
433098
446289
433074
446261
432431
418446
405141
419114
404550
419079
404515
418485
431838
445275
445788
431985
445764
431946
431873
417907
404042
404096
417265
404058
417240
417924
362237
363012
348314
348638
362274
362996
348213
376120
389908
376173
389297
376161
389919
376005
362012
347985
361350
348228
362080
347849
361228
376491
391112
377106
390467
377114
390450
376467
362204
348655
362969
348135
362983
348234
362177
376070
389290
389964
375852
389940
375923
376033
361938
348172
347680
361067
347837
361172
361882
753728
756146
740440
743646
753658
756222
740476
763766
775755
761644
774357
763714
775908
761691
751645
738686
749836
737191
751584
738725
749900
765263
780346
769870
778592
769744
778497
765320
753802
743675
756314
740533
756283
740508
753886
763815
774274
775986
761771
775837
761720
763890
751712
737244
738816
750044
738768
749966
751791
700656
701556
686809
688660
700612
701534
686843
712620
725901
711247
724470
712567
725965
711307
699284
685662
698000
684622
699229
685703
698059
714084
729458
716487
727867
716465
727799
714132
700714
688713
701567
686917
701578
686881
700787
712675
724535
726105
711432
726033
711369
712729
699346
684677
685799
698180
685750
698118
699412
646010
646759
632037
633626
645962
646760
632066
658571
672155
657521
671137
658521
672211
657583
644968
631142
643933
630327
644912
631180
643993
659642
674184
661577
673485
661548
673422
659690
646067
633713
646804
632128
646818
632099
646131
658627
671200
672339
657710
672274
657648
658683
645028
630372
631254
644109
631218
644052
645090
590571
590850
576742
577685
590592
590726
576713
602904
603632
617476
616645
603627
617505
602915
589218
589931
576166
575554
589933
576156
589225
604309
618941
605582
618408
605611
618382
604308
590559
577665
590554
576669
590686
576689
590551
603641
616674
617567
602945
617536
602930
603647
589935
575561
576150
589235
576152
589228
589940
535900
536164
522190
523172
535901
536114
522189
548301
548889
562574
561915
548889
562572
548311
534705
535333
521654
521132
535322
521663
534720
549403
563324
550489
563114
550505
563123
549394
535904
523193
536042
522203
536098
522195
535913
548894
561925
562581
548345
562575
548327
548900
535350
521153
521698
534766
521679
534741
535372
481160
481257
467285
467948
481174
481172
467275
494335
508084
493839
507498
494339
508092
493842
480681
466888
480160
466498
480680
466897
480171
494758
508840
495618
508620
495639
508614
494742
481156
467942
481026
467286
481111
467276
481157
494335
507511
508122
493868
508104
493849
494338
480701
466530
466945
480231
466917
480198
480726
425848
425970
411582
412404
425819
425973
411623
439250
453162
438787
452677
439226
453178
438821
425368
411193
424780
410755
425325
411243
424828
439649
453819
440592
453729
440501
453696
439682
425885
412447
425956
411669
425963
411662
425938
439284
452709
453255
438900
453209
438860
439322
425419
410824
411359
424955
411305
424897
425471
369377
369705
354745
355999
369290
369754
354804
383098
397203
382366
396624
383056
397250
382421
368964
354265
367950
353737
368872
354302
368026
383540
397799
384641
397782
384542
397720
383549
369468
356342
369859
355086
369756
355072
369537
383121
396675
397325
382498
397296
382474
383110
369054
353947
354529
368148
354532
368100
369113
748277
749142
735272
736215
748210
749208
735322
760791
774104
760020
774009
760747
774268
760046
747978
734798
747503
734484
747917
734848
747570
760577
775016
761938
774584
761868
774447
760614
748342
736266
749355
735427
749276
735373
748415
760817
773885
774348
760048
774185
760037
760865
748035
734534
734945
747687
734897
747630
748095
696207
696983
682790
683669
696141
697047
682857
708778
721875
708288
721554
708713
721939
708353
695581
682152
695044
681740
695517
682225
695115
709448
723452
710373
722629
710310
722564
709512
696273
683731
697172
682998
697109
682927
696338
708842
721615
722062
708481
722002
708417
708903
695647
681825
682378
695264
682301
695188
695715
628739
642425
643100
629546
642343
643169
628819
655351
668733
654756
668336
655253
668823
654864
628102
641829
641233
627748
641728
628221
641350
656041
670302
656861
669601
656793
669524
656114
642495
629597
643290
628936
643232
628881
642557
655439
668430
668994
655047
668911
654961
655518
641910
627840
628373
641515
628303
641439
641979
588558
574228
587804
587871
574944
588564
574276
614425
600363
600905
601031
614170
614604
600628
573816
586585
587331
587435
573221
573880
586810
601591
615946
602279
615294
602250
615248
601636
587940
574958
588621
574403
588591
574338
588003
601108
614237
614766
600716
614694
600661
601169
587517
573349
574002
587052
573941
586944
587583
534177
520104
533564
533601
520618
534194
520102
560251
545846
546681
546715
559572
560297
545994
519797
532369
533202
533197
519149
519676
532465
547193
561361
547811
560807
547779
560745
547254
533645
520638
534249
520164
534217
520127
533701
546767
559702
560404
546250
560347
546127
546828
533226
519156
519710
532701
519672
532579
533279
479262
479711
465533
466031
479255
479724
465538
506108
492427
491930
505500
492437
506053
491909
478784
465032
478265
464466
478798
465019
478237
492906
507021
493395
506549
493361
506522
492929
479277
466060
479781
465584
479749
465556
479298
492428
505518
506081
491921
506056
491908
492442
478782
464449
465033
478221
465020
478223
478786
423819
424299
409698
410258
423788
424344
409732
437282
451237
436708
450648
437282
451226
436689
423289
409183
422716
408599
423285
409193
422700
437872
452266
438425
451780
438391
451761
437890
423863
410314
424470
409819
424404
409773
423910
437294
450623
451224
436665
451222
436676
437299
423304
408597
409234
422681
409212
422691
423319
366906
367616
352561
353095
366827
367706
352600
380801
395040
380138
394449
380746
395069
380176
366570
351914
365704
351464
366482
351945
365770
381387
396216
382016
395677
381984
395637
381438
366988
353312
367851
352844
367796
352833
367053
380862
394464
395130
380265
395101
380222
380911
366666
351690
352213
365928
352182
365845
366755
747976
747808
734565
734534
747905
747878
734621
761965
775832
762069
776545
761915
776012
762132
748669
734943
748968
735427
748593
735012
749058
760709
774649
760928
775172
760896
775079
760705
748037
734585
748004
734727
747943
734675
748097
761992
776510
776100
762214
775971
762171
762025
748738
735510
735157
749243
735083
749150
748808
694690
694759
681143
681427
694607
694837
681238
708155
721566
708312
721994
708072
721647
708402
694720
681112
694766
681281
694631
681211
694863
708119
721499
708272
721576
708202
721501
708202
694777
681519
695001
681429
694919
681334
694865
708242
722089
721823
708585
721733
708494
708331
694811
681381
681404
695049
681309
694957
694901
627090
640765
640895
627508
640642
641019
627217
654162
667575
654015
667681
654050
667684
654122
626950
640609
640435
626966
640500
627055
640535
654390
668100
654723
667978
654631
667878
654490
640865
627593
641201
627384
641120
627308
640948
654270
667787
667891
654320
667792
654224
654367
640706
627047
627224
640714
627145
640629
640791
587116
572871
586445
586502
573449
587048
572901
613369
599690
599890
599943
613336
613463
599734
572684
586050
586296
586331
572418
572702
586070
600161
613977
600594
613780
600602
613698
600218
586552
573433
587024
572988
587030
572940
586603
599991
613401
613614
599828
613543
599779
600041
586364
572432
572755
586131
572725
586096
586402
532414
518361
531924
531917
518722
532371
518274
558998
544945
545273
545283
558675
559003
544939
517719
531095
531508
531525
517287
517745
531113
545595
559767
546112
559308
546063
559264
545643
531938
518777
532489
518298
532430
518267
531976
545302
558682
559042
544969
559019
544949
545328
531544
517312
517803
531150
517772
531131
531568
477005
477699
463171
463873
476992
477680
463174
503910
490127
489453
503390
490082
503950
489487
476263
462383
475529
461671
476224
462416
475565
490829
505119
491427
504601
491412
504563
490847
477022
463858
477674
463191
477672
463181
477041
490171
503421
504020
489572
503986
489529
490210
476305
461714
462476
475643
462448
475605
476343
421361
422097
407298
407984
421368
422074
407290
434585
448492
433824
447741
434567
448519
433846
420620
406577
419852
405873
420610
406584
419875
435331
450000
436016
449288
436034
449293
435322
421348
407972
422029
407273
422054
407286
421328
434596
447778
448551
433881
448539
433861
434602
420622
405889
406579
419888
406589
419887
420614
364597
365378
350355
350817
364567
365439
350351
378353
392506
377648
391784
378346
392505
377648
364175
349655
363328
349125
364154
349608
363329
378971
393873
379693
393173
379663
393167
378997
364635
351017
365579
350514
365508
350521
364696
378369
391800
392514
377690
392511
377672
378389
364207
349259
349721
363407
349745
363361
364256
750921
750139
736755
736243
750805
750245
736854
766157
779919
766892
779488
766011
780209
767128
751863
737559
752123
738615
751730
737669
752326
764699
779031
764411
779904
764314
779699
764782
751029
736337
750453
737046
750348
736951
751136
766268
779616
780545
767379
780279
767197
766410
751992
738694
737876
752558
737776
752431
752111
695388
695006
681552
681439
695303
695098
681642
709556
723327
709871
723350
709468
723426
709964
695594
681919
695204
682644
695531
681998
695254
709220
722621
708953
723238
708858
723133
709311
695473
681543
695291
681825
695193
681733
695559
709642
723407
723629
710188
723526
710045
709733
695658
682707
682171
695348
682082
695273
695727
640660
640452
626952
626952
640583
640540
627001
654653
667943
655346
667704
654559
668037
655487
640803
627174
640594
627771
640735
627213
640679
654413
667842
654356
668069
654266
667962
654496
640735
627020
640705
627097
640625
627049
640809
654739
667794
668237
655723
668129
655570
654835
640872
627795
627290
640776
627251
640722
640941
585878
585670
571985
572211
585683
585876
571964
599413
613125
599570
612720
599425
613131
599558
585414
571873
584773
572036
585444
571855
584736
599471
613293
599656
613286
599623
613251
599486
585668
572211
585903
571966
585883
571957
585682
599410
612682
613159
599601
613140
599555
599421
585398
572035
571862
584684
571851
584692
585400
530772
530449
516547
516925
530450
530768
516550
544167
557828
544364
557161
544167
557811
544401
530133
516280
529521
516406
530127
516289
529538
544360
558399
544678
558129
544663
558109
544372
530463
516943
530799
516585
530778
516563
530489
544183
557184
557844
544540
557818
544446
544212
530154
516434
516331
529569
516309
529550
530189
474397
474907
460406
461022
474372
474935
460434
488167
502103
488197
501433
488152
502114
488215
473965
460000
473316
460215
473950
460035
473314
488523
502936
489031
502575
488993
502545
488552
474432
461063
474998
460494
474965
460463
474479
488192
501432
502152
488292
502131
488249
488223
473992
460272
460140
473301
460084
473311
474031
418524
419145
404585
405233
418513
419164
404608
431973
445824
432044
445379
431919
445871
432118
417967
404127
417315
404069
417941
404133
417364
432506
447032
433180
446473
433148
446420
432542
418539
405251
419185
404618
419168
404608
418575
432030
445422
445994
432348
445928
432230
432094
418017
404117
404170
417472
404147
417433
418087
362172
362955
348188
348481
362161
362946
348059
375992
389984
375842
389257
376015
389982
375807
361864
347723
361048
347711
361871
347580
360992
376465
391159
377111
390531
377119
390523
376454
362200
348626
363000
348112
362963
348207
362214
375976
389317
390017
375981
389981
375890
375999
361877
347923
347616
361017
347687
361020
361956
754086
756396
740541
743401
753978
756205
740516
764103
775910
761818
774678
763972
776236
761894
751969
738865
750124
737425
751877
738910
750209
765440
780838
769566
778355
769969
778259
765436
754229
743550
756148
740456
756397
740415
754130
764218
774638
776328
762003
776165
761938
764224
752039
737466
738914
750305
738941
750261
752006
701010
701683
686941
688625
700883
701719
686935
712821
726180
711493
724738
712781
726250
711552
699542
685846
698244
684844
699481
685880
698306
714194
729773
716274
728028
716586
728049
714190
701246
688608
701803
686914
701965
686882
701161
712838
724788
726286
711593
726310
711592
712835
699592
684877
685894
698357
685900
698350
699591
646286
646898
632145
633695
646208
646856
632119
658772
672404
657768
671376
658736
672452
657811
645196
631287
644160
630479
645152
631304
644199
659640
674399
661348
673727
661645
673735
659655
646401
633768
646825
632014
647050
631995
646363
658793
671408
672492
657842
672484
657839
658775
645226
630493
631288
644226
631309
644222
645221
590580
590533
576653
577532
590558
590474
576633
603656
617601
602961
616748
603655
617625
602972
589959
576150
589246
575580
589954
576145
589257
604310
618993
605361
618688
605764
618736
604274
590631
577493
590458
576528
590586
576601
590668
603656
616759
617653
602964
617639
602976
603643
589952
575576
576101
589245
576132
589258
589960
535942
536021
522210
523192
535929
535981
522202
548910
562591
548364
561962
548908
562595
548378
535413
521720
534795
521231
535397
521730
534816
549339
563191
550069
563186
550368
563125
549259
535954
523115
535947
522056
536025
522159
535993
548905
561955
562596
548345
562597
548372
548866
535418
521234
521674
534795
521720
534817
535407
481181
480953
467296
467967
481173
480937
467297
494348
508144
493896
507576
494348
508154
493909
480770
466975
480264
466615
480757
466990
480278
494650
508690
495140
508681
495403
508640
494555
481170
467893
480946
467195
480954
467286
481202
494340
507578
508141
493897
508148
493912
494301
480768
466616
466954
480261
466994
480282
480758
425951
425925
411620
412261
425969
425919
411492
439359
453291
438927
452800
439348
453301
438937
425494
411345
424978
410905
425500
411285
424979
439669
453817
440381
453800
440531
453748
439591
425937
411943
425882
411259
425894
411229
425952
439369
452804
453311
438917
453309
438942
439321
425480
410883
411160
424946
411180
424983
425462
369644
369997
355260
356524
369589
370178
355185
382979
397315
382492
396702
383065
397277
382453
369135
354723
368172
354004
369124
354657
368149
383165
398202
384260
397918
384308
397975
383195
369779
356487
370201
355142
370193
355160
369777
382807
396661
397225
382409
397222
382409
382854
369134
354051
354728
368095
354777
368119
369154
748562
749436
735482
736448
748487
749516
735538
760980
774262
760034
774158
760908
774542
760034
748205
734989
747734
734645
748150
735027
747778
760693
775194
762280
774661
762202
774630
760772
748614
736492
749624
735579
749572
735574
748696
761026
774027
774731
759954
774424
759976
761071
748245
734646
735040
747855
735051
747807
748291
696469
697237
683069
683924
696404
697301
683136
709018
722119
708543
721783
708962
722173
708606
695851
682453
695339
682070
695783
682523
695414
709677
723702
710549
722826
710542
722802
709683
696518
683966
697358
683189
697349
683184
696529
709058
721827
722235
708675
722216
708658
709055
695902
682129
682577
695489
682573
695471
695915
642652
643342
628986
629715
642611
643381
629020
655650
669069
655125
668678
655589
669138
655194
642087
628436
641583
628045
642041
628483
641639
656265
670539
657007
669790
657000
669782
656270
642676
629732
643409
629026
643406
629037
642675
655691
668734
669196
655256
669187
655244
655693
642113
628090
628497
641694
628507
641679
642107
588092
588647
574459
575032
588053
588665
574503
601267
614827
600780
614445
601223
614876
600833
587681
574058
587144
573624
587636
574104
587211
601708
616039
602303
615337
602327
615368
601660
588119
575034
588644
574543
588669
574534
588125
601302
614491
614932
600916
614913
600878
601327
587719
573673
574156
587289
574139
587262
587739
533795
534289
520201
520732
533754
534317
520227
546934
560460
546355
560004
546888
560506
546433
533367
519743
532792
519282
533328
519765
532854
547384
561437
547854
560946
547875
560939
547392
533823
520746
534335
520244
534335
520243
533830
546968
560054
560553
546498
560540
546481
546979
533393
519291
519780
532895
519779
532888
533400
479321
479812
465612
466141
479317
479824
465615
492460
506107
491938
505620
492455
506122
491943
478789
465047
478224
464430
478792
465041
478217
492958
507110
493431
506599
493443
506603
492942
479312
466142
479789
465550
479822
465600
479277
492455
505623
506125
491918
506130
491936
492435
478775
464404
464966
478166
465019
478200
478739
423919
424495
409848
410424
423925
424499
409850
437272
451224
436648
450560
437292
451210
436619
423303
409242
422664
408570
423320
409232
422640
437871
452354
438431
451738
438451
451785
437831
423911
410429
424478
409833
424503
409851
423882
437251
450534
451137
436556
451187
436592
437209
423285
408551
409190
422592
409220
422617
423251
367109
367864
353083
353376
367107
367861
353076
380954
395143
380302
394473
380946
395139
380306
366873
352527
366020
352088
366825
352517
366061
381458
396276
381963
395687
381979
395699
381446
367099
353437
367872
353220
367835
353279
367064
380959
394464
395112
380309
395132
380311
380939
366922
352365
352759
366152
352809
366107
366922
748209
748056
734783
734731
748151
748107
734845
762074
775953
762236
776618
762040
776101
762278
748945
735234
749340
735776
748874
735313
749453
760521
774521
760963
774645
760960
774539
760413
748257
734775
748203
734930
748149
734900
748326
762054
776248
775888
762286
775744
762287
762025
749000
735860
735434
749757
735385
749580
749057
695044
695085
681521
681785
694956
695166
681610
708503
721914
708672
722368
708421
722007
708755
695070
681491
695134
681641
694988
681575
695214
708431
721749
708497
721827
708475
721790
708453
695110
681847
695249
681692
695228
681674
695130
708559
722447
722148
708824
722088
708814
708556
695123
681690
681641
695266
681630
695264
695121
641085
641272
627452
627764
641023
641330
627508
654524
667979
654410
668042
654450
668059
654477
640930
627294
640791
627261
640867
627354
640852
654703
668426
654944
668229
654931
668214
654721
641129
627805
641391
627579
641373
627551
641152
654579
668079
668128
654524
668116
654516
654598
640979
627325
627437
640919
627403
640896
641003
586724
587036
573046
573477
586661
587060
573113
600173
613682
599885
613599
600101
613745
599951
586515
572796
586175
572536
586451
572850
586230
600385
614217
600700
613989
600667
613954
600433
586793
573509
587123
573310
587091
573197
586870
600264
613672
613858
600120
613805
600031
600392
586599
572589
572996
586359
572918
586295
586705
532043
532536
518329
518880
532017
532565
518334
545392
559075
544998
558765
545360
559114
545029
531618
517836
531178
517392
531596
517849
531200
545782
559869
546271
559547
546238
559480
545819
532054
518865
532586
518284
532578
518316
532056
545421
558799
559200
545072
559157
545054
545448
531630
517394
517836
531215
517844
531211
531639
477027
477678
463196
463828
477050
477667
463175
490230
504053
489609
503502
490238
504054
489615
476346
462490
475669
461764
476366
462468
475662
490803
505165
491396
504490
491423
504554
490737
476979
463797
477601
463075
477642
463136
476895
490183
503490
503982
489552
504023
489590
490111
476286
461723
462335
475547
462416
475619
476188
421284
422007
407252
407920
421309
421980
407231
434566
448548
433889
447815
434593
448517
433878
420573
406571
419883
405881
420599
406558
419866
435244
449891
435901
449159
435931
449206
435213
421262
407901
421939
407206
421956
407215
421243
434537
447776
448370
433822
448462
433853
434506
420550
405878
406539
419819
406547
419846
420531
364844
365664
350853
351438
364772
365740
350915
378422
392507
377716
391807
378404
392502
377742
364419
350060
363451
349523
364323
350139
363518
379054
393851
379753
393145
379752
393145
379076
364935
351783
365863
351420
365824
351274
365008
378451
391820
392506
377855
392501
377791
378478
364512
349826
350696
363702
350541
363607
364573
751349
750554
737134
736618
751232
750681
737221
766561
780541
767333
780427
766488
780776
767457
752292
737960
752570
738866
752205
738015
752649
764911
779023
764793
779931
764706
779772
764924
751427
736694
750816
737333
750767
737292
751516
766562
780429
780828
767217
780698
767288
766567
752329
738756
738013
752859
738022
752555
752363
695718
695382
681913
681811
695640
695467
681988
709894
723734
710283
723753
709815
723852
710487
695888
682252
695366
683097
695798
682336
695563
709535
722999
709217
723617
709197
723535
709572
695785
681868
695541
682085
695521
682049
695829
709958
723837
724152
710798
723971
710462
710010
695982
683046
682415
695867
682395
695545
696055
640945
640780
627143
627208
640882
640838
627185
654968
668346
655786
668203
654927
668431
655844
641090
627319
640780
627802
641023
627330
640857
654660
668148
654557
668293
654545
668288
654651
640977
627259
640894
627246
640876
627217
641007
654945
668262
668506
655886
668477
655739
654905
641119
627742
627336
641073
627333
640873
641146
585751
585936
571986
572292
585709
585981
572024
599466
613190
599633
612769
599435
613240
599710
585471
571882
584681
572256
585419
571918
584822
599604
613520
599893
613505
599822
613434
599659
585805
572340
586085
572111
586035
572075
585861
599511
612815
613399
599897
613304
599706
599533
585555
572267
571972
585156
571955
584928
585635
530548
530827
516611
517021
530522
530851
516632
544264
557884
544611
557364
544242
557930
544657
530277
516351
529592
516539
530235
516365
529652
544436
558502
544777
558249
544759
558228
544454
530559
517028
530863
516639
530862
516641
530562
544270
557473
557995
544750
557970
544645
544269
530304
516540
516379
529910
516378
529740
530319
474565
475033
460531
461136
474531
475048
460566
488275
502178
488335
501483
488250
502203
488369
474127
460191
473312
460477
474080
460239
473376
488630
503013
489067
502638
489081
502643
488628
474574
461123
474993
460588
475032
460587
474569
488297
501578
502242
488490
502227
488383
488298
474164
460506
460295
473680
460280
473498
474184
418655
419201
404636
405268
418621
419205
404655
432219
446067
432464
445527
432161
446126
432509
418241
404199
417509
404272
418175
404234
417545
432625
447093
433186
446567
433208
446574
432619
418662
405272
419170
404665
419194
404669
418655
432252
445634
446166
432579
446155
432515
432251
418261
404277
404243
417734
404254
417618
418275
362355
363058
348356
348908
362279
363138
348328
376125
390086
376115
389358
376064
390138
376147
362143
347895
361040
348156
362060
347876
361061
376570
391194
377242
390649
377212
390627
376591
362430
349277
363301
348535
363233
348622
362474
376178
389447
390193
376233
390166
376171
376178
362203
348336
348063
361277
348166
361154
362252
)
;

boundaryField
{
    inlet
    {
        type            zeroGradient;
    }
    outlet
    {
        type            fixedValue;
        value           uniform 0;
    }
    seabed
    {
        type            zeroGradient;
    }
    top
    {
        type            zeroGradient;
    }
    side1
    {
        type            zeroGradient;
    }
    side2
    {
        type            zeroGradient;
    }
    submarine
    {
        type            zeroGradient;
    }
}


// ************************************************************************* //
