/*--------------------------------*- C++ -*----------------------------------*\
  =========                 |
  \\      /  F ield         | OpenFOAM: The Open Source CFD Toolbox
   \\    /   O peration     | Website:  https://openfoam.org
    \\  /    A nd           | Version:  10
     \\/     M anipulation  |
\*---------------------------------------------------------------------------*/
FoamFile
{
    format      ascii;
    class       volScalarField;
    location    "1.7";
    object      p;
}
// * * * * * * * * * * * * * * * * * * * * * * * * * * * * * * * * * * * * * //

dimensions      [0 2 -2 0 0 0 0];

internalField   nonuniform List<scalar> 
12920
(
-26811.4
-247458
-228595
-154905
-146197
-105062
-83827.7
-56214.8
-41765.7
-25960.5
-17907.1
-9289.78
-5459.41
-2299.95
-1863.28
-2359.7
-4754.73
-7976.44
-11585.6
-11489.2
-215205
-271305
-250903
-159404
-148321
-103625
-82442.5
-53087.9
-38558
-22621.8
-14878.8
-6727.73
-3147.51
-195.692
-6.10596
-820.676
-3621.81
-7233.32
-11200.4
-11365.7
-440541
-294851
-281920
-177563
-140214
-92820.8
-70397
-41932.4
-28627.4
-13487
-7228.94
-138.02
2340.95
4513.31
3668.17
2197.59
-1379.74
-5701.94
-10205.9
-10926.1
-872026
-361882
-298155
-170131
-133298
-77759.2
-55727.4
-28151.7
-14695.5
-746.229
5077.45
9904.29
11308.3
11815.4
9870.78
7005.45
2356.85
-2911.58
-8307.5
-10159.8
-828733
-325270
-232695
-131680
-99019
-46691
-28588.2
-3587.77
5919.4
17497.3
21011
24483
23438.1
22053.5
18001
13646.2
7447.65
873.06
-6052.86
-8921.55
-624658
-232398
-202762
-94089.6
-61431
-12776.2
2503.89
22109.1
30617.1
38553.6
40634.8
42193.8
39555.4
34710.6
28354
21638.1
14244.4
5924.58
-2644.37
-7433.44
-211543
-45337.4
-55201.2
10147.2
3683.02
40080.6
42946.2
56839.2
58514.6
64319.6
62046.7
59963.9
54375.8
48613.5
41295.7
33413.9
22734.3
11766.7
968.311
-5597.12
-6037.89
58356.9
44187.7
81663.1
69978.3
90900.4
77498.6
82877.5
84165.8
84847.2
80738.8
75835
68024
60947.3
53408.3
42237.6
29933.3
17081.6
4756.8
-4002.9
245802
172591
129422
157908
129737
129964
118848
119319
116547
111410
103453
95681.7
86840.6
77020.7
64083
51791.9
37428.3
22773.2
8520.43
-2148.25
236608
306253
174486
232210
188151
188301
172398
164906
155104
143482
131224
119061
106661
93988.7
80224.1
63752.6
45738.9
28541.9
12539.7
-565.87
111853
339623
263137
296441
257387
247203
225930
211286
195153
177396
160266
143779
126467
109784
93290.6
74242.9
54335.2
34904.5
16591.8
1335.14
400587
494226
345171
403925
324688
315872
281948
259619
236965
215405
193152
170726
148999
127923
106539
84043.3
62499.8
40882.1
20641
3139.64
395353
501229
440030
479343
414344
397183
351517
318043
284887
256212
226171
198844
171783
146744
118287
94541.3
70140.9
47371.5
24962.3
5205.48
483602
620662
586729
585281
486191
463405
401268
370020
321986
289868
251185
221957
188268
159569
130382
104117
78194
52733.4
28372.7
6816.32
505624
721804
635954
633849
549823
520799
446690
409607
357854
320098
278394
242799
206307
173639
141471
112789
84301
57372.1
31409.7
8385.69
949395
901036
765475
711305
618849
572600
493284
448616
388777
349135
302515
262833
221573
186856
151934
121200
90605.1
62078.7
34500.3
9768.48
680845
922980
811481
761033
658454
609293
529536
478554
418001
373001
322091
281688
238578
201357
164287
131227
98073.5
66994.1
37123.9
10970
1.12888e+06
1.07059e+06
913789
829438
712634
644427
558274
502174
437901
390144
335544
293078
247749
209331
170604
136199
101831
69775.6
39164.8
11887.8
1.11548e+06
1.08372e+06
927248
840387
727487
660106
575149
518162
449032
399501
343943
300159
253787
214452
174926
139716
104425
71834.9
40520.4
12520.3
1.18336e+06
1.10086e+06
953099
856886
745535
671973
585442
525142
455220
404528
348356
303904
257283
217485
177363
141692
106256
73006.7
41171.9
12803.8
-121545
-248671
-239330
-160667
-147509
-105702
-84055.9
-56340.9
-41759.1
-25899
-17884.3
-9275.61
-5458.71
-2332.14
-1858.19
-2370.34
-4760.7
-7982.51
-11640.7
-11515.7
-330726
-288275
-254679
-158869
-148606
-103751
-82588.6
-53100.5
-38574.1
-22564.1
-14638
-6522.29
-2976.76
-84.8734
-36.2882
-866.01
-3627.93
-7261.11
-11257.6
-11333.5
-562804
-292724
-281708
-177175
-139675
-92498.8
-70363.7
-41812.2
-28627.8
-13446.6
-7289.16
-112.933
2305.57
4427.8
3571.25
2137.02
-1413.45
-5797.16
-10305.1
-10889.2
-840573
-368822
-294266
-169882
-133400
-77401.5
-55491.1
-27815.6
-14489
-684.407
5063.05
9941.77
11240.9
11730.9
9794.88
6952.56
2309.32
-2950.18
-8376.79
-10110.1
-636216
-318634
-232100
-132490
-99386.8
-46577.1
-28229.1
-3359.89
5845.97
17679.1
21013.4
24623.7
23553.2
22235.8
18098.9
13658.7
7417.13
820.996
-6110.03
-8924.24
-633345
-251700
-203503
-93706.4
-61661.7
-12596.1
2426.43
22354.5
30842.5
38640.8
40826.3
42136.5
39662.4
34932.4
28598.4
21876.7
14459.1
5995.02
-2613.71
-7403.63
-167019
-54604.5
-57206.3
10451.9
3626.82
40187.4
42316.5
56938.5
58753.1
64396
61831.6
59897.5
53971.7
48561.5
41188.3
33333.4
22614
11721
954.076
-5580.42
-26697.1
16384.4
35734.5
79139.3
69398.6
90397
76874
82625.3
84189
84767.5
80627.2
75778.3
67995
60628
53514.2
42255.2
29928.6
17047.3
4731.08
-3960.57
182887
158864
128278
158932
129240
129616
117989
118961
116272
111152
103293
95566.5
86701.9
76773.9
64141.9
52229.4
37467.8
22720.4
8511.44
-2074.78
193532
277296
172726
229563
187648
188694
172293
164880
155210
143607
131393
119161
106672
93973.3
80397.9
63357.6
45604.1
28468.5
12574.7
-458.701
177134
343259
257671
296460
258251
248270
226529
211683
195479
177913
160685
143785
126942
110321
93411
74137.8
54367.5
34873.7
16621
1382.7
514686
488944
356245
397477
328241
316710
282786
260475
237637
215608
193072
170768
148827
127762
106535
84015.1
62568.3
41016.6
20634.5
3179.51
477623
520262
440049
479149
412895
397985
352099
318192
285710
256213
226316
198740
171710
146694
118285
94561.9
70439.1
47351.6
25011.2
5258.23
490560
638779
584238
583674
486695
464026
400983
370538
322011
290001
251160
221441
187694
159135
130296
104048
77938.3
52640.2
28357.7
6835.58
626225
754121
636894
632247
551936
522011
446859
409756
357991
320244
278256
242816
206101
173486
141089
112555
84175.6
57273.5
31393.6
8406.33
872203
901757
762324
711547
619398
573638
491416
448839
388062
349128
301929
263162
221772
186906
151917
121277
90745
62237.7
34450.7
9759.43
966435
953485
815535
761996
658369
610126
529024
478633
416963
372447
321629
281391
238203
201299
164135
131102
97927.5
66812.8
37049.6
10961.5
1.10014e+06
1.0752e+06
914290
831189
711535
644695
557940
502489
437433
390161
335442
293188
247679
209332
170543
136144
101806
69745.4
39143.9
11893.5
1.28901e+06
1.09457e+06
922531
840241
726403
660425
574934
518079
448764
399619
343933
300241
253741
214420
174845
139680
104464
71841.4
40516
12523.1
1.25123e+06
1.10353e+06
954666
856805
745659
672037
585144
525264
455149
404632
348379
303973
257315
217486
177380
141675
106205
73003.2
41168.7
12804
-193291
-255606
-245873
-166723
-148023
-106045
-84216.3
-56436.5
-41748.7
-25769.5
-17778.1
-9171.92
-5369.5
-2230.76
-1865.16
-2402.7
-4765.19
-7992.68
-11680.1
-11497.9
-339315
-297663
-258690
-159267
-148428
-103558
-82521.9
-52987.6
-38523.5
-22417.2
-14475.7
-6326.44
-2841.42
-54.7093
-88.3738
-909.717
-3601.13
-7245.91
-11274
-11265.8
-622389
-323434
-280990
-176301
-139563
-92018.2
-70218.8
-41514.7
-28507.3
-13344.2
-7050.35
64.7506
2325.07
4392.18
3485.67
2084.21
-1370.34
-5684.22
-10311.6
-10747.8
-777367
-331473
-294616
-167986
-133771
-76943.6
-55067.6
-27225.4
-14175.3
-498.751
4903.48
10042
11245.2
11702.2
9717.07
6886.39
2220.23
-2997.94
-8449.22
-10035.6
-508796
-295327
-228189
-132029
-99581.9
-46205
-27726.3
-2845.96
5945.05
18024.2
21022
24844.8
23718
22489.2
18269.5
13664.8
7371.82
781.128
-6190.72
-8935.99
-620429
-252756
-201491
-92082.3
-61790.1
-12316.4
2437.69
22769.8
31321.5
38968.4
41230.1
42060.9
39672.7
35177.7
29113.9
22321.8
14600.8
5930.25
-2631.44
-7357.1
-236741
-68111.2
-59092.5
7482.97
3823.53
40267.6
41470.6
57113
59191.4
64482.9
61662.7
59752.4
53768.9
48633.5
40861.6
33152.3
22528.5
11657.8
929.982
-5544.46
44205.3
53384.7
32635.8
80279.1
69426.1
90516.7
76466.1
82535.2
84188.2
84679
80525
75588.7
67982.3
60325.1
53682
42362.8
29974
17002
4689.92
-3884.25
-10508.5
160868
124743
159375
129487
130238
117619
118697
115739
110823
103147
95478.5
86527.1
76411.2
64514.7
52846
37594.8
22617.7
8479.51
-1920.36
101741
256627
170466
226696
188253
189885
172934
164981
155179
143724
131620
119410
106827
94051.9
80500.8
62993.9
45689.7
28461.1
12543.5
-297.618
256816
348409
253749
298385
258853
250100
227760
212165
195860
177675
161748
144680
127617
110742
93600
74388.1
54143.2
34825
16615.3
1559.92
469268
475932
364129
391678
331120
318422
284869
261724
238634
215976
193154
170721
148869
127896
106807
84110.4
62685.3
41039.1
20576.4
3285.88
460231
525452
437336
479439
411828
399521
352667
318714
286459
256215
226414
198654
171672
146485
118309
94674.7
70635.1
47417.4
25098.3
5366.2
632929
671678
587706
578301
490519
465280
401155
372575
322149
290553
251578
220854
187595
159214
130368
104159
77944.7
52694
28403.3
6889.95
600249
772463
642550
630034
555679
522920
447145
410515
358124
320562
278345
242775
205632
172997
141086
112671
84294
57400.9
31428
8440.26
785699
920460
757826
710795
620717
575193
489847
449367
387488
349466
300993
263499
221510
186707
151384
121053
90628
62202
34465.6
9795.22
1.13466e+06
981490
821187
762712
659537
611084
527776
478958
415504
372139
320791
281297
237596
201178
163812
130933
97843
66738.6
37074.7
10985
1.15084e+06
1.08604e+06
921888
832671
711108
645618
557547
502912
436528
389787
335202
293219
247505
209263
170425
136106
101747
69706.4
39104.2
11879.6
1.2557e+06
1.09368e+06
919222
840018
726057
660786
574515
518005
448273
399862
343909
300333
253779
214465
174825
139678
104488
71812.2
40462.2
12513.8
1.08074e+06
1.08177e+06
948135
855512
745478
671996
584581
525211
454984
404769
348382
304012
257212
217421
177299
141611
106102
72917.7
41137.7
12791.5
-288505
-250344
-259363
-173091
-149204
-106750
-84294.9
-56495.1
-41754
-25666
-17640.3
-9036.31
-5278.11
-2150.84
-1872.09
-2458.45
-4767.36
-8006.06
-11753.6
-11455
-450498
-311834
-266127
-160259
-148696
-103399
-82396.8
-52824.2
-38482.1
-22245.9
-14367.8
-6184.35
-2762.82
-33.1828
-144.025
-900.584
-3570.48
-7249.77
-11392.7
-11119
-453054
-319728
-275234
-174536
-139982
-91638.6
-70028.6
-41111
-28318.6
-13099.2
-6871.93
238.897
2354.89
4403.13
3460.82
2197.27
-1307.04
-5658.18
-10457.2
-10568.4
-654341
-336326
-291369
-167070
-134068
-76585.9
-54618.2
-26501.2
-13814.7
-240.761
5158.39
10309.1
11397.6
11738.3
9676.38
6807.54
2301.32
-2999.45
-8532.6
-9916.95
-557052
-281877
-228765
-132403
-100394
-46019
-27533.1
-2289.45
6536.39
18489.7
21171.5
25092.4
23956.6
22778.4
18508.9
13668.9
7262.72
746.998
-6259.97
-8875.21
-620513
-254217
-207330
-90566.3
-62140.7
-12006
2393.16
23224.4
31677.7
39356.3
41264
41916.5
39535.1
35358.2
29590.9
22743.7
14460.1
5747.16
-2734.2
-7366.75
-213323
-78494.7
-59931.1
6265.76
4122.05
40510.3
41113.8
57230.6
59710.8
64585.1
61478.2
59649
53627.6
48775.7
40952.5
32975.9
22440.3
11584.4
878.22
-5443.98
-115021
37101.3
25193.6
81068.1
68656.2
90419.5
75873
82812.1
84301.5
84809.1
80473.7
75426.3
68141.9
60721.8
53597.1
41999.2
30045.6
16936.5
4566.14
-3743
13722.8
123658
122863
159345
129645
131132
117624
118526
115381
110667
103140
95491.9
86324.4
76050.2
64553.9
53639.8
37705.5
22478.8
8417.18
-1700.03
70599.3
224230
168942
221398
189286
191150
173842
165023
155101
143855
131796
119573
107021
94266.2
80250
63081.4
45776
28353.9
12524.3
-11.1343
159641
323892
258155
297614
259929
251898
229121
212645
196149
178724
162002
144978
127850
111043
94194.1
74070.7
53810.4
34748.5
16594.5
1945.05
399330
461146
372935
389006
332828
317865
287451
262833
239367
216307
193265
170742
149023
128161
107378
83964.1
62822.9
41026.9
20459.7
3539.15
363291
528930
443014
475388
413192
400711
352462
319519
287309
256231
226466
198576
171603
146428
118312
94788.8
70917.4
47626.4
25236.5
5487.96
707791
696025
591538
575642
494672
463959
402967
374494
322538
291980
252175
220792
187263
159248
130389
104255
78001.4
52722
28393.9
6944.43
732562
803675
644513
628269
558227
521383
449473
411981
358203
321028
278460
242717
205083
172551
140916
112691
84363.6
57461.5
31435.2
8496.6
977949
956832
762514
709710
622696
574240
491592
449997
387042
349947
300417
263731
221044
186418
150775
120857
90552.2
62161
34446.3
9860.33
1.19529e+06
1.00592e+06
823777
762193
661549
610946
527555
479672
414369
372128
320020
281561
237358
200995
163270
130688
97740.9
66711.9
37082.1
11036.3
1.14507e+06
1.11958e+06
916837
834485
709606
646909
556953
503101
435611
389449
334769
293304
247086
209118
170174
136006
101690
69666.8
39049.8
11906.9
1.21735e+06
1.10056e+06
910135
839920
725816
661578
574028
518190
447681
399909
343825
300279
253594
214445
174769
139677
104502
71816.6
40440.2
12525.3
959559
1.05975e+06
941676
854705
745372
671981
583967
525088
454738
404737
348159
303915
257022
217323
177222
141575
106054
72901.5
41106.2
12792.3
-302979
-252707
-261962
-175911
-149206
-106700
-84369.4
-56481.4
-41784.5
-25609.7
-17559.6
-8946.9
-5224.51
-2111.99
-1878.78
-2492.29
-4786.34
-8027.47
-11820.6
-11411.3
-272407
-290602
-266297
-160251
-149039
-102467
-82227.7
-52552.4
-38441.9
-22078
-14280.1
-6080.76
-2726.88
-15.9453
-180.07
-933.44
-3536.69
-7253.65
-11568.3
-11014.2
-436916
-321199
-274827
-172419
-140511
-91112.5
-69916.9
-40616.4
-28119.6
-12759.9
-6774.11
426.181
2418.86
4463.14
3490.29
2292.08
-1247.51
-5640.03
-10679.8
-10411
-719521
-332848
-292487
-164481
-134804
-75920
-53991.9
-25549.3
-13411.4
82.4655
5412.84
10537
11492.7
11854
9692.92
6754.01
2355.88
-3001.39
-8659.59
-9851.98
-281185
-250877
-229257
-131730
-101942
-45752.9
-27407.3
-1660.77
7423.44
19132.7
21438.5
25322.8
24167.3
23008.8
18652.3
13877.4
7189.75
667.246
-6413.02
-8813.66
-512532
-247886
-207028
-90589.3
-62104.7
-11494
2400.6
23776.7
32286.8
39805.1
41357.7
41873.2
39514
35425.5
29842.1
23007.8
14526.5
5588.44
-2826.38
-7385.86
-367688
-80539.9
-65755.2
5437.79
4646.13
40381.9
41625.5
57229.2
60177.3
64646.2
61491.1
59692.2
53528.5
48782.9
41015.8
33048.2
22425.5
11573.3
838.625
-5302.66
32220.1
36849.9
32200.3
85091.5
68457
90366.2
74959.1
82958.8
84426.2
84746
80422
75275.6
68209.3
60946
53846.4
41966.6
30018.7
16894.8
4384.01
-3566.21
-59981.6
107311
125877
158498
131067
131919
118046
118777
115425
110883
103253
95548.6
86058.2
76091.8
64775.6
54150.2
37596.1
22288.6
8312.14
-1383.61
129099
209426
169401
219293
190277
190732
174739
165220
155096
144048
131946
119632
107191
94394.4
80308.7
63390
45962.1
28270.8
12490.5
727.988
-16510.3
299109
259334
295452
260625
252466
230449
213089
196338
179591
162395
144915
127827
111390
94974.9
73585.6
53609.3
34605.2
16494.1
2573.4
333691
448314
372689
388453
333667
316754
289633
263548
239770
216509
193358
170707
149112
128362
108148
84190.1
62845.2
41002.5
20291.1
4125.66
365835
527587
445348
472625
414911
400470
353374
320459
288010
256447
226579
198600
171643
146621
118452
95054.9
71191.8
47812.3
25250.5
5627.38
838481
713898
594780
575844
497040
463383
403939
374021
323812
292979
253074
221225
186734
159323
130453
104438
78115.6
52769.9
28383.2
6955.99
779761
800778
650287
628231
559519
520293
450625
412118
359916
321540
278669
242748
204907
172189
140703
112680
84381.1
57451.3
31333.5
8384.24
941419
955084
762165
708704
623651
573034
494649
449348
388251
350220
300857
264043
220672
186526
150068
120735
90526
62165.8
34413.3
9960.49
1.26796e+06
1.02193e+06
821390
760529
662230
610122
529197
479288
415498
371738
320436
281789
237276
200752
162392
130442
97640.4
66678.3
37048.5
11070.2
1.29135e+06
1.11854e+06
919581
834572
709554
647204
557781
503174
435246
389405
334157
293641
246373
209058
169917
135975
101650
69635.1
38982.6
11927.9
1.22171e+06
1.08999e+06
913201
840823
725992
662541
573323
518602
447338
399939
343403
300275
253437
214465
174741
139696
104515
71819.7
40426.4
12522.7
1.09082e+06
1.06647e+06
942414
855257
745823
672337
583543
525069
454399
404720
347956
303867
256896
217283
177178
141569
106028
72888.2
41099
12789.2
134659
169990
157782
143820
134810
170424
158071
122496
153630
143024
131762
122641
153827
143367
166126
206466
190360
178394
166489
206807
190591
149266
185066
169189
162020
149621
185255
169288
120232
158621
154887
118409
119956
158777
154730
118091
153422
147707
119065
117925
153355
147805
113600
145392
137961
116380
113404
145497
137960
105971
135319
127064
111252
105846
135341
127076
98327.6
124285
115940
103346
98252.1
124307
115930
89662.4
113144
104610
95602.7
89554.8
113130
104555
80452
101757
93021
86747.4
80349.4
101741
92992.4
68197.8
89935.6
80204.3
76856.9
68113.4
89943.8
80242.3
166941
212098
202786
172550
166798
212428
203047
157833
199459
188876
164909
157910
199728
188997
146480
185028
172648
155186
146551
185164
173035
134300
168485
156414
143570
134415
168961
156895
122116
152308
140620
131341
122195
152865
141113
109788
136688
125126
119121
109780
137229
125611
97301.2
121278
109791
106653
97253.8
121708
110052
83716.2
106044
94607.4
93971.9
83843.5
106212
94824.5
214962
267554
252381
226409
215247
268224
252922
199401
247137
231143
211581
199597
247719
231784
181803
226172
210880
195383
182171
226539
211033
164368
205795
190171
177740
164763
205890
190167
147971
184882
169140
160519
147864
184885
169147
130715
163994
148602
143633
130940
163939
148429
113763
143534
128431
126738
114276
143377
128126
97764.6
123405
108049
110192
97993.8
123113
107965
265126
329712
308267
282458
265736
330020
308739
242598
299714
279069
260199
242894
300160
279266
220828
271261
252573
237374
221021
271680
252688
198655
244546
224620
215511
198631
244931
224579
176192
217129
198507
193078
176320
217061
198567
154334
191198
172224
170789
154235
191205
172555
133136
165420
147897
148901
133020
165607
148494
112879
141537
124224
127829
112506
141766
124197
119807
158562
154696
117939
119611
159227
154847
117803
153345
147808
118755
117341
153464
147674
113301
145506
137959
115869
113001
145417
137927
105776
135346
127085
110901
105614
135357
127127
98217.5
124322
115939
103179
98147.4
124386
116012
89510
113140
104551
95494.7
89381.2
113222
104598
80284.7
101741
92967.5
86569.3
79969.5
101774
92949.1
68114.7
89927.5
80239.7
76498.9
68049.4
89927.7
80219.4
166766
212352
203118
173049
166838
213124
203447
157928
199794
189051
164962
157883
200048
189216
146580
185226
173180
155200
146644
185414
173606
134464
169130
157128
143695
134607
169320
157731
122239
153088
141367
131564
122418
153631
142598
109800
137478
125801
119336
109919
138267
126323
97251.8
121880
110160
106780
97289.8
122339
110461
83803.4
106286
94792.4
94023
83752.5
106519
94814.6
215360
268471
253177
227579
215804
269866
254076
199686
247977
232046
212042
199965
248830
232792
182325
226792
211171
195771
182748
227515
211642
164976
205983
190175
177865
165809
206345
190301
148010
184903
169120
161489
149076
185014
169155
131137
163897
148324
144446
131697
163892
148331
114433
143288
128071
127474
114817
143274
128229
98058.7
123075
108015
110650
98191.1
123282
108209
266029
330058
308969
284341
267003
330832
310008
243168
300423
279304
261408
243990
301503
279874
221136
271738
252656
238404
221504
272182
252696
198637
244920
224583
215883
198700
244957
224542
176312
217107
198520
193130
176277
217173
198444
154178
191127
172632
170727
154172
191135
172546
132949
165614
148532
148840
133016
165610
148420
112520
141774
124143
127833
112607
141684
124033
119487
159139
154901
117872
119186
159963
154998
117201
153490
147602
118544
116861
153485
147409
112899
145367
137915
115441
112675
145230
137891
105568
135362
127150
110696
105500
135395
127214
98127.1
124417
116051
103134
98104.2
124500
116164
89332.6
113264
104628
95484.3
89166.7
113384
104736
79849.8
101801
92956.6
86381.4
79414.4
101893
93048.2
68080.5
89941.4
80199.6
76111
67897.4
90051.9
79778.3
166883
213180
203563
173840
167004
214159
203916
157846
200137
189268
165007
157736
200420
189399
146663
185472
173822
155116
146723
185623
174132
149320
140720
152351
143757
149150
140766
152456
135643
128577
138917
131686
135542
128644
139042
109971
138546
126464
119556
110117
138887
126655
97314.3
122461
110547
106973
97407.2
122635
110745
83833.2
106593
94902.7
94191.1
83873.9
106791
95057.3
215956
270232
254372
228911
216412
271822
255183
200048
249110
233014
212529
200257
249864
233566
182958
227725
211791
196087
183309
228240
212169
182707
174847
187376
179057
182808
177209
187478
165143
157242
169480
163512
164928
158804
169623
131856
163917
148376
145035
132098
164025
148542
114918
143326
128313
127832
115138
143513
128554
98328.2
123373
108406
110966
98510.8
123625
108568
267333
331131
310252
286846
268245
332844
310959
244242
301762
280066
262588
244885
302561
280703
221621
272329
252704
239213
221931
272896
252794
198728
244961
224504
216232
198848
245015
224428
176272
217143
198388
193230
176278
217112
198266
154192
191092
172487
170734
154281
191020
172414
133074
165566
148343
148985
133252
165533
148230
112747
141622
124055
128094
112843
141586
124078
119040
159859
155013
118235
118794
160810
155078
116806
153485
147361
118703
116830
153558
147266
112601
145196
137890
115423
112513
145136
137938
105488
135404
127232
110833
105558
135465
127301
98081.9
124523
116194
103254
98011.2
124606
116272
89096
113417
104776
95552.3
88804.5
113505
104878
79255.4
101928
93090.3
86122.1
78681
102040
93101.4
67897.8
90079.1
79719.4
76062.4
67599.8
89927.4
79399.6
167039
214308
204030
174785
167163
215496
204362
157707
200513
189434
165144
157640
200800
189505
146747
185667
174151
155089
146851
185786
174347
134843
169970
158309
143990
134959
170488
158773
122654
154158
143227
131911
122708
154681
142652
110158
138759
126654
119624
110269
138620
126611
97465.1
122650
110805
107163
97640.1
122652
111014
83976.7
106870
95305.8
94397.3
83634.7
107132
95587.3
216554
272200
255411
230301
216941
273621
255923
200313
250077
233710
212976
200424
250593
234014
183379
228372
212271
196302
183688
228639
212498
166411
206910
190678
179501
166692
207141
190880
149615
185326
169320
162293
149291
185503
169400
132109
164060
148590
144947
132080
164134
148661
115208
143569
128626
127855
115405
143674
128838
98797.5
123707
108946
111318
99089
123955
109093
268501
333315
311098
289195
269062
334725
311252
245058
302795
280927
263409
245446
303233
281376
222017
273082
252804
239703
222193
273532
252697
198897
245026
224393
216473
199010
244964
224295
176284
217094
198202
193344
176277
217083
197981
154308
190987
172380
170735
154336
190888
172281
133305
165520
148190
149100
133438
165508
148032
113073
141595
124238
128333
113134
141631
124276
118696
160766
155117
118276
119167
160760
155287
116861
153613
147235
119152
117536
153765
147266
112431
145126
137977
115656
112766
145211
138168
105567
135512
127326
111188
105939
135722
127438
97923.2
124634
116284
103256
97911.1
124719
116271
88681.7
113522
104895
95448.7
88671.5
113504
104793
78570.2
102057
92987.8
85772.7
78532.6
101928
92788.8
67612.7
89805.1
79434.9
75844
67926
89712.9
79330
167219
215775
204485
175164
167432
215977
204883
157606
200912
189507
165423
157606
201188
189597
146900
185821
174409
155227
147100
186013
174612
134997
170562
158873
144259
135148
170806
159197
122719
154788
142637
132050
122707
155062
142588
110263
138579
126575
119588
110193
138393
126357
97663.7
122628
111026
107092
97567
122453
110912
83779.9
107199
95867
94291.3
83790.5
107216
96267.8
217069
273949
256019
231194
217481
274172
256514
200427
250735
234068
213351
200502
251111
234165
183770
228671
212547
196517
183990
228779
212697
166795
207195
190930
179847
167107
207347
191060
149283
185548
169407
162646
149241
185658
169343
132043
164129
148645
144724
131811
164014
148470
115448
143678
128882
127637
115436
143561
128926
99422.7
124008
109473
111429
99859.7
124092
109715
269166
334834
311446
289398
269571
334233
311551
245532
303561
281626
263963
245666
303567
282098
222219
273713
252699
239880
222339
273626
252572
199023
245015
224336
216682
199095
245000
224512
176253
217123
197934
193391
176130
216998
197862
154318
190897
172307
170558
154163
190753
172444
133453
165549
148020
149043
133423
165497
148026
113427
141709
124581
128393
113647
141704
124865
145838
137696
142333
134736
145697
137750
142466
156997
160545
166338
170663
156867
160673
165914
153483
149778
161884
156381
153327
150008
160357
149410
143790
140835
152555
140805
152529
149398
145919
134782
137834
142584
137795
142544
145947
157156
170914
160865
166800
160789
166246
157256
153619
156380
150136
162166
150118
160363
153704
132188
125545
128920
122568
132134
125616
128998
142990
146176
149467
152077
142694
146411
148006
139770
136106
145428
142817
139438
136416
143863
135714
131732
128718
139163
128690
139117
135774
132253
122617
125689
129134
125663
129065
132355
143077
152142
146516
149768
146511
148053
143011
139851
142849
136421
145537
136524
143957
139733
178571
170650
174051
167984
178528
172730
174164
192250
197115
201055
206582
192075
197308
201145
187110
181998
195711
190420
187007
182073
195783
182899
179176
175492
187872
177454
187619
183387
178748
168092
171124
174521
172781
174329
179038
192394
206696
197533
201365
197446
201250
192504
187231
190496
182354
195984
182180
195874
187398
160970
152773
155973
148658
160532
153640
156318
172098
177013
179768
185117
172036
177084
179815
167063
162090
174490
169224
167033
162121
174541
165290
163594
157501
169912
158931
169783
165331
161064
148517
153085
156311
153440
156442
160862
172179
185178
177330
179918
177175
179862
172321
167123
169255
162340
174613
162191
174575
167284
82010.3
99449.3
102094
77255.1
81796.2
99099.8
101844
84670.9
103583
102696
82715.6
84542.6
103336
102490
87532.4
102905
101367
84171.3
87538.1
102727
101196
83808
99851.7
95762.5
84812.2
83756
99736.3
95665.4
80627.4
93548.3
89860.6
80712.2
80593.8
93498.7
89807.2
73104
87297.3
81990.6
75826
73043.9
87247.7
81909.3
65785.6
78831.1
73097.3
68016.6
65793.3
78780.8
73070.4
58435.9
69771.1
62906.5
60835.7
58383.8
69865.2
62893.3
126056
159771
153841
129783
125845
159908
153834
131902
119741
132466
118495
119588
132315
131956
129797
119752
130965
119256
119694
130933
129786
124609
116288
126575
116513
116265
126586
124631
116981
110082
119562
111384
110046
119544
117014
108073
102301
110721
103439
102292
110705
108097
99019.3
94194.5
101773
95660
94186.3
101767
99039.7
89490.8
85433.2
92432
86819.2
85386.3
92417.5
89512.5
78454.3
74719.2
81981.2
76978.9
74686.1
81944.7
78493.8
59939
73905.8
64366.6
64071.7
59922.5
73674.3
64364.1
180124
216360
208736
188609
180002
216660
208758
183351
170182
185242
172279
170185
185154
183355
173683
162738
176278
164905
162758
176318
173661
161749
152277
164927
155118
152294
164966
161711
148374
140443
151688
143501
140462
151739
148319
134885
128185
138126
131252
128209
138195
134824
121722
115996
124974
119070
116000
125017
121687
108225
103531
111617
106649
103535
111616
108225
94660.6
90599.1
98090.5
93992.2
90610.4
98056.9
94688.2
73134.3
86927.2
78969
80261.8
72986
86879.3
78977.1
236155
277141
265887
247856
236364
278011
266217
235465
221803
239136
226003
221928
239200
235329
218892
207463
223030
211364
207528
223128
218784
200757
190760
205364
195209
190830
205471
200635
182166
172846
186586
177443
172984
186686
182126
164037
156087
168557
160271
156056
168528
164119
146069
139534
150681
143591
139358
150599
146176
127845
122190
132577
126421
122173
132456
127992
109646
105925
114220
109914
105938
114074
109690
84801.3
99468.5
90197.2
93230.5
84792
99411.9
90329
293843
350389
335620
316111
294011
350571
335480
291057
275661
297559
281992
275828
297530
290964
266636
253786
272898
259763
253933
272956
266622
242815
231585
248595
236991
231610
248610
242812
219234
209833
225266
215387
209828
225241
219239
195460
187443
201465
193127
187483
201461
195461
171647
165203
177663
170750
165198
177707
171635
148874
143683
154571
148977
143652
154557
148889
126807
122701
132420
127913
122669
132426
126816
96475.2
112382
103827
106482
96466.2
112293
103806
334265
373065
361796
352020
334205
373347
361710
299563
340394
324435
318111
299621
340106
324115
269767
305121
290393
285302
269758
304895
290331
239336
271177
256576
256211
239352
271152
256495
211409
239119
226270
226209
211419
239191
226211
183610
209311
196274
198789
183600
209233
196217
157935
180291
168946
171749
158058
180334
168803
133330
153289
141667
146773
133334
153282
141682
81597.9
98629.3
101642
77015
81839.3
98678.8
101571
84440.2
103226
102293
82486.8
84302
103066
102023
87500
102530
100965
84198.2
87374
102314
100700
83644.8
99582.1
95522
84689.1
83520.6
99437.4
95380
80526
93430.7
89725.7
80582.9
80421.3
93379.4
89646.1
72954.8
87187.1
81801.5
75696.1
72833.7
87135.8
81667.9
65777.2
78709.6
73000.8
67967.1
65703.8
78596.1
72868.2
58360
69869.2
62923.8
60401.9
58250.3
69823.3
62855
125517
159942
153687
130210
125482
160719
153773
131713
119272
132126
118043
131689
119314
132341
129671
119403
130831
118902
129715
119299
130831
124387
116006
126472
116142
124468
115889
126390
116745
109818
119416
111071
116804
109745
119365
107958
102185
110633
103253
107983
102156
110613
98886.5
94098.1
101718
95537.9
98914.6
94066.2
101708
89340
85245.9
92315
86657.5
89387.9
85203.5
92275.6
78221.2
74466.2
81863.3
76681
78297.6
74369.3
81829.4
60101.4
73459.2
64426.9
64279
60172.8
73198.6
64457.3
179849
216679
208799
189654
179946
217980
209088
183492
170088
185179
172731
183366
170198
185533
173840
162801
176390
164912
173805
162830
176434
161913
152394
165059
155219
161876
152409
165082
148760
140575
151979
143639
148654
140613
152065
135294
128356
138520
131447
135194
128410
138627
122021
116065
125252
119210
121933
116108
125358
108367
103549
111721
106701
108314
103572
111779
94678.1
90619.8
98077.1
93983
94652.4
90627.5
98104
72801.9
86985.9
79033.5
80503.7
72406.1
87112.4
79045.7
236690
278939
266689
249555
237184
280607
267399
236301
222359
239722
226957
236009
222607
240151
219516
207817
223671
211806
219357
207917
223858
201368
191158
205889
195579
201214
191277
206030
182548
173544
187032
178061
182401
173768
187169
164259
156405
168714
160904
164146
156585
168845
145888
139565
150410
143982
145819
139755
150480
127838
122738
132233
127133
127710
122920
132334
110178
106233
114374
110440
110049
106323
114509
84909.2
99616.3
90418.2
93465
84973.7
99730.1
90418.8
294316
350802
335515
317760
294879
351387
335736
292321
276757
297956
283272
291918
277158
298478
267422
254631
273627
260775
267162
254915
273924
243306
232112
249029
237902
243163
232333
249235
219273
209931
225434
215697
219255
209987
225505
195342
187474
201364
193083
195362
187480
201349
171732
165160
177752
170754
171763
165155
177724
148872
143468
154570
148817
148871
143463
154550
126913
122560
132460
127751
126905
122581
132474
96521.5
112298
103856
106643
96461.7
112282
103717
334195
373183
361675
352750
334431
373501
361989
299729
339919
323984
318420
299933
339739
323936
269821
304754
290235
286085
269930
304825
290273
239438
271170
256381
256204
239420
271192
256304
211375
239263
226187
226385
211324
239410
226253
183584
209161
196274
198688
183612
209200
196342
158030
180336
168646
171704
157931
180418
168542
133300
153307
141691
146587
133159
153328
141638
82072.3
98158.4
101433
76795.3
82298.6
98534.5
101424
84206.6
102960
101781
82593.1
84091.5
102911
101599
87219.5
102138
100469
84233
87050.7
102037
100292
83415.1
99340
95270.9
84687.9
83325.2
99312
95204.6
80192.6
93352.1
89580.8
80503.1
79948.6
93359.6
89512.9
72698.7
87092.8
81507
75481.2
72529.2
87034.6
81298.8
65668.1
78460.7
72693.6
68031.3
65612.4
78328.9
72486.6
58268.6
69752.4
62815.7
60386.7
58039.6
69701.6
62605.3
125158
160926
153612
131067
125161
161999
153710
131709
119111
132258
117785
131690
119118
132482
129273
118872
130777
118633
129382
118731
130738
123999
115542
126109
115616
124092
115445
126024
116566
109528
119247
110774
116599
109482
119221
107917
102083
110583
103137
107918
102080
110588
98846.4
93983
101716
95477.9
98847.6
93966.4
101733
89199.6
85075.4
92177.2
86487.1
89230.7
85021.5
92162.3
77693.4
74133.7
81634.8
76309.1
77860.9
74057.9
81532.2
60528.8
73104.3
64689.2
64579.4
60614.6
73125.3
64735
179846
218113
209182
190866
180011
219509
209497
183937
170459
185859
173418
183789
170597
186259
173891
162806
176543
164993
173888
162771
176582
162012
152403
165115
155156
161991
152394
165120
125667
119479
125764
122396
116282
122311
116341
108615
103676
111982
106875
108554
103718
112046
94861.4
90686.4
98225.8
94086.2
94808.7
90724.1
98276.5
72189.2
87289.9
79346.1
80423.8
71864.7
87572.1
79156.9
237490
281680
268029
251312
237920
283090
268838
237333
223229
240990
228217
237050
223477
241461
220101
208207
224388
212288
219965
208301
224554
201913
191616
206412
195944
201791
191717
206522
150986
144747
151174
146469
140358
146325
140507
128347
123367
132737
127726
128241
123464
132848
110600
106592
114856
110825
110512
106668
114949
85270.5
99917.1
90705.3
93873.9
85296.8
100182
90636
295501
351763
336124
318836
296644
352296
337122
293982
278422
300077
285534
293559
278860
300711
268543
255790
274883
262030
268268
256064
275196
243932
232947
249870
238846
243778
233125
250072
210162
216064
210224
219398
225712
219362
225767
187497
193169
187506
195269
201328
195288
201326
170721
171618
165127
177639
171641
165133
177616
148912
143553
154556
148905
148895
143600
154569
127031
122768
132562
127964
126992
122839
132598
96718
112392
103995
107061
96589.6
112502
103743
334670
373211
362494
352959
334969
373651
362815
300203
339788
324319
319166
300553
340465
325056
270053
305005
290329
286863
270163
305425
290444
239297
271274
256390
256225
239160
271300
256485
211276
239483
226285
226437
211223
239642
226347
183603
209211
196275
198612
183559
209196
196167
157833
180336
168425
171633
157709
180284
168365
133170
153274
141714
146443
133003
153286
141637
82033.6
97790.4
101235
76143.1
81842.9
98331.9
101225
84031.9
102940
101511
83064.7
84001.2
103129
101558
86864.4
102011
100143
84392.4
86681
102052
99956.6
83269.3
99361.3
95187.4
84939.3
83220
99489.9
95217.6
79647
93388.3
89393.2
80458.5
79352.1
93417.1
89132
72367
86996.9
81074.8
75391.9
72192.8
86950
80829.3
65579.3
78243.4
72283.2
68229
65517.3
78211.6
72027.6
57974.1
69639.9
62558.7
60947.6
57713.9
69744.7
62414.5
124833
162385
153598
132358
125007
163659
153827
131637
118792
132500
117921
131627
118793
132822
128992
118448
130652
118551
129029
118422
130661
123726
115233
125857
115371
123776
115209
125837
116482
109381
119167
110696
116492
109389
119179
107936
102078
110637
103174
107929
102094
110669
98848.6
93895.5
101805
95511.6
98851
93872.5
101835
88921.8
84720.2
92139
86253.1
89022.7
84567.2
92116
77171.9
73862.3
81193.2
76004.8
77281.8
73759.7
81087.2
60980
73262.4
64991.7
64565.6
60998
73340.8
64925
180032
219843
209682
192092
180366
220602
210137
184450
170884
186816
174274
184302
170987
187266
173936
162684
176704
165049
173917
162680
176756
162096
152380
165135
155092
162072
152385
165145
140874
152573
149387
149404
143896
140918
152608
128748
139222
135850
135925
131835
128783
139288
125857
122489
116447
119590
122484
116468
125864
108828
103851
112196
107071
108777
103905
112239
95201
90922.7
98463
94335
95100.1
90963.3
98556.4
72118.5
87885.4
79101.3
80174.5
72089.3
88140.7
78660.7
238178
283637
269546
252935
238586
284461
270292
238341
224131
242412
229590
238090
224346
242893
220553
208559
225003
212757
220454
208636
225136
202290
191951
206792
196207
202208
192021
206862
174940
188130
183646
183826
179231
175217
188344
157649
169925
165293
165293
162098
157700
169961
151287
146657
140660
144938
146647
140652
151304
128582
123610
133023
127862
128540
123638
133051
110956
106920
115198
111131
110863
107017
115288
85739.3
100508
91049.8
94572.5
85723.4
100842
91000.4
298442
351934
338851
317746
299526
352257
340058
295398
280008
302543
288148
295096
280309
303243
269462
256772
276025
263052
269264
256963
276255
244437
233555
250604
239500
244332
233662
250752
210430
219528
225926
216373
219506
210486
225971
187562
195237
201346
193297
195243
187582
201356
171557
165174
177566
170748
171572
165182
177554
148981
143743
154621
149053
148973
143781
154633
127210
123054
132716
128230
127168
123116
132754
96919.2
112769
104325
107740
96764.3
112955
104021
335149
373460
362846
353205
335200
373931
363616
300985
342372
326647
320424
301700
343661
328708
270233
306000
290598
287738
270248
306660
290759
239009
271388
256657
256246
238875
271778
256861
211143
239793
226425
226525
211018
240021
226522
183476
209133
196096
198564
183377
209127
196053
157571
180181
168261
171603
157382
180131
168129
133078
153296
141878
146487
132907
153336
141807
81693.1
97414.3
101399
75277.4
81680.6
97535.9
101943
83947.1
103238
101712
83027.6
84192.4
103424
101780
86826.6
102111
99822.5
84355.7
87058.9
102127
100160
83185.6
99680.6
95332.9
84591.4
83270.8
99604.3
95395.7
79212.8
93402.4
88759.4
80291.8
79104.2
93351.5
88642.2
72124.8
86957.6
80624.8
75155.2
72112.2
86796
80526.1
65637.7
78249.7
72080.4
68106.9
65737
78156.8
72248.4
57742.9
69815
62509.9
60750.3
57823.2
69603.5
62436.1
124630
162455
154223
132362
125187
162327
154465
131541
118243
133105
118415
131569
118213
133240
129020
118507
130784
118915
128986
118679
130809
123513
115103
125863
115575
123583
115143
125914
116465
109474
119281
111066
116454
109618
119345
107891
102045
110782
103303
107925
102034
110808
98709.3
93729.7
101945
95576.8
98769.8
93711.7
101961
88181.7
84082
91957.4
86008.8
88413.7
83930.6
91912.1
76831.4
73560.5
80912.9
76045.6
76860.8
73586.9
80861.7
61322.7
73404.7
65013.7
64954.1
61220.9
73490.1
64955.7
181194
219514
211368
191171
181418
220251
211897
185029
171215
187932
175294
184891
171257
188468
174093
162762
176993
165326
174042
162829
177130
162244
152435
165194
155124
162190
152485
165236
149592
141074
152751
144130
149527
141157
152812
136124
128884
139455
131981
136089
128907
139502
122454
116504
125875
119628
122480
116493
125857
108941
104047
112291
107179
108963
104048
112281
95469.7
90903.7
98786.7
94377.1
95426.6
90848.9
98831.2
72502.2
88332.3
78875
80474.9
72620.7
88594.4
78935.4
239724
283110
271691
252931
239996
282978
271969
239275
224863
243875
231187
239007
225073
244617
220877
208840
225505
213209
220806
208899
225634
202526
192198
206995
196377
202476
192251
207018
184261
175377
188727
179667
184162
175466
188818
165495
158016
170156
162489
165434
158095
170238
146590
140581
151277
144873
146637
140518
151241
128630
123662
133051
127778
128645
123632
133006
111299
107310
115541
111437
111235
107380
115599
86069.8
101214
91564.4
95444.9
85937.9
101592
91821
299803
351475
340274
316657
299434
350993
339882
296304
280741
304791
290143
295893
281150
305000
269988
257393
276832
263670
269907
257497
276996
244674
233850
251108
239820
244648
233865
251202
219623
210602
226091
216547
219595
210637
226151
195158
187602
201371
193367
195188
187591
201367
171416
165131
177484
170665
171462
165079
177438
148957
143846
154649
149123
148973
143849
154642
127296
123263
132828
128378
127299
123277
132822
97259.5
113402
104827
108625
97365.3
113722
104946
335795
375109
364703
353680
335996
375861
365091
302774
344914
330250
320859
303046
345243
330705
269944
307308
291001
287863
270028
307784
291497
238789
272943
257498
256528
239206
273333
258231
210787
240408
226776
226579
210602
240703
226777
183288
209170
196168
198603
183280
209520
196526
157128
180109
168023
171775
156803
180001
167909
133188
153462
142228
146901
133318
153651
142366
131770
118984
131118
120148
118909
131078
131785
144614
146444
157613
158527
146337
157605
144618
143831
143043
156218
154844
142977
156207
143877
131801
118354
119492
132394
119471
132243
131775
131709
120023
118761
130882
118819
130974
131671
144543
158539
146616
157516
146325
157533
144549
143757
154782
142813
156108
142899
156142
143713
129166
118063
127540
118064
118080
127548
129151
140899
142159
151786
153387
142126
151776
140913
139535
137676
149890
147737
137707
149915
139514
129784
119136
119530
130854
119598
130899
129763
129166
118010
118009
127482
118055
127522
129158
140884
153347
142052
151785
142079
151767
140886
139557
147774
137744
149979
137731
149942
139577
123317
114328
121072
113559
114310
121049
123317
133890
135950
142969
145413
135970
142990
133891
131874
129507
140538
137953
129500
140544
131878
124579
116458
116124
126539
116196
126578
124535
123288
113482
114151
120956
114228
121009
123244
133879
145460
135992
143045
135990
143023
133861
131862
137956
129468
140566
129490
140556
131842
115120
107276
112482
105952
107244
112453
115140
124773
127350
132590
135322
127342
132595
124780
122373
119795
129833
127066
119782
129838
122382
116927
111318
109912
119468
109973
119509
116869
115083
105892
107104
112367
107166
112411
115045
124762
135332
127302
132602
127325
132600
124745
122363
127070
119747
129862
119764
129850
122352
106231
99508.9
103559
98308.2
99498.4
103553
106243
114825
117399
121509
124287
117391
121507
114837
112359
109810
118719
115932
109793
118715
112368
108042
103387
102227
110658
102254
110682
108012
106210
98277.8
99441.8
103508
99468.9
103533
106191
114809
124295
117371
121517
117380
121509
114797
112348
115928
109756
118728
109775
118718
112341
97058.1
91085.7
94260
89635.4
91074.4
94249.8
97087.2
104688
107359
110322
113134
107350
110299
104707
102109
99547.7
107458
104596
99510.5
107446
102099
98990.1
95631.9
94135.7
101733
94163.1
101749
98949.7
97030.5
89598.1
91001.8
94193.6
91043.9
94223.8
96991.3
104658
113129
107320
110272
107334
110282
104633
102098
104572
99460.8
107415
99490.7
107427
102079
87253.4
82059.9
84168.5
80431.7
82038.8
84151.4
87270.3
94293.2
97118.2
98983.9
101755
97078.9
98961.6
94299.1
91590.5
88696.1
96067.2
93025.1
88692.4
96039.8
91595.2
89466.6
86795.7
85289.1
92351.2
85338.1
92392.2
89433.6
87230.9
80398
81970.8
84107
82015.5
84129.9
87203.8
94262.5
101750
97001.4
98917.6
97044.9
98942
94230.4
91578.1
93018.2
88664.6
95979.2
88685.1
96006.8
91546.2
75708.1
70783
71252.5
68165.9
70740.4
71186.6
75791.2
82786.3
85942.6
86877.9
89945.4
85936.7
86890.7
82794.8
79746
76435
83605.8
80236.2
76406.3
83621.9
79753.8
78407.2
76928.3
74548.5
81889.8
74637.5
81915.2
78365.9
75635.9
68147
70624
71090.1
70689.4
71140.8
75565.1
82789.2
89953.1
85925.2
86911.2
85933.4
86905.1
82786.9
79738.9
80219.9
76200.4
83672.8
76292.8
83661.1
79715.4
181208
168605
178836
166890
168581
178842
181217
196083
199307
209113
212164
199343
209211
195982
193507
190749
206082
202870
190787
206135
193467
183287
172193
170123
185342
170105
185028
183359
181191
166832
168487
178864
168522
178844
181201
196073
212095
199666
209402
199286
209235
196164
193509
202927
190879
206292
190818
206161
193574
170967
160384
168009
157843
160416
168039
170934
184852
187858
196038
199536
187886
196080
184816
181703
178325
192526
188902
178367
192550
181659
173711
164889
162786
176384
162765
176337
173764
171012
157877
160506
168109
160461
168075
171062
184885
199614
187990
196262
187916
196162
184962
181755
188941
178461
192658
178412
192595
181809
158430
149408
155062
146498
149425
155103
158387
171290
174864
180987
185061
174901
181036
171237
167574
163721
176836
172753
163795
176917
167509
161789
155153
152367
165029
152329
164997
161836
158489
146521
149492
155240
149458
155168
158552
171350
185105
174992
181188
174943
181107
171410
167658
172891
164009
177142
163900
177025
167743
144962
137367
141527
134328
137392
141592
144903
156290
159932
164456
168613
160022
164561
156194
152574
148768
160452
156501
148880
160525
152475
148457
143533
140536
151893
140498
151811
148552
145052
134369
137477
141798
137432
141689
145154
156418
168785
160264
164933
160143
164733
156548
152715
156673
149206
160890
149037
160683
152865
131572
125139
128263
122131
125159
128314
131517
141582
145054
148414
152459
145180
148566
141459
138008
134320
144498
140732
134451
144626
137885
134980
131293
128296
138408
128246
138296
135088
131661
122158
125249
128486
125201
128395
131761
141751
152650
145534
148904
145351
148718
141938
138184
140899
134830
144971
134629
144780
138385
118371
112910
115008
109774
112900
115015
118346
127374
130797
132766
136824
130911
132926
127282
123800
120143
128956
125250
120204
129102
123724
121773
119090
116033
125164
116012
125084
121846
118415
109772
112908
115086
112898
115045
118471
127504
137003
131245
133370
131069
133137
127656
123903
125423
120391
129504
120287
129299
124030
104855
100462
101427
97274.9
100444
101453
104857
112953
116555
117429
121388
116594
117524
112927
109316
105732
113597
109853
105728
113675
109294
108239
106647
103533
111673
103527
111640
108269
104864
97266.9
100434
101490
100437
101466
104885
113005
121539
116738
117803
116658
117653
113070
109362
109948
105785
113918
105752
113787
109419
91061.7
87257.8
87368
83790.7
87271.8
87437.5
91060.1
98410.1
102070
102307
106087
102106
102318
98429.8
94817.6
90938.9
98471.1
94703.1
90999.3
98423.2
94856.6
94641.2
93990.2
90621.8
98056.8
90623.7
98052.9
94637.1
91080.1
83772.7
87328.4
87519.3
87316.7
87431.9
91055.5
98427.9
106141
102141
102400
102119
102343
98437.6
94818.8
94749.8
90973.5
98420.3
90939.3
98418.4
94808.3
231501
218516
227218
215028
218595
227320
231375
248560
253977
262554
267639
254048
262687
248391
244164
239480
257671
252506
239589
257781
244038
235551
226079
222221
239620
222016
239241
235838
231616
215105
218829
227676
218674
227461
231865
248731
267832
254520
263115
254148
262826
249040
244334
252686
239999
258197
239761
257941
244601
214549
203503
210004
199438
203548
210084
214463
230189
234821
241720
247281
234946
241882
230045
225406
220386
236355
231318
220552
236562
225250
219040
211455
207728
223495
207620
223298
219205
214680
199505
203703
210334
203610
210200
214833
230395
247480
235378
242369
235142
242108
230626
225625
231532
220976
237067
220762
236800
225849
196046
186266
191367
181888
186366
191360
195962
210716
215484
221057
226156
215634
220999
210593
205811
200877
215855
210927
200947
215902
205847
200902
195287
191040
205749
190928
205603
201058
196173
182020
186637
191592
186497
191444
196332
210878
226305
216034
221327
215827
221119
211079
205923
210959
201185
216180
201046
216018
206105
177515
168533
172983
164474
168708
172997
177517
191291
196158
200569
205791
196191
200572
191301
186396
181552
195375
190156
181549
195373
186400
182197
177567
173335
186892
173143
186774
182272
177630
164604
169032
173176
168851
173106
177710
191336
205826
196292
200646
196220
200607
191392
186450
190148
181633
195407
181569
195382
186496
159533
152055
155160
147813
151951
155079
159623
171803
176659
179577
184890
176657
179614
171831
166998
162214
174354
169154
162200
174377
167008
163984
160409
156272
168633
156175
168516
164077
159487
147781
152069
154975
151983
155005
159520
171790
184889
176677
179601
176647
179617
171784
166948
169160
162055
174388
162114
174393
166906
141542
135116
137159
130665
135003
137028
141666
152523
157377
158847
163991
157355
158842
152556
147677
142909
153724
148581
142872
153709
147714
145887
143544
139412
150386
139335
150472
145810
141327
130767
135174
136748
135059
136824
141258
152394
163971
157178
158740
157250
158825
152294
147544
148541
142554
153572
142729
153677
147403
123271
117822
118853
113920
117948
118606
123522
133232
138072
138486
143513
138045
138461
133275
128472
123755
133437
128398
123709
133406
128503
127642
126544
122537
132200
122340
132256
127625
123082
114107
118380
118659
118172
118564
123114
133078
143479
137682
138312
137891
138429
132890
128256
128313
123360
133211
123478
133354
128077
105459
101952
101240
97933
101990
101324
105368
114061
118896
118393
123393
118823
118335
114230
109200
104969
113305
108016
105044
113236
109413
109769
110052
106134
114233
106041
114110
109906
105503
97928.3
102074
101387
102026
101317
105588
113888
123302
118545
118074
118607
118209
113901
109181
107977
105042
113144
105022
113158
109235
285301
270621
278918
265273
270792
279014
285177
306664
318164
323821
329689
318080
323872
306865
300814
292852
315143
308321
292878
315125
300850
291259
282169
276406
297713
276079
297533
291580
285525
265479
271348
279433
271040
279193
285843
306624
329778
318090
324065
318026
323879
306800
300894
308445
293191
315376
292991
315147
301102
260493
248100
254390
242544
248212
254376
260537
279566
287025
293270
299760
287019
293320
279605
273455
266340
284866
279172
266344
284927
273535
266751
259957
254365
273362
254127
273139
266937
260550
242664
248637
254582
248393
254425
260742
279564
299884
287266
293589
287088
293398
279671
273428
279225
266381
285061
266344
284968
273499
237020
226327
231012
220834
226360
231013
237028
253985
260789
265927
271424
260784
266052
254004
248235
241277
258364
252622
241338
258476
248205
242883
237146
231893
248844
231722
248680
243026
237100
220915
226502
231258
226400
231123
237242
254032
271577
260900
266243
260814
266153
254083
248374
252670
241453
258549
241426
258553
248480
213282
204244
207239
198661
204253
207246
213290
228449
235621
238432
244745
235588
238502
228532
222447
215441
230394
224583
215440
230400
222464
219218
215417
209859
225368
209823
225289
219235
213255
198649
204262
207164
204254
207226
213247
228443
244893
235708
238594
235652
238564
228450
222435
224551
215381
230443
215410
230402
222412
189595
181816
183408
176250
181891
183493
189549
203122
209983
211493
217104
209973
211545
203123
197517
190544
204001
198579
190600
204039
197544
195457
193093
187491
201396
187492
201433
195438
189598
176313
181939
183569
181932
183554
189572
203142
217058
209909
211555
209963
211526
203079
197484
198606
190633
204044
190615
204026
197439
165923
159761
160052
154311
159754
160047
165919
178011
185034
185327
191215
185107
185420
177931
172492
165608
177907
172298
165622
177946
172447
171688
170787
165190
177777
165197
177766
171737
165950
154286
159724
160093
159751
160061
165980
178137
191211
185137
185523
185141
185462
178196
172564
172428
165811
177999
165708
177955
172592
143417
138403
137787
133116
138383
137774
143431
153956
160476
160053
165469
160521
160149
153945
148790
142298
153145
148080
142328
153211
148745
148871
148955
143549
154581
143619
154565
148879
143415
133092
138289
137799
138362
137786
143415
154042
165514
160691
160450
160614
160298
154178
148879
148278
142614
153389
142445
153278
148972
121385
117449
115835
112742
117369
115656
121392
131317
137395
137155
141594
137469
137111
131311
126228
120052
129874
124229
120030
129945
126359
126857
127898
122599
132471
122667
132448
126890
121426
112577
117207
115453
117266
115543
121414
131413
141662
137684
137050
137585
137089
131492
126186
124236
119912
129891
119969
129971
126167
131704
118621
130816
119781
131655
118626
130814
144588
146335
157491
158925
144511
146664
157611
143772
142776
156108
154731
143710
142790
156181
131699
117824
119267
132435
119236
132237
131730
131747
119655
118554
130795
118552
130799
131807
144601
158868
146844
157763
146556
157649
144695
143838
154782
142870
156375
142824
156261
143932
129046
117921
127406
117653
129111
117802
127312
140860
142037
151785
153386
140870
142061
151806
139530
137714
149989
147786
139562
137659
149981
129592
118819
119010
130809
119157
130822
129498
128957
117503
117530
127069
117675
127194
128856
140828
153425
142101
151784
142083
151804
140779
139469
147738
137483
149890
137578
149947
139386
123109
114036
120884
113206
123178
113923
120809
133772
135963
143049
145494
133823
135913
143036
131764
129439
140567
137951
131807
129402
140560
124292
116014
115652
126203
115772
126298
124192
123030
113096
113691
120646
113801
120725
122955
133711
145462
135770
142974
135845
143009
133644
131715
137940
129322
140523
129363
140544
131664
114968
107016
112319
105720
115005
106945
112276
124707
127282
132605
135350
124726
127260
132609
122327
119730
129874
127096
122338
119716
129885
116688
110973
109596
119270
109660
119313
116642
114935
105659
106821
112206
106877
112237
114909
132638
124690
135353
127225
127238
132620
124677
129918
122317
127109
119700
119706
129899
122311
106161
99405.8
103481
98192.4
106173
99380.1
103459
114781
117363
121530
124340
114787
117359
121546
112339
109743
118743
115956
112338
109736
118764
107938
103208
102105
110587
102123
110597
107925
106154
98163.9
99338.3
103431
99352.5
103441
106154
121593
114780
124361
117363
117358
121567
114786
118822
112346
115980
109748
109738
118790
112360
96922.9
90959.4
94151.9
89467.5
96954.2
90920.4
94113.2
104609
107312
110274
113159
104616
107312
110288
102066
99433.9
107417
104557
102069
99414.6
107431
98865.9
95510.2
94009.9
101707
94033.6
101703
98853.8
96898.6
89419.9
90843.7
94042.5
90875.8
94075.8
96883.5
104611
113186
107336
110346
107319
110313
104622
102070
104574
99397.1
107486
99401.9
107455
102081
87126.7
81911.3
84072.9
80191.6
87165.7
81846.3
84027.1
94163.3
96968.1
98902.5
101746
94196.7
96941.7
98892.8
91479.8
88637.5
95957.6
92951.9
91508.2
88605.6
95947.2
89300.2
86607.4
85122.8
92201.8
85159.6
92234.6
89263.6
87086.9
80078.3
81707.3
83908
81775.6
83971.6
87031.9
94136.1
101757
96909
98896.2
96921.2
98891.8
94117.4
91456.4
92945
88555.5
95946.9
88577.6
95943.8
91436.5
75396.1
70580.7
71058.4
68081.8
75483.1
70535.7
71007.1
82747.8
85910.1
86913.9
89919.9
82773.1
85889.1
86914.1
79634.5
76070.4
83683.5
80242.9
79682.6
75915.7
83686.4
78125.4
76589.2
74192.9
81719.9
74278.2
81784
78008
75290.5
68095
70431.4
70945.4
70485.6
71002.2
75216
82712.7
89921
85850
86919.6
85868.6
86916.8
82664.1
79583.5
80263.7
75565.4
83695.1
75742.9
83691.2
79491.2
181266
168474
178865
166778
181201
168528
178899
196337
199588
209475
212723
196181
199984
209679
193705
190899
206382
203231
193612
190956
206528
183556
172596
170379
185876
170250
185517
183702
181329
166797
168699
178966
168599
178923
181425
196425
212763
200416
210004
200039
209802
196590
193799
203332
191084
206822
191007
206664
193921
171107
160532
168137
157929
171093
160528
168155
185059
188024
196335
199880
185015
188072
196402
181881
178504
192716
189108
181848
178542
192786
173866
164938
162830
176506
162839
176470
173881
171113
157913
160481
168166
160513
168165
171112
185091
199960
188184
196522
188120
196459
185120
181908
189162
178602
192916
178574
192853
181933
158662
149521
155311
146605
158610
149543
155378
171532
175039
181274
185290
171471
175086
181362
167905
164111
177260
173321
167826
164204
177378
161943
155215
152411
165109
152414
165098
161969
155504
158709
146625
149567
149558
155442
158753
171590
185353
175166
181531
175128
181448
171644
164366
167979
173458
177604
164288
177493
168048
145368
137523
141911
134513
145261
137568
142020
156763
160372
165142
169288
156665
160459
165355
153131
149367
161110
157353
153006
149510
161328
140683
152242
148996
148872
143668
140648
152152
137652
142228
145579
145473
134560
137610
142125
160539
165592
156872
156838
169419
160520
165573
149719
161611
153293
153230
157548
149627
161527
131947
125300
128579
122290
131859
125353
128666
142278
145706
149112
153296
142116
145858
149300
138782
135040
145188
141624
138586
135255
145378
128516
138820
135466
135383
131502
128462
138725
125473
128853
132087
132024
122348
125409
128766
146093
149663
142562
142423
153463
145985
149440
135748
145912
139183
138974
141859
135477
145504
118619
112932
115148
109831
118542
112969
115214
127974
131429
133604
137724
127813
131615
133830
124300
120504
129711
125985
124162
120623
129912
125561
122115
119268
116219
116160
125456
122213
118702
109872
113074
115355
113017
115279
118788
132006
128137
137953
134277
131803
134050
128304
124440
126159
120863
130295
120743
130107
124577
104958
100443
101519
97256.6
104916
100456
101555
113239
116832
117954
122042
113151
116933
118097
109566
105833
114044
110265
109489
105892
114167
108427
106737
103636
111913
103601
111844
108490
105006
97270.3
100500
101649
100475
101599
105060
113332
122197
117140
118359
117037
118234
113423
109646
110366
106025
114391
105957
114283
109726
91075.4
87351.9
87541.6
83782.9
91068.1
87361.9
87607.2
98489.8
102173
102464
106364
98457.1
102218
102529
94833.4
90939.3
98448.1
94792.6
94817
90973.1
98508.6
94714.4
93999.7
90658.5
98179.1
90638.5
98138.5
94757.7
91093.3
83771.7
87388.3
87680.5
87375.3
87662.6
91125.5
98533.6
106442
102333
102662
102273
102595
98587
94864.3
94816.2
91040
98623.4
91012.8
98543.3
94907.8
232300
218964
227858
215508
232056
219143
228070
249612
254680
263396
268965
249271
255138
263767
245152
240240
258474
253472
244849
240504
258809
236521
227146
223028
240795
222783
240345
236811
232529
215652
219517
228476
219322
228271
232772
249907
269316
255932
264505
255419
264108
250261
245455
253773
241044
259482
240772
259136
245773
215132
203796
210470
199782
214982
203901
210614
231086
235620
242639
248256
230858
235868
242913
226281
221189
237342
232305
226070
221394
237616
219670
211922
208111
224216
208013
224038
219821
215269
199875
204090
210873
203999
210747
215399
231309
248542
236359
243444
236115
243181
231525
226486
232555
221772
238135
221588
237881
226682
196668
186782
191756
182473
196500
186928
191922
211489
216244
221559
227045
211286
216450
221792
206506
201351
216374
211325
206305
201530
216575
201516
195676
191507
206293
191394
206165
201657
192245
196832
182609
187215
187072
192085
196991
211683
227287
216829
222225
216646
222016
211866
201890
206702
211485
216961
201711
216773
206889
178002
169265
173281
165223
177832
169531
173444
191603
196417
200705
206097
191481
196572
200784
186648
181668
195445
190200
186558
181722
195499
174053
187344
182783
182691
178154
174022
187285
170106
173850
178368
178189
165498
169837
173638
196918
200966
191899
191745
206221
196741
200874
181903
195639
186883
186761
190244
181805
195566
159700
152196
155034
148216
159592
152357
155140
171865
176722
179625
184927
171850
176771
179648
166934
162044
174383
169116
166936
162023
174392
157132
169258
164670
164433
161158
156788
169031
152966
155602
160147
159876
148414
152492
155320
176927
179719
171963
171897
184964
176840
179678
162062
174441
166992
166946
169128
162023
174408
141344
135342
136758
131332
141269
135533
136840
152222
157138
158653
163884
152252
157106
158638
147341
142521
153469
148299
147363
142511
153446
150785
146010
144173
140164
139949
150607
146163
141468
131519
135916
137103
135724
136965
141611
157149
152228
163879
158642
157105
158630
152278
147359
148303
142625
153462
142543
153443
147417
123359
118569
118794
114573
123222
118734
118935
132904
137649
138226
143242
132870
137671
138186
128133
123361
133145
128092
128088
123425
133132
127979
127310
123237
132604
123087
132465
128116
123498
114701
119018
119195
118883
119070
123630
132992
143240
137839
138237
137746
138193
133092
128224
128151
123634
133221
123524
133162
128336
105764
102116
101450
98086.2
105673
102169
101481
114104
118598
118080
123114
113989
118696
118140
109422
105107
113190
108042
109319
105148
113261
110301
110548
106503
114752
106416
114635
110408
105850
98182.8
102304
101565
102222
101567
105949
114227
123192
118931
118330
118811
118233
114347
109527
108177
105300
113436
105266
113341
109645
286562
271687
279710
266346
286186
272053
280021
307417
318030
324219
330325
307069
318159
324595
301694
293448
315595
309398
301367
293754
316029
292720
283748
277998
299579
277561
298979
293149
286943
266671
272815
280679
272425
280346
287335
307761
330419
318571
325313
318285
324898
308136
302031
309659
294390
316690
294068
316295
302393
261237
248913
254781
243449
260970
249204
255012
280099
287492
293792
300834
279861
287770
294142
273901
266504
285222
279481
273680
266669
285488
267698
261089
255503
274562
255209
274238
267984
261515
243724
249784
255495
249496
255251
261797
280356
301136
288383
294681
288069
294374
280626
274139
279639
267067
285981
266859
285703
274394
237504
226668
231349
221257
237380
226846
231432
254235
261000
266299
271882
254139
261131
266424
248523
241443
258524
252673
248494
241442
258566
243460
238159
232754
249662
232549
249448
243620
237618
221381
227191
231584
227022
231513
237737
254350
271993
261437
266656
261276
266507
254485
248575
252658
241489
258670
241457
258589
248652
213260
204309
207149
198652
213249
204345
207149
228395
235697
238582
244940
228421
235681
238598
222362
215361
230453
224584
222382
215339
230471
210101
219293
215788
225650
210041
225577
219325
204423
213276
198673
207140
204381
207144
213297
228382
244930
235694
238598
235680
238583
228379
222355
224553
215296
230453
215317
230454
222353
189507
181933
183565
176300
189536
181924
183520
202992
209855
211572
217164
203032
209813
211610
197324
190554
204027
198510
197381
190501
204075
187489
195330
193101
201334
187484
201340
195310
181915
189480
176287
183434
181918
183477
189455
202945
217160
209745
211617
209777
211601
202900
197273
198463
190386
204063
190445
204066
197225
165964
159679
160104
154170
165981
159663
160103
178182
185105
185492
191146
178227
185026
185515
172516
165855
177952
172621
172574
165853
177912
171700
170739
165128
177666
165139
177695
171670
165931
154165
159640
160061
159647
160080
165905
178123
191129
184883
185448
184951
185468
178062
172460
172569
165806
177900
165836
177895
172410
143385
138206
137794
132941
143389
138195
137807
154258
160688
160518
165635
154266
160658
160563
148961
142725
153438
148536
148983
142721
153485
148875
148821
143511
154547
143479
154543
148883
143396
132967
138252
137844
138214
137823
143419
154227
165604
160575
160502
160618
160515
154196
148934
148457
142670
153431
142695
153447
148903
121475
117229
115429
112524
121438
117284
115428
131460
137719
136916
141775
131496
137688
136814
126055
119856
129777
124108
126115
119810
129676
126930
127779
122696
132530
122632
132499
126957
121516
112602
117422
115484
117345
115479
121562
131420
141709
137590
136641
137637
136692
131389
126001
124054
119742
129522
119784
129563
125968
131868
118479
130768
119408
131829
118474
130733
144805
146704
157839
159546
144697
147011
157959
144091
142899
156480
154947
144008
142913
156590
131679
117636
119030
132649
119035
132385
131676
131888
119276
118414
130621
118410
130680
131909
144825
159465
147280
158151
146923
158038
144883
144150
154977
142892
156767
142908
156679
144208
128668
117400
126939
117057
128756
117266
126820
140612
142103
151743
153496
140701
142087
151678
139214
137385
149824
147532
139293
137292
149766
129171
118581
118514
130667
118613
130696
129092
128592
116952
117094
126633
117170
126717
128540
140534
153491
142040
151563
142062
151614
140466
139143
147467
137133
149652
137207
149708
139086
122818
113579
120567
112821
122882
113492
120498
133512
135692
142936
145317
133577
135619
142897
137904
131567
129282
140502
131614
129243
140481
123913
115515
115297
125895
115359
125951
123841
122762
112733
113351
120372
113403
120429
122718
133453
145271
135498
142831
135552
142861
133401
137896
131526
129182
140449
129208
140463
131491
114877
106773
112181
105539
114889
106740
112164
132659
135367
132675
124658
127215
124666
127199
129940
127177
129964
122312
119700
122310
119704
116534
110719
109408
119173
109431
119193
116511
114871
105511
106705
112145
106713
112151
114876
135373
132689
132684
124650
127177
127185
124643
127198
129996
129982
122315
119712
119709
122319
106171
99321.8
103427
98121.3
106159
99322.2
103429
121626
124450
121662
114811
117374
114796
117389
118860
116093
118901
112404
109765
112379
109788
107918
103125
102080
110615
102073
110598
107923
106185
98106.2
99326.8
103441
99315.3
103434
106205
124478
121717
121693
114827
117419
117404
114843
116131
118967
118937
112429
109837
109812
112456
96872.3
90806.5
94011.3
89290.3
96875
90780.7
93983.5
113308
104661
107359
110387
104639
107389
110419
102117
99399.1
107522
104662
102096
99405.5
107561
98847.4
95473.2
93923.2
101779
93940.9
101754
98849.7
96872.5
89226.3
90722.6
93932.5
90749.7
93957.5
96877.7
113349
104687
107456
110500
107421
110462
104714
102141
104698
99419.9
107642
99412.9
107601
102168
86950.1
81627.6
83827.5
79724.3
86993.8
81538.3
83715.3
94098.3
96904.6
98909.6
101830
94104
96906.4
98926.1
91419
88538.3
95951.9
92973.8
91422.4
88527.8
95962.7
89163.2
86437.9
84843.7
92146.9
84946
92153.8
89101.5
86897.8
79586.4
81304.1
83414.5
81432.2
83573.5
86829.6
94101.4
101861
96921.5
98964.3
96911.7
98943.6
94110.9
91428.8
93004.7
88504.1
96011
88520.7
95980.5
91441.6
75066.4
70387.3
70955.4
68006.3
75141.4
70317.2
70886.2
82545.6
85815.8
86930.2
89969.8
82609.6
85799.3
86948.6
79279
75478.5
83692.9
80060.6
79392
75334.9
83689.6
77537.4
76215.6
73917.9
81305.1
74001.1
81417.9
77401.6
74985.7
68010.4
70158.9
70768.2
70260.1
70871.8
74914.5
82450.2
90010.6
85687.5
86979.8
85763.2
86972
82310.1
79143.4
79987.2
75222.2
83585.7
75313.6
83643
79020.1
181634
168799
179020
166928
181521
168908
179084
196885
200464
210153
213585
196710
200869
210358
194195
191170
206982
203682
194051
191261
207148
184042
173403
170809
186738
170686
186320
184190
181746
166967
169110
179216
169009
179149
181865
197026
213728
201411
210737
200993
210530
197201
194337
203800
191441
207485
191351
207315
194486
171097
160443
168161
157807
171105
160401
168155
185186
188245
196588
200229
185151
188306
196655
181980
178626
192975
189316
181956
178648
193032
173896
164999
162703
176659
162733
176620
173903
171090
157769
160322
168141
160358
168148
171086
185222
200325
188438
196786
188370
196722
185260
182003
189360
178689
193130
178669
193084
182025
155567
146683
155631
158834
149575
158794
149582
171743
175200
181611
185527
171694
175232
181686
164448
174051
164547
168185
177722
168116
177843
162031
155134
152381
165128
152387
165124
162050
146703
155725
155685
158870
149600
149590
158901
171788
185577
175291
181806
175262
181750
171830
174157
164697
164633
168247
177971
177926
168301
118945
113135
115435
110022
118872
113184
115506
132229
138770
132433
128616
134495
128471
134681
124818
120975
130459
126567
124713
121067
130588
119528
125849
125826
122450
116422
116389
122474
118999
110072
113281
115604
113233
115566
119032
138906
132491
132524
128682
134753
134758
128683
124877
126622
121142
130679
121109
130649
124893
105171
100531
101701
97341.1
105116
100565
101754
113580
117234
118466
122552
113507
117312
118549
109868
106093
114484
110623
109800
106159
114561
108673
106924
103805
112152
103761
112103
108727
105227
97369.3
100637
101867
100600
101809
105281
113639
122610
117410
118651
117369
118608
113688
109928
110688
106281
114672
106222
114622
109980
91222.9
87410.8
87772.7
83825.9
91163.8
87447.6
87767.8
98716.6
102397
102732
106661
98649.9
102462
102801
95025.8
91160.6
98677.4
94892.8
94963.4
91178.8
98768.2
94922.3
94129.1
90852
98385.5
90782.8
98327.9
94997.9
91298
83950.8
87551.3
87880.8
87495.3
87896.4
91409.5
98790.2
106725
102597
102951
102528
102872
98874.4
95101.7
95049.4
91418.9
98964.4
91380.4
98843.9
95207.4
233250
219718
228673
216110
233010
219926
228867
250923
256243
264868
270819
250573
256793
265261
246392
241308
259821
254660
246082
241563
260164
237580
228445
223929
242183
223691
241704
237853
233485
216263
220342
229228
220134
229051
233716
251236
271231
257717
265978
257160
265617
251559
246689
254931
242029
260804
241804
260490
246976
215637
204175
210989
200125
215522
204256
211096
231926
236595
243697
249378
231732
236822
243935
227041
221943
238375
233218
226868
222101
238599
220228
212410
208478
224861
208392
224712
220346
215743
200194
204401
211281
204332
211193
215841
232107
249630
237232
244359
237034
244157
232272
227200
233402
222369
238990
222243
238804
227343
192412
183220
192585
197289
187368
197144
187525
212187
216998
222418
227916
212034
217151
222593
202063
211930
202225
207223
217137
207065
217296
202021
196019
191877
206712
191802
206622
202118
183304
192816
192710
197406
187683
187625
197508
212323
228088
217408
222886
217288
222749
212442
212055
202471
202361
207358
217564
217438
207474
141887
136088
137240
131983
141755
136231
137360
157210
163952
157280
152440
158669
152351
158706
147592
142717
153496
148430
147505
142810
153541
144833
151301
151270
146561
140660
140594
146613
141973
132047
136346
137499
136307
137445
142025
163988
157457
157364
152522
158792
158749
152592
147674
148487
142959
153639
142892
153590
147740
123845
119132
119306
115003
123747
119220
119399
133294
137938
138299
143388
133195
138034
138369
128541
123743
133294
128398
128440
123850
133371
128434
127786
123579
132983
123527
132929
128492
123930
115074
119337
119550
119284
119477
123996
133380
143452
138185
138509
138117
138440
133453
128629
128480
124025
133521
123946
133448
128704
106129
102380
101692
98318.3
106028
102465
101675
114568
119045
118433
123463
114465
119152
118530
109858
105446
113523
108359
109746
105449
113624
110687
110896
106822
115110
106746
115028
110766
106209
98515.4
102645
101826
102540
101850
106319
114667
123546
119336
118719
119242
118629
114754
109947
108663
105611
113822
105645
113716
110055
288106
273205
281007
267656
287723
273593
281325
308880
318810
325617
331712
308497
319278
326014
303107
294698
316981
310540
302748
294995
317345
294376
286127
279667
301956
279269
301264
294763
288474
267962
274319
281901
273966
281625
288822
309239
332174
320304
326629
319710
326316
309583
303451
310754
295506
317946
295265
317636
303782
262341
250061
255733
244476
262074
250323
255963
281153
288691
294908
302060
280893
288993
295165
274906
267282
286200
280289
274651
267495
286444
268803
262319
256558
275770
256322
275493
269044
262594
244691
250788
256381
250566
256180
262830
281397
302313
289549
295582
289280
295379
281622
275155
280494
267892
286898
267700
286671
275394
221732
237975
227350
231654
237857
227498
231726
254735
261609
266766
272530
254608
261787
266926
248830
241530
258727
252748
248736
241579
258826
244077
239039
233429
250441
233286
250263
244211
221836
238087
227752
231864
227632
231797
238192
254856
272701
262144
267188
261967
267051
254971
248927
252766
241671
258992
241627
258901
249014
204466
198757
204512
213348
207139
213321
207142
228393
235717
238585
244989
228385
235747
238591
222359
215280
230421
224488
222355
215268
230410
216150
210364
210293
219436
225875
225822
219474
198797
204632
204568
213377
207163
207150
213408
228402
244998
235816
238557
235779
238573
228408
222367
224451
215251
230360
215259
230377
222378
181917
176271
181920
189412
183394
189432
183360
202831
209716
211593
217143
202861
209695
211596
197143
190334
204012
198363
197181
190291
203991
193194
187541
187520
195256
201335
201328
195249
176273
181934
181925
189396
183309
183332
189384
202805
217115
209677
211554
209682
211567
202782
197111
198305
190217
203915
190253
203940
197085
165884
159646
160052
154219
165891
159660
160050
177965
184823
185393
191081
178008
184775
185379
172337
165779
177859
172471
172369
165760
177852
170726
171600
165160
177580
165145
177596
171586
165882
154250
159702
160058
159680
160053
165881
177930
191039
184710
185313
184738
185336
177900
172314
172431
165735
177802
165746
177815
172299
143472
138300
137869
133135
143444
138353
137898
154158
160538
160449
165565
154172
160513
160442
148859
142654
153362
148315
148876
142646
153343
148932
148945
143697
154604
143649
154585
148953
143498
133196
138461
137953
138407
137927
143523
154149
165533
160494
160392
160498
160404
154141
148852
148260
142636
153285
142642
153298
148854
121661
117494
115607
112731
121605
117582
115616
131366
137558
136572
141611
131373
137544
136556
125960
119781
129472
124038
125954
119746
129471
127075
128030
122982
132677
122914
132637
127117
121714
112901
117753
115786
117661
115787
121780
131371
141588
137556
136520
137545
136528
131378
125978
124116
119766
129488
119806
129472
126015
131933
118311
130550
118962
131913
118348
130486
144928
147128
158212
160342
144886
147563
158312
144289
142870
156838
155030
144246
142851
156911
131616
117892
118646
133175
118650
132834
131617
131948
118844
118387
130351
118305
130417
131971
144924
160319
147928
158468
147500
158375
144933
144321
155050
142821
157044
142833
156975
144355
128521
117061
126564
116781
128515
117071
126517
140376
142026
151525
153495
140413
142024
151503
139017
137074
149607
147322
139042
137029
149578
128972
118590
118473
130733
118415
130686
128975
128559
116775
117251
126479
117119
126486
128640
140357
153519
142050
151520
142030
151500
140361
139014
147292
136981
149572
136998
149566
139039
122661
113289
120340
112572
122684
113276
120303
133324
135453
142807
145169
133359
135419
142790
131444
129181
140440
137894
131464
129177
140438
123679
115358
115169
125846
115158
125835
123639
122666
112501
113251
120210
113230
120256
122661
133296
145150
135373
142776
135393
142780
133275
131434
137907
129154
140457
129161
140443
131444
114910
106701
112140
105499
114887
106724
112139
132697
124638
127175
135415
124638
127178
132710
130011
122338
119717
127253
122326
119723
130031
116469
110724
109454
119236
109386
119200
116464
114940
105500
106854
112141
106746
112138
114986
124638
135434
127192
132756
127183
132729
124644
122351
127276
119740
130087
119729
130056
122369
106256
99321.8
103445
98073.8
106228
99341.3
103446
121741
114880
117437
124549
114860
117459
121768
118997
112513
109862
116224
112483
109885
119028
107939
103190
102118
110744
102082
110703
107940
106281
98028.2
99329.9
103426
99318.3
103440
106307
114901
124577
117509
121825
117483
121797
114920
112541
116252
109922
119089
109906
119060
112564
96901.8
90684.4
93903.6
89011.7
96888
90653.8
93865.1
104764
107489
110536
113449
104740
107522
110572
102227
99427.6
107682
104814
102198
99436.9
107720
98837.6
95524.7
93803.6
101910
93835.6
101871
98814.1
96916.5
88913.7
90604.5
93707.8
90626.6
93811.9
96928.3
104783
113480
107589
110626
107556
110606
104797
102250
104849
99440.5
107786
99442.4
107755
102266
86641.6
81181.2
83237.7
79064.4
86743.6
81046.4
83050.2
94121.7
96937.5
98994.4
101967
94122.1
96953.5
99034.9
91430.7
88444.8
96056.2
93119.6
91446.9
88357.1
96103
88789.5
86188.1
84241
92004.1
84407.9
92052.6
88621.9
86530
78870.9
80853.8
82686.7
80941.2
82874.3
86420
94103.1
102008
96957.8
99097.8
96960.8
99074.4
94044
91348.4
93124.8
88092.3
96155.9
88236.8
96137.8
91272.6
74814.9
70064.5
70728.7
67764.8
74852.6
69993.9
70594.6
82004.6
85572
86962.1
90080.4
82164.4
85436.2
86889.8
78807
75247.5
83491.4
79556.8
78911.8
75127.7
83392.2
77069
76034.8
73601
80939.1
73699.2
80996.4
76955.4
74796.4
67736
70076.8
70409.5
70022.1
70537.6
74804.3
81848.6
90039.7
85192.7
86649.5
85307.8
86774.7
81717.2
78707.9
79565.7
74965
83180.7
75115.1
83287.5
78623.3
182099
169200
179281
167077
181981
169290
179347
197508
201525
210913
214765
197342
201957
211119
194776
191530
207651
204141
194631
191620
207813
184571
174307
171146
187876
171053
187406
184732
182204
167118
169442
179489
169370
179416
182298
197647
214984
202577
211524
202129
211305
197808
194908
204250
191802
208099
191710
207963
195027
171087
160296
168137
157684
171085
160279
168133
185338
188509
196846
200606
185298
188584
196903
182066
178706
193171
189465
182047
178722
193207
173963
165088
162717
176894
162690
176818
173998
171090
157663
160273
168119
160273
168128
171091
185379
200700
188752
197013
188663
196958
185423
182081
189489
178739
193252
178734
193235
182088
155766
158969
149613
146776
158934
149632
155810
171918
175319
181863
185709
171873
175348
181918
164775
168417
178024
174212
168358
164854
178083
162123
155088
152410
165173
152395
165158
162153
159007
146811
149685
155904
149656
155856
159047
171962
185749
175405
182021
175377
181972
172005
168474
174279
165001
178196
164930
178142
168528
137872
142638
145984
146034
134881
137915
142697
161041
166335
157450
157612
170288
161201
166598
150284
162233
153877
154029
158513
150426
162506
149435
143941
141017
152699
140966
152651
149477
146085
134921
138015
142809
137963
142755
146138
157741
170403
161424
166697
161322
166646
157854
154156
158659
150656
162734
150550
162638
154266
125710
129189
132454
132531
122670
125736
129223
146634
150233
143071
143156
154374
146759
150375
136207
146481
139654
139644
142602
136094
146291
135991
131874
128854
139405
128820
139350
136046
132593
122690
125795
129280
125766
129255
132641
143239
154546
146967
150660
146870
150539
143313
139671
142720
136025
146627
136065
146541
139691
119062
113310
115620
110199
119050
113330
115652
132389
128614
134698
138655
128648
132346
134658
124870
121153
130662
126646
124886
121156
130638
122492
119609
116501
125878
116487
125873
122490
119070
110238
113381
115687
113357
115676
119072
128583
138656
132276
134591
132313
134627
128551
124852
126633
121144
130579
121154
130612
124828
105402
100685
101934
97534.2
105337
100747
102013
113763
117424
118680
122658
113727
117444
118700
110086
106346
114717
110874
110030
106421
114751
108883
107120
104015
112279
103964
112273
108935
105470
97597.1
100869
102157
100814
102091
105530
113785
122660
117463
118735
117458
118721
113815
110150
110949
106559
114840
106495
114801
110208
91629.3
87582.3
88019.4
83786.8
91518
87575.6
87958.7
99095.6
102678
103052
106959
98982.6
102773
103156
95472.1
91704.5
99078.9
95313.6
95327.3
91742
99231.9
95296.1
94380.4
90951.3
98722.5
90979.4
98646.2
95364.8
91715.1
83870.7
87511.6
88005.5
87541.7
88070
91785.3
99214.2
107050
102946
103367
102865
103267
99315.5
95603.6
95566
92048
99509.3
92021
99363.6
95728.6
234144
220540
229394
216690
233936
220730
229548
252109
258058
266291
272754
251837
258598
266594
247488
242233
261093
255613
247241
242415
261359
238560
229825
224716
243623
224527
243140
238794
234333
216817
221054
229823
220901
229690
234503
252328
273096
259433
267068
258931
266842
252519
247706
255784
242709
261812
242574
261595
247902
216006
204464
211357
200362
215929
204520
211422
232554
237413
244542
250268
232421
237577
244704
227580
222479
239156
233833
227470
222572
239302
220644
212867
208777
225382
208708
225261
220728
216071
200400
204598
211501
204565
211472
216123
232673
250440
237864
244975
237726
244848
232780
227675
233935
222696
239539
222646
239429
227754
192930
197697
187746
183491
197605
187818
193041
212638
217514
223006
228484
212547
217603
223107
202573
207667
217673
212360
207577
202665
217768
202363
196258
192146
206966
192087
206921
202426
197780
183593
187951
193236
187887
193143
197852
212715
228574
217724
223246
217674
223188
212775
207746
212436
202821
217907
202748
217846
207813
170822
174583
179169
179281
166511
170939
174655
197607
201470
192579
192664
207000
197687
201560
182473
196083
187512
187616
190755
182581
196168
183950
179391
175295
188622
175237
188495
184060
179371
166594
171033
174810
170970
174729
179460
192745
207077
197835
201698
197763
201635
192823
187709
190822
182766
196302
182678
196240
187793
153507
156132
160711
160657
149218
153359
156045
177434
179970
172418
172507
185391
177529
180022
162450
174648
167395
167483
169350
162519
174683
165325
162189
157923
170080
157813
170013
165376
160658
149355
153603
156001
153525
156029
160676
172591
185450
177701
180114
177618
180071
172666
167561
169380
162631
174752
162589
174721
167627
142072
136363
137532
132109
142054
136359
137553
157528
152689
158833
164093
152646
157575
158868
147831
143011
153683
148629
147791
143051
153720
146664
144969
140619
151295
140641
151305
146660
142080
132101
136323
137556
136346
137562
142074
152721
164120
157641
158897
157616
158891
152736
147857
148654
143081
153748
143076
153743
147865
124121
119387
119629
115268
124056
119435
119706
133574
138241
138573
143617
133515
138286
138631
128854
124103
133591
128704
128776
124185
133665
128619
127865
123672
133070
123662
133068
128640
124185
115341
119520
119856
119483
119784
124236
133623
143652
138330
138714
138317
138677
133658
128926
128779
124342
133778
124269
133728
128985
106561
102746
102083
98783.8
106417
102884
102040
114949
119419
118820
123800
114849
119512
118912
110282
105876
113919
108823
110153
105813
114040
111059
111226
107219
115468
107125
115381
111148
106683
99087.4
103144
102306
103009
102324
106816
115044
123885
119689
119077
119606
119005
115122
110387
109194
106053
114255
106091
114150
110505
289436
274643
282147
268724
289143
274934
282363
310110
320774
326808
333974
309866
321366
326998
304380
295710
318190
311174
304089
295874
318400
295626
288664
280667
304410
280524
303814
295793
289698
268913
275415
282699
275190
282547
289934
310277
334343
322209
327282
321768
327134
310388
304664
311224
296058
318702
295995
318638
304945
263248
250990
256564
245209
263048
251169
256729
282005
289799
295772
302984
281825
290030
295923
275843
268067
287149
281068
275622
268223
287350
269636
263244
257272
276652
257129
276463
269785
263433
245338
251470
257006
251329
256876
263605
282164
303201
290461
296198
290246
296124
282304
276059
281270
268488
287770
268365
287615
276276
238368
227858
231925
222090
238286
227948
231977
255155
262315
267306
273244
255071
262477
267379
249170
241706
259068
252791
249096
241731
259123
244526
239612
233812
251003
233749
250886
244596
238439
222149
228073
232051
228021
232020
238495
255219
273442
262791
267430
262638
267465
255258
249241
252792
241726
259178
241737
259190
249311
204692
213461
207177
198945
213436
204744
207188
228401
235855
238528
245014
228408
235898
238473
222407
215240
230337
224356
222390
215226
230317
219550
216428
210571
226045
210533
226011
219572
213482
198983
204821
207198
204786
207195
213497
228389
245031
235994
238323
235944
238437
228381
222430
224335
215191
230302
215209
230324
222466
181943
189365
183289
176288
189374
181953
183268
202729
209677
211517
217088
202758
209683
211480
197043
190178
203871
198140
197063
190132
203839
195227
193324
187604
201370
187597
201365
195211
189352
176288
181959
183212
181960
183244
189332
202694
217092
209727
211364
209699
211436
202651
197028
198073
190016
203761
190079
203807
197017
165876
159723
160060
154328
165880
159737
160056
177841
184687
185270
190956
177870
184669
185226
172291
165723
177777
172348
172291
165706
177760
171536
170748
165165
177518
165181
177541
171503
165863
154338
159732
160019
159741
160040
165841
177805
190934
184651
185110
184657
185183
177759
172294
172325
165634
177744
165674
177761
172298
143573
138511
137970
133362
143549
138564
137988
154113
160499
160361
165514
154131
160508
160325
148863
142625
153264
148140
148859
142605
153240
148984
149079
143835
154646
143813
154639
148982
143595
133409
138638
138003
138607
138003
143606
154084
165524
160543
160225
160521
160294
154050
148873
148107
142530
153200
142574
153236
148887
121922
117842
116032
112988
121847
117947
116023
131393
137577
136523
141593
131389
137604
136504
126125
119890
129546
124182
126064
119836
129572
127253
128288
123224
132814
123179
132789
127279
121997
113251
118125
116248
118038
116259
122070
131393
141636
137681
136494
137639
136529
131379
126192
124350
119884
129697
119947
129659
126272
131967
118355
130277
118792
131976
118443
130258
144795
147864
158524
161157
144876
148288
158597
144406
142821
157104
155182
144374
142857
157183
131494
118105
118375
132623
118175
132775
131540
131864
118885
118458
130417
118336
130334
131842
144861
160792
147915
158821
147852
158688
144917
144364
155225
142968
157256
142887
157217
144347
128949
117383
126478
117041
128763
117693
126502
140442
142077
151565
153686
140388
142111
151644
139186
136973
149592
147191
139093
136978
149628
129122
118872
119167
130849
118803
130829
129231
129116
117149
118082
126657
117839
126548
129045
140522
153767
142163
151745
142157
151768
140570
139303
147206
137061
149689
137006
149665
139247
122637
113199
120146
112451
122650
113228
120075
133268
135351
142783
145131
133256
135345
142817
131455
129147
140484
138044
131442
129165
140553
123426
115558
115194
125835
115010
125920
123469
122608
112432
113273
120125
113196
120035
122526
133300
145203
135341
142925
135349
142898
133338
131462
138109
129289
140666
129211
140624
131468
115081
106918
112137
105708
115032
107088
112148
124699
127205
132792
135597
124657
127247
132866
122427
119753
130125
127361
122389
119782
130183
116487
111156
109897
119322
109662
119385
116607
115097
105699
107298
112249
107179
112180
115091
124769
135675
127313
133001
127298
132942
124865
122470
127398
119897
130306
119820
130253
122503
106321
99276.2
103373
97864.1
106321
99264.6
103280
114948
117532
121847
124663
114934
117554
121862
112585
109927
119112
116285
112578
109913
119128
107842
103255
102045
110773
101887
110800
107852
106303
97748.6
99189.1
103190
99206.1
103150
106195
114958
124691
117565
121881
117564
121869
114992
112575
116275
109921
119143
109891
119136
112553
96914.8
90578.7
93588.9
88599
96927
90582.3
93466.4
104800
107607
110625
113526
104803
107593
110614
102249
99436.2
107808
104885
102270
99428.4
107789
98619.3
95551.6
93803.1
101818
93666
101947
98639.2
96876.7
88527
90508.8
93351.4
90539.7
93357.1
96759.9
104762
113517
107495
110576
107553
110589
104762
102160
104823
99389.9
107725
99411.9
107745
102122
86268
80817.1
82489.1
78512.4
86327.3
80772.2
82345.8
93806
96936.4
99102.2
102045
93933.5
96859.2
99068.3
91051.5
87948.5
96151.2
92872.9
91163
87803.1
96072
88018.6
85902.4
83800.8
91765.6
83780.1
91856.5
88104.6
86213.7
78459.8
80608.3
82336.3
80681.7
82252.7
86130.7
93692
101962
96701.7
98957.4
96763.8
98988.7
93682.7
90988.8
92785.2
87677.2
95937.7
87647.1
95972.6
90938.4
74863.9
70130.1
70419.1
67560.4
74847
70125.4
70309.6
81533.5
85091.2
86542.4
89741.6
81620.8
85004.8
86408.2
78517.3
74944
83093.3
79251.3
78562.7
74796.3
83032.2
76811.7
75943.1
73540.3
80710.4
73512.5
80796.3
76873.9
74801.8
67828.4
70125
70466.6
70148.2
70461.4
74736.5
81471.8
89729
84916.1
86295.2
84941.5
86272.4
81491.1
78515.4
79327.1
74948.6
83001.7
74898.9
82992.5
78482.5
182406
169484
179575
167303
182367
169495
179692
198154
202633
211741
216421
197948
203322
211962
195185
191906
208211
204641
195121
192040
208287
185216
175108
171472
188050
171344
188098
185408
182631
167379
169707
179874
169648
179820
182735
198295
216092
203365
212413
203264
212206
198461
195437
204848
192230
208701
192200
208592
195515
171064
160276
168100
157554
171083
160282
168073
185517
188857
197067
201042
185468
188991
197121
182043
178734
193248
189501
182078
178726
193218
174136
165447
162925
177262
162916
177291
174191
171066
157535
160339
168138
160303
168083
171124
185555
201153
189125
197233
189126
197163
185618
182035
189525
178814
193287
178757
193206
182110
159146
149723
155954
146971
159090
149785
156013
172103
175436
182068
185868
172048
175485
182120
168629
165064
178245
174461
168577
165121
178292
162323
155220
152614
165368
152566
165331
162379
159213
147041
149917
156136
149859
156077
159273
172178
185957
175626
182262
175579
182194
172237
168691
174521
165251
178428
165182
178352
168755
146257
138070
142863
135052
146193
138144
142921
158039
161509
166763
170625
157954
161581
166832
154450
150749
162825
158968
154363
150832
162915
149663
144204
141285
152938
141230
152877
149726
146326
135106
138261
143047
138212
142982
146391
158125
170696
161733
167075
161651
166926
158228
154535
159069
151003
163166
150910
163020
154641
132690
125819
129292
122722
132671
125832
129292
143421
147049
150748
154880
143372
147118
150821
139702
135994
146668
142634
139693
135970
146703
136152
132014
128938
139607
128923
139546
136188
132697
122714
125843
129258
125837
129280
132701
143459
154965
147251
150945
147179
150881
143504
139703
142616
135917
146711
135943
146711
139705
119037
113392
115684
110247
119063
113382
115664
128456
132238
134544
138532
128511
132192
134478
124745
121122
130533
126520
124794
121083
130468
122409
119611
116434
125775
116466
125824
122352
118994
110216
113323
115580
113354
115626
118941
128379
138473
132067
134259
132136
134385
128280
124674
126443
120956
130268
121025
130378
124588
105578
100905
102207
97658
105568
100905
102235
113803
117454
118728
122584
113823
117428
118697
110191
106599
114848
111014
110211
106615
114826
108893
107125
103945
112223
103986
112249
108871
105526
97604.2
100804
102175
100827
102198
105500
113757
122518
117336
118584
117382
118636
113727
110133
110941
106554
114717
106574
114759
110110
91912.2
87483.6
88140.5
83607.1
91837.7
87427.3
88073.8
99496.4
103011
103473
107251
99414.5
103061
103576
95945
92337.8
99653.1
95907.7
95842
92374
99800.9
95501.6
94326.7
90817.4
98835.9
90823.9
98847.7
95467.8
91973.6
83825.1
87389
88275.2
87400.2
88336.5
91979.1
99560.1
107249
103070
103668
103065
103684
99571
96015.4
96276.5
92630.7
100014
92716.6
99933.7
96048.2
234738
221178
229952
217220
234645
221265
230089
252928
259641
267244
274637
252633
260297
267591
248203
242819
262013
256051
248076
242896
262197
239574
231105
225476
244217
225292
244300
239814
235058
217455
221641
230416
221573
230359
235166
253181
274256
260264
268148
260218
267907
253379
248460
256382
243264
262495
243190
262412
248514
216176
204608
211501
200412
216158
204592
211464
232963
237995
245086
250881
232876
238128
245184
227859
222714
239629
234101
227814
222694
239705
220920
213289
209008
225792
208938
225727
220987
216197
200412
204670
211543
204583
211417
216259
233007
251082
238303
245309
238258
245245
233063
227884
234119
222791
239773
222683
239743
227930
197970
188006
193317
183838
197914
188057
193389
212854
217747
223277
228667
212818
217748
223287
207917
202885
217949
212589
207867
202943
217980
202600
196452
192393
207149
192325
207070
202670
198039
183907
188196
193543
188120
193463
198114
212910
228678
217860
223397
217762
223302
212979
207980
212640
203064
218090
203007
218026
208040
179649
171117
174897
166899
179551
171213
174993
192971
197901
201753
207246
192897
197964
201806
187953
182847
196358
190977
187873
182925
196411
184364
179747
175691
189000
175568
188907
184473
179758
167000
171447
175220
171321
175098
179882
193044
207303
198088
201905
198029
201863
193107
188030
191023
183071
196507
183000
196465
188100
160726
153652
155992
149284
160699
153690
155983
172787
177776
180144
185589
172731
177846
180168
167701
162654
174771
169397
167669
162661
174779
165550
162570
158207
170407
158154
170320
165608
160741
149268
153706
155930
153698
155964
160752
172832
185625
177975
180194
177911
180182
172876
167717
169373
162620
174771
162649
174776
167724
141994
136282
137527
131983
142046
136217
137474
152699
157648
158883
164105
152730
157633
158845
147807
143063
153731
148603
147849
143015
153688
146511
144811
140294
151085
140424
151181
146404
141917
131901
136017
137313
136126
137396
141826
152642
164063
157538
158722
157595
158787
152570
147742
148535
142866
153553
142941
153622
147667
124311
119535
119917
115473
124275
119530
119974
133690
138322
138742
143665
133680
138288
138770
129095
124403
133818
128917
129038
124462
133854
128590
127706
123539
132875
123577
132936
128563
124345
115470
119465
119998
119490
120028
124308
133682
143630
138165
138711
138222
138804
133620
129164
128940
124513
133832
124511
133872
129123
107052
103270
102628
99464.8
106939
103389
102641
115249
119755
119143
124048
115197
119810
119185
110694
106352
114358
109390
110606
106337
114439
111340
111465
107397
115626
107420
115628
111339
107143
99851.5
103504
102945
103479
103012
107195
115289
124082
119849
119237
119849
119221
115290
110760
109778
106719
114561
106681
114513
110796
290329
275615
282825
269226
290138
275805
282969
310796
322488
327441
334841
310583
322908
327499
305435
296066
318896
311487
305184
296331
318866
296628
289605
281628
304071
281418
304255
296830
290435
269468
276005
283336
275940
283167
290499
311153
334575
322277
327429
322561
327630
311359
305348
311653
296751
318747
296570
318935
305345
263990
251595
257125
245602
263780
251713
257240
282621
290704
296415
303686
282433
290947
296728
276815
268596
288077
281750
276518
268688
288252
270266
263946
257693
277273
257623
277213
270422
264219
245633
251823
257450
251784
257345
264255
282854
303681
291112
296838
291057
296839
283065
277198
282127
269090
288505
268892
288483
277179
238578
228100
232078
222234
238542
228105
232100
255247
262977
267469
273693
255275
263160
267286
249459
241709
259217
252521
249387
241674
259081
244692
239848
233970
251291
233916
251250
244763
238591
222252
228212
232226
228128
232127
238621
255262
273801
263232
267137
263236
267290
255342
249462
252554
241802
258846
241692
258995
249426
213555
204852
207200
199039
213514
204899
207211
228430
236077
238363
244992
228399
236217
238274
222627
215174
230369
224297
222519
215183
230369
219660
216619
210732
226235
210686
226239
219770
213616
199067
205007
207331
204963
207232
213696
228471
245145
236216
238459
236274
238408
228569
222721
224439
215333
230490
215197
230462
222699
189266
181948
183172
176216
189304
181927
183127
202549
209774
211326
217087
202603
209836
211209
197021
189945
203753
197809
197015
189869
203669
195129
193379
187561
201379
187574
201372
195136
189231
176171
181877
183071
181903
183087
189171
202473
217083
209901
211127
209933
211201
202500
197046
197848
189832
203520
189799
203639
196991
165783
159707
159993
154283
165816
159664
159961
177643
184657
185098
190847
177704
184675
185018
172329
165586
177793
172271
172308
165536
177790
171379
170614
164948
177299
165014
177396
171325
165761
154234
159535
159901
159608
159922
165658
177586
190849
184662
185073
184708
185073
177607
172357
172380
165510
177817
165483
177853
172304
143594
138659
137990
133451
143608
138670
137961
153960
160583
160204
165530
154009
160640
160106
148936
142470
153223
147920
148909
142392
153178
148939
149149
143778
154578
143831
154633
148931
143579
133440
138625
137935
138670
137932
143539
153925
165564
160685
160085
160707
160131
153957
148956
147980
142357
153099
142330
153180
148919
122197
118205
116496
113303
122140
118264
116436
131318
137734
136548
141719
131362
137797
136493
126456
120065
129844
124481
126365
119948
129898
127295
128392
123307
132756
123297
132805
127311
122257
113587
118347
116797
118319
116817
122268
131293
141771
137814
136580
137850
136576
131330
126527
124914
120307
130037
120262
130007
126508
)
;

boundaryField
{
    inlet
    {
        type            zeroGradient;
    }
    outlet
    {
        type            fixedValue;
        value           uniform 0;
    }
    seabed
    {
        type            zeroGradient;
    }
    top
    {
        type            zeroGradient;
    }
    side1
    {
        type            zeroGradient;
    }
    side2
    {
        type            zeroGradient;
    }
    submarine
    {
        type            zeroGradient;
    }
}


// ************************************************************************* //
