/*--------------------------------*- C++ -*----------------------------------*\
  =========                 |
  \\      /  F ield         | OpenFOAM: The Open Source CFD Toolbox
   \\    /   O peration     | Website:  https://openfoam.org
    \\  /    A nd           | Version:  10
     \\/     M anipulation  |
\*---------------------------------------------------------------------------*/
FoamFile
{
    format      ascii;
    class       volScalarField;
    location    "8.2";
    object      p;
}
// * * * * * * * * * * * * * * * * * * * * * * * * * * * * * * * * * * * * * //

dimensions      [0 2 -2 0 0 0 0];

internalField   nonuniform List<scalar> 
12920
(
1.24963e+06
1.31723e+06
1.09565e+06
1.07578e+06
971136
942306
858003
811190
739606
683032
616104
555481
490573
427616
362504
298618
233119
170528
113587
59264
1.31289e+06
1.29768e+06
1.07319e+06
1.07041e+06
967331
943833
859320
814338
740307
684005
615941
555087
489496
426525
361560
298021
232930
169749
112088
56343.3
1.27298e+06
1.2938e+06
1.10051e+06
1.07912e+06
972708
944046
857724
812514
739098
683077
615369
554387
488795
425970
361123
297547
232397
168679
110610
54686.3
1.23451e+06
1.21144e+06
1.09527e+06
1.08382e+06
985229
945826
861493
816454
742639
685205
616513
554954
489071
425872
360766
296734
231263
167399
109541
53945.1
1.27627e+06
1.22596e+06
1.08731e+06
1.09005e+06
974458
942538
851881
811248
740674
683806
616174
554710
489102
425747
360437
296089
230367
166376
108484
53492.7
1.19283e+06
1.19055e+06
1.05191e+06
1.07719e+06
982307
947359
864029
814965
743940
685328
618153
555292
489842
425703
360017
295205
229268
164830
106871
52200.1
1.14589e+06
1.21828e+06
1.07918e+06
1.08912e+06
979973
949029
866244
812207
741195
683072
617358
554679
489895
425839
359936
294784
228400
163278
104704
49693.4
1.09026e+06
1.20383e+06
1.09303e+06
1.09577e+06
994357
951371
894354
829282
759619
695642
631481
568072
504425
440668
360466
294183
227700
161719
102058
45180.8
1.20726e+06
1.26537e+06
1.10521e+06
1.09637e+06
981977
959124
894756
831145
764391
700666
637051
573628
510355
447348
375379
294450
227029
160163
99230.6
41754.8
1.32513e+06
1.33257e+06
1.15092e+06
1.09154e+06
977891
944415
886112
821040
760257
697448
634458
571544
509089
446934
376296
294651
225874
157489
96293
41645.2
1.17008e+06
1.30423e+06
1.10565e+06
1.06518e+06
956297
931960
874601
817495
756256
694454
632274
570160
507926
446084
375515
293492
223964
154955
95734.6
41350.9
1.29544e+06
1.29021e+06
1.10428e+06
1.05904e+06
955123
925068
869970
810673
752541
691957
630609
569221
507345
445364
375143
290274
221219
155050
95074.4
39177.4
1.07631e+06
1.22867e+06
1.05121e+06
1.02672e+06
933964
905665
851724
802601
741637
681692
621357
561366
499354
436446
353961
286235
220999
154855
94844.4
37545.3
975135
1.07387e+06
979638
996043
927460
903070
828944
786759
719619
664559
599831
540870
476161
414440
349192
285977
221325
155864
95446
37420.4
954459
1.04162e+06
997537
996416
930474
907958
830512
788676
718361
663217
597250
537775
473747
411278
348039
286156
222224
157062
96883.6
38517.9
1.06022e+06
1.05846e+06
961336
992811
922269
909906
828126
790903
716316
664027
595765
537153
471594
410500
346776
285466
222104
157959
98190.6
40702.9
1.25354e+06
1.11289e+06
1.00897e+06
1.0015e+06
936152
916744
834990
795562
717328
664386
594266
535887
469948
409066
345419
283981
221331
157920
98865.3
41161.1
1.2581e+06
1.1563e+06
991824
1.01939e+06
927589
917468
833729
794093
715653
662891
592417
534837
469010
408849
345038
284088
221245
158096
99500.1
42401.3
952173
1.14172e+06
960888
1.04239e+06
925352
908669
825434
788260
711498
659044
588484
532014
467278
407815
344513
283653
220760
158236
101457
46567.7
984284
1.11712e+06
956190
1.04929e+06
927815
907254
819276
783012
708405
657766
589612
532864
467765
407963
344025
282232
219168
158026
103573
54185.9
1.39272e+06
1.34475e+06
1.09948e+06
1.07732e+06
971644
942563
858070
811498
739332
682877
616222
555779
490917
428002
362740
298696
232984
169717
112464
56739.1
1.32427e+06
1.30232e+06
1.07646e+06
1.07026e+06
966329
943547
858652
814095
739917
684034
616040
555262
489683
426670
361600
297965
232801
169255
111081
53786
1.31968e+06
1.28985e+06
1.10413e+06
1.07958e+06
973727
943722
857709
812397
739017
683135
615420
554434
488877
426012
361091
297449
232255
168265
109463
51818.8
1.15706e+06
1.20493e+06
1.09848e+06
1.08366e+06
986837
946190
861744
815881
742467
685150
616551
554950
489124
425905
360760
296685
231179
166993
108191
50832.6
1.33668e+06
1.23453e+06
1.08792e+06
1.09109e+06
976250
942580
852208
811550
740674
683707
616160
554690
489153
425783
360475
296076
230301
165854
107202
50352.6
1.05553e+06
1.17557e+06
1.05695e+06
1.07749e+06
983053
946923
864096
814670
744263
685247
618164
555284
489881
425723
360081
295235
229229
164339
105565
49298
1.22084e+06
1.22292e+06
1.09086e+06
1.09092e+06
980329
947961
865553
812192
741191
683062
617369
554655
489934
425942
360041
294913
228486
163040
103779
47032.9
1.13219e+06
1.21333e+06
1.09283e+06
1.09529e+06
993895
949708
892957
828493
759694
695761
631443
567993
504345
440654
360947
294474
227913
161615
101331
42991.9
1.22701e+06
1.27451e+06
1.1062e+06
1.09452e+06
978136
956514
893780
830262
764247
700533
637098
573710
510453
447573
376263
294874
227175
160202
98766.7
40025
1.38664e+06
1.34107e+06
1.15426e+06
1.09242e+06
978753
943084
885050
822096
760546
697550
634413
571496
509037
447136
377157
295316
226427
157704
96136.8
39683.6
1.31941e+06
1.3052e+06
1.11039e+06
1.06544e+06
955160
931308
873549
818151
756086
694298
632059
569974
507718
446202
376465
294052
224176
155418
95439.9
39264.6
1.40049e+06
1.28608e+06
1.10463e+06
1.05803e+06
954642
923582
867167
811355
752289
691433
630256
568930
507265
445453
375628
290276
221494
155206
94916.1
37583.1
1.10493e+06
1.2287e+06
1.0488e+06
1.02426e+06
935709
903928
850679
802380
741409
681774
621295
561143
499197
436315
353915
286804
221234
155095
94977.3
36055.2
1.01092e+06
1.06917e+06
981572
995328
928455
901324
829076
786805
720065
664666
600017
540931
476412
414750
349478
286020
221264
155868
95520
35843.4
1.00163e+06
1.04794e+06
1.00229e+06
993788
929312
907694
831214
788766
718960
663444
597626
537992
473868
411547
348307
286032
222027
156815
96508.7
36661.8
949325
1.04601e+06
966531
991541
921246
910152
828606
791027
716966
664164
596009
537263
471718
410551
346743
285706
222123
157660
97498.3
38615.9
1.14434e+06
1.0955e+06
1.00256e+06
999879
933631
915983
835449
795757
717955
664336
594367
535794
469896
408872
345211
283645
220894
157383
98130.8
39069.9
1.29507e+06
1.15076e+06
994322
1.01527e+06
926217
916877
832800
793993
716097
662474
592421
534522
468849
408568
344904
283881
220961
157680
98773.8
40402.3
1.02853e+06
1.1448e+06
961441
1.04066e+06
924569
910113
826003
789022
712275
659041
589114
532332
467623
407921
344524
283435
220525
157901
100992
45135.5
975083
1.13051e+06
952916
1.04873e+06
927540
907331
819230
783000
708436
657914
589743
532901
467847
408102
344162
282286
218948
157668
103158
53505.3
1.49295e+06
1.39099e+06
1.09629e+06
1.07792e+06
973046
943057
858790
812112
739179
682897
616460
556257
491383
428392
362843
298690
232802
168665
110495
52815
1.35243e+06
1.30945e+06
1.0818e+06
1.07368e+06
967026
943507
858885
813834
739705
684086
616181
555468
489838
426679
361572
297853
232709
168578
109619
49943.4
1.29726e+06
1.29542e+06
1.11282e+06
1.08288e+06
974771
943864
857875
812030
738907
683122
615419
554436
488874
425899
360903
297213
231984
167622
108006
47987.9
1.24944e+06
1.22016e+06
1.10269e+06
1.08521e+06
988805
947013
862099
815214
742537
684968
616571
554839
489133
425900
360696
296575
231028
166436
106700
46848.7
1.13321e+06
1.22101e+06
1.08504e+06
1.09095e+06
977909
943115
852869
811396
740759
683472
616106
554578
489129
425798
360481
296044
230207
165292
105651
46343.5
1.08549e+06
1.15517e+06
1.05348e+06
1.07725e+06
982980
945006
864199
814189
744270
685100
618119
555234
489890
425749
360195
295321
229243
163946
104264
45446.3
1.26406e+06
1.20194e+06
1.09298e+06
1.09077e+06
980968
945638
864150
811922
741227
682976
617309
554667
490005
426138
360224
295176
228673
162883
102734
43411.2
1.1905e+06
1.21004e+06
1.09597e+06
1.09412e+06
992481
947131
890584
827275
759799
696219
631667
568215
504551
441201
361471
294894
228147
161514
100708
39980.3
1.26639e+06
1.2836e+06
1.10981e+06
1.09294e+06
977166
952513
891063
828371
763972
700467
637221
573905
510704
448017
377578
295289
227569
160364
98631.6
37694.1
1.46553e+06
1.34481e+06
1.1519e+06
1.09322e+06
981409
942537
884217
822983
760852
697821
634451
571277
509054
447409
377992
296040
227113
158408
96461.5
37088.2
1.13314e+06
1.29853e+06
1.11661e+06
1.06692e+06
957202
932280
874864
817681
755313
691810
631498
569306
507493
446409
377315
294538
224953
156110
95570.8
36597.7
1.35996e+06
1.27576e+06
1.10643e+06
1.05828e+06
957890
924790
865891
810169
751125
690522
629590
568358
507074
445475
376101
290505
222233
155897
95041.2
35593.6
1.16975e+06
1.22038e+06
1.04758e+06
1.02386e+06
938623
902653
851147
801032
741326
681948
621190
560794
498725
436088
353820
287126
221427
155500
95187.7
34895.5
953583
1.0563e+06
985284
995114
928978
900848
829740
786496
720413
664630
599906
540961
476280
414831
349650
286027
221194
155967
95537.3
34829.8
984882
1.03615e+06
1.005e+06
993040
930744
906004
830034
788962
720331
663726
598349
538348
474116
411786
348372
285719
221630
156520
96208.9
35261.4
840221
1.06437e+06
968600
992938
921143
908274
829461
791017
718095
664270
596425
537382
471921
410845
346933
285809
221901
157140
96735
36230.3
1.05632e+06
1.08147e+06
998811
997470
934234
912232
832831
796238
719897
664280
594480
535704
469915
408669
345001
283382
220340
156664
97233.1
36698.6
1.23542e+06
1.13555e+06
995138
1.01169e+06
927760
914005
830016
794389
717011
661678
592429
534233
468766
408237
344724
283540
220457
157092
98234.8
37765.6
880630
1.18703e+06
962846
1.04028e+06
923294
912362
825924
791069
713107
659115
590265
533003
468009
408017
344553
283225
220260
157488
100080
42790.9
1.00385e+06
1.16167e+06
952960
1.04704e+06
927094
907488
819217
782971
708938
657885
589861
532910
468081
408266
344254
282344
218798
157283
102515
52247.2
1.46767e+06
1.40037e+06
1.09796e+06
1.07906e+06
974459
943021
859073
812287
738922
682681
616701
556684
491649
428521
362713
298480
232570
167688
108668
48772.3
1.46853e+06
1.31531e+06
1.08565e+06
1.07713e+06
969153
943234
859263
813656
739501
684125
616275
555626
489892
426575
361272
297714
232617
168112
108198
45318.3
1.37782e+06
1.2962e+06
1.1162e+06
1.08538e+06
977066
944467
858840
811752
738808
683201
615320
554452
488656
425436
360594
296870
231678
167137
106835
43515.6
1.15828e+06
1.21154e+06
1.10249e+06
1.08536e+06
991116
946985
863686
814604
742715
684705
616496
554555
488857
425575
360514
296384
230844
166098
105579
42357.5
1.01116e+06
1.20411e+06
1.07959e+06
1.08814e+06
978718
942974
855635
810959
740657
682976
615942
554109
488901
425565
360388
295963
230110
165043
104548
41777
976987
1.14883e+06
1.06027e+06
1.07718e+06
984938
943451
865499
813134
744174
684533
617964
555003
489839
425720
360295
295428
229306
163878
103318
41132.4
1.23784e+06
1.19678e+06
1.09628e+06
1.09094e+06
981250
941370
863311
811211
741304
682627
617074
554478
489818
426136
360455
295401
228785
162838
102009
39780.4
1.20812e+06
1.21682e+06
1.09718e+06
1.09359e+06
989513
943702
888167
825655
759720
696055
631785
568376
504698
441710
361748
295257
228247
161385
100173
37560.4
1.42295e+06
1.29793e+06
1.11973e+06
1.08892e+06
976571
950400
888264
827569
763795
700540
637389
574203
511043
448503
378155
295705
227547
160185
98392.5
35954.1
1.45152e+06
1.3437e+06
1.15405e+06
1.09279e+06
981156
942777
883843
823062
760768
697822
634737
571507
509206
447619
378313
296519
227221
158759
96742.9
35178
1.16029e+06
1.25746e+06
1.11793e+06
1.06583e+06
957938
932142
875332
816511
754740
693271
630883
568882
507544
446541
377560
295025
225411
156851
95585.5
34602.9
1.18217e+06
1.24212e+06
1.10406e+06
1.05658e+06
958021
925013
866174
808994
749988
689813
629275
568155
506846
445304
376133
290871
222558
156005
95015.2
34151.1
1.12723e+06
1.19368e+06
1.04456e+06
1.02442e+06
939093
903618
851575
801323
741395
681775
620969
559968
498249
435675
353713
287455
221472
155404
94967
33804.7
900510
1.03893e+06
986041
993904
930484
899660
830515
786507
720807
664756
600103
540634
476232
414618
349820
286041
221029
155790
95344.3
33815.8
1.08664e+06
1.04422e+06
1.00927e+06
992228
931105
905123
830974
787961
720602
663984
598736
538546
474245
411964
348470
285544
221405
156309
95994.6
34214.1
855430
1.05313e+06
972941
990818
920759
905500
828459
790998
719542
664050
596872
537389
472220
411037
347048
285601
221544
156826
96417.4
34945.6
941198
1.06703e+06
1.00187e+06
995122
932726
909289
831514
794357
720266
663472
594731
535620
469981
408636
344951
283259
219968
156092
96762.4
35291.3
1.09687e+06
1.11507e+06
996128
1.00838e+06
928752
911315
828816
792446
716940
660709
592451
534041
468804
407957
344620
283247
220063
156590
97702.9
36076.1
1.03208e+06
1.14835e+06
967258
1.03565e+06
925829
912307
826633
790374
713367
659110
591798
533447
468518
407999
344608
283081
220098
157151
99148.2
39710.2
872792
1.15421e+06
950161
1.04307e+06
925443
908077
819447
783073
709191
657746
589808
532828
468216
408387
344525
282551
218810
156939
101659
49950.7
1.46849e+06
1.40996e+06
1.10631e+06
1.08079e+06
976109
942688
859549
812536
738886
682066
616421
556550
491072
428102
362444
298339
232490
167372
108232
46274.8
1.39557e+06
1.31846e+06
1.09227e+06
1.08125e+06
970648
943391
859470
813703
739706
684112
616249
555680
489891
426518
361359
297825
232567
167780
107309
42822.1
1.33869e+06
1.2845e+06
1.11785e+06
1.08958e+06
978710
945330
858953
811734
738841
683199
615263
554292
488551
425381
360556
296828
231619
166943
106127
40641.2
1.15028e+06
1.21065e+06
1.10479e+06
1.0855e+06
991748
947397
863527
814510
742308
684774
616404
554563
488793
425474
360468
296333
230775
165969
105003
39608.1
1.04103e+06
1.23403e+06
1.08461e+06
1.08689e+06
979677
943028
856738
811075
740000
683080
615854
554179
488896
425530
360401
295984
230078
164956
103941
39054.7
1.06245e+06
1.1329e+06
1.0658e+06
1.07757e+06
982894
943711
865399
813277
743825
684397
617946
554961
489871
425724
360411
295518
229292
163740
102761
38401.7
1.36962e+06
1.19749e+06
1.10556e+06
1.09198e+06
981116
940034
862792
810943
741511
682391
616613
554229
489418
426028
360596
295453
228731
162781
101495
37172
1.18345e+06
1.22266e+06
1.09826e+06
1.09385e+06
988229
941990
886753
825553
759703
695872
631889
568309
504770
441669
361940
295340
228197
161472
99786.3
35119
1.3853e+06
1.30261e+06
1.12193e+06
1.0882e+06
976666
948998
887389
827473
763696
700578
637418
574249
511159
448634
378402
295996
227476
160283
98188.7
33665.2
1.4924e+06
1.34018e+06
1.15513e+06
1.09225e+06
981523
942701
883401
822721
760785
697968
634986
571828
509344
447751
378204
296733
227111
158904
96687.6
33013.8
1.08714e+06
1.25501e+06
1.11675e+06
1.06501e+06
956279
933300
875933
815514
754711
693250
631274
569354
507608
446558
377442
295269
225511
157298
95594.5
32455.1
1.19374e+06
1.23446e+06
1.10172e+06
1.0552e+06
957208
925857
866736
808036
749642
689850
629327
568071
506582
445110
375979
291154
222891
156311
95030.4
31773.8
968133
1.16553e+06
1.04527e+06
1.02718e+06
939845
904698
851522
802594
741578
681991
620657
559591
497596
435240
353653
287845
221710
155607
94861.1
31377.2
837572
1.0313e+06
983557
991559
931511
899440
831036
786505
721190
664979
600385
540567
476372
414614
350103
286266
220982
155866
95309.5
31459.4
980404
1.0336e+06
1.01347e+06
991580
930724
904756
831681
787723
720983
664050
599059
538595
474407
412129
348637
285432
221237
156464
95921.4
31768
940644
1.04895e+06
976539
989478
919284
904520
828423
790436
720045
663955
597191
537367
472498
410978
347160
285327
221236
156992
96441.4
32317.1
1.00619e+06
1.06388e+06
1.00379e+06
994255
929937
907754
832380
793319
720182
663362
594963
535408
470179
408548
345106
283198
219864
156169
96598.6
32569.9
997318
1.10589e+06
996274
1.00635e+06
927910
909911
828718
791329
716105
660548
592608
533653
468834
407818
344579
283042
219800
156521
97423.9
33688.5
1.07048e+06
1.15134e+06
971016
1.03179e+06
928265
912258
827146
789748
713579
659256
592079
533428
468599
407901
344604
282921
219756
156957
99032.4
38565.6
899367
1.16898e+06
954719
1.03931e+06
925749
908571
819673
783631
709394
657259
589832
532504
468529
408709
345143
282919
219034
156761
100851
47020.1
650239
692970
647944
697834
650399
691998
647536
586837
632459
587175
634632
586965
632171
587085
646748
691094
645198
690799
645973
690428
644679
587088
629859
583415
630938
587150
629415
583183
847623
886996
838593
894427
847133
886844
838980
780062
823477
776845
830604
779947
823859
776949
715733
761389
713639
764286
715721
761473
713887
652195
698293
650639
700545
652306
698363
650640
588560
635091
587478
637074
588766
635088
587494
525396
572014
524760
573680
525578
572037
524768
462375
509379
462382
510416
462585
509405
462471
399183
447084
399560
447489
399694
447235
400018
836105
877320
829983
885609
836878
876680
830491
775631
815464
772524
821719
775894
816254
772644
712975
757281
710618
760472
713103
757301
710538
650100
695189
648436
697500
650077
695162
648377
587114
632808
586001
634421
587073
632705
585868
524558
570521
523723
571518
524511
570414
523562
462361
508229
461738
509050
462396
508091
461728
399821
446340
399326
447056
400218
446401
399750
830942
870319
824055
873908
829833
868891
824591
771907
809615
767395
818066
772209
810350
767706
709818
752801
707666
756191
709616
752732
707259
647849
692561
646269
694339
647743
692182
646021
585595
630977
584662
632141
585449
630756
584463
523409
569376
522732
570062
523232
569182
522638
461467
507342
460792
507781
461484
507284
460825
399241
445473
398079
446158
399666
445545
398403
824573
865325
825418
868368
824670
864272
825730
767288
810968
766101
811315
767454
811498
765977
706860
751032
705053
752435
706564
750652
704526
645717
689781
644302
691618
645478
689596
644113
584320
629351
583509
630388
584140
629141
583348
522616
568394
522403
569033
522518
568433
522325
460580
506937
459672
507294
460603
507109
459673
397901
444648
396609
445428
398226
444529
396689
846721
886335
839064
892030
844771
885805
839074
779936
823964
777011
828809
779831
824208
777163
715741
761537
713953
764040
715716
761751
714062
652396
698412
650656
700462
652620
698570
650758
588853
635104
587505
637180
589107
635182
587538
525668
572046
524781
573828
525952
572064
524839
462691
509426
462526
510608
463065
509518
462713
400130
447319
400385
447873
400903
447577
401088
837123
876295
830576
884524
837670
876647
831061
776005
816394
772646
822841
776361
816672
772511
713175
757265
710508
760829
713393
757068
710506
650083
695168
648356
697757
650182
695559
648232
587047
632649
585799
634429
586902
632518
585045
524486
570326
523466
571348
524418
569679
523102
462441
508013
461740
509040
462576
507767
461802
400534
446443
400043
447345
401095
446589
400573
829848
867859
824426
874970
830793
868153
823161
772148
810466
767698
817945
771387
809987
766899
709523
752605
707051
755519
709319
751798
706332
647676
691989
645884
694601
647155
691329
645393
585378
630623
584338
631653
584241
630089
583692
523146
569068
522587
569236
522840
568538
522379
461501
507253
460842
507526
461570
507128
460870
399938
445582
398637
446358
400426
445678
399038
824560
863414
825656
866371
823405
862551
824209
767375
811459
765852
810598
766480
809958
765059
706387
750416
704297
751464
705697
749549
703823
645337
689480
644028
690761
644842
689201
643819
584030
629069
583227
629768
583536
628761
582932
522470
568427
522256
568508
522266
568214
521857
460608
507160
459589
507132
460572
506976
459166
398479
444478
396867
445488
398761
444265
396857
844141
885476
839067
889040
843004
885162
839005
779798
824216
777198
827619
779553
824168
777203
715671
761789
714085
763845
715510
761738
714070
652655
698608
650799
700523
652652
698559
650984
589159
635211
587544
637390
589329
635419
587711
526013
572074
524867
574175
526152
572257
524995
463153
509558
462777
511021
463360
509704
462938
401151
447656
401341
448457
401333
447866
401470
837768
876442
831463
884038
837915
877128
832434
776383
816819
772432
823074
776341
817677
772243
713432
756995
710306
760808
713393
756791
709986
681967
681891
697477
697872
681733
681963
697661
617444
618447
633724
634485
617571
618445
633703
524414
569718
523011
571400
524525
569569
523050
462625
507728
461833
509163
462757
507793
461926
401326
446638
400791
447574
401453
446757
400941
830961
867880
823036
875555
831020
868620
823315
771079
809856
766480
816646
770343
809390
765363
709018
751462
706076
754838
708516
750565
705362
676311
677450
692435
689737
677182
674050
691844
614823
615831
630839
631058
615003
616050
630523
522759
568335
522303
569128
522747
568151
522146
461600
507080
460867
507516
461683
506962
460798
400647
445692
399213
446518
400801
445659
399131
823099
861741
823629
866381
822650
860776
821841
766067
809460
764776
809171
764954
808366
764119
705440
749341
703820
750211
704733
748932
703908
644662
689150
643769
689917
644291
689007
643688
583356
628689
582855
629283
583126
628533
582676
522182
568147
521740
568172
521957
567888
521321
460540
506849
459072
506897
460373
506437
458720
398887
444167
396916
445354
398760
443888
396706
842887
884906
838957
887702
842675
884624
838746
779482
824143
777175
827487
779408
824035
777155
715528
761705
714082
763698
715686
761768
714189
652640
698577
651084
700579
652697
698744
651247
589374
635533
587792
637431
589530
635758
588018
526178
572343
525039
574258
526331
572560
525179
463411
509759
462978
511147
463645
509899
463111
401510
447925
401584
448619
401739
448055
401567
837850
877063
832423
883415
837491
877524
831956
776310
817792
772188
822790
776240
817440
771999
713393
756737
710069
760769
713520
756662
709975
650469
694496
647633
697928
650603
694565
647713
587073
632067
584664
634965
587377
632106
585217
524570
569372
523100
571779
524705
569820
523252
462791
507831
461950
509327
462896
507931
462010
401573
446785
401061
447726
401536
446833
400992
830913
868451
823504
875770
830108
869107
823099
770203
809381
765106
815798
770018
809135
764766
708559
750350
705172
754658
708411
750055
705049
646249
690255
644647
693139
646624
690206
644657
583836
629427
583217
631186
584596
629543
583455
522786
568160
522105
569281
522897
568251
522040
461701
506930
460762
507610
461739
506840
460690
400916
445631
399188
446559
400805
445518
399009
822654
860413
821458
866539
821878
860397
820766
764687
808132
764109
808358
764250
807600
763995
704558
748871
704035
749646
704497
748870
703952
644266
689006
643720
689807
644270
689120
643647
583093
628486
582648
629323
583150
628472
582455
521885
567796
521225
568112
521761
567485
520969
460304
506267
458635
506661
460200
505751
458488
398798
443773
396732
445139
398693
443410
396637
842579
884507
838700
887189
842200
884849
838696
779440
824015
777165
827426
779553
823904
777229
715747
761779
714229
763722
715693
761721
714227
652740
698773
651276
700591
652819
698754
651329
589555
635776
588060
637384
589509
635764
588113
526378
572589
525246
574253
526578
572546
525266
463748
509912
463180
511238
463932
509906
463262
401984
448079
401735
448716
402326
448124
401653
837391
877649
831838
883632
837482
877836
832219
776236
817254
771934
822627
776277
817404
771936
713560
756671
710057
760771
713568
756726
710248
650625
694634
647802
697988
650701
694761
647949
587442
632190
585288
634997
587465
632282
585325
524755
569863
523288
571785
524715
569824
523194
462942
507943
462028
509308
462994
507862
462047
401657
446842
401115
447786
401587
446868
401058
829953
869305
823102
876152
830312
869609
823875
769999
808919
764781
815508
770092
809379
765077
708525
750093
705136
754943
708791
750411
705387
646738
690276
644701
693428
646926
690425
644772
584688
629576
583503
631383
584764
629612
583448
522917
568259
522015
569326
522808
568145
521874
461742
506790
460677
507506
461736
506646
460664
400900
445497
399141
446563
400833
445496
399081
821793
860276
820759
867042
822372
860239
820521
764190
807659
764081
808303
764328
807668
764067
704554
748968
703913
749752
704701
748903
703567
644289
689171
643703
689911
644314
689099
643537
583172
628529
582366
629283
583058
628418
582036
521718
567430
520907
567920
521565
567128
520615
460182
505638
458435
506426
460179
505380
458296
398824
443340
396750
445104
398728
443235
396783
665991
666245
649698
650303
665842
666314
649755
680469
695991
678521
691321
680473
695943
677319
664802
648848
663634
648096
664864
648829
663455
682004
697881
682002
697514
681998
697698
681740
665997
650339
666367
649722
666327
649744
665831
680456
690851
695814
678109
695891
677233
680167
664697
647855
648608
663187
648710
663223
664516
601457
602751
585868
586810
601685
602733
585626
617245
633113
616660
632806
617117
633133
617439
601691
585914
601499
588332
601523
585879
603458
617454
634534
618614
633797
618510
633719
617655
601458
586854
602896
585875
602799
585631
601720
617212
632631
632974
616600
633061
617325
617072
601653
588509
585804
601409
585918
603336
601465
661330
662321
646267
645994
661899
660700
645855
676801
692036
675796
690858
676834
691918
675600
661369
645792
660717
644986
661514
645555
660514
676013
689294
676551
691754
673565
691569
676409
660976
645590
661446
645515
660271
645548
660983
676603
690634
691385
675203
691710
675398
676187
661124
644797
645136
660122
645325
660309
660805
599755
601048
584356
588174
599438
602469
584515
613901
630258
614180
629629
614322
629958
613939
598045
583297
598837
583223
598666
582785
598601
614709
630717
615655
630240
615931
630282
614603
599695
588472
600988
584181
602287
584526
599314
613747
629457
629690
613812
629741
613816
613820
597902
583170
583031
598540
582714
598520
598304
866373
892809
863470
894014
865624
892573
862970
791986
828808
789647
828918
792069
828034
789495
727247
758535
724159
759568
727198
758520
724186
662684
695186
660737
695610
662801
695200
660799
598984
631817
597483
631440
599054
631827
597520
535836
568360
534161
568019
535927
568352
534192
472091
504677
470739
504405
472203
504711
470814
409292
441226
407043
440671
409315
441315
407049
916273
952444
910303
958514
916238
951501
909909
874518
878327
893196
894520
878298
892932
874530
810630
813524
828119
831056
813439
828089
810655
746675
747619
763969
764363
747628
763946
746703
683329
684147
700743
700604
684142
700714
683340
619483
620576
636756
637047
620602
636762
619464
556336
557353
573389
573636
557377
573398
556321
493347
494219
510278
510363
494248
510292
493319
430611
431148
447546
447370
431200
447574
430554
343455
376711
341863
375674
343626
377151
341965
906589
938863
902016
943622
906280
938379
901826
866475
868735
882890
885782
868845
882629
866381
802910
805996
817399
821157
806110
817558
802858
743467
744401
759099
760304
744450
759154
743430
680931
681540
696693
697449
681540
696691
680938
618096
618566
633910
634444
618557
633896
618108
555471
555758
571192
571539
555754
571181
555487
493195
493410
508823
509077
493399
508804
493211
431166
431245
446794
446946
431282
446800
431151
343391
375898
343129
376637
343515
376274
343323
894163
927270
892163
931941
894439
926482
891566
858108
859759
873409
874525
859166
873231
858560
801433
803283
815122
817631
803425
815247
801149
739500
740701
754656
756260
740669
754650
739558
678238
678903
693764
694434
678890
693716
678274
616191
616617
631829
632250
616577
631802
616220
554212
554534
569869
570138
554505
569842
554246
492090
492377
507647
507892
492349
507626
492103
430320
430524
445853
446097
430553
445866
430293
342822
374778
341622
375896
343035
375066
341868
890339
924942
889209
925066
889604
924709
888420
854855
855634
869384
869893
855423
869277
855076
796704
796550
811422
810806
796735
811551
796582
736551
737162
752324
752540
737131
752313
736575
675489
676363
691314
691893
676308
691278
675526
614457
614970
630245
630572
614939
630209
614479
553241
553541
569090
569185
553507
569063
553260
491370
491569
507426
507335
491564
507412
491369
429258
429562
445282
445376
429589
445289
429222
339631
373132
339574
375327
339655
373183
339575
828824
850473
826886
851539
828918
850318
827265
771063
799493
769793
803005
771168
799322
769903
709672
738601
709384
741519
709289
738515
709410
649487
679236
649645
681658
649625
679362
649756
588870
618734
589298
621332
588795
618708
589230
528245
559225
528661
561351
528175
559163
528452
465139
497389
465154
499335
465050
497291
465093
402117
433729
402041
436402
402021
433726
401798
864201
891072
861204
892142
862145
889904
858805
792357
826568
789550
827899
792404
825191
789574
727113
758575
724138
759738
726916
758618
724044
663114
695242
661006
695934
663325
695364
661235
599194
631869
597578
631532
599236
631937
597615
536107
568414
534321
568049
536218
568512
534489
472417
504791
470980
504375
472546
504934
471133
409726
441506
407548
440820
409711
441793
407610
915105
949545
908394
954933
913888
948313
907574
873500
877466
892003
893424
873884
876893
891772
810369
812853
827781
829820
810464
812599
827605
746602
747673
763839
764180
746615
747666
763797
683280
684188
700533
700502
683284
684207
700480
619700
620796
636826
637123
619634
620881
636861
556549
557564
573475
573744
556482
557650
573514
493625
494459
510408
510497
493539
494560
510464
431217
431608
447804
447667
431039
431794
447907
344308
377816
342617
376985
344489
378500
342761
905056
937586
900830
943583
904590
938091
900619
865944
868571
881961
885027
866151
868321
881928
804264
806788
818677
822404
803910
807071
819076
743863
744747
759496
760644
743805
744807
759563
681060
681607
696782
697615
680982
681657
696877
617916
618515
633826
634411
617984
618497
633800
555225
555707
571063
571461
555319
555672
570968
493111
493402
508689
509034
493130
493416
508648
431549
431607
446916
447210
431432
431741
446984
344072
376834
343896
377662
344256
377395
344134
893670
925957
890398
932778
894336
927530
890765
856182
857774
870991
874387
856276
857667
871616
802284
803971
815511
818138
802381
803915
815739
738804
740383
754394
755926
739031
740239
754191
677857
678913
693345
694347
677966
679101
693196
615819
616231
631578
631955
615944
616002
631466
553856
554246
569653
569799
553979
554083
569508
491999
492250
507506
507651
492025
492213
507453
430628
430776
445980
446251
430537
430868
446031
343608
375535
342445
376985
343861
375949
342589
887475
922207
887177
925227
886879
923080
885939
851701
852957
866487
867051
852552
852208
866313
796807
797386
811863
811245
797002
797300
811673
735987
736750
751976
752069
736198
736530
751741
675049
675882
690905
691224
675191
675695
690714
614148
614658
629938
630106
614250
614518
629818
553058
553303
568857
568807
553118
553205
568763
491379
491539
507337
507228
491385
491521
507299
429489
429765
445309
445474
429448
429822
445296
339988
373488
339898
375897
339842
373832
339741
828685
849098
828044
851512
827844
849644
827749
771075
799007
769678
801741
770813
798875
769080
709017
738577
709792
741301
709091
738806
710039
649615
679355
649912
681921
649557
679410
649671
588674
618644
589144
621200
588444
618496
589027
528038
559084
528045
560936
527571
558876
527647
464866
496923
464927
498955
464538
496541
464600
401998
433780
401747
436198
401735
433610
401359
860290
887538
856485
889813
859386
886464
855456
792585
824385
789393
826274
792447
823857
789028
726815
758629
723902
759763
726817
758551
723922
663489
695517
661411
696184
663526
695590
661293
599228
631987
597641
631779
599246
632044
597601
536220
568628
534558
568413
536212
568764
534564
472583
505108
471293
504777
472591
505302
471304
410163
442150
408256
441637
409998
442469
408143
912503
946394
906876
951404
911349
946653
906531
871618
875024
889845
890412
872065
874419
889341
809877
811819
826912
827972
810006
811575
826690
746564
747618
763659
763929
746577
747568
763614
683341
684287
700357
700487
683328
684300
700336
619990
621112
637009
637312
619920
621185
637092
556822
557863
573683
574036
556760
557925
573783
493982
494836
510686
510864
493897
494918
510800
431818
432300
448235
448213
431699
432414
448379
344893
378921
343168
377936
344819
379163
343078
903882
937205
899914
942854
903579
937312
899933
865813
867849
881431
884232
865763
867792
881587
805636
807507
820432
823052
805340
807547
820844
743966
744971
759676
760850
743951
744992
759686
570449
571256
570317
554751
555500
554817
555509
493123
493478
508556
509083
493100
493510
508580
431894
432036
447148
447468
431834
432106
447199
344778
377735
344582
378166
344754
377910
344622
894302
927350
890570
932773
895044
928015
891239
856391
858147
872112
875486
856188
858517
872829
799520
802736
815287
817236
800309
802225
814777
737851
739778
753389
755125
738072
739633
753140
568773
569265
568576
553102
553353
553273
553112
491947
492147
507316
507478
491945
492157
507296
430940
431137
446179
446452
430883
431200
446215
344295
376187
342940
377456
344244
376235
342742
885950
921411
884757
925480
886137
921308
884074
849517
850469
864352
866339
849809
850347
864522
795076
795889
810279
809749
795529
795366
809815
734955
735705
750827
750791
735214
735426
750518
675090
690290
674892
674425
690085
674569
689899
613998
629430
613838
613686
629426
613779
629330
568264
552707
552850
568440
552800
552759
568360
491197
491423
507118
507013
491273
491369
507035
429462
429915
445167
445443
429521
429893
445105
339950
373933
339905
376121
339729
373987
339682
827536
848901
827439
851559
826943
848618
827099
770242
799287
769306
800949
769793
799790
769829
709414
739254
710343
741408
709922
739464
710478
649352
679606
649398
681786
649150
679639
649154
588161
618470
588881
621154
588070
618585
588679
527135
558617
527261
560442
526659
558211
526799
464169
496269
464338
498583
463770
496013
464119
401618
433471
401300
436007
401299
433291
400966
859128
884789
855180
887653
858707
884684
854917
792431
823537
788675
825465
792476
823560
788561
726852
758431
724070
759727
726932
758257
724165
663460
695618
661068
695965
663495
695622
660869
599247
632080
597511
631889
599357
632085
597416
536097
568876
534442
568352
536097
568916
534252
472544
505438
471256
504760
472580
505533
471156
410105
442654
408333
441702
410000
442772
408058
910439
946331
906149
949987
909952
947410
906193
870366
872869
887564
888042
870574
872581
887341
809609
811127
826384
827524
809629
811049
826388
746356
747393
763515
763767
746406
747372
763505
683369
684308
700491
700563
683360
684325
700571
620150
621314
637372
637408
620123
621341
637460
556911
558026
574102
574240
556902
558072
574208
494085
495050
511089
511092
494075
495110
511197
431982
432633
448726
448561
431978
432681
448833
345217
379396
343400
378416
345272
379568
343329
903312
937084
899801
943391
903692
937668
900166
865459
867355
881401
883722
865592
867178
881372
806006
807512
821500
822973
806047
807423
821433
743906
744937
759628
760755
743941
744932
759586
682018
697241
681470
681343
697843
682027
697111
618738
633885
617875
618006
634827
618841
633958
570666
555114
555709
571610
555003
555784
570829
493244
493619
508693
509250
493214
493652
508734
432063
432276
447323
447659
432038
432307
447353
345135
378059
344973
378356
345055
378152
344863
895169
927979
891602
933201
895769
929583
892283
856752
858790
872960
875457
856782
858764
873181
798125
801174
813762
816310
798253
800989
813699
737336
739281
752668
754672
737403
739219
752617
678274
691783
676378
676381
693548
678405
691690
614999
630241
614620
614742
630938
614912
630317
568581
553222
553394
568939
553158
553490
568669
491973
492215
507310
507571
491968
492231
507321
431007
431309
446274
446553
431013
431315
446275
344560
376303
342964
377622
344431
376250
342807
885811
920125
883269
926188
886082
920214
882875
848609
850188
863723
866251
848926
850018
863660
793839
794291
808829
808858
794069
794062
808578
734218
734739
749797
749818
734324
734584
749640
674527
674211
689656
689789
674233
674511
689652
613707
613496
629236
629276
613530
613702
629234
552395
552586
568215
568131
552464
552543
568176
490804
491180
506805
506798
490911
491115
506722
429156
429774
444923
445250
429238
429703
444855
339863
374061
339833
376134
339708
373985
339743
826397
848001
827153
851708
825935
847519
826850
770055
801012
771139
802043
770651
801898
771792
710107
739852
710636
741486
709960
739850
710522
649175
680071
649340
681869
649393
680334
649672
588189
618646
588598
620734
588091
618618
588411
526410
557924
526417
559707
526441
557703
526452
463681
495805
464013
497829
463750
495605
463958
401296
433057
400972
435359
401109
432820
400881
857929
884003
854037
885839
857236
883587
853145
792511
823609
788672
825638
792802
823655
788812
727066
758125
724338
759588
727076
758149
724121
663413
695517
660986
696008
663835
695519
661130
599377
631865
597500
631838
599531
631753
597473
536048
568735
534337
568420
536321
568653
534406
472652
505416
471273
504755
472878
505313
471309
410486
442628
408471
441784
410665
442557
408381
909944
947658
906875
949078
910492
948021
907451
870228
872047
886610
887514
870195
871933
886848
809799
811239
826309
827446
809727
811370
826317
746383
747356
763417
763714
746309
747440
763398
683527
684382
700518
700592
683438
684484
700481
620328
621240
637477
637428
620247
621298
637464
557193
558081
574243
574270
557098
558183
574230
494399
495171
511290
511205
494300
495270
511317
432251
432757
448909
448680
432152
432896
448975
345924
379469
343861
378510
346140
379529
343980
904338
937043
900483
942617
904633
936959
900576
865580
867005
881527
883740
865367
867184
881877
805654
807201
821071
822643
805699
807175
820993
743973
744986
759577
760784
743953
745007
759577
681297
682108
697030
697994
681247
682154
697062
618312
619063
634164
634986
618284
619084
634175
555365
555977
571123
571840
555337
556008
571122
493328
493762
508826
509327
493340
493762
508804
432136
432396
447430
447763
432132
432407
447444
345476
377995
345275
378253
345433
377998
345244
896296
929811
892787
933331
896157
929802
892783
857790
859518
873796
876256
857524
859778
874065
797805
800408
813094
815377
797849
800239
813033
737664
739307
752764
754780
737532
739402
752862
676751
677763
691956
693339
676624
677837
692091
615205
615636
630592
631337
615144
615739
630653
553440
553794
568945
569368
553443
553809
568954
491946
492267
507318
507577
491975
492248
507276
430962
431316
446238
446556
430970
431312
446231
344812
376002
343104
377462
344772
376019
343048
886410
919733
883310
925677
886465
919500
883838
848832
850512
863815
867026
848643
850827
864120
793109
793476
807734
808010
793181
793411
807648
734155
734496
749517
749638
734138
734547
749448
674301
674564
689653
689863
674288
674608
689632
613529
613823
629175
629310
613541
613835
629135
552222
552502
567938
568015
552300
552446
567864
490569
490995
506340
506502
490634
490943
506269
429146
429660
444650
445107
429139
429670
444657
340042
373591
340167
376044
340016
373435
340338
825635
847691
827009
851379
825530
847260
826835
771095
802274
772066
802854
771369
802049
771651
709630
740010
710620
741658
709323
739924
710366
649586
680664
650032
682131
649620
680584
649959
587808
618611
588357
620683
587534
618484
588206
526479
557585
526664
559566
526427
557509
526671
463763
495455
463954
497553
463711
495263
463887
401270
432681
401385
435315
401216
432600
401623
860095
863640
842838
847569
863591
842806
860093
872293
890246
870081
886887
890148
870113
872327
856917
840705
854637
838708
840785
854696
856906
874470
894545
878040
892622
878289
892722
874262
860048
847420
863310
842644
863532
842739
859946
872327
886909
889976
870107
890107
870166
872219
856947
838862
840833
854821
840836
854780
856917
795608
797068
778372
780028
797005
778363
795614
809415
825431
807783
823587
825471
807877
809411
793788
777619
792556
776853
777660
792586
793779
810597
830883
813079
827920
813285
828023
810540
795572
780000
796806
778332
796934
778352
795516
809422
823730
825528
808117
825510
807999
809427
793808
776894
777754
792731
777714
792649
793826
731985
732223
715024
715716
732190
714989
732025
746196
762173
745297
761394
762239
745327
746109
730719
714683
729594
713708
714701
729687
730669
746650
764341
747652
763874
747653
763912
746628
731932
715720
732116
714891
732168
714947
731874
746255
761431
762372
745475
762310
745409
746279
730761
713808
714748
729917
714730
729824
730771
668535
668855
651159
652207
668841
651169
668537
682863
699170
682216
698297
699171
682217
682836
667313
651100
666628
650635
651107
666626
667298
683323
700580
684160
700600
684156
700664
683300
668528
652252
668825
651246
668834
651202
668527
682903
698325
699234
682251
699199
682229
682951
667335
650634
651157
666647
651128
666633
667366
604770
604910
587676
588610
604926
587701
604760
619434
635734
619053
635084
635738
619051
619422
603953
587770
603447
587478
587781
603448
603947
619522
637058
620719
636797
620654
636776
619573
604789
588683
604997
587795
604956
587743
604818
619459
635082
635774
619065
635752
619056
619492
603971
587485
587836
603466
587805
603456
603996
541673
541693
524642
525431
541704
524666
541665
556373
572543
556084
572017
572550
556087
556362
541036
524889
540631
524759
524899
540632
541035
556373
573653
557490
573442
557424
573416
556422
541691
525497
541766
524768
541729
524710
541719
556396
572027
572590
556106
572567
556097
556427
541049
524763
524956
540639
524923
540635
541069
478811
478613
461861
462414
478631
461893
478796
493623
509704
493535
509380
509713
493541
493607
478411
462339
478185
462395
462363
478194
478398
493397
510382
494377
510359
494302
510320
493461
478843
462486
478717
462030
478664
461952
478888
493656
509390
509766
493584
509735
493558
493700
478440
462428
462468
478246
462407
478216
478480
416146
415403
398786
399265
415466
398833
416084
431188
447222
431246
447109
447249
431293
431137
416011
399560
415874
399592
399613
415945
415943
430721
447416
431442
447710
431301
447631
430865
416287
399491
415756
399301
415585
399085
416480
431293
447163
447383
431515
447305
431390
431429
416160
399830
400096
416272
399878
416077
416363
850377
852833
833238
836245
852945
833359
850317
864467
881922
861971
876923
881723
861556
864465
848862
831601
845733
830200
831736
845676
848753
866567
885669
868839
882592
868897
882611
866487
850575
836487
853295
833834
853171
833609
850614
864133
876665
881495
860993
881540
861282
863872
848832
830366
832145
845448
831975
845620
848827
789181
791034
774334
775695
791106
774417
789063
800945
815399
800827
815734
815612
801172
800897
787374
773266
786870
772582
773289
787042
787375
803106
821376
806505
818319
806283
817864
803511
789341
775789
791424
774672
791248
774536
789597
801197
816010
816240
801781
815963
801532
801494
787561
772624
773495
787322
773382
787223
787747
727931
728736
712232
713000
728800
712238
727889
742579
758152
741666
757302
758200
741668
742555
727053
711417
726178
710602
711411
726172
727043
743581
760388
744665
759386
744558
759252
743716
727994
713046
729021
712296
728913
712260
728069
742621
757313
758312
741634
758254
741658
742668
727074
710575
711394
726134
711403
726158
727097
665329
665946
649568
650089
665943
649556
665337
680216
695903
679602
695184
695893
679591
680228
664668
648956
664105
648423
648945
664101
664674
680930
697468
681573
696725
681552
696699
680943
665327
650082
665960
649531
665948
649543
665333
680200
695174
695861
679572
695879
679579
680184
664661
648402
648906
664108
648927
664100
664658
602496
602927
586768
587105
602919
586757
602507
617566
633315
617117
632787
633300
617080
617587
602031
586379
601627
585969
586362
601596
602049
618074
634433
618532
633852
618547
633876
618035
602474
587093
602893
586688
602909
586733
602433
617529
632752
633242
616927
633274
617017
617475
601996
585921
586283
601459
586330
601540
601942
539932
540247
524312
524548
540240
524286
539957
555155
570848
554876
570500
570832
554847
555177
539604
524022
539331
523688
523990
539296
539634
555439
571532
555731
571123
555747
571161
555388
539894
524534
540210
524200
540229
524249
539841
555113
570469
570749
554709
570801
554794
555041
539560
523640
523890
539161
523945
539246
539491
477774
477994
462210
462364
477988
462206
477788
492943
508532
492675
508199
508502
492654
492967
477517
462008
477249
461728
462000
477236
477534
493175
509064
493395
508731
493394
508772
493151
477762
462375
478001
462220
477990
462209
477754
492910
508156
508414
492570
508459
492614
492878
477496
461724
461998
477184
461997
477210
477479
415659
415760
399580
399845
415808
399618
415630
430987
446579
430752
446350
446582
430784
430970
415486
399616
415238
399395
399656
415291
415442
431218
446991
431473
446857
431363
446818
431315
415767
400040
416101
399984
415928
399811
415927
431031
446369
446625
430929
446596
430847
431120
415590
399577
400016
415552
399839
415399
415744
843313
845608
828704
830672
845004
828273
843969
856374
871351
855970
870201
871382
855652
856567
841179
825419
840186
824188
825170
840116
841716
857089
873825
858216
871918
858460
872297
856768
842450
830020
843668
827898
844060
827886
842257
855457
869016
870687
854426
870607
854708
855189
840647
824386
825508
839860
825252
839757
840675
785614
787978
769645
772046
788188
769717
785386
796559
810368
795984
809762
810481
796140
796377
782522
768057
781934
767468
768113
782110
782385
801899
817884
803915
815359
803699
815303
802263
785954
772157
788644
769911
788447
769871
786254
796966
810104
811138
796886
810816
796525
797299
782756
767615
768312
782633
768237
782380
782989
724366
725330
709057
709782
725293
708999
724430
738577
753589
737787
752803
753567
737738
738645
723637
708376
722980
707583
708299
722896
723721
739387
756243
740505
754535
740602
754617
739228
724245
709710
725124
708739
725221
708887
724084
738446
752790
753428
737488
753520
737637
738267
723484
707439
707975
722571
708156
722753
723289
662882
663486
647328
647831
663482
647300
662908
677574
693146
677029
692486
693082
676968
677626
662278
646769
661821
646224
646731
661768
662319
678169
694392
678866
693493
678872
693621
678073
662831
647796
663473
647163
663475
647243
662757
677473
692351
692809
676702
692962
676851
677343
662198
646137
646555
661540
646656
661669
662091
600812
601193
585284
585564
601161
585259
600835
615780
631381
615411
630940
631348
615378
615812
600474
584966
600182
584629
584936
600151
600503
616132
632204
616389
631671
616501
631747
616048
600767
585511
600997
585182
601098
585223
600702
615715
630864
631184
615203
631280
615307
615621
600416
584562
584800
599984
584879
600083
600333
538693
539010
523116
523376
538981
523088
538733
553937
569601
553749
569341
569569
553713
553971
538478
522896
538364
522711
522874
538335
538506
554156
570104
554370
569743
554452
569800
554078
538641
523317
538836
522989
538924
523046
538573
553881
569274
569432
553577
569511
553654
553809
538434
522679
522796
538230
522840
538290
538374
476706
476962
461212
461469
476950
461216
476711
491890
507464
491714
507330
507448
491708
491898
476531
461001
476380
460796
461006
476380
476533
492072
507838
492285
507553
492319
507594
492049
476702
461473
476925
461244
476938
461227
476699
491878
507310
507396
491690
507426
491699
491864
476529
460809
461037
476381
461019
476380
476529
414844
415054
398874
399320
415103
398933
414797
430065
445647
429807
445485
445661
429833
430037
414586
398565
414261
398125
398619
414304
414542
430375
446123
430686
445933
430611
445895
430449
414938
399501
415339
399247
415206
399100
415061
430120
445511
445726
429947
445688
429882
430192
414680
398280
398924
414513
398784
414395
414801
840537
840249
825557
824521
840143
825657
840606
852783
868322
852226
864905
868102
851933
852927
839932
825088
838683
825591
825185
838897
840093
853860
868620
853874
867694
854224
867919
853523
840181
824647
839559
825666
839625
825711
839994
852187
864423
867039
851205
867194
851492
851988
839731
825645
825460
838774
825372
838778
839708
782273
782294
766888
767360
782414
766931
782173
796370
811728
796391
811127
811870
796499
796251
782242
766303
781114
766109
766306
781142
782183
796897
811107
797299
811867
797051
811743
797018
782445
767433
782825
766895
782644
766940
782488
796524
811358
812284
796716
812138
796649
796577
782313
766095
766171
781092
766267
781171
782298
721725
722301
706047
706805
722249
706033
721743
735779
752147
735803
750980
752112
735770
735818
721464
705134
720096
704934
705100
719967
721520
736482
752511
736927
752149
737052
752257
736365
721665
706705
722010
705870
722149
705977
721553
735694
750854
751873
735541
752023
735680
735558
721356
704743
704888
719538
705024
719764
721188
660696
661311
645068
645677
661259
645034
660742
674576
691133
674473
689745
691083
674440
674608
660572
644185
659406
644260
644165
659360
660617
675416
691773
676053
691068
676197
691195
675315
660609
645593
661022
644874
661157
644966
660498
674512
689686
690840
674332
690983
674392
674429
660491
644196
644059
659200
644121
659290
660381
599617
599899
583941
584290
599867
583921
599645
613753
630318
614077
629293
630270
614057
613766
599618
583318
598465
583492
583310
598433
599647
614407
630496
614778
630047
614874
630138
614338
599555
584227
599704
583798
599801
583871
599462
613720
629220
630107
613935
630196
613999
613672
599555
583443
583198
598311
583270
598379
599462
538326
538353
522455
522592
538316
522434
538359
552865
569293
553271
568413
569273
553285
552868
538514
522064
537548
522400
522052
537558
538521
553208
569119
553380
568939
553451
569009
553164
538268
522559
538190
522366
538259
522402
538199
552852
568441
569197
553222
569240
553282
552828
538499
522401
521997
537604
522030
537613
538472
476294
476317
460283
460584
476316
460284
476301
490984
507743
491187
506955
507747
491251
490978
476508
459716
475399
459693
459713
475423
476493
491375
507317
491550
507366
491557
507391
491380
476283
460593
476312
460287
476316
460288
476264
491009
507081
507777
491399
507764
491374
491030
476523
459718
459675
475471
459704
475485
476525
414101
414187
397388
397940
414228
397427
414074
428540
445483
428560
444623
445502
428518
428514
414257
396837
413279
396591
396824
413235
414228
429318
445401
429697
445312
429637
445304
429379
414177
398109
414428
397742
414318
397620
414256
428589
444603
445529
428385
445523
428464
428618
414318
396708
397061
413110
396994
413171
414363
859345
862837
842460
846121
859643
862200
842174
871781
889446
869938
886268
872012
889184
869783
856698
840795
854770
839080
856813
840711
854739
873023
892634
875681
890644
876298
891099
872562
859009
845427
860816
841611
861487
841898
858658
871469
885907
888323
869379
888661
869567
871150
856546
839074
840506
854693
840613
854710
856369
795371
796714
778307
779896
795447
796567
778279
809421
825520
808221
824054
809428
825488
808306
793857
777790
792821
777068
793845
777817
792906
810264
829305
812070
827149
812334
827400
810146
795297
779876
796289
778236
796449
778256
795220
809413
824146
825378
808456
825441
808377
809402
793868
777122
777856
793036
777839
792980
793873
731777
732080
714836
715737
731824
732012
714789
746318
762424
745528
761616
746298
762458
745596
730777
714747
729968
714003
730776
714736
729997
746591
764114
747645
763704
747661
763752
746582
731739
715739
731858
714736
731944
714767
731697
746341
761693
762483
745752
762477
745682
746361
730777
714036
714706
730081
714726
730035
730776
668565
668833
651304
652475
668546
668829
651367
683058
699262
682289
698468
683007
699283
682339
667456
651197
666673
650684
667411
651245
666710
683291
700479
684267
700389
684240
700431
683311
668583
652563
668832
651495
668833
651433
668598
682472
683110
698524
699281
699291
682401
683159
666805
667500
650719
651356
651299
666754
667540
604890
605040
587854
588949
604852
605087
587916
619582
635805
619080
635129
619533
635842
619100
604059
587874
603480
587518
604026
587918
603495
619772
637144
621052
636949
620963
636901
619847
604931
589031
605177
588039
605126
587979
604976
619154
619637
635157
635925
635882
619124
619699
603532
604093
587531
588015
587965
603513
604129
541795
541807
524839
525770
541754
541848
524916
556511
572619
556115
572053
556466
572651
556124
541125
524999
540645
524797
541095
525049
540650
556620
573774
557812
573613
557730
573558
556694
541838
525864
541925
525069
541881
524994
541886
556562
572059
572724
556143
572685
556134
556616
541158
524817
525159
540664
525104
540655
541193
479000
478772
462122
462824
478941
478834
462224
493822
509806
493618
509453
493756
509853
493659
478582
462540
478285
462587
478529
462619
478329
493717
510537
494763
510599
494657
510526
493811
479060
462943
478936
462423
478878
462326
479124
493894
509484
509959
493749
509904
493703
493968
478637
462650
462782
478426
462701
478377
478693
416915
415969
399727
400392
416694
416178
399986
431762
447475
431666
447406
431594
447574
431813
416819
400496
416481
400603
416588
400754
416704
431399
447753
432162
448118
431981
448011
431559
417111
400777
416529
400518
416355
400387
417272
431928
447494
447769
432063
447673
431951
432067
417026
400964
401277
417044
401140
416893
417184
850675
853269
834057
837342
850616
853232
834345
863358
880897
860633
876587
863527
880845
860536
848721
832308
845390
830697
848749
832503
845522
865761
884575
867964
881560
868105
881501
865742
850767
837527
853170
835094
853186
834694
850928
863294
876342
880332
860735
880419
860515
863324
848779
830813
833107
846203
832761
845796
848971
790089
791613
774844
776136
789877
791835
774960
802177
816523
801898
816512
801798
816875
801953
788182
773602
787425
772631
787950
773684
787525
804635
822644
807419
819985
807282
819521
805001
790286
776277
792108
775114
792017
775050
790459
802626
816593
817843
801997
817312
801957
803086
788425
772588
773774
787579
773740
787574
788658
728239
729118
712355
713257
728152
729195
712437
742750
758361
741600
757209
742712
758396
741558
727163
711396
726110
710506
727125
711421
726091
743904
760758
744924
759652
744857
759614
743932
712669
728325
713333
729287
729252
712545
728399
742779
757140
758421
741472
758416
741515
742792
711561
727213
710541
726083
711479
726081
727269
665410
665984
649529
650102
665359
666025
649541
680217
695853
679594
695269
680181
695876
679775
664701
648887
664143
648335
664668
648873
664236
681806
697209
681408
681194
697686
681725
697018
666162
649639
665656
665506
650136
666086
649585
696014
680169
680421
680318
695906
695959
680418
648885
664316
664850
664772
648287
648877
664440
602273
602872
586620
587012
602368
602847
586518
617312
633205
616789
632575
617400
633168
616583
601738
586220
601326
585574
601864
586113
600999
618455
633759
617718
617827
634417
618473
633780
602779
586177
601956
602137
586968
602817
586371
633141
616359
617161
617224
632490
633146
616299
585843
600360
601507
601583
584686
585919
600172
539690
540185
524143
524460
539773
540149
524080
554797
570671
554584
570168
554935
570553
554420
539264
523803
539045
523352
539388
523702
538903
570651
555102
571413
555565
555625
570833
554954
539590
524435
540061
523941
540105
524010
539485
570153
554617
569887
553969
570375
554208
554404
539118
523224
523483
538555
523592
538735
538962
477748
478016
462239
462483
477750
478041
462263
492788
508343
492517
507925
492835
508267
492465
477441
462008
477165
461756
477459
462020
477150
493093
509035
493452
508573
493432
508607
493090
477756
462528
478106
462324
478072
462289
477773
492747
507832
508130
492397
508192
492421
492721
477434
461776
462065
477148
462039
477144
477440
416283
416294
400285
400714
416104
416486
400460
431334
446678
431025
446490
431227
446729
431117
416085
400306
415715
400207
415913
400476
415871
431667
447280
431950
447094
431862
447042
431754
416444
400992
416795
400837
416655
400733
416582
431444
446540
446830
431293
446779
431211
431528
416241
400476
400851
416139
400743
416015
416376
841891
843287
827895
830044
841960
843280
827878
854437
869953
853596
868137
854653
870578
853171
840154
825444
839484
823883
840403
825115
838986
856045
874387
857860
872192
857600
871610
856121
841896
830460
843996
828283
843559
827996
842031
854130
867750
870931
852333
870410
852648
854070
839908
823431
824655
838047
824823
838460
839729
786109
788624
769862
771961
786302
788410
769687
797405
811321
797027
810358
797425
811259
797009
783127
768306
782753
767557
783105
768184
782738
801852
818053
803283
815672
803694
815798
801153
785666
771687
787612
769053
788048
769400
785083
797299
810138
810974
796500
811107
796850
797037
782970
767276
767600
782117
767936
782508
782656
723694
725016
708573
709453
723897
724905
708402
737794
753280
737293
752396
738047
753061
737057
722821
707770
722358
706824
723065
707552
722121
738561
755729
739927
753662
740084
753938
738313
708049
723482
709421
724673
724791
708233
723263
737518
752118
752471
736502
752783
736788
737232
707106
722567
706583
721602
707330
721866
722311
662558
663492
647059
647582
662666
663546
646928
677059
692639
676533
691780
677200
692466
676354
661845
646433
661392
645733
661970
646295
661235
679530
692852
677566
677746
694847
679593
693064
663321
646547
662216
662419
647435
663620
646759
692145
675985
676857
676939
691559
692300
676170
645979
660900
661615
661725
645569
646144
661071
600428
600838
585113
585153
600605
600459
584980
615338
631065
615071
630467
615498
630920
614909
600049
584687
599855
584177
600218
584509
599688
615588
631097
615331
615630
631814
615647
631307
599281
584417
599749
600116
584113
599398
584673
630529
614467
614784
615113
630289
630744
614712
583852
599160
599318
599773
583955
584236
599458
538388
538721
522922
523048
538488
538591
522842
553610
569325
553488
568926
553721
569174
553383
538210
522740
538158
522525
538301
522671
538072
568991
553688
569471
553640
553876
569275
553480
538268
522941
538290
522666
538448
522752
538135
568682
553456
568747
553083
568959
553244
553251
538100
522453
522514
537862
522592
537972
537978
476695
476915
461266
461520
476696
476907
461290
491828
507360
491678
507216
491847
507317
491662
476530
461059
476380
460857
476529
461082
476376
491974
507582
492156
507351
492179
507399
491955
476697
461543
476907
461342
476904
461316
476701
491808
507174
507227
491618
507272
491641
491790
476530
460867
461122
476356
461104
476369
476529
415344
415483
399500
400088
415198
415632
399652
430365
445771
430023
445620
430279
445819
430093
415072
399177
414638
398753
414935
399308
414758
430722
446305
431052
446133
430965
446084
430804
415483
400332
415898
400006
415772
399908
415606
430453
445654
445908
430217
445867
430164
430528
415200
398984
399613
414956
399539
414868
415312
838938
839028
825478
824211
839522
838303
825151
850568
866099
850667
863312
851107
865983
850349
839072
825371
838633
825333
839437
825027
838225
850895
866235
850889
865155
851403
865261
850344
838343
823770
837263
823992
837683
824604
837822
849955
862535
865104
849974
865096
850028
849531
838571
824930
823786
837235
824469
837852
838078
782233
782852
766767
767172
782425
782704
766549
796240
812234
796671
811055
796488
811931
796371
781948
766004
780967
765608
782179
765767
780671
796453
810969
796447
810785
796952
811273
796006
781931
766861
781933
765919
782374
766258
781551
795862
810592
810870
795613
811437
796087
795419
781633
765371
765164
779979
765480
780375
781276
721177
721833
705713
706180
721388
721620
705513
735148
751668
735370
750120
735372
751416
735151
720736
704701
719323
704066
720974
704482
719135
735743
751786
735993
751147
736273
751458
735481
720931
705947
721117
705041
721379
705283
720663
734899
749830
750845
734672
751134
734913
734644
720481
703888
704003
718796
704236
718977
720225
660220
660864
644762
645182
660366
660690
644637
674221
690663
674285
689361
674328
690473
674265
660121
643978
659098
643952
660257
643886
658972
675293
674894
690998
690293
675496
690506
674732
660317
660065
645016
644362
660506
644502
659909
674117
689267
690108
674211
690282
674237
674025
659985
643887
643691
658777
643793
658871
659848
599215
599580
583702
583898
599347
599434
583579
613536
630014
613849
628990
613610
629911
613826
599216
583085
598223
583076
599346
582956
598089
614183
614031
629943
629557
614362
629689
613905
599063
599069
583732
583294
599261
583435
598922
613452
628872
629691
613657
629796
613741
613369
599086
583007
582719
597890
582831
597993
598957
538053
538115
522325
522411
538128
538035
522266
552761
569149
553166
568416
552799
569085
553124
538389
521947
537619
522114
538439
521867
537562
552982
568664
552971
568545
553091
568658
552895
537970
522341
537846
522117
537947
522196
537874
552709
568331
568931
552943
569011
553071
552643
538323
521994
521677
537364
521783
537488
538236
476197
476302
460278
460605
476237
476286
460253
491018
507788
491389
507115
491037
507777
491265
476478
459627
475464
459437
476514
459538
475395
491362
507184
491463
507188
491496
507251
491327
476145
460594
476228
460167
476262
460216
476081
490977
507090
507693
491028
507741
491162
490923
476409
459289
459323
475183
459431
475313
476309
414383
414547
398015
398566
414337
414644
398096
428650
445527
428335
444407
428649
445508
428241
414412
397293
413094
396823
414407
397257
413074
429519
445489
429903
445223
429875
445269
429522
414404
398755
414747
398254
414715
398297
414395
428645
444348
445395
428182
445453
428204
428621
414394
396922
397326
413028
397390
413063
414356
857944
860182
841319
843657
858289
859628
841052
870522
887782
869180
885406
870817
887454
869035
855979
840390
854670
839056
856173
840273
854640
871211
889561
873359
888189
873866
888609
870877
857623
843243
858777
840578
859145
840813
857361
870250
885194
886733
868814
886966
868906
870014
855795
839035
840060
854521
840161
854586
855634
795083
796174
778227
779729
795153
796049
778210
809372
825305
808511
824210
809388
825229
808513
793871
777874
793112
777221
793875
777891
793153
809757
827742
811218
826415
811379
826525
809667
794998
779651
795911
778108
795977
778172
794965
809348
824194
825088
808469
825155
808495
809309
793855
777223
777877
793131
777903
793150
793815
731535
731773
714697
715535
731637
731652
714598
746390
762483
745792
761786
746382
762477
745801
714104
730701
714679
730118
730763
714627
730137
746515
763882
747446
763537
747500
763573
746457
731428
715501
731661
714517
731629
714524
731426
746348
761772
762393
745731
762447
745782
746294
714105
730605
714529
730083
714540
730126
730555
668627
668839
651553
652659
668616
668843
651584
682543
698614
682591
683201
699256
683196
699226
666861
650836
666917
667564
651409
667568
651435
683342
700506
684298
700419
684295
700363
683347
668675
652653
668856
651648
668847
651619
668727
698577
682616
682594
683184
699226
699195
683197
650890
667032
666963
667605
651564
651500
667656
605098
605235
588094
589205
605030
605327
588132
619182
635238
619206
619834
635972
619765
636026
603554
587567
603574
604221
588066
604170
588119
620043
637355
621284
637278
621229
637184
620090
605200
589258
605548
588247
605433
588180
605316
635321
619369
619280
619910
636179
636099
619994
587623
603740
603642
604290
588267
588185
604378
542020
541995
525133
526068
541945
542095
525178
572114
556732
572769
556157
556674
572830
556196
541282
525214
540681
524904
541233
525268
540721
556856
574111
557998
573993
557955
573886
556883
542109
526106
542216
525240
542159
525213
542199
572174
556792
572987
556308
572903
556245
556854
541339
524947
525380
540831
525324
540770
541403
479274
479014
462503
463226
479193
479133
462560
494111
510018
493799
509603
494040
510083
493845
478811
462860
478476
462835
478750
462933
478527
494023
510956
495016
510989
494964
510896
494054
479371
463284
479322
462650
479221
462607
479471
494168
509652
510210
493937
510144
493891
494222
478872
462890
463063
478631
463001
478580
478933
417507
416714
400766
401188
417401
416897
400752
432294
447861
432169
447732
432190
447958
432259
417391
401536
417160
401373
417305
401566
417242
431890
448348
432585
448616
432506
448504
431941
417625
401300
417143
400856
417024
400880
417727
432383
447801
448125
432398
448043
432336
432453
417473
401490
401699
417368
401704
417311
417541
851284
853165
835506
837839
851104
853166
835870
863462
879934
860956
876842
863391
879970
861175
849459
833514
846666
831940
849221
833929
847086
865772
884063
867535
881577
867686
881528
865699
851373
837882
853113
836308
853167
836167
851365
863476
876889
879924
861359
879866
861309
863448
849536
832302
834451
847389
834274
847309
849524
790695
792153
775151
776381
790598
792170
775166
803785
818400
802169
817139
803468
818859
802348
789000
773789
787588
772362
788853
773785
787598
805856
823079
807538
821381
807554
821166
805990
790737
776365
792138
775139
792163
775161
790742
804031
817454
819464
802560
819213
802474
804192
789104
772299
773740
787588
773768
787602
789146
712788
713442
712862
728459
729305
728449
729317
742749
758410
741425
756922
742782
758386
741365
711629
709925
711632
727320
726113
727312
726105
743972
760834
744979
759661
744997
759681
743964
713427
712800
712871
728435
729317
729325
728390
742711
756852
758319
741221
758355
741294
742681
709759
711612
711624
727296
725941
726042
727249
539386
540027
523886
524444
539399
540055
523907
569939
569779
569803
554078
553671
554203
553477
538774
523399
538385
522969
538835
523386
538284
571300
570491
570347
554776
555625
555545
554882
539416
524479
540157
523985
540093
523933
539488
569817
569857
569821
554100
553652
553487
554211
538801
523000
523466
538396
523411
538314
538879
477825
478143
462364
462672
477797
478183
462404
492740
508085
492390
507727
492720
508101
492408
477482
462097
477161
461866
477457
462131
477185
493152
509120
493584
508652
493547
508611
493183
477858
462717
478264
462476
478223
462442
477891
492768
507755
508171
492461
508130
492434
492797
477511
461898
462194
477241
462165
477213
477539
416752
416897
401055
401360
416680
416975
401085
431668
446881
431375
446683
431609
446928
431436
416547
401086
416243
400829
416476
401122
416318
431953
447524
432226
447287
432175
447246
431996
416811
401488
417082
401180
417038
401210
416855
431724
446723
447008
431529
446971
431491
431763
416602
400947
401233
416421
401253
416377
416642
842553
844484
828465
830987
842255
844914
828542
854117
870686
852079
868459
853982
871201
852028
839749
824605
837776
823071
839647
824640
837750
856582
875294
858878
873088
858766
872716
856795
842793
831000
845353
828498
845182
828503
843038
854202
868312
871288
852134
870980
851991
854376
839983
823174
825037
838123
824807
837898
840237
783932
787163
768694
770787
784466
786722
768364
796324
810824
796025
809671
796656
810630
795564
781887
767221
781646
766065
782266
766846
781179
798899
816867
801442
813898
801791
814228
798480
783520
770537
786081
767875
786348
768086
783226
796084
809478
810570
794882
810528
795186
795909
781555
765686
766235
780408
766509
780758
781291
707819
708608
707554
722821
724585
723039
724504
736685
752148
736213
751132
736950
751840
735935
706881
705822
706653
721809
721335
722057
721073
737662
754966
739377
752773
739496
752931
737514
708404
707245
707353
722630
724215
724379
722476
736448
750828
751341
735454
751566
735680
736246
705582
706211
706426
721576
720592
720823
721365
537866
538113
522596
522697
538006
537980
522534
568384
568177
568138
552901
552928
553055
552804
537749
522438
537738
522244
537860
522387
537656
569278
568571
568556
553087
553288
553120
553118
537854
522711
538069
522531
538000
522523
537881
568139
568193
568098
552860
552736
552758
552871
537709
522193
522331
537570
522353
537604
537701
476722
476918
461370
461631
476709
476939
461393
491760
507186
491592
507038
491773
507158
491562
476524
461138
476338
460852
476527
461144
476315
491954
507492
492196
507299
492175
507294
491961
476735
461659
476985
461426
476962
461412
476748
491748
506998
507121
491495
507137
491529
491736
476520
460829
461140
476265
461145
476290
476516
415784
416004
400226
400686
415706
416085
400248
430633
445942
430261
445690
430594
445962
430272
415449
399810
415018
399185
415398
399813
415037
430979
446489
431282
446262
431250
446242
430998
415830
400804
416178
400324
416141
400348
415855
430652
445679
445979
430251
445974
430271
430651
415467
399232
399837
415013
399888
415032
415464
836853
836963
823412
822873
837281
836855
822951
848529
864328
849611
861629
848963
864332
849323
836927
823093
836598
822916
837478
822493
835982
849251
866183
850327
864087
850303
864115
849119
836525
822719
836909
822354
836841
822609
836350
848059
860990
863533
848314
863736
848800
847677
836441
822344
821650
835150
822012
835506
836064
780730
781449
765561
765659
781140
780975
765211
794524
810310
795219
808979
794955
809825
794763
780568
764843
779685
764469
780911
764541
779393
794678
809408
794565
809103
794920
809424
794345
780352
765281
780169
764611
780542
764890
780022
794144
808680
809066
794235
809418
794477
793824
780262
764263
764058
778974
764275
779180
780001
705184
720124
720845
704798
720388
720573
704563
734161
750567
734466
749143
734394
750313
734305
719749
703783
718696
703825
719974
703638
718640
734716
750482
734936
749994
735167
750237
734503
704944
719883
720080
704189
720315
704356
719679
733959
749034
749900
734210
750091
734249
733791
719566
703865
703546
718574
703578
718621
719501
660126
644491
659942
659626
644235
659762
644115
673880
689963
674196
689101
673941
689883
674181
659687
643610
658706
643718
659754
643543
658638
690084
674578
674718
674316
689676
689741
674264
644349
659695
659787
659556
644002
644047
659520
673838
689060
689823
674201
689840
674185
673812
659647
643696
643443
658550
643488
658594
659636
598870
583231
598720
598700
583169
598785
583085
613205
629597
613603
628627
613279
629530
613563
598817
582640
597806
582772
598879
582563
597711
629321
613724
613759
613621
629248
629275
613572
583168
598616
598653
598642
582955
583019
598598
613142
628584
629482
613511
629494
613538
613084
598764
582711
582380
597559
582474
597636
598730
537681
537734
522026
522107
537772
537651
521930
552426
568849
552864
568066
552537
568781
552785
538066
521559
537259
521594
538150
521426
537139
568209
552621
552636
568250
552691
568298
552541
537599
522032
537525
521722
537583
521828
537526
552327
567995
568707
552640
568736
552717
552219
538000
521461
521122
536955
521282
537046
537953
475942
476187
460107
460496
476012
476142
460037
490618
507589
490861
506699
490784
507482
490687
476141
459226
475049
458961
476228
459112
474905
491112
506953
491247
506876
491310
506951
491019
475873
460440
476046
459853
476095
459956
475801
490469
506573
507345
490395
507403
490540
490313
476065
458836
458827
474651
458980
474767
475995
414346
414748
398374
398837
414383
414730
398288
428472
445331
428154
444063
428568
445263
428090
414274
397371
412995
396821
414319
397272
412936
429395
445401
429820
444982
429863
445042
429311
414316
398886
414700
398193
414713
398316
414281
428372
443976
445169
427948
445209
428032
428251
414234
396810
397159
412830
397269
412875
414201
856997
858611
840427
842811
857107
858560
840344
869603
886370
868665
884846
869800
886263
868526
855396
839958
854425
838884
855487
839887
854331
870211
887712
872219
886855
872355
886971
870126
856933
842761
858409
840286
858512
840306
856905
869427
884620
885948
868322
886009
868410
869294
855326
838812
839828
854191
839846
854252
855276
794984
795864
778050
779425
794963
795834
778015
809274
825057
808438
824099
809278
825043
808389
793836
777874
793111
777163
793817
777878
793097
809611
827514
811088
826383
811052
826384
809625
795010
779393
795853
778029
795834
778023
795036
809289
824063
825011
808312
825027
808345
809308
793863
777158
777897
793083
777885
793087
793882
731483
731691
714540
715567
731454
731742
714546
746300
762384
745694
761711
746281
762393
745698
730591
714553
730078
714117
730563
714575
730102
746314
763711
747329
763460
747321
763489
746276
731506
715614
731842
714576
731804
714553
731533
746317
761740
762399
745746
762399
745722
746325
730613
714149
714629
730160
714597
730131
730632
668857
668852
651665
652644
668789
668875
651666
682638
683243
699277
698633
683221
699324
682666
667108
667750
651628
651161
667714
651666
667163
683373
700573
684361
700598
684331
700621
683377
668927
652643
668951
651698
668901
651672
668985
683267
698692
699379
682757
699362
682708
683286
667770
651210
651693
667223
651687
667200
667793
605540
605613
588299
589438
605429
605692
588340
619474
620141
636260
635630
620073
636328
619561
603845
604542
588338
587866
604463
588405
603938
620165
637407
621310
637538
621317
637524
620177
605637
589466
605747
588442
605735
588393
605686
620193
635706
636394
619695
636372
619634
620230
604608
587941
588528
604086
588477
604020
604652
542401
542231
525257
526222
542294
542302
525277
556968
573072
556370
572426
556912
573151
556428
541530
525432
540894
525081
541467
525481
540956
556929
574242
558116
574308
558078
574281
556983
542504
526248
542501
525413
542387
525329
542562
557028
572503
573244
556539
573212
556486
557082
541583
525130
525610
541062
525544
541015
541618
479686
479398
462682
463484
479574
479507
462703
494319
510279
493980
509813
494272
510347
494018
479053
463112
478680
463013
478994
463156
478728
494104
511112
495184
511329
495130
511285
494168
479798
463533
479728
462860
479597
462754
479860
494375
509862
510434
494101
510401
494060
494439
479103
463059
463293
478814
463216
478776
479136
417922
417226
400990
401521
417829
417299
400942
432554
448203
432455
447977
432515
448273
432492
417668
401835
417428
401516
417609
401786
417480
431974
448590
432746
448953
432698
448913
432009
418021
401702
417480
401110
417365
401104
418055
432595
448020
448355
432564
448320
432531
432645
417721
401637
401893
417542
401938
417533
417727
851222
853009
836269
837739
851303
852899
836156
863171
879706
861285
877218
863338
879619
861189
849349
834453
847378
832338
849456
834353
847261
865299
883430
866911
881428
866986
881235
865223
851105
837621
852679
835852
852791
836023
850987
863080
877243
879592
861334
879431
861161
863168
849144
832175
833974
846931
834196
847053
848976
790678
792101
775104
776280
790718
792047
775062
804281
819609
802594
817733
804262
819568
802584
789102
773700
787560
772129
789136
773649
787507
805898
822877
807248
821181
807330
821310
805788
790606
776256
791941
774991
791992
775021
790541
804164
817593
819303
802339
819451
802470
804042
789016
772068
773543
787334
773595
787440
788932
712639
728308
729287
713426
728324
729298
712576
742611
758279
741144
756694
742647
758235
741085
711465
727053
725775
709978
727153
711306
725635
743910
760756
744962
759571
744945
759572
743929
728329
713474
729356
712615
729329
712584
728364
742621
756663
758201
741090
758212
741056
742649
727054
709936
711323
725622
711270
725597
727103
666413
649712
665692
665635
650528
666456
649725
695694
679121
679945
679859
694953
695633
679377
648597
663475
664410
664380
647629
648599
663568
681262
697880
682056
697006
682029
697040
681222
665623
650573
666494
649817
666482
649762
665633
679911
694616
695698
678974
695641
679061
679978
664411
647651
648712
663475
648638
663478
664483
603023
586177
602061
602265
587171
603134
586365
632970
616064
617088
617114
631969
632960
615879
585634
600196
601461
601517
584109
585691
599765
618116
634901
619021
634114
618933
634032
618218
602415
587269
603331
586659
603237
586519
602536
617175
632014
633073
616284
632995
616087
617261
601617
584982
585953
600822
585854
600508
601703
539639
540222
524035
524614
539564
540287
524083
569980
554486
553816
569473
554346
570153
553936
539044
523520
538483
523151
538961
523574
538568
555206
571703
555918
571072
555852
570968
555286
539711
524664
540403
524178
540352
524138
539775
554595
569694
570393
554158
570298
554063
554682
539129
523208
523680
538727
523635
538658
539196
477954
478302
462506
462820
477923
478339
462532
492853
508212
492487
507867
492825
508252
492511
477593
462220
477267
461969
477566
462242
477291
493281
509294
493723
508808
493690
508776
493308
477990
462858
478408
462596
478378
462567
478016
492887
507904
508326
492562
508294
492540
492913
477623
461991
462296
477332
462271
477314
477647
416942
417127
401293
401507
416902
417162
401230
431823
447039
431563
446805
431802
447063
431579
416712
401363
416464
401009
416682
401314
416494
432092
447694
432362
447408
432340
447383
432107
416977
401622
417203
401271
417197
401342
416980
431845
446821
447104
431602
447085
431596
431856
416734
401104
401324
416502
401424
416511
416730
842989
845396
828481
830714
843146
845216
828350
854296
871109
852104
868650
854330
871306
852051
840253
825314
838219
823523
840344
825395
838091
856914
875461
859193
873624
858911
873273
857198
842715
830443
844875
827745
844938
828082
842686
854484
868749
871766
852477
871401
852190
854804
840050
823369
825075
837933
825300
837881
840108
782950
785887
767740
770112
783043
785746
767681
795767
810702
794668
809394
795807
810857
794526
780980
766037
780134
764920
781099
765917
779934
798071
816043
800626
813312
800827
813508
797957
782927
770057
785518
767718
785646
767682
782925
795774
809291
810786
794284
810862
794438
795713
780923
764809
765911
779722
765877
779794
780939
707099
722230
724058
708425
722338
723956
706938
735958
751173
735261
750189
736081
751065
735107
706005
721025
720387
705023
721176
705837
720230
737315
754636
739229
752671
739185
752621
737402
722177
708347
723948
706966
723897
706885
722267
735884
750082
751054
734990
751027
734990
735924
720929
705005
705836
720167
705782
720144
720978
662187
645555
661044
661132
646501
662448
645648
691075
675033
675778
675621
690173
690878
674982
645069
660040
660582
660508
644641
645072
660008
676414
693158
677707
691801
677832
691698
676492
661205
646563
662338
645811
662362
645734
661276
675592
690173
690889
674989
690845
674975
675616
660493
644639
645116
659991
645087
659990
660506
598933
583897
599222
599346
583360
598776
583927
629707
613861
614010
614198
629451
629769
613917
583329
598610
598697
598938
583285
583498
598693
614898
631067
615439
630511
615200
630418
615041
599579
584348
600059
584287
599689
584159
599729
614353
629488
629917
614086
629843
613984
614502
599123
583373
583775
598916
583644
598807
599276
537958
538143
522545
522824
537915
538213
522564
568262
552930
552721
568176
552893
568337
552717
537721
522318
537546
522072
537705
522312
537532
553309
569161
553708
568888
553610
568793
553378
538006
522865
538343
522603
538285
522587
538042
552986
568216
568504
552756
568428
552735
553036
537746
522058
522314
537515
522316
537529
537760
476766
477006
461435
461713
476759
477023
461435
491710
507111
491460
506903
491724
507105
491426
476504
461129
476239
460724
476511
461111
476215
491979
507595
492262
507333
492249
507331
491981
476769
461726
477045
461441
477037
461438
476764
491701
506876
507082
491377
507097
491400
491690
476493
460700
461094
476152
461100
476185
476474
415875
416211
400414
400861
415875
416226
400333
430622
445976
430226
445596
430646
445963
430187
415443
399912
415004
399064
415460
399803
414990
430996
446559
431311
446250
431318
446266
430975
415859
400943
416196
400259
416222
400401
415819
430594
445556
445908
430135
445937
430158
430570
415414
399120
399718
414913
399859
414965
415371
835927
836857
822166
822504
836145
836691
821880
847134
862988
848054
860529
847375
862820
847864
835551
821300
834902
821127
835776
821004
834567
848516
866271
850225
863676
850056
863532
848523
835486
822252
836267
821163
836354
821556
835299
847172
860465
862617
847511
862585
847731
847098
835198
820943
820462
834096
820661
834337
835030
779524
779863
764382
764484
779746
779620
764198
793322
808769
794156
807876
793558
808494
793880
779638
763883
778861
764111
779792
763755
778700
793596
808614
793668
808007
793875
808303
793390
779351
764339
779293
763979
779440
764074
779213
793117
807748
807935
793660
808206
793759
792909
779536
764095
763533
778763
763642
778736
779421
719497
719886
704130
704491
719535
719735
704111
733669
749793
734212
748794
733717
749735
734220
719474
703514
718546
704058
719476
703483
718609
734169
749690
734477
749543
734496
749577
734131
719492
704485
719718
704143
719705
704109
719492
733625
748801
749713
734138
749713
734257
733607
719508
704033
703647
718808
703542
718772
719577
659665
659500
643965
644248
659503
659655
643936
673761
689834
674195
689043
673788
689873
674125
659706
643402
658574
643697
659655
643377
658624
674204
689792
674517
689676
674506
689659
674243
659510
644242
659682
643953
659658
643931
659520
673753
689125
689827
674029
689884
674065
673800
659747
643675
643454
658850
643398
658776
659730
598598
598547
582897
583073
598566
598603
582852
612971
629493
613482
628463
613025
629508
613412
598758
582299
597577
582596
598727
582286
597607
613491
629290
613770
629220
613714
629243
613512
598553
583093
598690
582885
598639
582856
598539
612965
628490
629396
613216
629476
613318
612989
598751
582548
582338
597725
582328
597729
598700
537412
537479
521615
521823
537468
537443
521521
551961
568685
552515
567692
552090
568594
552312
537878
520959
536905
521114
537930
520865
536850
552362
568126
552511
568018
552530
568106
552334
537335
521787
537359
521455
537408
521477
537227
551880
567599
568278
551934
568434
552103
551866
537772
521046
520854
536726
520856
536823
537582
475660
475999
459750
460241
475733
475953
459666
489980
507302
490230
506094
490142
507178
490058
475896
458669
474565
458568
475949
458599
474494
490736
506737
491040
506444
491070
506599
490693
475556
460209
475831
459644
475895
459638
475437
489896
505906
506723
489762
506968
489878
489899
475772
458534
458671
474370
458621
474445
475574
414232
414684
398220
398690
414261
414652
398107
427960
445140
427836
443653
428111
445032
427704
414173
397169
412802
396634
414194
397078
412764
429123
445192
429648
444671
429663
444763
429120
414161
398765
414532
398154
414600
398196
414065
427913
443519
444683
427581
444850
427603
427978
414063
396670
397086
412628
397128
412697
413887
856598
858195
840336
842412
856729
857914
840303
869377
885655
868341
884929
869303
885910
868478
855098
839818
854084
838702
855158
839764
854072
870252
887379
871818
886706
871875
886817
870293
856506
842335
857665
840350
857795
840314
856446
869486
884973
885817
868679
885920
868621
869531
855043
838708
839691
854042
839717
854066
854993
795046
795877
778088
779528
795013
795893
778135
809310
824984
808318
823962
809318
824985
808333
793880
777902
793081
777188
793886
777919
793065
809839
827445
811416
826316
811424
826325
809842
795053
779568
795851
778164
795878
778156
795039
809306
823936
824960
808346
824982
808353
809287
793877
777222
777914
793045
777925
793064
793862
731472
731866
714681
715745
731526
731789
714707
746320
762396
745772
761751
746320
762391
745772
730621
714647
730178
714236
730636
714650
730154
746415
763732
747510
763399
747504
763401
746427
731440
715742
731664
714704
731748
714714
731416
746322
761738
762400
745777
762401
745773
746321
730610
714227
714639
730121
714632
730133
730607
668926
668975
651773
652802
668966
669001
651835
683343
699379
682803
698764
683315
699362
682842
667812
651719
667246
651315
667814
651746
667257
683592
700579
684561
700449
684524
700462
683624
668883
652816
668987
651846
668984
651852
668849
683357
698755
699358
682865
699358
682859
683362
667806
651331
651709
667260
651736
667260
667805
605598
605730
588542
589597
605658
605684
588577
620275
636387
619730
635769
620258
636374
619766
604635
588567
604114
588099
604656
588574
604104
620366
637389
621331
637474
621311
637484
620379
605553
589547
605572
588545
605611
588571
605522
620269
635767
636378
619776
636378
619778
620256
604615
588110
588544
604074
588558
604085
604600
542527
542546
525552
526492
542540
542574
525622
557163
573232
556603
572589
557143
573224
556637
541632
525687
541089
525267
541632
525704
541087
557241
574245
558277
574253
558226
574244
557249
542535
526541
542564
525640
542553
525644
542537
557156
572571
573194
556629
573212
556640
557148
541629
525268
525687
541051
525695
541068
541627
479853
479783
463024
463874
479847
479795
463112
494556
510439
494155
509914
494516
510459
494183
479151
463379
478835
463217
479140
463417
478838
494451
511210
495344
511370
495306
511354
494461
479879
463911
479741
463203
479751
463175
479885
494573
509910
510472
494212
510472
494202
494579
479173
463243
463460
478865
463439
478848
479194
417973
417590
401353
401962
418000
417623
401204
432773
448360
432614
448099
432727
448397
432636
417654
402049
417516
401542
417693
401821
417452
432332
448689
433020
449034
432976
449025
432372
417993
402179
417660
401435
417625
401349
418008
432808
448115
448436
432663
448422
432657
432820
417634
401621
401973
417376
401904
417402
417619
851019
852576
835723
837407
850924
852627
835761
863615
879652
861588
877930
863383
879906
861828
849160
833832
847062
831940
849008
833902
847274
865724
883781
867347
881782
867304
881905
865780
851102
837461
852683
835902
852677
835861
851128
863746
877970
879793
862020
879924
861958
863794
849272
832090
834136
847514
834025
847426
849326
790456
791916
774971
776248
790490
791887
774967
803883
819152
802199
817206
803932
819102
802115
788802
773499
787218
771871
788858
773470
787118
805690
822639
807204
821056
807201
821035
805716
790464
776264
791906
775020
791904
774993
790484
803920
817289
819273
802219
819174
802141
803997
788819
771886
773545
787174
773498
787121
788869
728422
729379
712662
713580
728402
729377
712700
742707
758197
741148
756668
742683
758190
741211
727205
711407
725684
710138
727164
711490
725757
743989
760771
745005
759611
745001
759597
743992
728421
713564
729355
712714
729356
712704
728421
742740
756686
758247
741308
758219
741263
742756
727236
710219
711567
725852
711543
725815
727242
665665
666490
649860
650665
665649
666522
649891
680154
695793
679012
694699
680070
695871
679073
664586
648792
663528
647874
664550
648848
663568
681319
697986
682171
697095
682169
697080
681331
665675
650685
666535
649904
666527
649898
665680
680222
694744
695958
679163
695940
679119
680238
664612
647911
648898
663616
648879
663591
664636
602616
603381
586752
587471
602603
603385
586773
617380
633140
616425
632245
617332
633179
616520
601737
585989
600919
585345
601741
586000
600977
618308
634988
619098
634171
619094
634166
618311
602585
587469
603354
586737
603365
586744
602575
617364
632258
633166
616577
633163
616547
617376
601698
585332
585977
600986
585964
600974
601707
539817
540444
524230
524749
539826
540429
524213
554771
570446
554243
569879
554741
570443
554264
539256
523728
538787
523271
539257
523714
538785
555324
571805
555971
571061
555981
571070
555318
539765
524726
540379
524147
540393
524161
539742
554734
569847
570385
554201
570396
554229
554722
539205
523222
523639
538700
523659
538737
539176
478026
478427
462631
462960
478034
478426
462641
492925
508345
492579
507918
492938
508322
492566
477657
462324
477341
462032
477662
462333
477333
493320
509308
493775
508765
493764
508773
493332
478024
462976
478437
462678
478428
462654
478039
492906
507880
508271
492539
508282
492544
492908
477651
462037
462362
477328
462344
477325
477659
416925
417191
401413
401452
416967
417156
401237
431881
447122
431613
446847
431876
447132
431605
416700
401425
416480
400947
416722
401236
416441
432151
447777
432424
447478
432422
447460
432158
416892
401531
417092
401356
417124
401310
416865
431891
446856
447164
431612
447147
431610
431893
416674
401016
401346
416394
401301
416413
416645
843129
845042
827636
830034
842872
845274
827773
855474
871983
852837
869593
855169
872371
853144
840709
825065
838185
823328
840372
825275
838513
857936
876351
859975
874025
859910
874129
858023
843308
830178
845536
828139
845435
827965
843432
855667
869675
872293
853510
872492
853342
855796
840989
823614
825907
839004
825564
838763
841202
782898
785390
767769
769985
782930
785243
767817
795648
810625
794154
808966
795652
810643
794154
781000
765996
779702
764831
780990
766086
779687
797904
815407
800291
813294
800219
813131
798086
782994
770019
785279
768104
785222
767918
783155
795765
809156
811144
794486
810809
794302
796086
781095
764951
766408
779934
766221
779794
781327
722562
724039
707107
708643
722416
724136
707265
736211
751164
735049
750177
736046
751306
735174
721263
705949
720244
705241
721105
706101
720349
737781
754854
739615
753128
739513
752955
737941
722671
708738
724290
707461
724215
707391
722774
736372
750297
751599
735404
751445
735303
736504
721398
705332
706280
720520
706221
720449
721497
661481
662405
645925
646832
661387
662466
646023
675797
690988
675045
690334
675699
691086
675107
660635
645195
660031
644736
660572
645264
660054
676841
693393
677934
692257
677895
692194
676898
661545
646885
662519
646134
662496
646086
661591
675868
690386
691213
675182
691167
675155
675906
660678
644757
645337
660089
645304
660071
660712
599843
600226
584325
584763
599824
600314
584353
614659
629982
614164
629597
614607
630033
614210
599372
583850
598986
583510
599346
583885
598975
615214
631357
615777
630734
615766
630694
615234
599836
584770
600333
584311
600334
584323
599834
614656
629605
630087
614204
630062
614207
614654
599347
583472
583835
598939
583853
598948
599341
538037
538385
522608
522892
538065
538376
522571
553068
568552
552772
568236
553081
568553
552743
537714
522305
537483
521954
537757
522256
537416
553400
569344
553737
568899
553778
568923
553362
537979
522846
538277
522465
538329
522516
537916
553018
568179
568478
552640
568512
552678
552979
537649
521894
522147
537301
522195
537343
537598
476724
477042
461434
461736
476748
477027
461422
491641
507051
491352
506729
491675
506999
491313
476415
461081
476110
460667
476446
461068
476071
491919
507535
492211
507192
492224
507228
491902
476705
461733
477012
461420
477014
461416
476701
491613
506674
506914
491274
506947
491283
491599
476394
460663
461062
476041
461063
476049
476386
415743
416175
400376
400711
415779
416146
400205
430571
445890
430130
445492
430567
445885
430126
415313
399803
414868
398963
415338
399604
414814
430967
446556
431312
446245
431316
446234
430967
415717
400786
416100
400311
416127
400273
415689
430580
445498
445893
430120
445892
430128
430572
415294
399032
399724
414722
399674
414766
415254
835366
836391
821063
821919
835275
836647
821077
847001
862574
847366
860211
847042
862684
847123
834941
820364
834000
820643
834960
820318
833740
849060
867104
851294
864341
851064
864281
849287
835524
822152
837130
821334
836911
821185
835696
847058
860429
862764
846982
862747
847202
847193
834976
820774
820392
833768
820325
833814
835070
778942
779175
763900
764187
779050
779091
763878
792800
807819
793760
807598
792840
807792
793716
779256
763503
778917
764076
779283
763497
778949
793123
808135
793614
807784
793484
807684
793196
778931
764245
779230
763934
779131
763891
778973
792793
807753
807871
793645
807814
793798
792822
779292
764178
763519
779058
763502
779136
779344
719462
719757
704203
704614
719506
719781
704186
733603
749644
734141
748915
733642
749614
734015
719487
703656
718798
703721
719560
703576
718591
734175
749684
734673
749443
734615
749431
734197
719445
704670
719864
704191
719821
704184
719448
733552
749034
749641
733865
749618
734040
733525
719443
703716
703475
718474
703498
718622
719444
659449
659691
643979
644313
659491
659679
643965
673869
689809
674143
689095
673847
689801
674114
659659
643475
658972
643644
659692
643418
658915
674311
689888
674665
689632
674646
689629
674318
659416
644311
659681
643905
659674
643925
659395
673861
689209
689837
674003
689815
674158
673831
659657
643663
643285
658843
643342
658970
659675
598412
598708
582862
583141
598494
598668
582760
612962
629347
613209
628484
613008
629358
613116
598512
582253
597679
582197
598615
582096
597511
613495
629292
613801
629069
613815
629101
613477
598346
583087
598593
582664
598619
582687
598310
612895
628550
629335
612947
629364
613107
612840
598464
582151
581946
597430
581995
597509
598471
537014
537289
521384
521635
537116
537198
521284
551729
568193
551890
567299
551813
568136
551810
537307
520764
536614
520759
537423
520630
536426
552154
567954
552355
567769
552384
567806
552107
536936
521578
537085
521208
537118
521227
536896
551638
567225
568042
551682
568095
551770
551554
537225
520695
520495
536210
520539
536316
537147
475281
475766
459615
460166
475346
475707
459571
489799
506597
489730
505525
489860
506534
489728
475310
458632
474248
458356
475426
458540
474102
490534
506446
490914
506230
490918
506237
490520
475252
460169
475675
459568
475679
459559
475247
489743
505449
506444
489709
506486
489743
489707
475231
458345
458497
473995
458495
474045
475179
413966
414495
398278
398634
414011
414453
398041
428040
444609
427623
443282
428038
444585
427688
413779
397209
412574
396670
413815
396971
412484
429150
445106
429680
444684
429686
444676
429141
413939
398676
414370
398100
414409
398070
413913
428035
443252
444515
427723
444551
427739
428024
413750
396755
396996
412357
396955
412410
413696
)
;

boundaryField
{
    inlet
    {
        type            zeroGradient;
    }
    outlet
    {
        type            fixedValue;
        value           uniform 0;
    }
    seabed
    {
        type            zeroGradient;
    }
    top
    {
        type            zeroGradient;
    }
    side1
    {
        type            zeroGradient;
    }
    side2
    {
        type            zeroGradient;
    }
    submarine
    {
        type            zeroGradient;
    }
}


// ************************************************************************* //
