/*--------------------------------*- C++ -*----------------------------------*\
  =========                 |
  \\      /  F ield         | OpenFOAM: The Open Source CFD Toolbox
   \\    /   O peration     | Website:  https://openfoam.org
    \\  /    A nd           | Version:  10
     \\/     M anipulation  |
\*---------------------------------------------------------------------------*/
FoamFile
{
    format      ascii;
    class       volScalarField;
    location    "2";
    object      p;
}
// * * * * * * * * * * * * * * * * * * * * * * * * * * * * * * * * * * * * * //

dimensions      [0 2 -2 0 0 0 0];

internalField   nonuniform List<scalar> 
12920
(
-276465
-149521
-95540.2
-16899.3
16376.7
64779
84715.5
106495
112548
119786
117337
114781
107356
99055.6
87924.3
75962.2
62229.5
48500.9
35535
22639.9
-259461
-88356.3
-92384.2
-12277.7
20310.5
71311
92016.6
112261
117966
124325
120968
117712
109802
100972
89398.4
77005.7
62892.1
48813.8
35543.5
22366.1
-578950
-90839.7
-74202.2
35083.5
61367.9
98255.2
109121
125577
127421
131436
127774
123450
114304
104577
92075.1
79027.1
64237.7
49583.1
35667
22190
-246782
8764.25
-17569.7
68978.3
85995.5
123521
132736
146080
143377
144534
138569
131931
121166
109922
96335.5
82130.4
66383.6
50775.5
36189.1
22130.3
-17426.2
125077
71913.3
130260
138065
160519
161708
169394
163813
160993
151942
142653
129761
116818
101587
86103.6
69057.3
52457.9
36813.8
21945.5
122965
254062
166244
194808
189445
201933
194736
195239
186979
179567
167309
154851
140013
124685
107941
90774.1
72434.2
54362.8
37647.1
21607.3
213967
324550
250223
264753
249141
249401
235643
228509
213457
201373
184514
169347
151635
133982
114521
95682.6
75728.9
56461.2
38325.1
21465.9
161819
381211
359397
348758
310204
300718
272722
257362
239120
221481
202618
184334
164803
145386
121044
100371
79345.9
58796.2
39789.3
21708.7
292720
478241
433881
422045
374035
346808
313426
289351
266322
244276
222064
200165
177858
155899
131316
105057
83134
61723.3
41418.2
22325.7
681466
632058
515848
490288
423802
392855
356126
323313
294671
267428
240856
215091
189789
165204
138333
110112
87149.4
64391.9
43413.5
23065.3
561777
734875
601375
583454
485012
444774
397164
357208
322180
289550
258794
229493
201378
174452
145449
115504
90886
67219
44976.4
23455.8
793301
746891
663326
623008
528552
485858
434273
387760
346983
309775
275340
243159
212695
183727
152677
120437
94223.1
69432.3
46085.6
24131
1.08026e+06
921350
738000
671933
560878
515751
455495
409049
364756
324342
286703
252488
219671
189100
153306
125263
97635.1
71512.9
47032.7
24356.8
759560
875252
671867
654249
563562
528862
463119
422046
371695
333012
291504
256856
221359
189949
158498
129851
100592
73516.2
47908.2
24388.4
1.12573e+06
917902
773832
687932
583590
540521
470805
429687
379342
341810
299576
264090
227727
195353
163196
133312
103258
75247.4
48449
24072.2
916719
774844
671659
653342
561737
537241
473770
438021
386523
349727
305910
270413
232725
200062
166854
136455
105529
76690.5
48901.5
23767.5
953230
822586
685489
641640
555271
534036
470757
438166
386675
352017
308081
273450
235843
203103
169513
138748
107223
77822.6
49479.4
23815.7
485306
622106
611097
604001
543369
526249
467820
437183
387190
353012
310224
275859
237969
205200
171351
140370
108383
78872.3
50389
24538.2
629248
648688
632850
609839
544749
522068
463776
435321
384794
352304
309875
276560
238665
206015
172216
141241
109276
79736.4
51409.4
25150.4
306229
564657
564048
590549
536775
518885
462995
435516
385672
353280
310716
277232
239420
206778
172866
141847
109860
80380.1
52062.1
25397.8
-371590
-124336
-96952.5
-20064
15880.7
64724.9
84183
106592
112703
119820
117334
114784
107324
99035.4
87925.3
75965
62214.2
48477
35499.6
22561.2
-106942
-73685.7
-95226.9
-13417.7
19205.5
70140.9
91073.5
111874
117425
123918
120877
117670
109764
100964
89395.7
77005.1
62884.4
48770.9
35485
22194.3
-574560
-27847.7
-79763.2
34682.5
60047
98145.1
108697
125516
127496
131670
127755
123419
114298
104573
92079.1
79026.3
64220.5
49526.3
35603.3
21972.2
-234617
16524
-19496.6
70818.7
87594.2
125207
132778
145453
143432
144639
138487
131882
121161
109912
96316.4
82117.2
66387.9
50730.5
36118.5
21901.3
-114968
115619
74081.7
131267
138595
161497
162919
169735
163909
161088
151863
142615
129741
116795
101563
86093.8
69051
52417.2
36757.5
21806.8
150535
268306
175028
196312
189798
202079
194418
195510
186988
179595
167307
154820
139960
124623
107887
90745.8
72423.9
54330.4
37608.6
21478.3
150947
322709
253709
263281
249335
249172
235870
228436
213452
201223
184612
169297
151522
133868
114469
95663.1
75721.9
56432.3
38261.8
21337.1
327268
398435
364953
349317
309767
299921
272217
258067
238909
221477
202621
184294
164767
145287
121016
100389
79372.2
58775.2
39691.1
21465.6
380060
499078
436569
422112
373024
345954
313229
289620
266557
244420
222117
200149
177852
155856
131246
105095
83149
61678.3
41313.4
22010.2
653999
631145
516428
491057
423108
391697
355566
323285
294823
267483
240875
215071
189792
165179
138222
110120
87151.4
64355.5
43349.6
22835.3
656222
744362
608915
583161
485311
444198
396869
357382
322204
289515
258815
229490
201400
174439
145375
115522
90873.4
67142.4
44931.6
23331.4
933796
767629
662442
622459
529121
486111
434411
387936
347163
309932
275491
243235
212731
183739
152551
120416
94209.9
69383.6
46020.5
23845.5
1.12832e+06
926254
736693
672377
561440
514762
455115
409757
365112
324556
286880
252536
219712
189081
153281
125245
97606.1
71468.8
46961.3
24096.4
943712
878475
674520
654219
563428
529216
463001
421951
371882
333421
291707
256958
221368
189958
158470
129756
100548
73488.2
47807.8
24173.1
1.08377e+06
910393
775435
684737
583358
540326
471252
429785
379725
342222
299866
264196
227734
195349
163143
133299
103228
75157
48339.8
23861.3
773726
759975
670926
648189
562376
537232
473401
437668
386757
349978
306153
270575
232719
200074
166863
136455
105405
76592.9
48799
23501.2
681928
809078
684361
641409
554496
534184
470284
438389
387059
352306
308370
273720
235839
203120
169526
138755
107186
77759.2
49345.2
23457.7
539625
643681
612257
604771
543451
525900
467682
437251
387538
353368
310403
275898
237955
205218
171287
140323
108370
78833.9
50262
24195.8
617296
655725
630502
609140
544973
522453
464117
435310
384871
352240
309900
276577
238581
205968
172165
141218
109258
79688.5
51316.7
24926.3
402198
596838
564734
592870
536534
518841
463138
435622
385811
353363
310787
277221
239394
206763
172856
141845
109870
80342
51986.1
25286.6
-331343
-117422
-101879
-23773.3
13336.6
63713.4
83348.7
106402
112430
119679
117354
114864
107305
99031.4
87933.3
75976.3
62208.4
48435.8
35441
22412
-146567
-70034.4
-97309.5
-11485
18607.4
69582.6
89468.6
111498
117000
123718
120743
117600
109727
100948
89388.4
77017.9
62892.3
48716.8
35391.9
21938.7
-459321
-38062.1
-90982.1
33887.1
57704.9
98003.8
108225
125542
127506
131836
127672
123394
114279
104561
92080.3
79035
64210.3
49448.1
35487.8
21645.8
-224392
11358.9
-10636.4
73097.5
90792.9
125458
131892
145119
143367
144695
138380
131854
121148
109895
96293.7
82111.5
66385.2
50668.7
36010.7
21603.1
-120754
119306
77481.6
131990
139366
163188
163214
169835
163868
161118
151738
142573
129729
116770
101531
86088.5
69044.8
52342.2
36639.7
21560.9
97180.7
265214
182108
197943
190508
202584
195232
195783
186962
179567
167287
154833
139912
124548
107813
90707.5
72404.5
54271.8
37488.2
21234.1
260824
340069
252753
262360
249261
248223
235885
228615
213576
201215
184646
169241
151379
133714
114400
95637.1
75726.4
56402.2
38191.1
21102.3
526395
434463
370235
349890
309100
299405
271709
257653
239017
221570
202725
184243
164699
145139
120965
100396
79408.8
58753.2
39567.8
21080.5
420992
505990
440091
423153
373434
345972
313005
290066
267017
244745
222274
200190
177889
155758
131168
105120
83182.3
61650.3
41199.7
21504.3
780188
651534
515995
491789
423361
391764
355213
323805
295197
267777
240894
215116
189867
165145
138195
110152
87143.7
64325.6
43266.7
22287.9
844053
752457
612168
581750
486315
444746
397282
357751
322447
288672
258973
229644
201512
174454
145355
115518
90852.6
67081.4
44794.6
22891.5
950782
783796
663956
623363
529924
487304
434990
388308
347459
310362
275870
243396
212814
183733
152413
120400
94240.7
69363.8
45966.4
23397
1.2329e+06
936853
737245
674048
558645
515422
455119
410866
365623
325063
287215
252612
219739
189059
153281
125253
97583.6
71418.2
46837.2
23638.2
985565
875789
675963
656102
563346
529178
462405
421886
372232
333979
292003
257133
221398
189990
158469
129709
100503
73421.9
47691.4
23771.1
1.17914e+06
906901
774869
684907
581834
540690
470248
429587
380703
342689
300046
264453
227766
195389
163104
133272
103185
75058.5
48221.1
23449.4
689712
746415
669758
645898
563110
537275
472883
437306
387106
350049
306320
270870
232815
200157
166864
136483
105343
76530.9
48735.1
23071.4
911900
835521
689694
642485
553470
534910
468828
438186
387921
352445
308529
273979
235985
203195
169579
138820
107181
77684.5
49205.7
22937.6
630236
659517
616975
605797
544030
525804
467549
437252
387978
353822
310802
276228
238042
205246
171244
140300
108413
78840
50141.5
23564.8
724493
667368
628876
606327
545079
522773
464872
435791
385168
352441
310079
276707
238495
205952
172088
141217
109256
79648.7
51184.6
24541.8
501625
610860
573860
592531
536658
518406
463386
435769
386103
353551
310951
277217
239347
206736
172841
141843
109867
80295.5
51877.3
25081.7
-460621
-109123
-117279
-28242.7
11366.4
63193.3
82640.1
106334
112326
119677
117371
114882
107318
99039.9
87939.3
75991.7
62214.5
48377.1
35351.2
22212.1
-298726
-67232.9
-99694.5
-11508.8
16662.3
68803.4
88368.5
111251
116705
123604
120670
117617
109719
100957
89396.4
77045
62909.8
48651.8
35268.8
21517.7
-487490
-43721.6
-84976.9
32734.6
55869.4
97646.2
107682
125492
127364
131890
127637
123409
114276
104567
92093.6
79061.5
64220.5
49356.5
35340.7
21208.2
-204078
94.5483
2283.47
75031.3
90674.9
125182
131405
144901
143236
144728
138319
131861
121139
109889
96285.8
82131
66397.8
50593.1
35870
21124.4
-1120.16
153640
79268.1
133567
140891
163643
163250
169900
163822
161159
151668
142574
129706
116741
101516
86100
69051
52251
36465.2
21140.1
195579
300205
188674
199931
191540
202660
195325
195971
186946
179604
167277
154828
139850
124488
107743
90676.9
72389.1
54192.2
37318
20893
353311
352125
253692
262355
248662
247756
235367
228576
213672
201227
184687
169163
151274
133593
114333
95621.6
75760
56391.3
38119.3
20723.3
460857
439821
371236
350575
308622
299134
271210
257352
239227
221640
202861
184162
164655
144987
120907
100380
79449.6
58747.1
39487
20559.1
323661
502245
432039
421665
372030
345350
313069
290417
267361
245058
222481
200271
177926
155708
131150
105109
83211.3
61607.8
41119.1
20850.8
749583
650618
519283
491903
424305
392554
355180
324326
295531
268002
241118
215240
189946
165138
138288
110215
87128.8
64292.3
43112.4
21540.8
876950
771206
615049
581708
486562
446293
398193
358262
322794
290645
259515
229737
201654
174489
145416
115512
90842.3
66968.2
44691.1
22243.4
1.03279e+06
799846
663990
624650
528840
489160
436026
388760
347818
310731
276159
243575
212904
183702
152407
120396
94254.4
69322.7
45917.6
22687.5
1.22351e+06
935056
738844
672954
555722
516526
454781
410957
365959
325671
287696
252751
219807
189072
153315
125253
97590.5
71389.6
46767.5
23029
761364
884207
670808
654276
561557
529262
461439
422067
372949
334749
292565
257323
221552
190057
158522
129690
100486
73380.1
47608.2
23189.8
885403
881629
766791
683063
578945
541193
467876
429547
381299
343003
300692
264750
227827
195478
163120
133271
103158
75010.3
48155.4
22776.9
560381
721619
665203
642926
561917
537635
471225
436920
387497
349945
306761
270933
232926
200270
166968
136534
105313
76473.6
48679.1
22374.7
988936
833467
687586
641878
552559
535227
467468
437678
387726
352323
309135
274086
235953
203281
169720
138923
107128
77609.3
49144.3
22168.7
706994
676451
616371
604704
543494
525765
467611
437206
388757
354082
311017
276412
238271
205384
171420
140271
108486
78805.2
50052.4
22682.5
740299
673538
626720
605555
543054
522654
465418
436379
385810
352781
310214
276821
238713
206037
172015
141241
109328
79624.6
51039.9
23976.5
783297
639415
583627
593243
536427
517922
463680
435773
386344
353763
311135
277308
239309
206704
172820
141838
109883
80234.6
51749.4
24807.9
-507308
-110237
-125659
-32266.3
9562.86
62716.8
81989.2
106334
112349
119838
117470
114895
107331
99054.1
87936.6
76003.4
62229.6
48335.5
35244.8
21817.7
-307397
-67236.6
-98747.3
-9228.88
15040.4
68196.1
87782.8
111151
116462
123529
120650
117761
109749
101012
89420
77084.5
62936.3
48585.4
35148.7
20817.9
-418326
-33019.7
-90457.8
32769.5
54266.7
98101.7
107485
125601
127311
131959
127621
123456
114292
104605
92128.6
79119.5
64248.7
49282.8
35184.4
20427.9
-134023
3099.78
12534.8
77155.2
89533.7
125113
131586
144892
143179
144787
138303
131903
121157
109914
96305.8
82194.9
66428.2
50530.2
35747.6
20417.6
163437
169864
76251.1
134183
141213
164012
163421
170028
163814
161222
151653
142612
129714
116751
101534
86142.7
69074.8
52167.3
36309.8
20524.5
367280
299849
195126
201767
192529
202729
195382
196154
186970
179672
167281
154857
139843
124480
107726
90683.1
72386
54114.7
37167.4
20375.7
373051
360861
251435
262134
248801
246903
234607
228688
213801
201331
184719
169149
151240
133531
114312
95610.8
75787.5
56365.4
38041.5
20071.7
437531
454587
374306
350496
309080
298940
270414
257108
239483
221619
202994
184096
164663
144866
120808
100348
79481.1
58736.9
39524.7
19857.9
450687
528108
439164
423861
372994
344735
312889
290363
267475
245199
222637
200343
177955
155673
131139
105062
83227
61559.6
41041.4
19834
900797
665550
520932
492037
424726
392991
355457
324632
295696
268113
241336
215374
190003
165127
138417
110278
87153
64302.8
43017.5
20368.9
940453
787714
621882
582389
486125
447622
399336
358696
323041
290349
259455
229954
201793
174543
145513
115563
90882.3
66959.3
44631
21027
1.03833e+06
810456
663597
626540
527808
489808
436968
389154
348144
310930
276346
243755
213000
183706
152501
120405
94300.4
69289.4
45869.1
21582.2
1.14996e+06
923541
740561
673212
553811
518007
454061
411210
366035
326232
288160
252882
219950
189097
153281
125252
97611.2
71381.1
46816
22068.3
802948
874451
670101
654285
559511
529855
460585
422353
371951
335394
293768
257900
221785
190069
158577
129694
100495
73352.7
47567.4
22203.2
871714
886391
762940
683225
577449
541429
466626
429827
380349
342358
301988
265402
228384
195691
163135
133235
103150
75022.8
48298.4
21677.4
509022
719237
659647
640774
561293
538032
469213
436287
386793
349858
307852
271395
233371
200590
167255
136565
105271
76444.7
48684.3
21032.7
1.13846e+06
851640
692994
642465
552453
535535
466153
437558
386683
351543
310014
274589
236368
203485
169978
139053
107109
77536.9
49071
20726.2
712482
695354
616070
603787
543816
525627
467662
437240
389688
354272
311710
276781
238813
205900
171419
140246
108519
78797.9
50019.9
21356.8
688842
682320
622771
605442
542481
522720
465131
436491
386498
353301
310878
277144
238967
206039
172153
141296
109472
79793.4
51035.2
23134.8
655950
640273
586694
594523
536828
517546
463966
435689
386422
353948
311271
277351
239272
206662
172796
141823
109887
80212.6
51638.4
24581.7
247542
283423
261873
267964
247702
283826
262222
221549
254471
233754
241030
221647
254785
234093
266393
305601
280299
289262
266537
305898
280541
237474
272005
247875
259082
237745
272232
248008
294686
343595
321975
313349
294488
343750
321766
271463
314904
294079
289510
271557
314827
294346
249467
287614
268176
266374
249550
287737
268194
227498
261697
242568
244315
227567
261719
242595
205697
236244
217666
222090
205741
236273
217663
183568
211419
192989
200169
183581
211407
192973
161579
186831
168923
177865
161573
186822
168909
139102
162907
145016
155882
139028
162901
144958
331030
386199
357886
356018
331035
386091
357991
301481
349097
323644
323290
301689
349195
323668
274211
315516
291886
294755
274216
315535
291883
247429
284202
261763
267433
247436
284189
261730
221547
254444
233007
240860
221523
254391
232954
196088
225958
205296
215072
196071
225920
205272
171354
198520
178675
189780
171342
198507
178673
146644
172167
152565
165195
146577
172155
152475
366639
424991
391060
397103
366754
425349
391290
330685
380686
350738
357331
330684
380806
350789
297519
341256
313715
322188
297526
341242
313797
266321
304925
279537
289519
266322
305000
279601
236714
271362
247606
258791
236702
271452
247659
208323
239853
217227
229487
208304
239895
217234
181111
209896
188452
201383
181112
209901
188456
154385
181461
160539
174443
154320
181460
160447
398719
452783
418136
434381
398761
452804
418387
356798
406748
373766
387877
356935
406971
374082
318794
362957
333203
347105
318907
363135
333338
283709
323141
295400
309878
283811
323282
295521
251057
286286
261034
275432
251113
286380
261061
220172
252529
228400
243206
220182
252548
228429
190894
220364
197694
212720
190890
220400
197720
162542
190040
167573
183735
162507
190078
167533
294718
343515
321783
313025
294866
343759
321909
271808
314807
294443
289873
272213
315122
294774
249707
287822
268253
266878
250012
288128
268494
227649
261775
242631
244653
227882
261992
242744
205739
236301
217665
222252
205825
236385
217702
183569
211410
192980
200192
183608
211448
193029
161557
186834
168904
177890
161504
186894
168887
139016
162889
144952
155788
138938
162848
144848
331031
385693
357983
355465
331117
386328
358168
301774
349230
323688
323663
302083
349405
323856
274270
315559
291926
295096
274511
315730
292229
247463
284221
261745
267694
247532
284604
261759
221518
254383
232940
240899
221530
254328
232932
196079
225913
205281
215094
196130
225937
205345
171339
198521
178676
189846
171327
198588
178694
146584
172148
152482
165148
146485
172137
152392
366746
425307
391368
397296
366986
426052
391643
330689
380887
350824
357644
330851
381154
350995
297558
341270
313842
322353
297865
341432
314133
266348
305055
279674
290121
266693
305418
280090
236702
271511
247694
259137
236821
271828
247822
208318
239926
217259
229572
208397
240036
217357
181115
209921
188466
201478
181142
210006
188505
154320
181463
160440
174445
154233
181480
160308
398814
452626
418476
434915
399055
453105
418707
357000
407086
374255
388203
357235
407497
374879
318963
363216
333386
347375
319214
363603
333687
283877
323344
295585
310216
284191
323663
295860
251149
286432
261085
275754
251290
286654
261190
220198
252567
228442
243349
220273
252642
228474
190901
220414
197717
212789
190927
220430
197667
162506
190079
167524
183737
162391
190036
167428
295063
343690
322022
313279
295281
344030
322400
272418
315258
294888
290342
272820
315640
295188
250132
288232
268580
267317
250438
288502
268793
227937
262068
242779
245020
228141
262260
242938
205824
236407
217725
222476
205916
236539
217811
183601
211471
193050
200270
183629
211550
193110
161472
186911
168884
177928
161436
186962
168885
138947
162839
144868
155727
138889
162823
144802
331211
386332
358283
355279
331569
387062
358680
302196
349497
323948
324215
302502
349851
324247
274607
315824
292358
295463
274813
316090
292628
266593
261006
273521
267865
266475
261073
273683
238625
234400
245414
240897
238656
234404
245372
196153
225982
205380
215207
196224
226109
205491
171330
198621
178705
189927
171337
198726
178757
146524
172140
152460
165137
146486
172168
152347
367108
426102
391746
398037
367529
426974
392098
330937
381255
351071
358130
331233
381579
351330
298013
341509
314285
322723
298330
341763
314563
288361
281015
295559
288983
287616
280467
296103
256819
251641
263972
259638
256177
252486
264610
208434
240080
217392
229765
208537
240192
217486
181158
210040
188520
201623
181206
210126
188540
154296
181485
160338
174482
154224
181475
160202
399159
453074
418724
435825
399509
453618
418842
357325
407617
375067
388648
357613
407879
375567
319337
363714
333790
347730
319658
364061
334124
284327
323790
295980
310676
284600
324157
296344
251350
286758
261249
276111
251506
287052
261407
220304
252691
228504
243531
220395
252799
228560
190931
220451
197664
212882
190923
220471
197632
162416
190028
167480
183708
162282
189981
167421
295342
343968
322505
313188
295375
344289
322702
272911
315743
295266
290466
273121
315943
295417
250484
288572
268841
267533
250669
288712
268943
228150
262307
243001
245237
228321
262417
243140
205906
236599
217839
222654
206042
236740
217920
183619
211575
193129
200369
183705
211654
193175
161420
186979
168886
177988
161442
187014
168874
138934
162819
144885
155708
138869
162801
144758
331686
387145
358818
355489
331948
387852
359182
302584
349978
324336
324576
302750
350314
324556
274847
316156
292681
295673
274929
316331
292656
247788
285029
262210
268094
247957
284964
262450
221688
254726
233111
241301
221810
255005
233526
196248
226124
205527
215348
196311
226362
205648
171342
198762
178775
189996
171347
198866
178819
146595
172179
152528
165133
146498
172208
152359
367677
427142
392218
399171
368076
428043
392553
331330
381689
351418
358610
331569
381995
351665
298342
341845
314598
322989
298306
342082
314715
267112
305910
280539
290346
267080
305973
280563
236940
272238
248047
259439
237224
272289
248195
208572
240232
217518
229925
208700
240368
217628
181230
210151
188541
201762
181275
210236
188556
154414
181469
160312
174535
154278
181460
160183
399625
453517
418892
436897
399934
453803
419075
357708
407919
375693
389068
357965
408045
375940
319723
364150
334248
348076
319896
364316
334472
284647
324314
296514
310887
284791
324519
296930
251552
287181
261492
276306
251699
287458
261688
220425
252865
228618
243716
220526
252954
228752
190921
220510
197655
212978
190935
220557
197693
162382
189994
167575
183702
162265
189981
167544
295318
344203
322724
312811
295200
344879
322784
273080
315975
295436
289998
273141
316034
295384
250636
288731
268961
267408
250823
288708
268963
228309
262439
243167
245292
228565
262451
243185
206024
236770
217938
222815
206260
236807
217962
183680
211673
193180
200472
183866
211704
193144
161411
187016
168862
178001
161535
186954
168779
138936
162789
144906
155681
138781
162727
144443
331999
387895
359274
356168
332099
388524
359457
302777
350402
324611
324723
302766
350577
324734
274945
316376
292658
295693
274935
316464
292659
247987
284962
262477
268113
248005
284971
262520
221837
255050
233506
241373
221862
255114
233496
196322
226390
205681
215407
196296
226391
205735
171343
198894
178827
189985
171301
198935
178821
146678
172213
152592
165090
146241
172203
152178
368175
428129
392643
400191
368336
428707
392852
331629
382080
351733
358839
331754
382255
351859
298318
342157
314746
323151
298327
342267
314780
267091
305994
280571
290356
267067
305968
280526
237225
272303
248231
259434
237162
272277
248263
208736
240418
217662
229934
208791
240457
217716
181286
210263
188564
201837
181289
210308
188584
154536
181460
160363
174546
154131
181470
160040
400016
453834
419176
437418
400228
454035
419334
358032
408174
375992
389309
358147
408206
376171
319939
364403
334599
348231
319989
364503
334585
284829
324648
297112
310946
284833
324800
297369
251741
287595
261809
276358
251789
287718
261960
220556
253035
228864
243788
220607
253060
229117
190942
220626
197759
213040
190970
220636
197933
162436
190023
167813
183722
162139
189997
167903
259291
254198
252346
247559
259286
254230
252322
271609
278993
276607
283920
271431
279324
277080
263633
256641
269074
261384
263828
256439
268317
266677
267928
261188
273732
261136
273756
266694
259365
247614
254368
252539
254288
252391
259489
271751
284069
279245
276917
279403
277386
271694
263730
261598
256870
269427
256504
268541
264074
231930
227906
225392
221586
231918
227925
225469
242373
249512
247309
253970
242566
249298
247086
235652
229149
240293
235168
235697
229451
240109
238683
240944
234519
245584
234445
245434
238818
231977
221620
228009
225520
227960
225517
232058
242418
254187
249710
247625
249351
247261
242753
235698
235305
229308
240649
229530
240187
235865
280428
273782
271821
266929
279701
274056
272488
292580
300604
297089
305780
292303
300890
297285
284299
275927
288662
280479
284069
276101
288851
288512
288979
281418
296034
280908
296251
288103
280479
267246
273965
272107
274406
272542
280026
292667
305876
300956
297376
301004
297374
292620
284345
280540
276127
288920
276142
288922
284316
249104
244621
240736
238910
248396
246380
241124
260015
267849
263846
272155
259867
268010
263954
252167
244297
255792
247934
252015
244409
255873
256857
259865
251805
264223
252732
264662
256404
249133
238970
244867
240880
246319
241174
248584
260053
272234
268026
264033
268043
264016
260034
252213
247978
244443
255946
244468
255927
252176
265868
293926
283385
272688
265885
293958
283292
246107
273864
263550
257458
245768
273636
263440
229411
252802
242744
238803
229446
252961
242764
211896
232851
222681
221452
211927
232864
222668
193818
212402
202275
202632
193845
212413
202268
174875
191887
181597
184352
174882
191877
181559
155452
170942
160696
164812
155435
170928
160644
135016
149909
139361
145360
134985
149862
139309
327990
367745
347998
346649
328428
367217
348439
316139
307630
324377
313168
307552
324217
316156
291735
282852
297987
289364
282855
297990
291753
267544
260428
273506
266261
260442
273530
267542
244213
238596
250114
244250
238575
250097
244228
221151
216702
226864
222068
216710
226857
221154
198217
194770
203959
200174
194770
203964
198221
175298
172607
180928
177869
172604
180925
175296
152738
150533
158286
155898
150531
158283
152742
120303
134815
123662
131247
120282
134743
123655
373579
417822
392732
392605
373636
417723
392905
356199
347517
365818
355871
347561
365586
356108
324176
315956
332040
323302
315878
332048
324195
294502
287839
301741
294674
287820
301742
294517
266098
260717
273119
267399
260690
273090
266128
238752
234407
245470
240842
234399
245450
238766
212150
208741
218744
215084
208732
218724
212157
186368
183624
192713
189780
183615
192707
186379
161315
159147
167542
165208
159146
167537
161325
126302
141721
129911
138275
126278
141667
129799
418619
466468
435972
444896
418414
466808
436230
395463
386909
407970
397034
386949
407945
395345
356046
348062
365668
357246
348077
365702
356026
320018
313821
328747
322178
313817
328752
320013
286742
281681
294855
289534
281664
294849
286750
255528
251358
263188
258786
251345
263182
255535
225714
222374
233040
229487
222369
233040
225718
197240
194505
204243
201368
194507
204241
197247
170025
167831
176803
174451
167823
176802
170026
132800
149041
136160
145419
132756
149017
136148
457808
506683
469849
485917
457831
506686
469934
428886
422233
442375
434178
422195
442330
428850
383753
377144
394553
387800
377172
394593
383722
342843
337415
352461
347011
337440
352532
342812
305336
300909
314375
309804
300938
314403
305304
270819
267133
279139
275354
267146
279151
270808
238459
235371
246357
243162
235375
246376
238446
207971
205351
215348
212706
205379
215379
207956
178687
176656
185952
183727
176655
185952
178680
139366
155654
141901
152639
139360
155610
141915
434918
466464
443771
455502
434870
466299
443423
387756
417901
394668
409330
388078
418463
394915
345043
372868
353040
364869
345158
372879
353085
305589
331336
311700
324406
305682
331410
311823
269887
292980
275565
286771
269953
293019
275618
236339
257766
240840
252512
236370
257791
240876
204732
224081
208337
219698
204754
224084
208351
174387
192473
177357
189090
174360
192463
177342
265779
293513
282829
272270
265444
293807
282711
246573
273514
263592
257628
246749
273747
263761
229828
253236
242943
238900
229933
253478
243086
212055
233013
222775
221479
212169
233132
222853
193853
212499
202280
202708
193934
212553
202302
174849
191904
181556
184315
174878
191923
181550
155366
170936
160612
164749
155313
170930
160560
134974
149815
139269
145221
134886
149753
139181
328343
366765
348039
345864
328243
367098
348197
316020
307698
324142
313325
316078
307676
324274
291841
283105
297964
289619
291769
283171
298011
267884
260871
273786
266620
267778
260955
273897
244421
238764
250257
244465
244350
238816
250339
221250
216803
226972
222158
221215
216851
227022
198236
194766
203970
200168
198215
194788
203988
175306
172581
180934
177870
175297
172596
180949
152642
150473
158246
155840
152672
150452
158231
120296
134681
123689
131171
120254
134631
123625
373242
416433
392554
392370
372900
417523
392960
355908
347374
365428
355729
356033
347442
365689
324344
315971
332111
323395
324278
316071
332158
294643
287932
301841
294905
294581
288008
301906
266228
260770
273162
267546
266167
260826
273226
238733
234412
245460
240888
238740
234414
245466
212176
208729
218716
215075
212168
208735
218720
186400
183626
192723
189807
186388
183637
192738
161262
159089
167511
165167
161276
159073
167503
126346
141595
129918
138193
126251
141558
129748
418174
466779
436384
445138
418271
467741
436752
395663
386758
407801
397111
395536
386809
408028
356142
348260
365683
357459
356103
348314
365738
320100
313854
328778
322234
320066
313890
328805
286950
281655
294910
289543
286842
281717
294986
255713
251356
263317
258858
255636
251371
263420
225788
222394
233082
229485
225759
222413
233106
197303
194553
204271
201421
197281
194576
204294
170015
167795
176794
174438
170019
167788
176796
132852
148971
136197
145358
132739
148923
136068
457873
506733
469942
486838
458052
507302
470131
428867
422222
442376
434643
428843
422304
442497
383995
377334
394754
388013
383927
377405
394819
343090
337583
352775
347227
343015
337644
352858
305589
301071
314561
310000
305504
301148
314639
271001
267270
279287
275562
270938
267332
279359
238549
235444
246448
243267
238522
235474
246479
207963
205400
215410
212747
207963
205407
215419
178696
176663
185976
183739
178705
176659
185975
139426
155537
141954
152474
139366
155480
141882
434867
465719
443028
455265
434872
465761
442676
388704
419418
395385
410306
389307
419990
395900
345352
372974
353213
365371
345599
373164
353448
305870
331576
312106
324784
306119
331972
312468
270039
293102
275701
287032
270170
293227
275827
236404
257829
240920
252571
236448
257845
240958
204759
224091
208376
219726
204762
224082
208385
174401
192483
177393
189069
174330
192474
177285
265360
293340
282372
271900
264938
293723
282437
247210
273918
263975
257439
247424
274050
264140
230219
253729
243275
239185
230438
253944
243454
212262
233368
222967
221644
212437
233562
223074
193906
212647
202319
202872
194000
212735
202371
174820
191943
181534
184232
174835
191968
181543
155241
170910
160506
164681
155192
170905
160469
134903
149689
139169
145076
134832
149653
139065
328428
366547
348043
345882
328263
367397
348059
315948
308031
323976
313136
315822
308007
324110
292343
283759
298426
290133
292222
283851
298555
268355
261426
274263
267120
268243
261557
274379
244746
239091
250614
244846
244667
239193
250701
221429
216970
227167
222348
221393
217038
227211
198313
194806
204044
200223
198288
194835
204074
175335
172599
180992
177909
175327
172611
181007
152544
150381
158180
155745
152564
150365
158167
120358
134622
123752
131137
120292
134633
123626
372637
417259
393193
392854
372662
418543
393592
356012
347133
365431
355288
355899
347127
365654
324786
316451
332432
323951
324660
316587
332558
295009
288289
302169
295295
294911
288383
302266
218753
215151
218809
212273
208786
212232
208816
186469
183682
192802
189887
186450
183696
192826
161233
159045
167489
165140
161238
159038
167488
126464
141549
130026
138233
126268
141562
129756
418286
467646
436961
446104
418666
468762
437408
395981
386998
408028
397578
395848
387139
408301
356421
348552
365980
357869
356334
348656
366081
320459
314140
328989
322553
320336
314270
329084
233256
229981
233426
225979
222521
225903
222640
197428
194664
204390
201546
197395
194696
204425
170030
167798
176820
174465
170028
167804
176830
132961
148881
136243
145379
132716
148867
136002
458284
507081
470270
488530
458818
507866
470613
429077
422595
442622
435292
428990
422739
442788
384405
377698
395058
388420
384292
377803
395153
343447
337878
353131
347548
343354
337968
353227
301544
310506
301701
306049
314953
305925
315075
267583
275975
267670
271324
279636
271240
279733
243445
238702
235586
246605
238660
235628
246654
208007
205451
215471
212838
207995
205467
215491
178628
176643
185936
183726
178648
176630
185916
139556
155451
142146
152401
139386
155434
141931
434658
465436
442437
455358
434713
465531
442273
389905
420500
396413
411229
390369
420339
396739
345862
373317
353745
365829
346103
373378
354005
306403
332454
312945
325398
306728
332696
313371
270312
293412
276011
287435
270479
293636
276207
236503
257900
241049
252668
236572
257907
241110
204778
224098
208448
219761
204798
224077
208476
174456
192492
177506
189060
174330
192462
177334
264834
292991
282327
271386
264952
293165
282220
247619
274104
264239
257352
247907
274136
264304
230535
254088
243589
239505
230803
254195
243696
212464
233683
223141
221729
212669
233760
223202
193974
212825
202398
203028
194101
212916
202446
174798
191981
181531
184159
174862
192012
181545
155161
170897
160445
164677
155166
170924
160426
134889
149596
139096
144933
134804
149585
138953
328230
367121
347956
345463
328329
367796
348005
316221
308221
323927
313232
316181
308237
324035
292690
284186
298847
290455
292633
284251
298903
268683
261868
274656
267454
268620
261978
274719
244993
239395
250907
245146
244941
239489
250960
221587
217164
227341
222561
221544
217245
227388
198399
194859
204134
200321
198374
194905
204159
175375
172612
181037
177959
175360
172641
181051
152498
150331
158139
155719
152509
150337
158134
120458
134670
123820
131150
120362
134722
123571
372577
418406
393805
393409
372686
419354
394138
356403
347239
365859
355330
356290
347319
366069
325241
316943
332949
324421
325143
317035
333061
295238
288588
302494
295589
295195
288635
302551
261242
273739
266727
266745
268038
261287
273752
234598
245711
238939
239031
241192
234668
245804
218905
212406
208899
215279
212364
208932
218959
186550
183740
192901
189966
186529
183755
192927
161233
159037
167499
165138
161235
159036
167503
126599
141601
130102
138370
126248
141662
129755
419107
469120
437884
447705
419866
470314
438671
396666
387661
408869
398569
396462
387873
409256
356821
349000
366424
358389
356721
349110
366538
320704
314436
329338
322863
320651
314483
329413
282817
295954
288029
287916
290483
282713
295860
251971
264133
256312
256255
259389
251841
264061
233350
226050
222638
229769
226003
222681
233394
197535
194797
204511
201690
197510
194827
204544
170028
167829
176847
174509
170032
167832
176853
133080
148860
136312
145484
132718
148891
135948
459541
507921
470908
490033
460498
508646
471486
429465
423203
443204
436394
429359
423368
443473
384824
378120
395455
388868
384727
378219
395554
343828
338228
353541
347902
343745
338319
353635
301914
306409
315379
310785
306332
301958
315462
267840
271601
279974
276207
271538
267890
280045
238869
235747
246794
243623
238826
235792
246842
208051
205507
215547
212928
208037
205524
215568
178589
176607
185870
183700
178595
176603
185864
139687
155455
142455
152460
139398
155439
142068
434961
464670
441711
454265
435080
464090
441242
390580
420744
396852
410868
390765
421205
396357
346273
373591
354069
366038
346404
373511
354020
307136
333031
313776
325864
307459
333407
314032
270644
293932
276498
287949
270804
294105
276690
236666
258037
241268
252833
236782
258009
241322
204855
224120
208625
219869
204902
224098
208677
174561
192476
177725
189099
174390
192425
177486
264986
292328
281974
270642
265091
292521
282145
247911
274068
264312
257324
248214
274010
264319
230737
254235
243738
239808
230972
254196
243758
212657
233791
223232
221704
212855
233819
223215
194082
212972
202482
203106
194216
212997
202476
174872
192047
181535
184074
174962
192063
181508
155202
170963
160424
164714
155256
170995
160398
134882
149577
138993
144859
134685
149578
138657
328189
367408
348033
345619
328596
368326
348324
315992
307988
323760
313023
316050
308095
323854
292746
284284
298933
290383
292748
284375
298920
268800
262025
274809
267570
268775
262138
274820
245127
239577
251064
245309
245096
239719
251090
221709
217315
227506
222753
221682
217435
227544
198463
194951
204213
200422
198452
195052
204224
175386
172655
181070
178016
175388
172731
181073
152414
150308
158104
155705
152442
150343
158092
120532
134762
123770
131137
120354
134685
123462
372820
418875
394355
394049
373252
419610
394570
356764
347562
366291
355759
356668
347671
366579
325503
317214
333305
324673
325454
317245
333357
295336
288723
302666
295708
295325
288732
302684
266794
261374
273791
268124
266787
261387
273800
239206
234809
245959
241358
239185
234832
245982
212521
209012
219078
215392
212506
209026
219096
186600
183777
192989
190005
186594
183773
193001
161206
159025
167503
165119
161222
159009
167498
126619
141675
130123
138358
126232
141625
129768
420669
470567
439412
448588
421504
471533
439939
397337
388462
409953
399676
397193
388642
410224
357125
349376
366822
358761
357069
349439
366878
320902
314626
329611
323085
320860
314661
329662
287710
282547
295765
290359
287731
282535
295768
256203
251947
263978
259460
256218
251956
263956
226216
222811
233534
229966
226188
222832
233553
197649
194905
204663
201818
197629
194924
204689
170027
167875
176871
174550
170033
167873
176880
133137
148894
136321
145517
132733
148839
135898
461163
508289
472084
490475
461154
508457
472717
429730
423768
443831
437142
429681
423882
443941
385105
378470
395805
389217
385053
378527
395857
344047
338525
353853
348185
344015
338559
353893
306685
302102
315678
310953
306647
302123
315712
271816
268031
280247
276364
271776
268058
280288
239021
235920
246986
243782
238993
235948
247020
208107
205578
215642
213018
208095
205592
215662
178574
176609
185868
183707
178583
176606
185874
139701
155463
142587
152493
139347
155339
142134
435157
463788
441465
453901
435345
463224
441171
390520
421526
396000
411441
390001
421340
395591
346467
373463
354150
366045
346540
373221
354064
307790
333792
314610
326515
308224
333797
314641
270930
294493
277009
288366
271044
294610
276989
236931
258120
241477
253028
237198
258186
241525
204962
224236
208867
220059
204991
224223
208848
174669
192445
177928
189108
174479
192360
177789
310160
301293
303982
294628
301259
303942
310223
327071
333867
335818
343453
333728
335826
327096
319982
312919
328902
321942
312900
328849
320009
316116
313228
307575
324434
307622
324216
316183
310096
294568
301243
303899
301313
303918
310101
327046
343551
333922
335842
333802
335851
327142
319943
321857
312821
328844
312869
328853
319943
285690
277894
279541
271334
277858
279491
285718
299682
306301
307911
314899
306261
307911
299677
293123
286691
300893
294170
286696
300869
293178
291822
289491
282916
297965
282956
297967
291768
285713
271528
277813
279575
277897
279517
285768
299575
314889
306203
307869
306232
307873
299510
293149
294256
286843
301051
286757
300958
293232
261762
255210
255858
249442
255158
255834
261785
274318
280478
281150
287626
280502
281137
274329
268182
262026
274634
268149
262000
274611
268204
267603
266377
260654
273674
260618
273599
267670
261799
249547
255232
255919
255243
255872
261851
274351
287670
280639
281206
280561
281157
274412
268204
268157
262060
274665
262017
274623
268253
238457
233183
232616
227483
233167
232606
238462
249744
255914
255297
261672
255892
255274
249763
243663
237602
248877
242556
237598
248860
243675
244246
244321
238659
250177
238657
250134
244281
238498
227530
233215
232672
233212
232639
238540
249762
261684
255952
255317
255912
255285
249797
243683
242569
237649
248905
237618
248874
243721
215492
211227
209731
205710
211229
209734
215484
225619
231558
230055
236238
231559
230052
225614
219665
213723
223820
217664
213727
223822
219656
221166
222072
216767
226922
216734
226887
221184
215508
205710
211222
209744
211208
209738
215521
225635
236252
231606
230078
231579
230063
225654
219684
217663
213731
223836
213727
223830
219702
192469
189085
186700
183574
189083
186704
192468
201771
207703
205289
211414
207699
205282
201774
195772
189852
199079
192977
189846
199069
195779
198204
200154
194778
203967
194760
203959
198215
192458
183563
189066
186706
189063
186693
192458
201764
211407
207696
205272
207694
205275
201763
195763
192973
189844
199057
189841
199060
195759
169603
166915
164030
161579
166918
164033
169599
178062
183875
180864
186820
183865
180856
178067
172199
166437
174823
168917
166430
174816
172202
175291
177847
172597
180931
172586
180919
175297
169594
161574
166907
164017
166907
164020
169594
178063
186819
183874
180859
183868
180858
178065
172199
168914
166423
174813
166426
174815
172202
146886
144864
141283
139097
144864
141266
146896
154812
160568
157031
162905
160567
157032
154814
148994
142978
150954
145002
142962
150939
149000
152717
155884
150503
158261
150513
158269
152697
146865
139063
144822
141206
144848
141238
146848
154802
162906
160552
157005
160560
157023
154785
148984
144997
142909
150878
142947
150907
148964
348064
339231
339996
331032
339232
340027
348027
367155
375605
375781
386027
375425
375849
366942
357809
348792
366826
357859
348848
366818
357711
356216
355816
347522
365803
347498
365558
356271
348094
331012
339206
340055
339232
340045
348103
367134
385897
375684
375881
375391
375817
367153
357832
357917
348942
366921
348884
366830
357853
316460
308556
309022
301542
308575
309050
316363
332131
340350
340365
349099
340363
340403
332096
324164
316332
331992
323648
316344
332001
324127
324174
323302
315896
332108
315855
332058
324229
316535
301610
308740
309138
308652
309087
316605
332179
349154
340463
340496
340375
340464
332222
324204
323654
316398
332001
316365
331997
324248
287304
281005
280213
274181
280978
280184
287327
301038
308655
307520
315516
308654
307513
301049
293503
286066
299651
291865
286041
299640
293522
294506
294703
287872
301792
287833
301756
294534
287306
274185
281016
280211
280983
280184
287331
301039
315520
308685
307532
308662
307515
301059
293502
291864
286056
299657
286038
299640
293521
259120
254016
252295
247410
253992
252270
259148
271331
278667
276643
284180
278639
276615
271362
264076
256986
269130
261734
256959
269098
264107
266099
267404
260724
273115
260696
273091
266122
259119
247418
254023
252283
253999
252271
259134
271324
284178
278648
276643
278634
276616
271334
264065
261723
256941
269097
256950
269088
264061
232056
227945
225433
221540
227940
225412
232069
242952
249918
247238
254416
249894
247203
242973
236041
229215
240069
232984
229196
240038
236059
238749
240849
234407
245452
234402
245450
238745
232039
221531
227934
225376
227937
225389
232026
242935
254402
249860
247160
249881
247182
242909
236013
232968
229147
239976
229170
240011
235982
205622
202375
199181
196075
202363
199163
205628
215567
222345
219014
225940
222324
219004
215576
208872
202235
212133
205280
202223
212117
208881
212154
215076
208726
218713
208727
218714
212161
205618
196071
202352
199158
202355
199159
205618
215569
225929
222304
219000
222312
219000
215574
208869
205272
202219
212108
202220
212111
208867
180059
177455
173813
171349
177447
173808
180066
189085
195629
191784
198498
195616
191793
189087
182641
176245
185230
178672
176237
185225
182647
186369
189779
183618
192711
183617
192708
186375
180059
171348
177442
173801
177446
173806
180056
189093
198506
195619
191818
195617
191808
189098
182643
178674
176229
185232
176234
185231
182643
154935
153025
148739
146636
153007
148723
154945
163444
169830
165646
172165
169823
165642
163451
157078
150487
159087
152537
150471
159065
157083
161302
165206
159110
167521
159131
167532
161287
154912
146623
152977
148662
152992
148711
154883
163435
172162
169809
165620
169817
165634
163421
157067
152531
150401
159017
150459
159041
157054
385315
376681
375448
366652
376689
375486
385257
405082
416273
412506
424957
416252
412597
405106
393996
383121
401728
391119
383128
401831
393965
395455
396865
386874
408112
386858
407873
395563
385302
366702
376721
375439
376707
375473
385371
405024
424999
416518
412893
416242
412706
405170
393997
391198
383221
402063
383137
401930
394091
346793
339408
337733
330686
339417
337699
346767
363138
373003
370422
380676
373013
370436
363131
353639
344311
360444
350767
344314
360480
353630
356053
357283
348212
365665
348151
365685
356075
346800
330681
339399
337675
339393
337686
346797
363147
380726
373075
370512
373006
370451
363228
353660
350769
344302
360559
344299
360515
353697
311480
305617
303094
297510
305612
303093
311478
326021
335089
331843
341230
335090
331862
326013
317175
308472
322656
313733
308478
322689
317160
320028
322180
313832
328765
313820
328756
320043
311491
297511
305628
303128
305614
303103
311513
326039
341226
335103
331911
335094
331884
326059
317193
313764
308520
322756
308494
322721
317216
278770
273934
270935
266313
273923
270928
278777
291567
299957
296305
304939
299959
296312
291569
283339
275247
287843
279536
275245
287843
283342
286753
289526
281651
294872
281660
294854
286783
278788
266316
273921
270997
273922
270951
278828
291572
304963
299991
296363
299970
296331
291587
283345
279554
275281
287890
275258
287858
283359
247941
243984
240456
236705
243970
240451
247950
259455
267291
263337
271365
267291
263343
259455
251717
244070
255421
247597
244064
255423
251719
255544
258785
251345
263244
251341
263202
255579
247952
236701
243965
240472
243964
240457
247976
259476
271405
267334
263430
267309
263386
259506
251734
247612
244101
255497
244076
255463
251762
218473
215321
211331
208303
215310
211310
218479
228983
236490
232178
239847
236483
232179
228985
221587
214307
224635
217212
214289
224637
221586
225721
229485
222380
233060
222372
233046
225736
218479
208301
215311
211323
215308
211315
218491
228996
239860
236512
232228
236493
232203
229017
221598
217222
214308
224676
214297
224655
221615
190377
187793
183561
181111
187793
183561
190371
199951
207091
202639
209887
207084
202645
199955
192938
186001
195512
188450
186003
195516
192923
197254
201377
194534
204253
194522
204247
197263
190388
181113
187805
183564
187802
183564
190393
199962
209893
207100
202668
207091
202657
199974
192951
188455
186008
195532
186007
195525
192960
163208
161231
156553
154378
161222
156539
163213
172225
179099
174443
181459
179100
174440
172226
165439
158416
167431
160511
158395
167430
165438
170026
174448
167803
176796
167815
176800
170019
163194
154371
161204
156496
161212
156545
163181
172229
181462
179101
174441
179102
174447
172224
165434
160505
158361
167415
158409
167423
165434
417344
410329
405880
398706
410301
405903
417335
435729
447585
440763
452667
447524
440748
435676
423553
412191
429893
418179
412283
429921
423483
428911
434194
422200
442500
422171
442365
428892
417335
398718
410320
405933
410291
405912
417338
435704
452660
447512
441050
447407
440893
435773
423660
418280
412465
430066
412380
429990
423744
373134
366851
362731
356831
366883
362750
373121
390017
400413
395316
406802
400473
395395
389975
378882
368744
384783
373816
368790
384838
378830
383810
387827
377274
394700
377223
394648
383867
373192
356878
366999
362935
366945
362847
373260
390097
406871
400720
395638
400597
395463
390156
379011
373916
368901
385039
368826
384912
379130
333182
328048
323758
318826
328069
323782
333164
348176
357834
352936
362991
357885
352976
348145
338052
328627
342869
333229
328648
342896
338033
342891
347053
337529
352694
337485
352614
342948
333215
318864
328138
323867
328101
323819
333258
348228
363032
358032
353139
357950
353032
348295
338091
333258
328743
343010
328687
342931
338142
296405
292232
287747
283725
292250
287764
296377
309772
318834
313634
323176
318855
313669
309745
300413
291766
304250
295427
291792
304283
300386
305379
309838
301013
314497
300971
314444
305436
296447
283761
292325
287855
292282
287803
296503
309817
323208
318942
313774
318891
313702
309875
300457
295461
291889
304399
291835
304325
300514
262543
259039
254440
251062
259048
254449
262533
274478
282760
277824
286311
282778
277838
274463
265911
257862
269251
261035
257867
269260
265904
270849
275387
267217
279227
267178
279183
270886
262571
251086
259106
254502
259075
254476
262603
274509
286340
282854
277892
282812
277862
274548
265933
261049
257906
269306
257885
269284
265959
230641
227696
222981
220166
227703
222984
230634
241628
249497
244397
252529
249500
244397
241627
233525
225895
236237
228407
225886
236245
233529
238481
243185
235417
246423
235399
246401
238498
230655
220176
227733
223004
227720
222991
230670
241637
252541
249516
244410
249511
244406
241638
233528
228420
225892
236264
225893
236258
233525
200524
198074
193216
190885
198069
193206
200546
210548
217977
212771
220376
217968
212785
210584
202868
195604
205168
197713
195619
205191
202858
207976
212711
205396
215403
205387
215394
207964
200537
190891
198076
193222
198073
193219
200532
210558
220391
217974
212799
217981
212795
210548
202895
197719
195648
205203
195641
205200
202898
171504
169652
164274
162544
169629
164268
171498
180862
188010
182518
190058
188030
182532
180845
173455
166255
175082
167587
166255
175084
173461
178701
183736
176660
185969
176663
185965
178702
171503
162545
169611
164227
169621
164272
171491
180868
190074
188048
182534
188045
182534
180866
173452
167563
166201
175055
166238
175068
173442
310115
301500
303944
294769
310125
301476
303999
327028
333557
335675
343695
327015
333464
335528
319976
312853
328733
321793
319928
312814
328672
315935
313092
307866
324156
307939
324094
315904
310139
294907
301559
304142
301629
304065
310191
326900
343591
333405
335386
333323
335406
326812
319875
321813
312930
328722
312800
328671
319815
285953
278004
279678
271884
285855
278034
279788
299735
306216
307930
314881
299611
306272
308020
293469
286956
301149
294547
293345
287077
301256
291960
289830
283537
298284
283436
298147
292085
286076
272103
278310
280043
278230
279917
286201
299876
314992
306558
308252
306406
308130
300021
293604
294659
287340
301493
287209
301372
293740
262041
255383
256005
249774
261944
255441
256095
274603
280741
281277
287918
274502
280851
281363
268419
262131
274730
268327
268330
262213
274810
268006
266782
261262
274142
261141
274023
268123
262152
249911
255665
256297
255570
256196
262263
274714
288022
281087
281556
280969
281458
274825
268517
268409
262397
274991
262304
274899
268618
238674
233278
232720
227712
238606
233314
232781
249922
256015
255367
261842
249856
256090
255426
243832
237692
248950
242670
243774
237740
248999
244504
244566
239004
250523
238915
250432
244585
238745
227786
233440
232913
233370
232842
238814
255553
249995
261916
256254
256171
255489
250067
249097
243893
242708
237837
237787
249049
243952
215545
211206
209748
205772
215528
211224
209766
225709
231643
230096
236331
225679
231682
230116
219718
213734
223842
217672
219707
213745
223849
221290
222188
216947
227129
216883
227069
221352
215565
205781
211258
209828
211221
209791
215613
230158
225740
236360
231758
231720
230137
225773
223875
219733
217684
213778
213758
223860
219755
192463
189048
186704
183585
192452
189053
186718
201772
207701
205274
211418
201764
207713
205282
195769
189848
199061
192992
195760
189858
199071
198245
200164
194812
204029
194784
204000
198277
192482
183586
189062
186748
189049
186729
192500
201784
211431
207748
205313
207728
205295
201802
195784
193009
189888
199105
189870
199086
195803
169594
166892
164009
161548
169593
166891
164001
178080
183883
180867
186850
178071
183898
180878
172210
166422
174817
168897
172206
166417
174822
175311
177867
172604
180978
172589
180960
175321
169591
161522
166869
163968
166874
163987
169585
178090
186873
183935
180903
183915
180890
178102
172210
168891
166394
174833
166407
174827
172207
146793
144796
141188
138986
146823
144777
141149
154739
160539
156981
162874
154763
160522
156958
148914
142892
150838
144903
148937
142837
150815
152612
155809
150406
158196
150424
158212
152585
146761
138974
144729
141081
144745
141132
146735
154718
162860
160493
156925
160506
156941
154698
148890
144898
142777
150766
142832
150779
148871
347980
339187
340017
331030
348004
339189
340000
367053
375353
375652
386013
367069
375577
375664
357800
348932
366862
358008
357855
348950
366847
355801
355428
347225
365518
347289
365395
355848
347965
331047
339055
340137
339092
340052
348055
366837
385985
375586
375873
375310
375718
366885
357761
358074
349157
367103
349040
366950
357867
316746
308831
309197
301869
316671
308931
309267
332370
340524
340518
349274
332299
340603
340555
324356
316439
332012
323725
324296
316494
332057
324432
323527
316316
332321
316188
332228
324539
316834
301973
309161
309446
309042
309351
316935
332451
349332
340800
340681
340694
340609
332550
324433
323781
316652
332183
316565
332111
324527
287440
281071
280260
274340
287376
281143
280329
301147
308721
307562
315597
301095
308772
307606
293610
286096
299690
291998
293557
286159
299741
294721
294997
288190
302072
288095
301983
294811
280524
287520
274421
281318
281226
280417
287616
301217
315653
308921
307759
308838
307671
301305
286362
293686
292105
299923
286247
299816
293785
259200
254058
252305
247490
259163
254099
252329
271387
278682
276703
284295
271358
278733
276812
264040
256927
269116
261766
264055
256901
269147
260947
273402
266386
266302
267617
260887
273305
254171
252359
259271
259237
247514
254138
252349
278910
277182
271455
271420
284440
278809
276971
256787
269152
263960
264013
261773
256858
269166
231994
227927
225371
221519
232011
227919
225372
242829
249831
247133
254377
242874
249793
247102
235899
229130
239925
232901
235946
229111
239846
234409
245451
238695
238719
240897
234414
245464
227906
225377
231945
231973
221522
227912
225375
249658
247038
242691
242767
254356
249737
247063
229108
239632
235776
235841
232883
229100
239741
205632
202355
199165
196092
205623
202364
199179
215583
222298
219006
225900
215578
222290
219017
208876
202226
212113
205296
208869
202239
212123
218731
212187
215082
208762
208746
218724
212204
205647
196109
202396
199219
202378
199197
205667
222289
215590
225904
219066
222284
219037
215605
208889
205318
202281
212164
202258
212141
208907
180065
177445
173798
171333
180060
177447
173796
189130
195631
191836
198539
189112
195647
191857
182657
176227
185241
178679
182649
176227
185251
186415
189826
183667
192779
183652
192757
186432
180073
171328
177456
173801
177451
173796
180082
189148
198562
195691
191905
195667
191880
189169
182667
178686
176235
185281
176230
185265
182679
154836
152956
148659
146532
154857
152941
148605
163401
169801
165610
172142
163412
169795
165600
157027
150395
158989
152427
157038
150339
158970
161253
165157
159051
167492
159062
167496
161244
154815
146538
152914
148556
152924
148609
154802
163396
172138
169791
165591
169792
165595
163390
157014
152462
150291
158942
150345
158951
157010
385546
376637
375395
366800
385406
376682
375478
405353
416392
412922
425687
405201
416718
413075
394337
383364
402147
391458
394188
383520
402278
395679
397049
386914
408091
386823
407881
395785
385660
366874
376860
375648
376751
375555
385780
405431
425725
417046
413301
416732
413152
405576
394457
391546
383781
402527
383653
402390
394601
346834
339413
337680
330728
346807
339447
337702
363401
373212
370577
380973
363315
373343
370649
353795
344323
360609
350870
353742
344357
360666
356192
357546
348460
365889
348379
365803
356257
346876
330781
339571
337799
339500
337741
346936
363487
381060
373580
370810
373462
370726
363577
353857
350927
344467
360802
344405
360729
353930
311596
305654
303172
297618
311546
305698
303244
326118
335121
331945
341312
326083
335152
331990
317289
308560
322798
313912
317245
308623
322852
320153
322282
314028
328907
313946
328846
320230
303517
311671
297723
305868
305766
303357
311780
326168
341366
335258
332116
335197
332046
326237
308858
317359
314008
323010
308719
322922
317464
279019
273939
271077
266398
278902
274005
271195
291674
300028
296418
305137
291617
300095
296509
283451
275320
287961
279773
283388
275384
288065
282268
295344
287394
287131
289668
281933
295128
274324
271592
279457
279197
266439
274126
271363
300378
296861
291997
291784
305258
300207
296657
275696
288420
283796
283587
279911
275517
288217
248055
243968
240496
236661
248012
243940
240516
259600
267375
263483
271584
259548
267433
263546
251842
244133
255540
247731
251800
244168
255589
251609
263763
255982
255827
258904
251400
263567
244082
240642
248253
248127
236625
243915
240561
267672
263728
259758
259674
271689
267539
263629
244259
255717
251961
251900
247776
244216
255651
218541
215323
211342
208338
218514
215342
211368
229074
236540
232260
239959
229044
236569
232295
221682
214332
224707
217288
221652
214360
224740
233192
225825
229503
222483
222445
233143
225863
218574
208366
215396
211433
215368
211400
218608
236634
229112
239996
232373
236603
232333
229163
221717
217322
214427
224813
214393
224776
221752
190419
187815
183569
181120
190404
187828
183577
200016
207120
202685
209945
199993
207145
202705
192991
186016
195543
188476
192973
186027
195559
197331
201448
194632
204356
194602
204323
197362
190439
181129
187865
183606
187845
183590
190463
200044
209974
207208
202758
207176
202730
200075
193013
188491
186060
195604
186042
195580
193038
163154
161191
156503
154273
163162
161187
156458
172229
179104
174443
181467
172229
179112
174438
165421
158379
167399
160380
165421
158333
167390
170019
174439
167789
176809
167788
176800
170020
163141
154287
161185
156417
161180
156468
163142
172236
181473
179133
174433
179121
174438
172240
165409
160378
158304
167365
158356
167372
165412
417384
410360
405959
398886
417351
410430
406001
435871
447358
441084
452830
435787
447473
441200
423870
412556
430113
418571
423805
412645
430195
428880
434684
422487
442638
422376
442470
428941
417428
398965
410608
406100
410509
406046
417489
435923
452841
447531
441350
447389
441243
436011
423924
418629
412815
430298
412731
430226
423984
373421
367067
363023
357073
373336
367142
363119
390325
400826
395815
407223
390229
400924
396015
379354
369006
385179
374468
379242
369120
385360
384083
388103
377596
394970
377495
394890
384184
373514
357151
367314
363319
367224
363217
373614
390441
407353
401113
396406
401018
396200
390567
379467
374659
369374
385733
369244
385519
379584
333384
328187
323927
319031
333315
328245
324000
348465
358122
353221
363354
348373
358217
353352
338288
328818
343075
333494
338210
328910
343184
343172
347297
337792
353035
337713
352943
343261
333462
319113
328399
324180
328316
324083
333551
348561
363458
358412
353579
358313
353446
348662
338375
333568
329119
343395
329010
343275
338468
296659
292387
287923
283962
296573
292470
288006
310035
319007
313837
323448
309948
319085
313935
300672
291959
304477
295668
300587
292042
304577
301383
305687
310091
314836
301250
314730
305801
292710
296760
284067
288208
292578
288101
296873
310134
323544
319274
314144
319174
314030
310243
300768
295761
292240
304797
292136
304684
300872
262696
259148
254537
251189
262645
259196
254578
274657
282908
277934
286495
274598
282972
277985
266035
257935
269342
261111
265993
257973
269381
267490
271074
275651
279536
267406
279443
271154
259321
262756
251237
254681
259255
254627
262823
274725
286575
283128
278116
283046
278051
274800
266085
261154
258069
269487
258017
269437
266143
230713
227754
223020
220219
230689
227779
223040
241671
249531
244423
252584
241652
249552
244432
233544
225901
236278
228448
233534
225912
236286
238581
243306
235545
246558
235508
246516
238618
230742
220244
227842
223092
227808
223064
230774
241695
252619
249611
244470
249579
244457
241724
233561
228469
225948
236319
225928
236310
233581
200554
198085
193237
190910
200544
198098
193244
210552
217972
212809
220416
210550
217971
212807
202900
195649
205204
197699
202902
195642
205190
207971
212766
205434
215450
205418
215432
207983
200567
190920
198129
193254
198114
193252
200577
210553
220432
217975
212809
217972
212818
210554
202893
197691
195611
205166
195629
205186
202882
171447
169592
164220
162452
171470
169585
164153
180832
188040
182529
190067
180853
188021
182514
173409
166189
175039
167476
173426
166140
175022
178684
183739
176650
185954
176657
185968
178666
171415
162455
169560
164075
169566
164148
171390
180808
190058
187969
182481
187996
182503
180782
173385
167483
166080
174977
166137
174998
173367
310431
301706
304252
295106
310288
301685
304364
326803
333252
335441
343871
326773
333337
335540
320007
313075
328839
322149
319894
313215
328973
316057
313093
308207
324138
308161
324006
316166
310575
295238
301815
304555
301789
304469
310680
326840
343853
333379
335703
333261
335614
326902
320122
322279
313455
329225
313343
329102
320229
286454
278488
280174
272544
286334
278574
280294
300307
306713
308379
315393
300169
306860
308506
294004
287470
301617
294997
293876
287589
301736
292459
290279
284092
298771
284011
298673
292553
286567
272701
278765
280509
278691
280409
286664
300436
315522
307115
308735
306996
308626
300548
294122
295098
287797
301949
287700
301848
294225
262480
255784
256396
250242
262374
255892
256490
275039
281204
281653
288332
274935
281313
281746
268663
268812
262488
275083
268718
262574
275169
268457
267215
261805
274581
261677
274487
268547
262575
250332
256090
256652
255982
256574
262662
275134
288422
281503
281902
281414
281829
275218
268735
268900
262721
275310
262653
275246
268978
238941
233485
232970
228028
238877
233563
233029
255615
262143
255678
250210
256336
250139
256414
249143
242819
249190
244066
237886
244009
237938
244818
244921
239362
250849
239261
250778
244886
238998
228057
233669
233135
233595
233081
239054
262207
255796
255739
250276
256547
256485
250338
242873
249308
249245
244123
238046
237991
244182
215661
211254
209840
205867
215640
211299
209863
230178
236435
230203
225837
231792
225804
231832
223895
217755
223921
219804
213798
219778
213822
221461
222366
217156
227300
217052
227251
221507
215680
205868
211372
209909
211298
209882
215710
236480
230288
230240
225874
231927
231877
225915
217784
223989
223953
219832
213872
213846
219864
192525
189057
186763
183619
192510
189075
186780
211499
201843
207770
205335
201822
207796
205360
195843
189905
199127
193071
195822
189922
199150
198329
200229
194865
204117
194832
204095
198358
192535
183611
189086
186808
189071
186792
192549
211525
201864
207846
205406
207821
205384
201885
195861
193090
189954
199195
189938
199173
195880
169570
166849
163947
161458
169576
166844
163930
178119
183953
180914
186928
178111
183968
180926
172204
166380
174838
168882
172204
166371
174843
175340
177907
172618
181027
172604
181016
175350
169567
161434
166832
163915
166827
163919
169570
178126
186945
183995
180950
183981
180938
178133
172205
168884
166362
174859
166365
174853
172209
146697
144706
141085
138919
146711
144694
141039
154672
160481
156912
162830
154686
160471
156900
148842
142796
150741
144821
148851
142749
150731
152527
155725
150345
158148
150346
158155
152517
146678
138927
144661
140995
144671
141047
146668
154665
162826
160458
156882
160463
156892
154657
148831
144858
142735
150711
142787
150715
148828
348279
339071
340239
331323
348153
339136
340358
367023
375548
375969
386654
366919
375814
376116
358131
349282
367247
358409
357986
349418
367409
356093
355171
347188
365873
347137
365664
356205
348410
331444
339334
340613
339228
340484
348549
367117
386748
376109
376403
375857
376241
367243
358281
358542
349701
367743
349559
367571
358440
317161
309284
309548
302306
317046
309407
309653
332788
340920
340770
349605
332664
341052
340874
324755
316752
332273
324051
324637
316859
332375
324913
324090
316837
332825
316717
332691
325033
317275
302409
309632
309846
309524
309754
317383
332918
349725
341329
341102
341190
340986
333047
324874
324152
317058
332592
316962
332482
324989
280649
274703
280785
287832
281414
287724
281506
301520
309018
307874
315927
301410
309118
308000
286511
292703
286728
294053
300074
293911
300274
295089
295385
288532
302429
288465
302354
295147
274772
280861
280855
287905
281631
281579
287940
301601
316017
309282
308120
309207
308083
301650
292768
286751
286804
294130
300331
300359
294139
205726
202420
199245
196178
205693
202446
199274
222325
226325
222462
215701
219106
215638
219203
208978
202311
212197
205421
208937
202345
212245
215182
218861
218848
212307
208870
208844
212330
205757
196201
202497
199330
202472
199303
205783
226400
222460
222517
215742
219198
219240
215751
209013
205459
202409
212299
202378
212282
209039
180105
177469
173805
171331
180094
177475
173810
189215
195717
191934
198657
189191
195745
191965
182709
176243
185300
178725
182693
176253
185322
186488
189907
183725
192875
183711
192851
186508
180117
171333
177490
173825
177482
173817
180131
189239
198692
195804
192027
195774
191995
189264
182725
178740
176277
185369
176264
185345
182744
154787
152903
148594
146480
154790
152900
148545
163391
169792
165599
172151
163390
169795
165600
157008
150335
158939
152368
157005
150283
158938
161233
165138
159035
167494
159037
167490
161232
154783
146539
152901
148534
152896
148599
154786
163397
172159
169809
165607
169801
165606
163402
157010
152475
150284
158941
150351
158936
157020
386034
376990
375746
367241
385895
377140
375855
405866
417104
413408
426449
405698
417457
413573
394903
383910
402661
391859
394744
384043
402812
396112
397696
387477
408727
387288
408390
396291
386185
367382
377477
376101
377304
375974
386352
406036
426597
418014
413905
417621
413721
406239
395070
391977
384317
403124
384178
402965
395244
347094
339658
337874
331034
347009
339757
337959
363770
373697
370900
381360
363671
373817
370994
354102
344541
360884
351154
354012
344624
360972
356517
357997
348884
366306
348769
366191
356619
347187
331133
339971
338138
339863
338049
347283
363873
381469
374063
371189
373939
371091
363978
354198
351241
344800
361159
344712
361064
354295
303720
298398
304018
312107
306018
311928
306236
326427
335335
332201
341593
326326
335422
332293
309034
314432
309229
317741
323118
317600
323245
320547
322647
314396
329260
314356
329175
320601
298458
304046
304118
312198
306295
306324
312207
326520
341679
335590
332454
335508
332379
326596
314520
309327
309322
317828
323423
323354
317870
218684
215428
211469
208474
218642
215472
211503
236672
240128
236765
229241
232413
229199
232452
221818
214461
224850
217426
221786
214493
224885
230034
233347
233446
225994
222611
222663
225977
218697
208509
215518
211552
215501
211529
218719
240162
236769
236779
229258
232513
232483
229266
221839
217457
214543
224946
214518
224915
221859
190516
187889
183625
181175
190490
187913
183644
200139
207242
202788
210072
200108
207274
202816
193091
186080
195629
188531
193065
186097
195650
197458
201578
194758
204483
194726
204455
197484
190540
181191
187956
183673
187935
183660
190560
200165
210101
207327
202859
207302
202840
200187
193111
188537
186117
195677
186109
195666
193126
163142
161185
156461
154229
163137
161195
156396
172253
179145
174432
181486
172249
179155
174423
165408
158352
167346
160257
165403
158283
167337
170034
174474
167817
176843
167815
176837
170030
163137
154331
161211
156359
161199
156454
163141
172259
181482
179161
174404
179159
174416
172259
165401
160303
158243
167309
158341
167317
165409
417635
410718
406162
399273
417557
410844
406234
436166
447520
441354
453344
436071
447759
441466
424094
412895
430299
418773
424035
412973
430354
429159
435463
423049
443092
422883
442850
429267
417722
399391
411115
406400
410976
406314
417817
436238
453366
448064
441553
447832
441487
436319
424151
418784
413132
430398
413054
430350
424215
373828
367409
363425
357420
373719
367508
363532
390831
401207
396588
407730
390699
401300
396770
379811
369500
385889
375258
379699
369627
386055
384516
388534
378016
395353
377909
395251
384624
373939
357516
367711
363738
367609
363637
374047
390962
407808
401486
397026
401395
396908
391080
379937
375417
369875
386291
369754
386179
380047
319469
333766
328493
324288
333655
328594
324409
348871
358513
353680
363847
348766
358613
353808
338666
329236
343504
333907
338567
329356
343621
343551
347639
338143
353440
338058
353327
343654
319580
333867
328794
324622
328701
324521
333963
348975
363954
358807
354026
358711
353914
349074
338764
334024
329593
343822
329477
343730
338855
292860
284451
293001
297115
288321
296995
288431
310479
319379
314268
323908
310359
319488
314391
301097
292350
304928
296088
300983
292464
305045
310613
301868
301809
306159
315291
315192
306251
284541
293165
293101
297222
288615
288530
297314
310598
324059
319697
314668
319594
314541
310715
301209
296228
292691
305305
292578
305191
301318
259394
251411
259467
262966
254741
262894
254802
274963
283216
278205
286845
274880
283307
278279
266270
258125
269562
261291
266205
258185
269619
276055
267791
267738
271403
279901
279822
271472
251462
259572
259525
263033
254914
254860
263095
275048
286963
283486
278466
283398
278385
275132
266335
261362
258310
269761
258247
269705
266400
230845
227878
223123
220335
230810
227914
223153
241791
249647
244508
252717
241756
249686
244523
233628
225969
236354
228511
233603
225992
236364
243490
238745
235706
246747
235667
246702
238785
230881
220365
227984
223210
227949
223182
230915
241828
252775
249764
244591
249725
244572
241867
233653
228550
226046
236417
226018
236407
233680
200585
198143
193250
190931
200583
198153
193243
210554
217980
212821
220447
210553
217986
212810
202855
195593
205167
197642
202869
195577
205148
208017
212861
205494
215528
205481
215510
208026
200585
190927
198163
193228
198159
193235
200584
210555
220474
218000
212823
217992
212830
210561
202843
197647
195558
205139
195564
205154
202835
171340
169543
164102
162335
171361
169538
164024
180738
187941
182474
190004
180760
187916
182454
173339
166107
174969
167421
173348
166045
174952
178613
183717
176609
185881
176620
185897
178599
171319
162371
169519
164001
169521
164083
171308
180724
190002
187877
182442
187894
182458
180716
173326
167497
166023
174930
166091
174944
173328
310791
301864
304614
295364
310746
301881
304654
326996
333286
335760
344147
326941
333426
335833
320391
313543
329334
322592
320314
313609
329431
316193
313092
308175
324013
308186
323870
316173
310796
295364
301877
304666
301870
304667
310792
327034
344111
333531
335927
333372
335878
327080
320440
322657
313671
329565
313649
329508
320477
286803
278814
280591
273010
286742
278869
280657
300718
307213
308831
315828
300643
307292
308911
294381
287880
302037
295331
294312
287945
302109
292729
290456
284333
298946
284283
298934
292749
286843
273039
278891
280733
278855
280702
286866
300772
315895
307386
309021
307348
308974
300808
294432
295382
288022
302204
287993
302165
294464
262793
256136
256716
250575
262732
256231
256773
275348
281580
281964
288632
275289
281643
282017
269101
262779
275364
268882
269045
262828
275409
268725
267456
262077
274797
261991
274763
268760
262837
250589
256313
256850
256239
256814
262874
275392
288679
281726
282089
281691
282058
275425
269144
268916
262895
275472
262866
275445
269178
239148
233679
233183
228228
239103
233748
233233
255851
250441
256603
262350
250393
256652
255899
249370
244288
238098
243056
244238
238147
249423
245034
245157
239599
251039
239503
251001
245072
239186
228235
233815
233319
233745
233275
239223
250482
262387
256733
255970
256695
255939
250516
244333
243102
238225
249503
238189
249467
244373
215765
211361
209933
205978
215735
211419
209965
230338
225998
231977
236654
225957
232027
230385
224027
219934
213897
217869
219898
213924
224065
221622
222568
217335
227473
217247
227429
221659
215790
205969
211470
210020
211412
209991
215818
226034
236701
232118
230460
232074
230426
226065
219967
217896
213969
224128
213948
224099
219998
192574
189072
186819
183651
192559
189099
186841
201929
207872
205429
211603
201906
207900
205454
195919
189969
199217
193148
195898
189985
199240
198421
200313
194974
204201
194901
204179
198443
192587
183641
189108
186875
189076
186856
192603
201948
211630
207954
205498
207927
205477
201965
195940
193164
190008
199278
189998
199261
195959
169578
166815
163914
161433
169572
166827
163919
178153
184011
180961
186994
178145
184028
180971
172218
166361
174865
168885
172213
166360
174869
175383
177947
172693
181069
172629
181058
175392
169579
161410
166817
163926
166799
163922
169584
178155
187006
184053
180978
184041
180976
178154
172220
168881
166347
174868
166355
174871
172220
146645
144646
141041
138891
146655
144640
140971
154641
160455
156876
162815
154652
160451
156865
148821
142816
150700
144798
148822
142742
150693
152485
155697
150337
158117
150325
158125
152465
146625
138928
144598
140929
144604
141027
146612
154631
162809
160440
156839
160446
156856
154612
148813
144909
142728
150655
142841
150676
148806
348813
339439
340736
331791
348681
339543
340851
367497
376138
376544
387460
367357
376396
376715
358748
349840
367910
358951
358595
349972
368078
356494
355304
347482
366301
347391
366094
356596
348932
331880
339717
341041
339635
340953
349044
367627
387575
376723
377020
376474
376864
367771
358887
359073
350197
368374
350091
368233
359012
317567
309727
309928
302652
317481
309809
309999
333287
341463
341217
350100
333171
341587
341328
325195
317145
332700
324418
325097
317224
332804
325326
324503
317170
333238
317111
333158
325395
317641
302708
309927
310107
309875
310059
317702
333389
350214
341795
341517
341699
341428
333474
325280
324492
317349
332979
317292
332899
325351
280869
287995
281673
274879
287968
281709
280881
301735
309348
308155
316219
301693
309408
308195
286745
294173
300321
292679
294151
286748
300331
295275
295637
288704
302638
288675
302599
295305
288020
274906
281764
280909
281740
280895
288042
301776
316278
309509
308278
309463
308237
301812
294199
292663
286766
300378
286755
300352
294223
254446
252658
259588
259652
247859
254508
252739
279296
277898
271866
271930
285051
279309
277736
257146
269666
264344
264491
262338
257303
269792
266761
268069
261353
273779
261325
273765
266775
259700
247914
254595
252839
254557
252797
259734
271968
284992
279331
277510
279317
277601
272000
264593
262412
257500
269870
257420
269849
264665
228072
225581
232162
232252
221733
228132
225645
249973
247412
242982
243129
254855
250132
247529
229363
239824
236039
236169
233235
229430
240098
239100
241253
234774
245923
234727
245873
239150
232320
221774
228228
225735
228185
225696
232371
243249
254946
250341
247718
250255
247640
243332
236287
233472
229566
240506
229512
240368
236368
205849
202524
199359
196272
205814
202551
199390
222504
215840
219234
226191
215789
222572
219286
209116
202443
212336
205568
209074
202481
212381
212446
215316
208991
219049
208963
219009
212480
205882
196294
202600
199445
202578
199420
205912
215889
226293
222691
219386
222640
219338
215930
209158
205609
202552
212470
202518
212427
209195
180161
177499
173835
171345
180146
177507
173844
189318
195835
192059
198798
189291
195867
192090
182784
176292
185394
178793
182764
176306
185418
186569
189983
183774
192973
183766
192952
186584
180173
171347
177516
173855
177513
173851
180183
189343
198834
195927
192144
195899
192119
189365
182801
178808
176327
185456
176318
185439
182815
154789
152900
148641
146510
154788
152905
148532
163419
169818
165617
172190
163413
169827
165618
157041
150419
158947
152363
157028
150307
158953
161234
165136
159029
167506
159036
167505
161225
154789
146646
152900
148494
152904
148683
154781
163428
172201
169841
165624
169835
165627
163428
157050
152564
150307
158957
150492
158959
157056
386705
377657
376232
367822
386525
377838
376364
406647
418211
414067
427527
406432
418630
414246
395597
384456
403278
392337
395421
384592
403434
396852
398789
388282
409829
388073
409471
397041
386880
367957
378174
376604
378013
376490
387047
406842
427728
419253
414532
418877
414393
407041
395767
392449
384837
403715
384721
403580
395925
347473
340077
338225
331418
347379
340178
338310
364184
374186
371288
381797
364083
374305
371385
354488
344888
361255
351505
354393
344973
361349
356914
358506
349300
366742
349211
366646
356998
347562
331498
340354
338463
340271
338389
347642
364279
381900
374515
371559
374416
371476
364363
354578
351589
345131
361519
345055
361438
354660
304003
312236
306289
298323
312216
306305
303971
326729
335669
332525
341927
326663
335745
332608
309327
317947
323477
314636
317906
309335
323532
320759
322929
314584
329552
314534
329485
320812
312266
298306
306367
303959
306334
303956
312300
326793
342006
335896
332754
335821
332686
326853
317993
314677
309381
323639
309355
323589
318038
274807
272029
279962
279881
267023
274751
271954
300915
297365
292574
292542
305926
300893
297361
276116
288911
284292
284281
280544
276120
288907
287828
290377
282571
295768
282628
295796
287767
279823
267059
274767
271872
274766
271907
279779
292530
305948
300896
297377
300887
297366
292531
284281
280552
276145
288918
276132
288910
284289
244339
240848
248523
248497
236891
244294
240861
268021
264059
260045
260080
272252
268039
264089
244473
255977
252196
252239
248095
244511
256035
256233
259416
251921
263998
251881
264023
256226
248506
237135
244485
240971
244400
240918
248530
260113
272270
268086
264147
268063
264118
260143
252273
248138
244586
256108
244545
256072
252307
218803
215556
211582
208615
218762
215602
211643
236819
229339
232549
240279
229290
236865
232594
221925
214572
224981
217553
221887
214608
225020
226100
229857
222776
233501
222726
233448
226149
218846
208658
215693
211723
215647
211683
218893
229395
240325
236956
232686
236910
232641
229442
221970
217591
214689
225106
214647
225064
222031
190597
187991
183686
181249
190579
188013
183698
200229
207353
202877
210178
200207
207382
202896
193154
186124
195686
188545
193140
186131
195696
197566
201727
194882
204633
194855
204600
197603
190615
181263
188051
183719
188032
183709
190635
200254
210207
207447
202939
207416
202917
200278
193170
188550
186148
195721
186139
195708
193186
163141
161221
156473
154255
163137
161235
156345
172259
179161
174399
181464
172260
179163
174391
165415
158361
167294
160191
165405
158236
167291
170033
174526
167859
176864
167856
176859
170028
163141
154481
161260
156329
161249
156492
163140
172263
181461
179171
174384
179167
174390
172261
165418
160330
158228
167277
158383
167282
165425
418016
411253
406486
399736
417916
411391
406572
436422
448109
441455
453710
436366
448316
441445
424341
413210
430399
418972
424275
413283
430447
429550
436604
423655
443833
423513
443612
429629
418111
399839
411641
406720
411521
406651
418196
436462
453617
448558
441270
448383
441313
436511
424404
419027
413410
430541
413350
430481
424466
374245
367810
363844
357801
374149
367907
363949
391280
401577
397085
407965
391188
401659
397164
380250
369991
386374
375802
380152
370095
386443
384913
388971
378396
395734
378312
395649
384990
374347
357888
368081
364108
367998
364036
374437
391365
408011
401797
397253
401736
397224
391427
380337
375895
370260
386496
370186
386499
380401
334132
328876
324710
319787
334051
328945
324788
349252
358897
354126
364221
349168
358980
354209
339019
329700
343918
334318
338941
329786
343977
343902
347995
338473
353792
338404
353718
343965
334208
319846
329066
324917
329010
324860
334271
349327
364291
359118
354339
359056
354292
349388
339089
334431
329931
344067
329867
344057
339143
293214
297477
288693
284695
297398
293258
288767
310939
319795
314839
324369
310829
319887
314951
301528
292802
305469
296636
301424
292912
305568
306490
310838
302057
315613
302007
315543
306571
297557
284746
293349
288908
293303
288840
297636
311051
324507
320060
315207
319982
315122
311151
301633
296824
293120
305805
293019
305737
301734
259619
263215
254968
251601
263155
259670
255022
275301
283573
278591
287263
275217
283659
278678
266530
258375
269855
261540
266465
258442
269902
271663
276254
267987
280183
267940
280116
271721
263276
251651
259766
255127
259719
255077
263333
275385
287398
283824
278898
283743
278819
275464
266596
261641
258576
270024
258511
269995
266659
230988
228020
223239
220458
230951
228059
223270
241954
249804
244658
252883
241909
249845
244684
233740
226079
236470
228639
233709
226117
236479
238913
243671
235881
246940
235838
246892
238954
231029
220492
228137
223331
228099
223302
231068
242002
252949
249931
244798
249888
244769
242049
233776
228720
226198
236547
226158
236541
233812
200594
198169
193225
190923
200587
198177
193227
210590
218011
212864
220509
210572
218025
212870
202836
195560
205162
197651
202833
195568
205149
208066
212953
205561
215617
205542
215593
208081
200605
190928
198197
193235
198187
193231
200617
210611
220558
218064
212947
218043
212931
210633
202845
197691
195596
205166
195581
205179
202856
171301
169518
164122
162270
171300
169524
164024
180723
187867
182464
189977
180719
187862
182454
173350
166127
174953
167478
173335
166046
174941
178590
183700
176604
185863
176605
185862
178583
171302
162403
169534
164049
169528
164177
171306
180733
190001
187861
182485
187860
182494
180736
173362
167660
166078
174945
166182
174958
173382
310748
301805
304642
295413
310753
301886
304634
327167
333411
335931
344461
327100
333670
335948
320504
313676
329589
322739
320486
313687
329599
316076
312662
307719
324152
307897
323691
316249
310746
295189
301554
304658
301633
304622
310834
327245
344321
334053
336073
333442
335920
327389
320511
322741
313784
329670
313675
329577
320618
286855
278801
280739
273204
286866
278871
280742
300836
307406
309052
315997
300827
307419
309072
294472
288034
302228
295439
294478
288029
302236
292724
290000
284252
298917
284105
298874
292721
286793
272988
278641
280671
278573
280715
286722
300837
316013
307468
309100
307417
309081
300866
294437
295421
287946
302222
287998
302229
294402
262913
256263
256869
250765
262893
256352
256893
275459
281746
282108
288737
275444
281752
282118
269214
262913
275490
268973
269200
262927
275500
268821
267358
262059
274765
261932
274797
268859
262906
250642
256225
256919
256161
256910
262895
275459
288726
281691
282104
281731
282112
275463
269208
268972
262936
275488
262931
275497
269201
239288
233786
233350
228447
239254
233899
233391
250565
256763
255994
262454
250542
256787
256012
244432
238252
249530
243185
244406
238274
249550
245149
245155
239841
251092
239625
251090
245171
239298
228382
233954
233453
233787
233419
239309
250577
262457
256798
256010
256793
256017
250586
244439
243192
238283
249546
238284
249555
244438
215860
211443
210037
206133
215838
211528
210056
226106
232154
230487
236789
226087
232184
230506
220041
213983
224150
217950
220023
213991
224165
221728
222681
217539
227576
217369
227564
221750
215872
206098
211608
210079
211463
210067
215880
226122
236803
232214
230528
232202
230520
226141
220051
217958
213996
224180
213992
224177
220059
192632
189069
186883
183771
192616
189134
186896
201980
207974
205514
211688
201974
207989
205525
195985
190010
199290
193178
195974
190008
199296
198464
200355
195161
204222
195009
204223
198460
192636
183732
189201
186888
189075
186896
192630
201981
211700
207996
205537
207993
205534
201981
195984
193169
189975
199290
189997
199299
195972
169586
166780
163921
161468
169583
166821
163918
178134
184059
180973
187010
178146
184059
180962
172205
166332
174860
168846
172215
166314
174846
175375
177944
172797
181035
172680
181057
175358
169573
161430
166846
163884
166767
163904
169553
178114
186993
184008
180891
184041
180938
178087
172177
168819
166241
174788
166284
174824
172131
146568
144559
141033
138868
146594
144564
140859
154561
160430
156827
162773
154592
160415
156802
148759
142853
150628
144665
148789
142635
150586
152387
155640
150378
158035
150298
158065
152345
146526
138893
144549
140698
144483
140934
146475
154531
162753
160335
156738
160383
156778
154481
148713
144745
142384
150496
142699
150548
148660
349216
339780
341108
332039
349135
339834
341163
368052
376762
377139
388149
367901
377055
377261
359217
350285
368492
359346
359121
350356
368591
356827
355686
347847
367109
347748
366497
356939
349265
332063
339898
341257
339858
341203
349336
368174
388060
377561
377424
377027
377347
368356
359279
359396
350472
368720
350412
368651
359360
317788
309963
310144
302790
317751
309984
310169
333592
341874
341592
350476
333539
341942
341656
325456
317395
333046
324658
325409
317431
333101
325539
324697
317283
333437
317265
333397
325564
317812
302785
309996
310183
309993
310179
317830
333636
350526
342040
341755
341992
341707
333669
325496
324701
317473
333186
317454
333147
325523
288068
281781
280920
274953
288058
281791
280926
301856
309545
308313
316414
301838
309572
308340
294256
286777
300401
292663
294243
286785
300418
295332
295703
288712
302688
288725
302688
295318
288067
274950
281778
280909
281788
280922
288057
301859
316441
309589
308363
309585
308356
301848
294258
292663
286770
300425
286784
300426
294248
259777
254622
252868
248006
259760
254640
252886
272044
279346
277466
284966
272027
279358
277446
264748
257556
269887
262493
264717
257590
269897
266793
268125
261370
273788
261386
273799
266782
259785
248014
254637
252895
254646
252896
259783
272050
284969
279348
277444
279361
277437
272043
264767
262504
257613
269920
257610
269905
264770
232428
228260
225762
221854
232406
228281
225777
243427
250402
247772
255078
243391
250440
247804
236449
229592
240547
233500
236419
229605
240574
239218
241373
234842
246000
234844
245996
239220
232442
221864
228298
225782
228296
225785
232444
243448
255098
250470
247839
250464
247825
243451
236468
233502
229605
240601
229612
240596
236470
205946
202616
199465
196326
205933
202626
199477
215973
222722
219419
226404
215959
222737
219437
209240
202579
212504
205707
209224
202598
212526
212531
215405
209032
219106
209035
219107
212524
205952
196323
202619
199471
202632
199485
205934
215974
226408
222729
219425
222743
219443
215946
209249
205731
202609
212535
202613
212542
209234
180190
177515
173856
171335
180188
177510
173853
189392
195950
192164
198916
189381
195968
192179
182831
176332
185470
178832
182825
176333
185479
186602
190003
183736
193014
183761
193014
186594
180187
171321
177486
173826
177501
173844
180174
189399
198937
195984
192186
195985
192191
189392
182831
178832
176313
185476
176328
185483
182820
154747
152892
148702
146431
154773
152871
148448
163425
169845
165629
172215
163433
169844
165621
157043
150550
158954
152335
157058
150279
158932
161193
165108
158965
167469
158996
167488
161161
154721
146577
152816
148271
152849
148597
154672
163422
172214
169825
165602
169840
165622
163397
157028
152498
150127
158883
150472
158910
156998
387314
378316
376699
368244
387192
378431
376765
407365
419414
414627
428315
407207
419693
414703
396166
384937
403824
392716
396060
385014
403907
397483
399735
388993
410821
388797
410256
397638
387403
368283
378586
376859
378511
376800
387492
407489
428272
420198
414826
419716
414760
407661
396248
392780
385161
404038
385081
403970
396350
347769
340424
338527
331681
347712
340485
338584
364485
374600
371633
382146
364434
374664
371692
354778
345197
361590
351785
354728
345249
361646
357165
358799
349524
366960
349485
366913
357212
347807
331722
340570
338660
340531
338623
347848
364518
382198
374764
371792
374711
371742
364558
354807
351824
345308
361728
345282
361689
354835
312361
306397
303970
298331
312332
306420
303984
326951
335968
332810
342208
326907
336023
332850
318109
309403
323680
314768
318076
309422
323713
320938
323124
314697
329736
314685
329703
320969
312383
298336
306428
303998
306432
303996
312396
326989
342243
336082
332891
336057
332879
327012
318134
314783
309435
323742
309436
323736
318145
279721
274766
271843
267093
279746
274762
271818
292535
300909
297387
306001
292535
300917
297386
284290
276152
288923
280569
284294
276148
288920
287705
290363
282512
295779
282527
295776
287702
279707
267088
274739
271778
274756
271799
279694
292532
305995
300909
297336
300920
297373
292512
284279
280559
276086
288872
276132
288907
284240
248539
244516
240991
237220
248541
244522
240999
260166
268099
264169
272307
260161
268100
264182
252342
244615
256138
248257
252331
244632
256157
256180
259458
251930
263898
251954
263934
256138
248526
237207
244474
240967
244514
240995
248491
260157
272302
268045
264164
268087
264183
260120
252341
248270
244618
256150
244637
256164
252313
218963
215731
211761
208765
218932
215759
211791
229510
236993
232724
240449
229480
237021
232764
222098
214738
225143
217688
222069
214765
225171
226235
229965
222824
233543
222841
233560
226233
218988
208792
215785
211811
215781
211816
218983
229532
240466
237033
232785
237037
232791
229526
222119
217719
214779
225198
214786
225205
222112
190680
188067
183735
181294
190664
188080
183753
200323
207481
202959
210284
200300
207514
202975
193216
186159
195733
188570
193202
186169
195742
197664
201840
194933
204704
194937
204710
197661
190688
181297
188080
183755
188086
183760
190684
200344
210301
207528
202993
207533
202985
200344
193228
188573
186181
195756
186174
195748
193232
163115
161273
156516
154277
163135
161270
156299
172266
179178
174385
181460
172267
179184
174377
165424
158415
167269
160167
165427
158206
167252
170029
174552
167864
176880
167881
176888
170018
163091
154472
161234
156163
161262
156461
163065
172270
181459
179191
174377
179185
174375
172266
165419
160317
158048
167224
158360
167232
165411
418308
411738
406779
400084
418264
411817
406827
436614
448580
441182
453948
436557
448730
441040
424532
413471
430579
419175
424512
413525
430516
429776
437043
424175
444167
423994
443768
429830
418343
400153
411966
406893
411887
406872
418350
436605
453957
448921
440860
448606
441160
436682
424525
419414
413632
430483
413580
430646
424512
374542
368155
364163
358083
374500
368209
364198
391542
401847
397368
408139
391483
401886
397352
380471
370314
386540
375940
380446
370344
386521
385165
389264
378615
395942
378574
395907
385206
374585
358121
368277
364246
368251
364232
374606
391618
408349
401883
397553
401909
397628
391686
380535
376180
370508
386725
370422
386735
380567
334352
329111
324969
319968
334322
329141
324996
349473
359169
354433
364370
349439
359203
354376
339212
329984
344154
334515
339189
330014
344080
344079
348215
338596
353948
338587
353930
344092
334374
319989
329164
325017
329164
325019
334366
349514
364602
359248
354417
359242
354564
349554
339224
334716
330089
344159
330057
344290
339200
297760
293390
288973
284847
297719
293409
289009
311295
320122
315393
324588
311243
320153
315393
301873
293216
305955
297157
301823
293278
305934
306711
310963
302111
315735
302130
315739
306709
297777
284850
293389
289029
293412
289031
297770
311354
324848
320222
315609
320208
315648
311406
301913
297390
293368
306159
293329
306188
301944
263426
259807
255174
251770
263387
259835
255209
275604
283900
279045
287582
275541
283952
279073
266767
258638
270131
261819
266721
258691
270101
271852
276371
268069
280319
268072
280316
271867
263456
251789
259845
255249
259851
255240
263462
275671
287759
284012
279230
283991
279269
275728
266806
261998
258806
270201
258749
270250
266833
231132
228170
223357
220580
231105
228194
223376
242140
249976
244908
252987
242098
250009
244912
233884
226240
236638
228886
233852
226274
236613
239045
243796
235965
247049
235964
247044
239055
231148
220599
228211
223404
228212
223393
231160
242186
253102
250071
245096
250041
245079
242214
233909
229067
226333
236684
226307
236740
233948
200646
198207
193241
190949
200632
198215
193244
210677
218087
213031
220594
210657
218104
213035
202888
195613
205217
197751
202874
195630
205180
208121
213029
205615
215700
205602
215676
208136
200660
190955
198234
193267
198221
193254
200684
210698
220693
218147
213221
218114
213178
210716
202903
197883
195672
205219
195652
205275
202947
171304
169539
164241
162263
171310
169540
164068
180750
187868
182543
189978
180746
187874
182522
173417
166263
175006
167676
173406
166130
174970
178578
183710
176614
185903
176612
185883
178580
171297
162406
169534
163980
169537
164232
171294
180765
190041
187918
182679
187882
182630
180766
173415
167995
166060
174995
166289
175027
173442
)
;

boundaryField
{
    inlet
    {
        type            zeroGradient;
    }
    outlet
    {
        type            fixedValue;
        value           uniform 0;
    }
    seabed
    {
        type            zeroGradient;
    }
    top
    {
        type            zeroGradient;
    }
    side1
    {
        type            zeroGradient;
    }
    side2
    {
        type            zeroGradient;
    }
    submarine
    {
        type            zeroGradient;
    }
}


// ************************************************************************* //
