/*--------------------------------*- C++ -*----------------------------------*\
  =========                 |
  \\      /  F ield         | OpenFOAM: The Open Source CFD Toolbox
   \\    /   O peration     | Website:  https://openfoam.org
    \\  /    A nd           | Version:  10
     \\/     M anipulation  |
\*---------------------------------------------------------------------------*/
FoamFile
{
    format      ascii;
    class       volScalarField;
    location    "7.3";
    object      p;
}
// * * * * * * * * * * * * * * * * * * * * * * * * * * * * * * * * * * * * * //

dimensions      [0 2 -2 0 0 0 0];

internalField   nonuniform List<scalar> 
12920
(
679953
572885
526647
529192
449587
435809
380434
360965
321552
297279
263910
238006
208440
182097
154628
128255
101390
75559.8
48626.4
20881.6
952075
651551
536869
522597
452827
435936
383304
362407
322153
297078
263718
237574
208101
181845
154388
127885
101162
75399.4
48705.7
20877.8
621745
639701
521173
511121
442965
429460
380664
359545
321273
295770
263297
236852
207682
181336
154179
127816
101166
75442.8
48740.4
21000.2
679593
703036
561228
524528
456802
433818
384988
360123
322278
295506
263133
236131
207206
180821
153871
127564
100954
75352.9
48866
21214.7
531371
670819
537551
530215
454309
436710
382921
357108
321109
294366
262766
235504
206541
180100
153425
127211
100804
75410.7
48913
21237.7
839999
686392
563253
535428
460550
437138
388154
358097
322765
293533
262936
235098
207404
181280
154063
127601
101023
75431.1
49004.8
21436.8
660069
599458
498032
499213
443921
429682
387138
358197
322734
293653
262209
234328
205799
179236
152489
126171
100315
75271.6
48930.3
21575.7
397261
528482
477016
489218
443274
425453
396625
361811
330195
300022
270034
241030
212670
185564
151173
125384
99609.9
74675.8
48754
21726.8
27354
387740
439606
480913
436931
426750
397683
366376
333647
302967
273183
244099
215745
188351
157071
123966
98808.7
74198
48605
21906.2
597228
602096
544663
523729
446170
429293
396866
364404
331201
300776
271337
242994
214753
186631
155740
123220
98062.6
73774.4
48458.3
21977.6
807383
706301
529162
524298
444555
429565
391736
358053
327705
296748
267399
239680
212680
184865
154023
121831
97257.3
73284.8
48365.3
22180.8
882237
735261
533138
514319
430622
418388
385575
351239
320924
291270
262733
235269
208860
182651
152044
120440
96445
72942.9
48224
22415.2
558421
657710
483202
479236
406640
394879
364882
336970
308059
280878
254276
228430
202401
176571
144958
120329
96030.3
72626.1
48107.9
22607.6
619449
590605
424280
433293
376546
370287
335050
317361
287912
267515
241634
219602
194125
170844
145503
121067
96101.6
72664.7
48143.7
22855.9
540587
622227
403095
420823
356250
354336
320383
306684
281385
261134
237310
215923
191861
169146
144894
120918
96169
72765.6
48347
23068.8
240485
414161
337892
375843
325389
331456
302892
295466
271344
255945
232755
213593
190384
168697
144728
121378
96552.5
73188.8
48677.2
23400.3
246322
360545
308852
356088
306098
315605
290552
285954
263496
250752
229419
211083
188880
167694
144351
121217
96764.3
73554.9
49028.7
23705.6
120395
245209
253380
313791
284722
300492
279631
277900
257341
246586
225743
208906
186987
166618
143558
120941
96969.2
74047
49555.8
24004
-18024.9
210819
256688
298168
276078
291595
272695
272618
252769
243127
222678
206550
185029
165074
142424
120169
96657.8
74014.9
49783.6
24285.8
659541
389845
300424
307075
275638
289815
270721
270172
251484
241463
221532
205414
184153
164348
141914
119796
96523.5
74076.5
49907.6
24603.2
617879
564757
530395
527626
448252
435430
380698
361313
321463
297250
263828
237958
208386
182058
154583
128207
101324
75442.5
48601.2
20891.1
735735
603052
529476
519836
452902
435446
382964
362197
322002
296954
263607
237469
208042
181780
154342
127878
101140
75349.1
48702.4
20872.4
436654
621838
519944
511461
444021
430667
380328
359315
321128
295653
263182
236739
207605
181316
154132
127787
101174
75400.5
48686
20894
739376
707873
559003
525027
456032
432888
385026
360145
322196
295409
263023
235962
207111
180783
153835
127524
100941
75347.9
48782.4
21053.6
617048
676475
531612
530334
453292
435719
383706
358155
321251
294427
262639
235349
206374
180277
153338
127149
100745
75350.5
48763.4
21090.5
729099
679642
560419
535544
460545
437110
388488
357934
322690
293470
262800
235135
207918
181297
154210
127680
101090
75381.6
48862.9
21296.1
677129
593832
492281
498841
443696
430801
386263
357658
322497
293362
262130
234494
205725
179325
152520
126173
100269
75147
48825.7
21473.4
581885
546463
480285
491569
443917
426099
395985
361705
329974
299934
270029
241132
212666
185566
151265
125351
99564.7
74607.7
48665.6
21628.5
212943
411810
445313
482025
437988
427464
397638
366646
333557
302997
273328
244245
215804
188195
156948
123980
98772
74132.9
48511.1
21787.3
647368
601005
540341
524104
445508
429342
396613
364384
331379
300791
271357
242931
214704
186552
155637
123235
98032.4
73727.3
48369.7
21832.6
702924
707226
529651
525499
442323
428399
391709
357862
327807
296648
267373
239674
212606
184853
154034
121922
97269
73256.2
48292.1
22064.3
955205
756530
528687
514057
428580
417730
385098
351470
320934
291271
262888
235482
208965
182696
151939
120589
96457.7
72910
48141.1
22296.6
528241
643949
477980
479713
405637
395508
364796
336576
307887
280773
254097
228085
202329
176705
144900
120167
96003.3
72573.9
48003.7
22482.7
457082
581153
417860
431886
375538
370223
334804
316997
287849
267444
241477
219680
194077
170770
145360
120970
96033.1
72578.9
48007.1
22721.9
406201
629468
393256
420374
355374
354038
320101
306237
281057
261032
237377
215911
191828
169152
144925
120947
96092.4
72655.8
48189.8
22903.2
160691
385327
329092
377516
323905
331386
302636
295490
271231
255852
232715
213556
190358
168674
144725
121320
96517.3
73104.8
48491
23184.6
332977
336860
310854
355035
305999
315410
290386
285771
263445
250656
229261
210959
188710
167497
144225
121171
96771.3
73510.8
48861.1
23494.3
250511
252959
258977
314625
284204
300290
279589
277839
257312
246610
225742
208949
187034
166643
143594
120989
97019.9
74056.5
49494.4
23904.2
762.821
223584
259142
297190
276225
291533
272663
272655
252752
243158
222692
206569
185037
165090
142449
120199
96668.7
73998.9
49736.6
24175.5
547519
388327
301072
305759
275606
289908
270553
270286
251414
241475
221524
205426
184188
164354
141935
119816
96534.1
74074
49895.6
24572.8
526061
543304
527436
524217
447903
434539
380702
361271
321320
297141
263685
237887
208310
182042
154578
128186
101346
75496.5
48670.4
20858.1
581132
569220
524123
518017
452499
435376
382848
361891
321802
296720
263395
237283
207901
181683
154307
127922
101209
75387.8
48655.5
20660.6
515896
591005
525301
513592
444444
430199
379985
358992
320932
295428
262958
236502
207409
181194
154053
127808
101200
75366.8
48556.8
20550.1
753086
694713
557855
522780
455604
432270
385197
360205
322197
295328
262936
235812
206973
180677
153738
127523
100957
75345.9
48562.9
20544.8
798123
670959
535409
528249
452464
435137
384268
358898
321447
294505
262589
235421
206593
180566
153259
127070
100776
75277.3
48515.3
20685.2
796092
680872
562630
535590
460267
436937
388533
357906
322693
293384
262601
235934
208352
181388
154380
127788
101069
75305.8
48588.5
20913.6
458156
566082
484737
498388
443546
431889
386118
357663
322177
293438
262078
234586
205923
179449
152662
126273
100235
74999.4
48592.3
21174.3
599633
538355
483346
493839
445465
426555
394962
361653
329563
299795
269993
241163
212654
185618
151230
125319
99472.2
74497.8
48454.4
21294.9
294766
428871
451431
484027
437759
427890
397714
366756
333322
303027
273528
244431
215653
188129
156817
123862
98694.6
74004.3
48296.4
21348.1
601458
604603
538437
524291
445687
429108
396517
363915
331500
300829
271356
242823
214572
186485
155551
123167
97995.5
73645.2
48191
21499.4
698597
693100
527077
526459
440559
427123
391398
357382
327513
295880
267256
239737
212537
184859
154073
121972
97255.8
73199.6
48126.8
21753.5
875336
713321
521073
515200
427385
417195
385886
351576
320924
291482
263326
235880
209206
182766
151965
120658
96460.3
72844.3
47943
21954.3
518715
637792
476833
478834
404943
395210
364851
335965
307342
280349
253764
227934
202324
176648
144843
120151
95972.4
72484.1
47765.3
22100.8
541864
578773
414197
430893
374395
370387
334486
316675
287742
267381
241301
219598
194051
170697
145177
120867
95954.6
72442.2
47705.9
22155.5
433905
590573
390788
420839
354596
354058
319829
306048
280553
260836
237106
215725
191663
169075
144946
120979
96010.8
72499.8
47816.7
22301
276127
388935
332900
378649
323067
331265
302405
295139
271005
255710
232802
213542
190335
168635
144708
121289
96532.2
72984
48087.6
22573.4
197835
322343
312147
353762
306689
315194
290315
285471
263369
250608
228998
210920
188605
167445
144175
121172
96816.3
73475.2
48527.5
22896.7
188820
245189
260773
314414
284200
300202
279435
277676
257332
246483
225699
208809
186976
166577
143571
120981
97030.4
74041.4
49357
23597
234156
251971
264931
296977
276903
291428
272823
272662
252878
243221
222781
206662
185113
165166
142510
120253
96680.4
73980.3
49648.8
23957.6
377695
392844
297292
304623
276313
289964
270332
270319
251368
241552
221563
205484
184252
164409
141978
119865
96558.3
74061
49858
24487.4
519550
544259
526417
523520
447848
433698
380179
360992
321101
296876
263494
237744
208205
181961
154527
128163
101349
75458.5
48613.3
20775.7
496324
533263
517349
515787
451772
433842
382538
361586
321606
296354
263158
237021
207727
181577
154241
127936
101245
75364.4
48551.3
20330
470781
559159
530543
515521
444502
429536
379843
358744
320757
295130
262682
236202
207189
181035
153989
127824
101243
75351.2
48308.2
19766.9
532936
674432
552387
522427
455611
432574
385236
360058
322146
295099
262759
235701
206796
180517
153666
127526
100992
75317.9
48172.4
19530.7
674285
659513
532542
527067
451802
434846
384442
359196
321528
294503
262483
235899
206918
180870
153317
127065
100786
75248.2
48192
19724.8
623209
632858
553478
532349
459756
436521
388544
357983
322668
293379
262496
236224
208542
181438
154418
127843
101080
75247.6
48283.4
19984.4
370233
530947
477432
496735
443607
432186
386185
358276
321957
293863
262405
234693
206044
179548
152685
126236
100109
74843.7
48291.6
20263
634288
549880
485217
495094
445577
426590
393411
361706
329126
299651
269917
241193
212743
185653
151240
125252
99349.1
74345.1
48138.5
20380.1
321949
440462
461106
485165
438278
427878
398124
366563
332998
302986
273489
244389
215350
188061
156712
123783
98601
73821.6
47966.3
20470.6
531109
592575
532373
523966
445436
428420
396209
363477
331515
300854
271367
242723
214430
186436
155545
123122
97936.9
73537.9
47922.9
20798.9
644893
698522
526570
527273
439793
425981
390635
357511
327442
297010
267683
239790
212492
184898
154129
122013
97257
73131.5
47825.1
21005.1
850697
726447
516833
512923
426354
416506
385358
351669
321151
291847
263707
236344
209517
182835
152098
120689
96449.1
72755
47622.1
21110.3
436286
631426
476949
477760
404301
394868
364806
334956
306869
279804
253657
227892
202338
176549
144891
120204
95939.3
72361
47389.8
21019.8
449988
558326
408744
428496
373134
370346
334170
316419
287575
267253
241068
219417
193964
170599
145064
120861
95890.9
72284.3
47253
21033.5
281168
573433
384955
421454
353989
354153
319567
305821
280012
260652
236581
215488
191378
168986
144911
120965
96036.7
72372.5
47272.5
21132.9
161086
347865
329061
377341
321758
330898
302025
294709
270732
255586
232786
213519
190272
168622
144689
121284
96575.1
72942.4
47541.7
21394.5
167905
301359
309309
350736
307216
314450
289836
285082
263196
250332
228979
210831
188609
167439
144176
121182
96855.7
73413.7
48120.8
21731.4
240079
253781
266711
314285
284204
300016
279075
277494
257376
246379
225471
208711
186920
166560
143565
120996
97030.9
73998.2
49091.3
22745.8
253355
262920
268996
296981
277482
291419
273071
272773
253086
243310
222822
206718
185170
165232
142565
120310
96702.3
73969.1
49547.1
23584.1
518370
408906
303098
306236
277247
290032
270398
270481
251365
241621
221574
205526
184265
164427
141978
119865
96547.9
74030.2
49824.6
24373.7
417037
529694
523658
522158
447801
433699
379439
360265
320981
296577
263391
237639
208130
181935
154500
128145
101354
75481
48632.1
20626.8
393611
515274
512469
513929
451257
431709
382459
361097
321543
295892
263016
236748
207631
181491
154225
127965
101280
75398.7
48510.5
19679.2
323633
528796
532587
517888
444134
428811
379898
358787
320706
295108
262474
236043
207010
180856
153942
127846
101282
75390.6
48158.8
18908.7
470312
651361
549546
524033
455357
433000
385359
359857
322175
295049
262677
235990
206778
180531
153607
127531
101037
75283.6
47980.1
18537.7
656584
654402
529914
528647
451844
434533
384558
358859
321558
294348
262413
236125
207229
181102
153454
127129
100803
75219.2
47998.8
18706.9
550846
617382
559336
531788
459779
436390
388676
358777
322784
293790
262805
236134
208662
181484
154431
127855
101085
75254.3
48108
19082
385316
513926
472739
496530
444425
432014
386201
358806
321768
294045
262619
234745
206083
179642
152717
126232
100050
74762.3
48104.5
19415
556410
544429
488519
495330
445535
426709
393263
361413
328804
299278
269858
241143
212498
185611
151038
125216
99253.4
74251.3
47914.1
19532
274811
446263
466002
485492
438658
427328
398847
366259
332928
302835
273193
244196
215295
188003
156682
123632
98528.5
73703
47765.7
19639.2
519429
594097
531491
525170
446233
428191
395847
363310
331566
300867
271363
242720
214418
186520
155546
122971
97880.4
73468.3
47731.2
20017.5
777228
696089
530238
529026
440433
425173
390091
357746
327568
297340
268138
240088
212592
184939
154139
121938
97264.6
73122.6
47671.7
20143.8
732782
704086
515813
513344
427111
415231
384285
351433
321080
291924
263975
236571
209692
182928
152190
120502
96421.3
72718.3
47433.3
20158.5
533143
637591
479361
477483
404998
394577
364524
334415
306811
279398
253682
227857
202429
176469
144755
120396
95900.4
72258.1
47133.7
20011.2
323715
549066
411027
426900
373071
370202
334212
316126
287628
267208
241082
219286
193919
170515
145092
120876
95850.8
72160.6
46952.5
19970.2
469213
604129
389782
423677
354243
354398
319650
305898
279895
260478
236247
215357
191178
168915
144842
120947
96146.9
72392.9
46983.2
19994.8
110978
346727
324822
377109
322651
330345
301768
294203
270662
255490
232842
213509
190257
168618
144667
121276
96608
72915.5
47253.6
20247.5
139480
303950
309971
349953
307391
314079
289373
284467
262928
250073
228935
210725
188593
167433
144151
121159
96842.8
73354.1
47888.3
20554.2
207724
246195
267621
315079
284574
299750
278398
277100
257251
246224
225343
208618
186939
166567
143592
121022
97045
73973.3
48918.3
21717.9
215616
265250
271983
299493
278447
291245
273419
272769
253232
243347
222861
206766
185222
165282
142604
120349
96716
73970.1
49515.3
23265.6
691686
415399
300431
306878
278060
289987
270523
270571
251372
241698
221594
205579
184285
164460
141987
119878
96540.5
74015.2
49812
24259.4
278621
296612
275524
300852
278653
296680
275711
249911
268436
248585
271357
249844
268646
248471
274250
292904
271300
296027
274691
293332
271830
247416
264178
243522
267717
247346
264729
243940
375206
396715
372832
397672
375492
397000
372798
341952
365202
340586
366563
342319
364875
340583
310857
332384
309158
333594
310804
332408
309183
280823
301584
279335
302969
280912
301596
279369
251422
272035
250574
273260
251572
272053
250574
223030
243431
222221
244180
223185
243429
222219
195521
215060
194060
215796
195486
215019
193951
167643
187024
166457
188186
167484
186956
166341
372524
393732
367891
396926
372257
393773
367715
339259
359960
336478
364472
339442
359799
336482
308290
328709
305411
331330
308320
328699
305392
278572
297813
275695
300787
278589
297780
275689
250016
268522
247520
271352
249996
268521
247522
221910
240644
220229
242948
221876
240621
220170
193598
213433
192251
214728
193512
213343
192236
166059
185220
164842
186574
165952
185225
164798
365869
386203
361407
391804
365757
386092
360877
334878
353848
330743
357934
334986
353562
330740
304431
323029
300194
327850
304361
323020
300159
274580
292727
270925
296685
274543
292700
270924
246498
263793
242912
267390
246516
263778
243115
219410
236255
216487
239680
219380
236404
216543
191992
209874
190063
212628
191965
209914
190081
164335
183413
163331
184855
164307
183421
163240
359319
375166
353456
385265
359462
375525
353374
328477
346173
322480
351428
328531
345855
322456
298603
315120
293691
320941
298588
314961
293570
269791
286904
266391
291259
269867
286774
266352
242209
259630
239470
262836
242250
259454
239407
215474
232593
212996
235415
215559
232582
212993
189255
206252
187125
208928
189295
206214
187136
162723
180511
161491
182680
162755
180436
161417
375607
397063
372805
397792
375860
397372
372762
342357
364838
340567
366775
342380
364696
340498
310812
332416
309194
333395
310762
332408
309217
281022
301603
279390
303008
281321
301618
279452
251687
272067
250579
273475
252003
272105
250586
223218
243429
222207
244389
223170
243410
222122
195485
215001
193902
215715
195465
214912
193783
167527
186927
166351
188142
167393
186851
166209
372067
393593
367631
396710
371696
393890
367401
339467
359719
336440
364039
339500
359476
336345
308327
328689
305383
331485
308365
328610
305386
278598
297754
275671
300817
278617
297674
275613
249988
268507
247514
271361
249939
268460
247317
221852
240599
220144
242857
221736
240486
220076
193488
213311
192230
214610
193440
213218
192236
165962
185229
164834
186499
165794
185282
164792
365692
386018
360844
391778
365384
386614
360956
335032
353533
330716
357499
335104
353479
330609
304322
323000
300154
327584
304248
322919
300199
274513
292706
270934
296651
274409
292808
271156
246513
263803
243185
267332
246372
264038
243415
219365
236464
216571
239682
219340
236676
216694
191934
209935
190088
212551
191822
210029
190103
164328
183418
163204
184856
164291
183381
163053
359462
375312
353347
386050
359486
375698
353023
328538
345645
322426
351547
328527
344995
322219
298585
314822
293499
320910
298664
314504
293444
269928
286672
266279
291387
270203
286477
266115
242305
259283
239390
263188
242578
259046
239483
215603
232578
213010
235759
215786
232620
213103
189317
206250
187152
209128
189413
206389
187280
162789
180434
161455
182749
162719
180596
161442
375903
397340
372738
398144
375897
397452
372687
342324
364645
340446
366647
342099
364510
340304
310781
332390
309219
333067
310773
332310
309213
281454
301621
279468
302992
281556
301629
279508
252129
272112
250583
273528
252282
272121
250549
223135
243394
222081
244415
222998
243321
221963
195458
214866
193758
215400
195377
214748
193755
167448
186835
166241
188073
167335
186795
166105
371623
393539
367311
396419
371438
393353
367029
339497
359392
336323
363564
339472
359236
336307
308378
328586
305408
331512
308392
328578
305457
292305
293394
299783
300837
292344
293409
299757
263308
264170
270426
271355
263326
264160
270395
221687
240450
220053
242734
221556
240437
219970
193432
213184
192236
214458
193413
213076
192239
165848
185296
164856
186434
165713
185327
164791
365207
386650
360955
390949
364912
386802
360988
335078
353415
330573
357446
335002
353289
330538
304255
322903
300257
327411
304332
322986
300624
288480
288242
295651
295067
288231
286909
295804
259212
260453
266192
267552
259154
260900
266281
219340
236774
216751
239797
219340
237143
216970
191799
210076
190105
212496
191794
210252
190129
164351
183365
163097
184885
164315
183374
163094
359506
375339
352831
385699
359528
375464
352339
328534
344806
322100
351683
328651
344404
321749
298741
314405
293413
321109
299038
314132
293309
270340
286370
266045
291779
270624
286202
266044
242697
258986
239519
263632
243083
258953
239555
215870
232628
213115
236245
216144
232665
213188
189448
206413
187333
209447
189531
206474
187509
162774
180631
161552
182812
162767
180696
161688
375793
397317
372684
398923
375585
397182
372707
342019
364477
340274
366316
341863
364409
340227
310804
332285
309207
332892
310877
332259
309196
281476
301629
279513
302842
281195
301598
279448
252269
272118
250529
273261
252193
272042
250462
222962
243292
221930
244256
222910
243211
221846
195361
214725
193763
215292
195326
214704
193801
167427
186780
166197
188037
167431
186817
166093
371386
393064
366974
396050
371291
392667
366963
339464
359234
336322
363334
339456
359334
336386
308392
328620
305505
331556
308423
328746
305769
278667
297902
275750
300865
278678
298118
276010
249842
268619
247427
271371
249856
268838
247690
221529
240474
219959
242718
221491
240677
220000
193417
213058
192245
214409
193455
213083
192270
165849
185336
164883
186502
165749
185369
164773
364924
386518
361011
390306
365117
386090
361082
335020
353302
330551
357678
335099
353394
330627
304428
323029
300722
327553
304802
323153
300938
274762
293419
271926
297241
275174
293647
272159
246570
264854
244091
268000
246927
265117
244379
219346
237268
217043
239994
219442
237532
217218
191799
210321
190147
212567
191817
210449
190215
164421
183394
163219
184932
164351
183479
163173
359501
375501
352217
384659
359314
376513
351983
328671
344255
321615
351548
328666
343890
321212
299082
314075
293277
321140
299085
314017
293367
270690
286146
266051
291935
270893
286127
265981
243166
258950
239534
263932
243345
259119
239616
216225
232669
213220
236523
216379
232670
213350
189555
206487
187522
209658
189632
206542
187506
162861
180703
161877
182912
162812
180707
161802
375534
396942
372688
399288
375580
396961
372614
341859
364389
340219
366152
342011
364386
340223
310996
332257
309200
333143
311174
332270
309201
281124
301577
279399
302734
281159
301548
279306
252170
272000
250442
273034
252199
271938
250407
222917
243189
221841
244003
223027
243162
221858
195328
214710
193817
215209
195414
214725
193852
167698
186833
166242
187818
167953
186856
166009
371267
392322
366990
396015
371239
392259
367081
339455
359374
336392
363306
339451
359435
336404
308443
328761
305856
331589
308477
328768
305929
278669
298250
276122
300878
278647
298380
276325
249863
268937
247769
271354
249872
269112
247888
221489
240761
220035
242721
221506
240875
220090
193472
213103
192281
214435
193495
213141
192291
165931
185380
164911
186545
165758
185398
164706
365197
385799
361044
390300
365374
385871
360962
335119
353368
330645
357868
335173
353296
330612
304872
323153
300938
327606
304929
323130
300952
275328
293690
272234
297433
275461
293688
272315
247035
265188
244433
268281
247144
265277
244507
219485
237579
217263
240188
219535
237648
217339
191822
210487
190242
212614
191840
210542
190268
164506
183500
163309
184952
164319
183502
163089
359176
376373
351915
384213
359039
376537
351774
328618
343783
321080
351319
328567
343464
321138
299088
313979
293384
321085
299170
313922
293381
270933
286075
265925
291983
270946
285812
266001
243404
259142
239648
263979
243465
258994
239757
216421
232645
213375
236646
216487
232527
213447
189653
206537
187529
209743
189681
206472
187708
162964
180692
161956
182940
162755
180570
161722
284848
285943
277643
278632
284900
285958
277611
291823
299041
289817
296158
291684
299035
290167
284195
276770
282507
275697
284106
276840
282337
292314
300845
293432
299789
293425
299754
292363
284842
278642
285989
277644
285977
277600
284909
291864
296061
299069
289831
299029
290268
291709
284192
275526
276794
282671
276825
282152
284134
256221
257001
249244
249881
256235
256979
249242
262396
269543
261610
268631
262391
269573
262056
255063
248146
254911
249034
255163
248063
255043
263284
271353
264150
270406
264151
270376
263294
256190
249857
256955
249187
256959
249213
256181
262362
268521
269560
261809
269542
261936
262399
255006
249082
248071
255111
247991
255011
255152
280761
281156
273328
274426
280601
281098
273429
286865
294102
285677
293031
286764
294157
285843
279657
272317
278449
271485
279485
272504
278641
288693
295100
288401
295964
286918
295934
288669
280946
274237
281543
273751
280807
273581
281037
287036
293190
294488
286152
294286
286036
287259
279842
271681
272866
278960
272695
278840
280032
252041
253807
245336
248363
252048
255324
245300
258445
265224
257199
264355
258279
265401
257345
251640
244704
250280
243655
251436
244897
250414
259322
267352
260892
266578
260759
266412
259499
252103
248655
254248
245527
255043
245388
252316
258602
264549
265734
257696
265579
257514
258740
251784
243800
245098
250736
245054
250564
251863
379599
395723
383084
396672
379496
396028
383093
347106
364652
349026
361771
347032
364504
348787
315360
329969
315455
330115
315290
329858
315422
285316
299475
285697
299959
285331
299430
285785
255392
269462
255671
269997
255444
269440
255735
226840
240077
226843
241021
226838
240050
226986
199200
211430
199004
212618
199211
211459
199178
172731
184338
171667
185448
172339
184343
171573
408688
426277
409085
427260
408872
426289
409117
390869
390983
398613
397553
390996
398623
390847
357726
357989
365584
366404
358039
365645
357603
326367
326395
333525
333642
326408
333513
326349
295528
295485
302597
302958
295474
302591
295517
266011
265771
272849
273186
265786
272851
265987
237319
236929
243860
244107
236960
243868
237283
209010
208953
215312
215765
208994
215291
209031
181306
181542
187634
188279
181541
187633
181364
143952
156045
143919
156995
143878
155999
143864
406537
429042
407657
429549
406908
429179
407391
387004
387980
395016
396674
387809
395105
386956
356052
356240
364019
364490
356367
363948
356083
322545
323504
330374
331235
323521
330398
322524
292434
293344
299849
300781
293347
299850
292433
263350
264175
270473
271341
264177
270477
263348
235384
236001
242315
242980
235982
242306
235401
207224
207642
214404
214756
207631
214395
207226
179297
179732
186178
186614
179719
186167
179307
142963
155079
142293
155719
142916
155061
142253
403179
423803
400055
429418
403266
424137
400294
381147
382324
390762
391666
382317
390670
381125
348124
350306
355869
358029
350272
355866
348113
318815
320191
326820
327752
320140
326778
318839
288001
289229
295507
296740
289228
295503
288011
259154
260337
266197
267404
260345
266201
259144
231871
232899
238579
239682
232900
238588
231864
205071
205894
211781
212669
205880
211779
205077
177639
177875
184657
184867
177886
184636
177648
141387
153277
140724
154026
141358
153212
140701
397453
415166
391559
418204
397447
414902
391838
374560
376018
383605
385448
376069
383471
374409
341331
343543
349145
351306
343587
349212
341300
311497
313432
318795
320932
313435
318804
311492
282627
284026
289695
291260
284022
289679
282641
255032
255872
261643
262750
255894
261654
255004
227777
228621
234472
235309
228668
234462
227766
201361
202347
207741
208874
202359
207756
201344
175342
176088
181775
182659
176092
181778
175339
140512
151698
139270
152002
140543
151695
139280
353468
360822
346621
365115
353557
360846
346652
324142
332596
317450
336853
324031
332702
317373
294584
303999
290109
307985
294535
304032
290204
268253
278123
264634
280816
268270
278169
264653
242126
252244
239385
254227
242174
252197
239279
216460
227436
214403
228283
216418
227354
214377
190777
201561
189364
202345
190846
201668
189356
164973
176878
163806
176629
165012
176850
163746
379073
395696
382843
396109
378974
396081
382689
346892
364169
348504
361658
346762
363813
348182
315182
329653
315335
329764
315025
329401
315250
285525
299339
285941
299817
285517
299243
286127
255695
269433
255874
269988
255886
269427
256052
226904
240038
227108
241144
226836
240021
227086
199310
211458
199242
212561
199313
211400
199136
172406
184340
171747
185593
172116
184348
171587
409087
426624
409248
428021
409285
427207
409372
391055
391125
398709
397697
391018
391169
398768
358180
358517
365868
366724
358093
358675
365923
326352
326333
333394
333513
326368
326287
333339
295706
295558
302601
302993
295651
295583
302610
266271
266024
272947
273370
266196
266101
272991
237524
237211
243955
244294
237482
237282
243985
208910
208958
215176
215782
208946
208929
215123
181081
181353
187492
188175
181133
181255
187456
143945
155922
143942
156868
143758
155837
143806
406934
428882
407129
429841
406956
429221
406847
387008
387656
395321
396789
387025
387665
395607
355490
356299
363425
364278
355704
356171
363268
322691
323608
330509
331423
322656
323638
330540
292419
293354
299849
300798
292429
293358
299839
263351
264187
270477
271361
263352
264189
270473
235276
235921
242250
242911
235307
235897
242227
207188
207562
214337
214676
207210
207534
214304
179249
179651
186142
186531
179263
179625
186134
142981
155027
142330
155571
142795
155003
142200
402672
423892
400113
428271
402091
424162
400190
380718
382237
390237
391838
380940
382239
390061
348108
350073
355791
357772
348071
349947
355692
318607
319944
326567
327741
318663
319881
326496
287945
289156
295461
296605
287946
289102
295453
259136
260340
266163
267356
259144
260340
266149
231913
232894
238619
239674
231899
232896
238631
205021
205807
211755
212585
205034
205780
211748
177535
177899
184510
184856
177551
177901
184457
141432
153194
140827
154044
141332
153249
140809
397414
414003
391384
418395
397530
415491
391272
374788
375777
383670
385602
374827
375948
383988
341495
343749
349329
351507
341465
343765
349356
311455
313428
318765
320924
311468
313423
318736
282696
284087
289643
291285
282656
284126
289649
255174
256002
261740
262959
255125
256071
261793
227976
228841
234555
235560
227908
228908
234610
201530
202438
207865
209009
201470
202477
207926
175400
176121
181813
182715
175374
176131
181840
140673
151780
139470
151933
140585
151842
139424
353406
360325
346586
365129
353244
360365
346563
323822
333063
317336
336314
323573
332972
317178
294609
303878
290232
307697
294576
303839
290359
268335
278245
264674
280637
268362
278318
264712
242137
252078
239310
253846
242036
252050
239282
216439
227204
214283
227991
216456
226996
214171
190904
201704
189264
202323
190889
201663
189133
165190
176773
163771
176710
165189
176660
163620
378581
395402
382107
394704
378670
395751
381600
346604
363382
347843
361612
346318
362969
347549
314944
329113
315152
329322
314852
328844
315077
285349
299115
286206
299643
285147
298963
286039
256191
269376
256236
269925
256336
269265
256380
226782
240016
226948
241181
226783
240002
226764
199361
211339
198953
212731
199424
211239
198859
172323
184310
171830
185635
172054
184266
171653
409283
426872
409231
428334
409462
427058
409171
391146
391280
398676
397862
391109
391354
398731
358285
358773
366002
366748
358288
358739
366005
326213
326127
333136
333237
326258
326066
333057
295896
295743
302619
303014
295855
295775
302609
266551
266407
273103
273544
266492
266479
273117
237475
237349
244001
244438
237530
237319
243969
208778
208900
214986
215568
208808
208875
214946
180965
181089
187367
188105
180980
181061
187341
143893
155768
143980
156762
143624
155686
143772
406668
428699
406234
429384
406454
428740
405963
386677
387466
395459
396571
386754
387405
395577
354665
355782
362856
363792
354811
355675
362731
322794
323703
330603
331507
322775
323714
330615
242143
242787
242106
235113
235796
235159
235754
207052
207452
214182
214534
207088
207426
214140
179211
179564
186089
186468
179221
179547
186073
142999
154996
142355
155553
142735
154995
142160
401146
423113
400014
427009
400526
422702
399827
379807
381733
389195
391343
379937
381512
389116
348351
349869
355789
357357
348304
349895
355861
318438
319725
326266
327455
318467
319689
326193
238729
239903
238808
232051
232947
231996
233001
204980
205692
211750
212522
204987
205666
211758
177550
177921
184388
184866
177539
177931
184395
141521
153335
141047
154098
141366
153426
140939
396855
415081
390760
417561
396295
415723
390523
374267
376095
383583
385977
374378
376034
383613
341712
343786
349577
351624
341631
343812
349639
311584
313471
318722
320962
311518
313536
318777
284385
291595
284515
282921
289772
282876
289852
256401
263450
256542
255414
261988
255354
262053
236004
228350
229188
234839
228256
229307
234942
201871
202652
208180
209290
201782
202723
208274
175535
176130
181962
182775
175509
176132
182010
140744
151903
139617
152035
140629
151996
139356
352957
359456
346395
365261
352750
359314
346352
323256
332739
317007
335487
322812
332320
316790
294546
303709
290380
307091
294538
303713
290448
268336
278353
264681
280026
268215
278339
264664
242021
252010
239197
253716
242054
252084
239230
216478
226869
214073
227904
216504
226781
214001
190863
201619
189021
202318
190831
201621
188926
165320
176557
163693
176590
165141
176430
163440
378673
395158
381079
393430
378849
395388
380965
346001
362576
347250
361517
345538
362274
346956
314902
328613
315052
328880
314928
328518
315126
285072
298826
285852
299435
284909
298762
285620
256425
269133
256473
269860
256498
269038
256468
226878
239973
226620
241159
226978
239912
226557
199599
211169
198863
212693
199803
211143
198919
172343
184200
171898
185657
172132
184123
171683
409329
426265
408897
428198
409379
426135
408749
391366
391806
398575
398439
391283
392045
398632
358182
358511
365944
366485
358211
358436
365903
326038
325947
332808
332938
326081
325929
332733
295930
295901
302503
302937
295956
295868
302434
266559
266620
273008
273418
266598
266574
272910
237218
237214
243791
244345
237276
237170
243717
208716
208810
214842
215316
208720
208800
214818
181014
181091
187284
188057
180987
181143
187255
143900
155632
144077
156692
143845
155643
143892
406013
428049
405505
428748
405731
428128
405275
386294
387138
395272
396213
386375
387059
395285
354358
355444
362427
363415
354409
355395
362345
322877
323725
330664
331522
322847
323733
330703
293437
299831
292419
292458
300857
293438
299874
264159
270438
263305
263324
271374
264166
270469
242047
235049
235660
242719
235052
235645
242071
207005
207386
214054
214413
207005
207386
214037
179232
179535
186105
186458
179230
179533
186127
143059
154995
142397
155536
142747
154997
142140
399770
421372
399167
425872
399322
421172
398517
379449
380861
388540
390565
379520
380734
388476
348596
350012
356090
357571
348528
350060
356160
318621
319749
326147
327484
318551
319841
326180
289372
295969
288648
288736
296937
289409
296067
260647
266710
259642
259786
267787
260768
266853
238970
232258
233005
239857
232198
233042
239046
205026
205623
211810
212500
205003
205626
211850
177649
178008
184438
184910
177618
178035
184457
141661
153514
141261
154146
141441
153591
141026
395566
414490
390080
416586
395185
414299
389975
373847
375567
382999
385207
373964
375430
382902
341639
343877
349564
351644
341683
343865
349493
311664
313750
318911
321170
311685
313770
318908
284760
283056
289967
291922
283025
284838
289963
256829
255603
262223
263779
255561
256897
262285
228634
229621
235164
236414
228584
229693
235210
202117
202892
208527
209572
202076
202927
208578
175635
176175
182125
182860
175622
176184
182155
140932
152038
139697
152153
140799
152020
139514
352491
358539
346144
364868
352375
358508
346062
322317
331920
316587
334627
321959
331692
316548
294502
303608
290382
306799
294525
303470
290362
268073
278035
264505
279573
267915
277695
264329
242099
252200
239220
253636
242140
252142
239264
216545
226648
213894
227877
216515
226459
213796
190873
201682
188872
202377
190925
201668
188860
165326
176314
163583
176514
165131
176155
163322
379224
394836
381114
393934
379529
395703
381640
345338
362039
346640
361194
345392
362008
346560
315192
328628
315377
328599
315429
328946
315723
284812
298779
285400
299155
284977
298770
285234
256615
268999
256435
269780
256784
269064
256436
227089
239841
226518
241086
227249
239800
226520
200047
211171
199032
212409
200230
211206
199085
172424
184008
171826
185555
172303
183950
171427
408985
425181
408393
428030
409232
425461
408289
391460
391931
398324
399106
391535
391893
398412
358080
358247
365760
366164
358102
358194
365718
325950
326026
332719
332961
325929
326046
332760
295585
295700
302184
302731
295638
295643
302210
266210
266458
272549
273098
266279
266429
272489
237129
237138
243510
244111
237130
237158
243492
208776
208823
214796
215271
208756
208857
214813
181180
181427
187156
187967
181145
181523
187150
144463
155676
144206
156513
144518
155598
143971
405423
427210
404889
428989
405311
427570
404670
386014
386822
394834
395943
386053
386775
394872
354247
355294
362223
363295
354263
355274
362227
323024
323799
330785
331573
323006
323811
330787
292608
293419
300025
300868
292575
293398
300073
263452
264169
270583
271352
263420
264165
270623
235099
235631
242123
242719
235084
235629
242141
207045
207405
214040
214428
207036
207416
214051
179306
179603
186183
186535
179295
179626
186196
142970
154994
142319
155492
142678
154941
142075
399010
420484
397918
425645
399068
421309
397832
379431
380574
388020
390199
379372
380609
388122
348831
350205
356338
357802
348787
350257
356384
318781
319990
326274
327579
318747
320002
326316
288981
289924
296305
297394
288954
289997
296337
260252
261048
267269
268232
260198
261138
267317
232534
233218
239337
240158
232493
233265
239393
205083
205670
211956
212606
205069
205672
211973
177710
178101
184502
184945
177712
178104
184508
141681
153627
141244
154079
141437
153583
140931
394687
412935
389695
415498
394049
412985
390044
373316
375007
382159
384293
373455
374890
382156
341233
343712
349052
351346
341289
343638
348991
311573
313652
318743
321053
311573
313650
318739
283099
284900
289970
291933
283088
284904
289986
255649
257082
262305
263982
255636
257094
262317
228782
229840
235355
236613
228760
229877
235384
202231
203009
208721
209726
202211
203037
208747
175715
176225
182187
182938
175704
176240
182210
141095
151915
139967
152170
140967
151708
139870
352315
358394
346192
364815
352489
358431
346217
321740
331341
316260
334287
321594
330989
316324
294578
303292
290372
306879
294646
303291
290363
267811
277127
263963
279341
267689
276772
263863
242205
252006
239278
253755
242256
251931
239363
216482
226228
213658
227830
216414
225992
213645
190984
201611
188911
202446
190968
201518
189018
165222
175987
163487
176464
164949
175774
163287
382909
383182
374827
375247
383264
374898
382915
389341
398421
388487
396788
398444
388663
389252
381293
373127
380682
372805
373187
380692
381135
390945
397643
391090
398751
391048
398698
390994
382888
375361
383458
375032
383370
374967
382855
389423
396884
398501
388811
398447
388767
389504
381438
372816
373431
380826
373283
380780
381532
349101
349789
342044
342053
349862
342005
349044
357111
364896
357154
365024
364957
357037
357166
349245
341660
348831
340592
341644
348809
349376
357861
366469
358344
365801
358169
365725
357986
349182
342210
350055
342010
349961
341995
349266
357106
364928
365147
356835
365051
356927
357127
349134
340593
341527
348668
341595
348750
349085
317964
318411
310700
310837
318398
310716
317966
325440
333234
324539
332391
333232
324547
325434
317505
309922
316769
309162
309927
316774
317502
326377
333620
326369
333445
326393
333485
326379
317957
310830
318367
310770
318395
310742
317945
325447
332398
333207
324580
333224
324563
325451
317510
309171
309946
316795
309936
316784
317513
287687
288223
280725
280814
288222
280747
287686
294803
302216
294129
301584
302217
294130
294800
287300
280007
286662
279340
280017
286665
287295
295558
302977
295505
302593
295503
302589
295600
287704
280870
288285
280877
288263
280803
287736
294814
301589
302232
294145
302222
294136
294833
287316
279352
280076
286688
280040
286674
287340
258323
258688
251626
251438
258696
251652
258318
265415
272600
264844
272035
272601
264845
265410
258157
251067
257658
250570
251075
257654
258154
266062
273229
265922
272905
265863
272872
266125
258348
251509
258785
251770
258743
251703
258388
265435
272042
272639
264861
272615
264851
265466
258172
250571
251127
257661
251097
257656
258195
229619
229990
223261
223084
230012
223257
229622
236778
243813
236390
243428
243819
236391
236762
229595
222647
229256
222222
222644
229266
229588
237373
244141
237104
243922
237032
243891
237429
229618
223154
230112
223225
230067
223246
229616
236806
243428
243852
236399
243834
236396
236834
229609
222224
222641
229281
222644
229276
229620
201436
202270
195286
195503
202272
195265
201445
208497
215370
208063
215044
215366
208038
208510
201431
194613
200993
194036
194588
200969
201463
208991
215795
208975
215223
209002
215261
208973
201416
195503
202215
195213
202274
195237
201392
208474
215033
215345
207975
215359
208008
208443
201392
193999
194519
200899
194555
200937
201349
173855
174633
167496
167585
174612
167459
173888
180620
187534
180182
187007
187482
180162
180641
173624
166871
173335
166409
166827
173302
173655
181247
188223
181461
187536
181526
187588
181188
173824
167573
174523
167380
174580
167454
173786
180591
186984
187384
180106
187429
180137
180553
173599
166415
166754
173240
166831
173275
173563
379023
380305
371549
372476
380118
371438
379047
385677
395464
384689
393629
395372
384675
385675
377481
369581
376159
367850
369537
376125
377506
387080
396610
387746
395521
387686
395183
387131
379044
372392
379820
371107
379891
371271
379024
385661
393528
395477
384561
395213
384583
385730
377442
367785
369360
375999
369455
376062
377398
347871
347850
339275
339329
347968
339235
347930
353929
361811
352042
359926
361772
352014
353960
346084
338288
344245
336515
338223
344225
346109
355981
364516
356391
363604
356421
363788
355869
347762
339400
348048
339051
348066
339164
347595
353866
359864
361584
351910
361688
351961
353790
346142
336538
338022
344180
338132
344207
346154
314920
315859
307364
308296
315868
307369
314910
321707
329931
320886
328712
329862
320889
321687
314001
306408
313110
305409
306414
313107
313989
322586
331290
323584
330474
323553
330445
322619
314937
308308
315905
307382
315885
307372
314957
321731
328712
329653
320867
329735
320882
321749
314017
305402
306430
313082
306421
313097
314033
285038
285915
277718
278574
285913
277720
285038
291452
298880
290332
297810
298884
290334
291447
284085
276796
282943
275700
276798
282947
284081
292435
300785
293352
299852
293349
299851
292433
285037
278581
285920
277714
285917
277719
285032
291459
297799
298896
290330
298890
290333
291467
284086
275698
276792
282933
276796
282944
284087
256277
257073
249283
250009
257069
249278
256280
262471
269575
261446
268529
269579
261450
262470
255437
248470
254436
247523
248467
254440
255438
263351
271346
264183
270479
264180
270479
263352
256274
250002
257062
249262
257066
249270
256268
262470
268528
269576
261447
269580
261451
262463
255430
247525
248442
254429
248458
254438
255415
228468
228985
221504
221906
228976
221491
228497
234676
241561
233819
240642
241553
233815
234688
227836
220982
227027
220215
220957
227018
227857
235361
242965
235942
242271
235962
242291
235335
228435
221895
228933
221441
228958
221470
228403
234658
240635
241517
233791
241539
233806
234634
227807
220194
220894
226983
220927
227003
227775
200140
200588
193135
193572
200574
193116
200149
206939
214029
206470
213407
214012
206461
206939
199736
192669
199381
192249
192680
199399
199752
207228
214746
207589
214363
207613
214382
207224
200128
193542
200530
193104
200554
193109
200114
206922
213376
213961
206418
213993
206445
206896
199721
192242
192675
199395
192680
199404
199705
172493
172881
165751
166034
172853
165723
172515
178823
185724
178370
185224
185718
178370
178832
171977
165234
171586
164825
165221
171574
171992
179286
186596
179674
186150
179699
186159
179272
172477
166033
172803
165656
172833
165731
172455
178819
185227
185716
178380
185717
178374
178813
171974
164847
165171
171577
165231
171577
171961
372470
373953
363954
365845
373926
363951
372459
378590
388639
377708
386068
388581
377569
378508
370174
361765
369423
361250
361796
369212
370087
381163
391687
382276
390552
382296
390591
381121
372475
365813
373886
363925
373913
363947
372433
378662
386009
388836
377289
388673
377362
378679
370257
361007
361839
368845
361840
368943
370248
340720
342554
334005
334841
342537
334055
340688
347051
354016
346044
353759
354047
346074
347102
340315
332755
338404
330752
332766
338419
340342
348125
357994
350161
355855
350229
355871
348081
340762
334898
342436
334166
342509
334109
340838
347065
353634
354123
346036
354088
346071
347167
340312
330752
332717
338427
332750
338430
340322
310895
312234
303155
304421
312213
303146
310910
317180
325025
315332
323034
325016
315336
317186
309403
301744
307714
300180
301738
307710
309405
318773
327819
320008
326639
320074
326709
318720
310872
304396
312125
303108
312174
303134
310838
317163
323030
324956
315330
324992
315335
317138
309393
300169
301716
307696
301731
307705
309375
280558
281853
273312
274578
281849
273317
280559
286734
294171
285352
292709
294173
285346
286741
279373
272130
278076
270922
272123
278073
279381
287983
296717
289190
295478
289214
295496
287961
280549
274564
281802
273305
281833
273315
280533
286727
292702
294151
285357
294169
285352
286709
279368
270926
272101
278085
272116
278082
279350
252194
253373
245349
246504
253378
245362
252182
257853
264931
256742
263783
264928
256742
257837
250935
244133
249739
242971
244163
249768
250907
259154
267400
260345
266179
260347
266191
259152
252200
246511
253372
245383
253377
245374
252201
257874
263777
264928
256787
264926
256757
257906
250968
243042
244250
249866
244202
249810
251010
225169
226155
218472
219405
226154
218474
225165
230817
237448
229663
236294
237470
229692
230803
224169
217521
223071
216498
217528
223087
224160
231880
239683
232896
238609
232899
238600
231888
225173
219394
226140
218469
226148
218472
225176
230840
236346
237538
229779
237502
229734
230865
224184
216519
217546
223149
217536
223117
224200
198339
199024
191546
191999
199014
191533
198346
204226
210871
203286
209883
210875
203293
204223
197559
190883
196669
190069
190881
196676
197559
205061
212650
205834
211765
205859
211773
205048
198326
191989
198967
191480
198995
191510
198306
204226
209898
210882
203316
210879
203304
204225
197557
190075
190862
196693
190874
196684
197552
170651
171028
163776
164327
171022
163788
170647
177351
184134
176764
183416
184130
176764
177366
170509
163714
170073
163322
163681
170071
170542
177617
184862
177895
184560
177892
184604
177582
170653
164342
171033
163798
171029
163812
170656
177321
183419
184094
176750
184117
176761
177283
170457
163311
163595
170032
163654
170058
170400
366008
367641
357351
359392
367707
357474
365914
371295
380450
367759
374994
380178
367790
371169
362896
355406
361150
353321
355361
360803
362771
374788
385165
375815
383892
375898
383649
374895
366141
359440
367573
357604
367641
357558
366176
371371
375095
380568
367969
380290
367791
371487
362932
353340
355557
360990
355439
360808
363016
333767
335994
326328
328494
336026
326348
333741
339626
347094
338137
346124
347044
338037
339603
331357
324440
330672
322501
324453
330601
331348
341378
351369
343714
349318
343655
349268
341429
333796
328510
336097
326380
336055
326365
333828
339680
346028
347259
337742
347132
337881
339735
331394
322490
324471
330352
324466
330476
331435
304128
305968
296952
298603
305966
296947
304133
309706
316646
307695
315112
316637
307680
309711
302204
295424
300877
293667
295410
300844
302234
311492
320937
313435
318791
313436
318801
311484
304112
298596
305955
296922
305962
296933
304091
309687
315029
316567
307599
316611
307627
309660
302153
293600
295362
300730
295385
300787
302093
275546
276838
268670
269792
276843
268675
275556
281424
288114
279832
286883
288075
279816
281442
274240
267675
273344
266389
267675
273336
274272
282625
291257
284055
289650
284033
289663
282635
275556
269823
276889
268751
276865
268706
275578
281406
286817
287956
279743
288017
279765
281396
274206
266356
267705
273285
267685
273300
274174
248094
248967
241437
242196
248982
241456
248076
254144
260469
252882
259607
260429
252803
254144
246880
240821
246408
239447
240845
246313
246889
255062
262787
255950
261705
255918
261677
255089
248127
242212
249031
241505
249003
241470
248167
254193
259506
260325
252640
260373
252670
254233
246893
239414
240864
246139
240861
246186
246913
220972
222013
214438
215491
222038
214463
220949
227198
233347
225912
232579
233342
225907
227230
219949
213767
219707
212988
213782
219663
219941
227805
235356
228780
234514
228722
234483
227851
221008
215523
222123
214551
222079
214503
221052
227194
232576
233346
225881
233334
225890
227209
219955
212979
213863
219582
213816
219611
219965
194802
195771
188400
189264
195781
188409
194793
200651
206623
199740
206231
206623
199742
200632
193792
187796
193584
187121
187806
193570
193796
201388
208898
202405
207818
202380
207783
201423
194817
189277
195816
188448
195796
188425
194837
200686
206200
206640
199765
206627
199745
200731
193793
187121
187856
193549
187825
193547
193798
168790
169442
162272
162736
169442
162268
168797
174840
180865
173980
180494
180849
173980
174835
168078
162075
167980
161469
162071
167968
168099
175350
182668
176109
181796
176100
181785
175359
168788
162770
169444
162246
169444
162278
168787
174841
180452
180807
173966
180826
173970
174852
168055
161468
162083
167903
162106
167933
168032
382789
383517
375089
375710
382815
383566
375139
389610
398456
388833
397202
389561
398466
388852
381649
373559
380848
372800
381599
373648
380854
391076
397698
391285
398789
391235
398738
391104
382779
375785
383620
375240
383597
375186
382790
389634
397240
398417
388861
398404
388853
389652
381682
372783
373738
380853
373703
380855
381707
349374
350097
342028
342399
349333
350140
342040
357223
365229
356761
364797
357174
365286
356700
349073
341459
348600
340547
349070
341393
348545
358240
366747
358805
365991
358763
365964
358277
349391
342399
350110
342030
350133
342041
349394
357257
364748
365337
356590
365320
356644
357274
349074
340527
341258
348458
341325
348500
349062
317907
318355
310796
310785
317929
318318
310819
325444
333183
324590
332420
325450
333152
324601
317511
309957
316804
309203
317514
309967
316811
326328
333461
326179
333210
326239
333276
326299
317880
310790
318248
310850
318294
310836
317848
325432
332418
333067
324613
333112
324609
325414
317503
309211
309980
316824
309975
316813
317497
287825
288361
280962
281098
287779
288405
281050
294882
302242
294157
301609
294857
302253
294169
287404
280120
286705
279412
287371
280167
286722
295760
303015
295676
302620
295644
302617
295809
287872
281230
288521
281231
288484
281142
287912
294194
294908
301614
302272
302263
294182
294934
286753
287437
279433
280260
280215
286739
287468
258486
258865
251847
251780
258435
258927
251928
265545
272670
264874
272082
265504
272703
264888
258257
251162
257667
250583
258225
251199
257674
266347
273436
266297
273073
266212
273035
266421
258537
251906
259078
252086
259014
252010
258582
264909
265586
272095
272769
272738
264900
265624
257681
258289
250586
251264
251234
257679
258317
229594
230178
223194
223213
229610
230203
223154
236880
243873
236400
243426
236860
243891
236396
229623
222634
229278
222187
229626
222623
229266
237553
244354
237353
244013
237353
244007
237557
229568
223208
230211
223064
230227
223109
229529
236889
243420
243910
236369
243904
236387
236885
229612
222158
222584
229211
222608
229243
229591
201346
202128
195201
195467
201368
202057
195189
208373
215326
207942
214978
208410
215300
207911
201261
194469
200862
193857
201306
194413
200826
208873
215768
208907
215026
208923
215070
208839
201316
195471
202039
195123
202041
195159
201282
208334
214949
215218
207833
215266
207874
208290
201218
193816
194311
200758
194360
200791
201176
173712
174489
167402
167454
173749
174438
167330
180479
187347
180077
186899
180517
187311
180045
173490
166758
173205
166275
173525
166676
173173
181039
188168
181126
187394
181188
187425
181003
173678
167468
174357
167281
174396
167347
173648
180445
186873
187246
179993
187278
180019
180412
173455
166286
166597
173116
166678
173142
173425
378838
379734
370945
371912
378918
379700
370812
385602
395096
384483
393872
385613
395344
384490
377261
369241
375905
367561
377324
369138
375870
386916
396614
387553
395647
387588
395466
386860
378747
371787
379617
370586
379651
370691
378671
385462
393717
395173
384342
395000
384394
385392
377170
367481
368955
375735
369040
375794
377104
347239
347974
338959
339488
347417
347888
338869
353672
361468
351857
359640
353722
361364
351801
345905
337922
344153
336404
346073
337823
344114
355248
364160
355903
362991
356035
363127
355002
347058
339498
347722
338711
347804
338782
346893
353614
359559
361208
351682
361276
351741
353527
345762
336373
337675
344044
337740
344079
345652
315001
315917
307391
308339
314979
315933
307400
321780
329629
320851
328668
321765
329620
320832
314062
306439
313065
305375
314048
306451
313049
322723
331460
323687
330587
323664
330567
322750
307423
315022
308352
315967
315950
307410
315043
321795
328640
329628
320804
329623
320816
321811
306492
314080
305374
313039
306468
313039
314103
285000
285922
277706
278605
285019
285925
277697
291502
298904
290327
297716
291481
298915
290322
284084
276785
282910
275646
284085
276776
282874
293379
299807
292382
292404
300806
293367
299824
285937
277671
284946
284977
278611
285931
277687
298972
290560
291593
291533
297660
298933
290345
276778
282829
284093
284084
275611
276773
282824
256256
257059
249254
249978
256262
257053
249250
262445
269568
261438
268492
262453
269559
261432
255364
248418
254410
247525
255392
248384
254386
264182
270452
263340
263347
271362
264188
270466
257025
249234
256235
256246
249963
257042
249243
269558
261408
262425
262435
268464
269556
261422
248235
254113
255258
255324
247594
248332
254343
228335
228907
221408
221821
228370
228877
221373
234578
241490
233774
240575
234607
241457
233755
227712
220859
226962
220120
227743
220829
226941
242175
235243
242887
235835
235868
242206
235203
228299
221782
228802
221288
228843
221334
228257
241357
234543
240555
233704
241415
233733
234501
227681
220098
220763
226898
220799
226919
227646
200077
200506
193095
193468
200097
200481
193083
206828
213925
206386
213278
206865
213886
206349
199668
192666
199376
192232
199687
192656
199344
207159
214645
207480
214225
207507
214267
207125
200058
193452
200437
193060
200458
193071
200040
206791
213248
213805
206274
213843
206313
206758
199650
192237
192642
199272
192648
199309
199637
172411
172773
165676
165868
172432
172745
165594
178810
185705
178396
185243
178818
185685
178403
171945
165190
171578
164790
171951
165127
171584
179240
186514
179581
186109
179603
186124
179227
172389
165892
172694
165541
172719
165638
172373
178808
185262
185660
178430
185666
178417
178806
171941
164839
165094
171602
165158
171590
171941
372150
373842
363859
365622
372319
373808
363722
378512
388685
377282
386232
378562
388704
377328
370088
361832
368869
360878
370130
361869
368892
380404
391713
381975
389538
382103
389688
380141
371913
365525
373616
363460
373733
363543
371724
378465
386350
388501
377416
388510
377351
378452
370102
360928
361980
368985
361940
368932
370136
341083
342373
334198
335070
340967
342404
334185
347318
354197
345992
353528
347254
354297
345947
340260
332677
338407
330683
340319
332626
338372
348194
357649
349827
355702
349833
355659
348253
341156
335104
342420
334027
342415
334117
341178
347334
353515
354409
345842
354359
345897
347302
340183
330647
332499
338274
332566
338326
340094
310766
312075
303081
304286
310802
312027
303057
317076
324913
315316
322973
317107
324868
315298
309331
301697
307682
300155
309354
301674
307673
318554
327663
319769
326345
319822
326422
318507
303048
310737
304259
311955
311986
303044
310717
317045
322944
324780
315275
324823
315283
317018
301650
309308
300168
307680
301656
307672
309289
280505
281759
273289
274477
280518
281697
273273
286676
294128
285371
292721
286692
294103
285397
279322
272093
278097
270969
279333
272099
278126
289091
295525
288047
287970
296570
289038
295466
281569
273277
280523
280500
274436
281620
273263
294084
285538
286700
286674
292751
294086
285447
272196
278300
279379
279331
271045
272129
278189
252173
253358
245385
246519
252192
253351
245383
257999
264943
256833
263853
257946
264975
256894
251120
244305
249929
243256
251059
244371
249999
260316
266150
259130
259128
267337
260336
266140
253166
245358
252102
252144
246586
253336
245377
265104
257074
258156
258066
263930
265025
256973
244549
250169
251294
251195
243331
244450
250078
225185
226131
218466
219353
225179
226126
218466
230932
237580
229828
236528
230895
237630
229882
224245
217558
223187
216605
224221
217574
223231
238675
231931
239689
232913
232902
238649
231956
225195
219344
226127
218479
226124
218470
225211
237760
230975
236597
230008
237689
229941
231030
224277
216646
217624
223338
217595
223280
224317
198258
198931
191442
191900
198284
198891
191400
204226
210887
203331
209960
204225
210895
203350
197541
190846
196704
190096
197546
190826
196718
205010
212566
205722
211745
205753
211744
204999
198228
191862
198817
191334
198852
191363
198197
204232
209991
210927
203403
210908
203374
204241
197535
190102
190774
196754
190799
196735
197527
170670
171038
163840
164295
170658
171046
163832
177181
184059
176731
183411
177238
184018
176700
170295
163592
169992
163115
170341
163544
169948
177530
184856
177912
184390
177907
184412
177530
170681
164326
171069
163868
171053
163885
170706
177132
183396
183943
176634
183982
176671
177107
170265
163107
163527
169878
163564
169899
170244
366059
367551
357580
359472
366128
367602
357586
371377
380172
368015
375683
371386
380367
368306
363249
355636
361127
353277
363070
355719
361302
374632
385720
376143
383873
376035
383768
374530
365984
359476
367695
357696
367656
357626
365969
371310
375537
380223
368715
380115
368481
371315
363364
353165
355688
361462
355725
361400
363442
333851
336121
326382
328537
333846
336129
326378
339780
347348
337623
345427
339767
347395
337456
331470
324467
330310
322367
331464
324466
330222
341527
351528
343776
349490
343771
349409
341568
333849
328531
336121
326379
336126
326374
333855
339777
345207
347303
337069
347375
337279
339758
331462
322295
324498
329961
324475
330109
331444
304050
305947
296914
298593
304066
305943
296921
309623
316506
307522
314719
309634
316440
307508
301978
295346
300596
293511
302029
295362
300563
311452
320913
313434
318704
313422
318711
311473
304047
298615
305976
297000
305950
296955
304075
309644
314569
316353
307447
316381
307446
309693
301954
293419
295474
300483
295415
300434
301923
275652
276935
268807
270007
275610
276999
268860
281427
287898
279668
286624
281399
287853
279633
274114
267727
273214
266247
274143
267778
273178
284284
282751
291318
289714
284194
289677
282817
277186
275702
270098
268986
277085
268926
275739
281479
286510
287809
279490
287818
279528
281546
274095
266133
267929
273027
267850
273080
274090
248258
249080
241546
242378
248207
249147
241596
254291
260273
252558
259189
254266
260292
252555
246976
240883
246093
239414
246944
240923
246085
256270
255230
263062
261922
256159
261855
255293
249335
248321
242469
241724
249231
241652
248395
254303
259075
260345
252595
260316
252549
254305
247007
239436
241020
246089
240974
246072
247037
221174
222175
214611
215655
221107
222232
214682
227302
233378
225862
232593
227246
233422
225865
220024
213929
219555
213043
219988
214011
219565
228060
235651
229078
234753
228986
234676
228156
221256
215715
222376
214864
222298
214767
221352
227369
232600
233538
225885
233476
225861
227447
220077
213070
214218
219638
214109
219590
220148
194908
195843
188480
189345
194866
195876
188523
200874
206671
199788
206308
200794
206721
199832
193852
187905
193585
187189
193816
187976
193657
201605
209063
202584
208085
202525
208000
201691
194965
189378
195964
188642
195916
188578
195037
200973
206350
206899
199926
206799
199873
201086
193912
187226
188177
193767
188067
193720
194002
168798
169437
162275
162762
168788
169426
162253
174934
180800
173962
180485
174883
180810
173979
168008
162152
167880
161422
168015
162153
167870
175434
182733
176137
181918
176137
181875
175470
168808
162771
169386
162268
169408
162294
168825
175004
180542
180927
174077
180850
174012
175091
168006
161463
162278
167903
162253
167860
168037
382868
383606
375299
375954
382816
383644
375364
389650
398303
388840
397445
389647
398325
388832
381742
373759
380847
372717
381725
373775
380841
391184
397902
391642
398725
391454
398661
391241
382932
375944
383676
375448
383664
375421
382998
389641
397389
398257
388781
398231
388801
389643
381765
372698
373808
380830
373791
380833
381805
349357
350052
342009
342259
349382
349984
341979
357265
365342
356537
364595
357275
365340
356487
349001
341203
348414
340387
349037
341151
348371
358265
366700
358597
365976
358665
365995
358240
349319
342182
349820
341901
349903
341943
349274
357245
364550
365320
356396
365332
356439
357219
348956
340341
341057
348283
341101
348328
348906
317761
318220
310860
310768
317808
318172
310869
325356
333019
324610
332366
325389
332969
324600
309218
317460
309982
316820
317482
309979
316811
326166
333153
325969
332890
326017
332974
326123
317708
310786
318089
310880
318142
310875
317650
325317
332338
332870
324566
332919
324584
325279
309216
317435
309965
316787
309973
316799
317408
287961
288579
281320
281522
287944
288585
281397
294205
301622
294216
294979
302279
294958
302283
286765
279482
286776
287517
280303
287496
280338
295930
303020
295854
302555
295834
302589
295953
287958
281594
288543
281477
288590
281455
287929
301625
294242
294229
294997
302278
302284
295009
279496
286801
286789
287531
280375
280363
287534
258640
259158
252150
252207
258619
259204
252197
264915
272116
264919
265685
272794
265658
272812
257679
250576
257675
258353
251287
258340
251300
266592
273557
266597
273075
266561
273109
266608
258641
252281
259256
252229
259249
252225
258616
272119
264922
264921
265701
272814
272819
265704
250565
257661
257669
258356
251289
251301
258346
229425
230193
223026
223085
229482
230136
222989
243374
236842
243907
236342
236868
243895
236308
229524
222547
229170
222039
229561
222499
229124
237409
244442
237250
243859
237294
243920
237341
229364
223043
229987
222919
230069
222952
229301
243350
236811
243845
236231
243874
236269
236775
229484
221999
222401
229035
222449
229078
229446
201205
202052
195088
195433
201244
202045
195058
208211
215172
207796
214819
208248
215128
207765
201107
194269
200730
193747
201139
194234
200709
208753
215473
208828
214871
208853
214906
208733
201174
195397
201998
195022
202027
195035
201153
208180
214779
215057
207722
215090
207740
208156
201082
193747
194192
200687
194208
200694
201065
173608
174345
167330
167376
173628
174323
167267
180367
187219
179974
186822
180387
187197
179955
173381
166625
173093
166159
173400
166547
173076
180961
188089
181062
187303
181055
187321
180967
173594
167406
174300
167255
174303
167316
173586
180355
186810
187168
179931
187181
179943
180349
173369
166202
166512
173054
166589
173062
173364
378536
379576
370494
371560
378598
379541
370416
385160
394816
384189
393594
385247
394955
384078
376973
368876
375654
367211
377031
368805
375574
386569
396399
387238
395482
387314
395419
386485
378476
371498
379461
370283
379500
370348
378419
385033
393293
394796
383798
394705
383923
384940
376912
367110
368671
375378
368735
375478
376855
346652
347644
338660
339494
346756
347575
338625
353273
361141
351638
359319
353391
361069
351621
345487
337624
344015
336308
345560
337587
343997
354556
363672
355505
362520
355582
362619
354473
346582
339484
347474
338589
347517
338601
346544
353189
359265
360942
351594
361000
351604
353130
345433
336301
337550
343987
337563
343988
345393
307439
308386
307448
315079
315980
315064
315990
321846
329634
320799
328570
321829
329640
320797
306526
305396
306544
314149
313046
314129
313047
322811
331510
323722
330644
323720
330628
322828
308390
307463
307453
315091
315998
315995
315104
321861
328567
329668
320824
329652
320803
321880
305379
306559
306547
314161
313093
313058
314175
228160
228754
221235
221637
228210
228704
221179
241290
240416
241225
234397
233682
234451
233653
227561
220721
226876
220025
227606
220677
226851
242756
242049
242067
235081
235682
235714
235059
228117
221592
228618
221089
228657
221128
228080
240412
241207
241178
234352
233642
233630
234345
227514
219994
220571
226819
220617
226829
227483
200013
200419
193051
193423
200025
200404
193045
206695
213758
206239
213144
206732
213710
206205
199621
192646
199233
192236
199634
192648
199199
207027
214495
207392
214076
207405
214104
207012
200007
193416
200388
193046
200393
193043
200005
206651
213105
213627
206148
213663
206175
206618
199612
192236
192645
199171
192645
199181
199607
172368
172674
165613
165746
172371
172658
165513
178819
185664
178445
185308
178813
185677
178451
171946
165154
171611
164800
171943
165084
171624
179216
186448
179531
186080
179538
186070
179219
172370
165825
172637
165474
172646
165586
172374
178830
185318
185715
178458
185695
178457
178830
171950
164865
165074
171647
165158
171634
171956
371589
373444
363458
365047
371624
373264
363509
378295
388277
377440
386864
378357
388287
377462
370162
362023
369040
360960
370141
362079
369081
379695
391025
381054
388802
381263
388868
379610
371588
364942
372995
363626
373102
363575
371601
378223
386782
388110
377354
388113
377416
378188
370199
360970
362213
369125
362145
369110
370252
341106
342431
333929
335036
341153
342447
333831
347160
354458
345783
353338
347238
354504
345724
339900
332426
338219
330546
339998
332350
338169
348403
357387
349966
356014
349926
355936
348462
341080
335004
342499
333676
342468
333741
341083
347107
353295
354609
345633
354553
345656
347101
339793
330533
332223
338101
332281
338130
339718
303070
304203
303098
310711
311931
310708
311904
316990
324740
315281
322904
316999
324702
315310
301663
300350
301712
309297
307708
309280
307766
318437
327418
319702
326123
319679
326142
318472
304203
303268
303163
310746
311979
311914
310824
317006
322929
324681
315468
324678
315370
317054
300477
301972
301816
309360
307993
307856
309467
225270
226140
218495
219342
225235
226158
218516
237854
236894
237971
231180
230090
231097
230190
224426
217659
223407
216820
224366
217704
223488
239929
238914
238882
232106
233000
233020
232148
225313
219341
226170
218576
226167
218545
225355
237023
238165
238086
231267
230403
230299
231344
224495
216895
217814
223673
217758
223581
224563
198156
198787
191301
191791
198171
198759
191279
204268
210951
203438
210134
204252
210983
203479
197521
190755
196774
190112
197522
190734
196796
204979
212507
205630
211787
205645
211771
204984
198144
191790
198715
191282
198728
191276
198143
204286
210195
211059
203566
211020
203521
204306
197525
190116
190736
196847
190730
196820
197534
170744
171081
163941
164307
170723
171098
163908
177103
183908
176612
183354
177102
183900
176610
170244
163577
169874
163052
170236
163539
169883
177565
184874
177976
184421
177952
184406
177583
170762
164376
171131
163932
171112
163986
170787
177115
183359
183919
176632
183906
176620
177129
170263
163129
163561
169920
163608
169893
170283
365988
367706
357762
359528
365987
367708
357780
371327
379916
368798
375407
371268
380010
368892
363423
355608
361439
352662
363449
355518
361382
374150
385741
375724
383312
375872
383362
374075
365971
359537
367684
357705
367704
357754
365939
371362
375191
379872
368874
379825
368867
371352
363369
352470
355337
361066
355451
361233
363315
333907
336121
326401
328558
333875
336133
326443
339612
347194
336860
344643
339708
347072
336637
331418
324540
329756
321999
331423
324578
329521
341753
351671
343881
349602
343863
349637
341731
333948
328599
336200
326515
336157
326484
333952
339497
344532
346840
336179
346952
336410
339376
331380
321850
324526
329014
324589
329241
331293
298842
304209
306032
297059
304130
306121
297148
309781
316362
307382
314341
309749
316421
307387
302056
295536
300407
293422
301994
295545
300419
311677
321020
313710
318911
313621
318870
311705
298968
304272
306317
297212
306243
297191
304302
309761
314192
316409
307257
316435
307283
309727
302065
293343
295536
300440
295537
300368
302067
277313
270458
277432
275845
269036
275793
269092
281598
287867
279410
286326
281600
287879
279415
274125
267970
272876
266034
274114
268004
272820
291705
284688
284611
282957
289932
289895
282994
270549
277597
277523
275892
269187
269143
275935
281567
286239
287840
279364
287869
279386
281537
274126
265997
268001
272709
268013
272741
274114
249462
242822
249609
248537
241812
248468
241907
254320
260372
252614
258977
254305
260396
252626
247087
241050
246085
239570
247062
241066
246093
263549
256754
256664
255469
262168
262113
255518
242961
249861
249753
248600
242038
241980
248657
254343
258942
260430
252587
260413
252596
254376
247110
239562
241124
246086
241092
246076
247135
221558
222471
214969
215965
221457
222579
215072
227612
233597
225910
232647
227529
233641
225954
220339
214336
219666
213139
220244
214446
219702
236121
228433
229516
235111
229417
235042
228523
221647
216060
222780
215246
222684
215164
221736
227689
232652
233701
226053
233675
225997
227732
220432
213151
214645
219752
214552
219726
220507
195193
196016
188706
189480
195116
196067
188768
201309
207006
199981
206440
201200
207120
200056
194202
188289
193789
187408
194103
188384
193817
201949
209369
202846
208462
202786
208368
202024
195274
189505
196160
188873
196115
188827
195334
201411
206452
207297
200186
207226
200128
201475
194282
187468
188508
193839
188459
193823
194336
168867
169373
162320
162749
168837
169381
162293
175263
181012
174164
180665
175187
181089
174259
168158
162415
167942
161554
168102
162445
167974
175566
182791
176160
182091
176147
182053
175594
168903
162821
169403
162321
169391
162375
168939
175321
180678
181174
174367
181140
174322
175361
168210
161711
162602
168005
162599
167984
168249
383026
383611
375406
375734
383039
383614
375329
389629
398125
388743
397337
389629
398151
388720
381917
373824
380835
372692
381858
373831
380857
391455
398534
392067
398584
392077
398529
391549
382960
375646
383551
375183
383578
375246
382874
389618
397179
398083
388664
398035
388684
389623
381960
372703
373748
380906
373807
380883
381982
349177
349740
341856
341949
349227
349660
341805
357161
365303
356356
364451
357191
365281
356323
348819
341020
348237
340253
348858
340992
348199
358152
366398
358287
365806
358357
365855
358125
349129
341900
349510
341728
349588
341757
349089
357136
364428
365230
356273
365256
356296
357113
348791
340239
340943
348153
340969
348172
348771
317537
318068
310883
310804
317600
318020
310885
325214
332828
324549
332267
325244
332795
324535
317357
309954
316775
309200
317381
309941
316763
325984
332914
325957
332676
325953
332677
325929
317475
310867
318002
310861
318037
310880
317427
325195
332263
332766
324531
332777
324529
325190
317345
309194
309918
316750
309929
316753
317336
287775
288493
281456
281372
287869
288391
281369
294251
294994
302266
301625
295009
302246
294251
286807
287499
280369
279506
287525
280341
286801
295866
302916
295730
302256
295811
302347
295748
287660
281292
288156
281097
288290
281240
287536
294963
301615
302192
294211
302222
294238
294916
287455
279484
280233
286742
280294
286780
287396
258495
259257
252206
252244
258567
259227
252149
264919
265663
272793
272105
265692
272756
264906
257650
258294
251265
250506
258326
251232
257632
266486
273349
266479
272661
266527
272788
266383
258406
252225
259136
251984
259193
252070
258310
265623
272079
272645
264857
272706
264885
265573
258254
250483
251152
257586
251193
257610
258207
229190
229899
222892
222932
229242
229805
222874
236706
243811
236196
243264
236739
243771
236163
229375
222360
228999
221896
229410
222329
228969
237172
244309
237127
243570
237143
243641
237143
229155
222915
229653
222872
229712
222867
229138
236674
243237
243687
236112
243729
236134
236631
229337
221867
222294
228924
222307
228945
229298
201141
201960
195018
195351
201143
201915
195021
208130
215031
207710
214710
208139
215012
207705
201056
194197
200686
193772
201056
194219
200691
208720
215296
208806
214792
208796
214800
208735
201138
195329
201818
195049
201864
195032
201135
208127
214703
214990
207717
214999
207707
208131
201062
193785
194274
200713
194251
200701
201073
173596
174317
167352
167369
173590
174337
167295
180352
187155
179926
186777
180351
187144
179919
173372
166607
173053
166080
173367
166519
173056
181056
188045
181317
187175
181217
187214
181099
173611
167482
174402
167363
174357
167426
173632
180350
186796
187149
179916
187140
179917
180334
173385
166228
166569
173060
166663
173064
173388
378308
379419
370222
371345
378362
379386
370170
384710
394553
383637
393034
384813
394584
383494
376724
368614
375275
366946
376790
368566
375191
386202
396040
386901
395078
386971
395088
386132
378263
371315
379335
370105
379358
370131
378229
384587
392753
394358
383196
394375
383330
384475
376657
366945
368507
375093
368530
375127
376606
346504
347445
338586
339458
346523
347425
338588
353059
360899
351595
359255
353088
360871
351605
345348
337549
343993
336344
345366
337557
344004
354318
363368
355321
362241
355355
362281
354286
346482
339456
347384
338601
347405
338593
346461
353041
359292
360851
351642
360857
351621
353029
345336
336370
337575
344027
337568
344016
345323
307470
315143
316000
308396
315119
316006
307491
321952
329698
320861
328663
321908
329750
320928
306553
314223
313128
305561
314189
306576
313193
322913
331544
323776
330765
323748
330736
322968
315181
308406
316035
307572
316018
307526
315227
322025
328709
329823
321075
329791
321011
322080
314282
305647
306688
313396
306623
313295
314369
286001
277690
284974
285025
278677
286008
277731
299015
290701
291638
291612
297857
299016
290533
276811
282939
284129
284142
275799
276836
282977
292497
300861
293431
299975
293438
299923
292536
285073
278682
286009
277811
286012
277771
285118
291627
297992
299118
290677
299057
290582
291668
284179
275899
276942
283237
276879
283101
284239
256961
249162
256164
256188
249847
256971
249166
269589
261561
262442
262485
268662
269624
261635
248186
254095
255240
255329
247639
248287
254512
263354
271375
264171
270541
264169
270501
263388
256215
249851
256984
249189
256978
249180
256243
262535
268745
269734
261760
269672
261687
262596
255395
247628
248427
254655
248351
254556
255474
228044
228588
221064
221510
228055
228567
221051
241261
234385
233665
240557
234362
241314
233703
227480
220557
226823
219959
227470
220548
226840
235056
242718
235631
242104
235636
242087
235068
228044
221498
228549
221048
228555
221046
228052
234422
240612
241424
233787
241359
233744
234459
227492
219975
220561
226895
220551
226862
227513
200018
200389
193055
193426
200010
200395
193067
206597
213611
206122
213056
206602
213597
206126
199621
192657
199166
192251
199616
192669
199170
207011
214407
207394
214029
207389
214026
207023
200031
193439
200415
193095
200404
193081
200045
206601
213065
213594
206151
213590
206137
206611
199631
192257
192690
199197
192679
199187
199643
172388
172637
165583
165728
172383
172650
165459
178832
185729
178470
185347
178834
185739
178484
171974
165186
171660
164787
171964
165090
171675
179249
186481
179561
186165
179544
186147
179269
172402
165882
172674
165428
172669
165561
172423
178852
185358
185764
178518
185750
178505
178870
171992
164884
165115
171726
165218
171696
172010
371622
372940
363669
364966
371611
372938
363708
378112
387896
377253
386431
378139
387874
377173
370349
362278
369145
361036
370303
362333
369160
379383
390331
380594
388224
380638
388258
379357
371640
365035
373028
363782
372971
363737
371686
378064
386157
387661
377045
387675
377092
378024
370376
361058
362397
369190
362371
369177
370386
341150
342536
333665
335048
341109
342575
333680
347161
354673
345631
353326
347123
354736
345642
339715
332210
338096
330566
339701
332222
338102
348661
357625
350157
356280
350109
356222
348723
341197
335076
342649
333738
342613
333707
341247
347206
353355
354841
345702
354792
345664
347256
339746
330587
332291
338152
332251
338118
339789
303382
311051
312052
304531
310931
312163
303532
317211
324706
315536
323063
317142
324738
315585
302143
309712
308085
300798
309609
302261
308153
318674
327525
319964
326241
319916
326212
318713
311134
304685
312368
303707
312285
303638
311192
317273
323098
324829
315688
324779
315636
317336
309794
300882
302433
308276
302352
308226
309871
281898
273883
281136
281291
274890
282034
274043
294701
286220
287431
287548
293490
294838
286281
273026
279036
280191
280306
272005
273155
279104
288836
297082
289792
296256
289599
296180
288910
281454
275017
282397
274344
282204
274214
281566
287642
293568
295026
286433
294940
286351
287724
280397
272083
273325
279250
273250
279175
280475
253459
245702
252520
252697
246813
253737
245848
265892
257860
258868
259022
264952
266051
257979
245138
250911
251944
252068
244222
245225
251052
259939
267883
260931
267175
260839
267020
260094
252855
246836
253876
246116
253788
245975
253019
259150
265038
266245
258151
266165
258072
259234
252196
244312
245387
251230
245323
251152
252278
225450
226180
218611
219360
225400
226204
218651
238237
231489
230504
237389
231414
238321
230615
224700
217868
223758
217120
224628
217936
223856
232324
239915
233142
239241
233089
239131
232417
225512
219387
226278
218778
226235
218713
225596
231584
237473
238495
230743
238424
230691
231654
224788
217175
218047
223974
218001
223925
224849
198161
198711
191293
191806
198151
198713
191305
204368
211104
203610
210373
204339
211158
203642
197564
190748
196874
190168
197548
190762
196898
205047
212531
205661
211932
205643
211897
205058
198170
191812
198722
191325
198718
191316
198176
204391
210413
211227
203695
211199
203668
204407
197579
190192
190790
196943
190776
196921
197593
170832
171148
164038
164339
170809
171168
163957
177177
183937
176647
183419
177152
183957
176667
170332
163668
169944
163158
170306
163603
169969
177682
184922
178082
184490
178066
184475
177699
170851
164453
171211
163942
171188
164059
170871
177207
183452
184001
176712
183979
176691
177226
170357
163284
163623
170012
163718
169991
170378
365837
367652
357662
359462
365897
367604
357551
371245
379646
368737
376026
371304
379690
368703
362983
355134
360901
352145
363172
354955
360814
373737
384804
375145
382518
375278
382607
373636
365689
359433
367471
357160
367551
357344
365493
371123
376211
379794
368566
379639
368611
371006
362832
352056
354736
360654
354827
360722
362724
333863
336210
326496
328672
333915
336203
326453
339105
346700
335909
344126
339266
346536
335692
331050
324420
328761
321511
331181
324328
328558
341526
351635
343806
349165
343864
349327
341391
333819
328670
336189
326341
336197
326401
333732
338944
344001
346292
335449
346396
335530
338833
330893
321343
324142
328136
324228
328332
330795
304301
306352
297229
299129
304322
306382
297207
309685
316369
307171
314068
309718
316325
307224
302071
295513
300437
293313
302066
295507
300478
311608
321192
313693
318774
313762
318839
311578
304281
299109
306317
297212
306363
297197
304290
309676
314023
316246
307307
316276
307237
309684
302088
293330
295542
300502
295522
300482
302102
277665
276014
269223
270754
275973
277736
269254
281467
287790
279272
286125
281499
287770
279187
274039
267988
272624
266066
274083
267985
272557
283070
291953
284907
289956
284900
289954
283080
276041
270820
277875
269288
277816
269276
276052
281442
286134
287757
279018
287765
279076
281439
273979
266018
267984
272355
267985
272449
273943
249941
248763
242088
243231
248709
250012
242129
254453
260442
252560
259005
254424
260444
252591
247184
241168
246107
239550
247160
241206
246169
255641
263856
257034
262308
256963
262314
255642
248810
243289
250144
242200
250079
242166
248822
254456
259064
260463
252711
260449
252640
254475
247195
239576
241249
246284
241232
246231
247217
221873
222880
215320
216286
221814
222952
215378
227762
233719
226099
232679
227751
233730
226143
220590
214711
219761
213266
220557
214757
219777
228680
236471
229798
235308
229749
235255
228722
221923
216334
223056
215471
223008
215428
221965
227783
232677
233721
226146
233731
226151
227811
220612
213305
214811
219761
214789
219772
220622
195417
196195
188909
189578
195379
196225
188937
201539
207346
200209
206510
201512
207380
200214
194395
188544
193840
187520
194373
188571
193849
202152
209617
202983
208669
202958
208623
202184
195453
189602
196277
188966
196252
188956
195493
201581
206522
207415
200203
207402
200197
201625
194407
187499
188609
193832
188594
193844
194408
169007
169425
162434
162787
168976
169439
162349
175420
181190
174399
180710
175396
181187
174420
168287
162746
168032
161797
168273
162682
168047
175663
182890
176205
182174
176197
182168
175682
169034
162899
169467
162382
169454
162488
169059
175441
180711
181163
174452
181175
174443
175459
168293
161952
162693
168036
162785
168051
168293
382740
383513
375128
375467
382799
383435
375075
389577
397896
388639
397008
389602
398047
388642
381905
373698
380911
372666
381955
373661
380904
391320
398998
391925
398345
391873
398054
391211
382695
375489
383419
375029
383418
375034
382695
389520
396641
398097
388617
397777
388622
389508
381856
372637
373649
380863
373646
380886
381835
349049
349454
341728
341838
349064
349370
341742
357075
365206
356252
364373
357092
365189
356235
348748
340921
348137
340213
348756
340909
348125
358067
366140
358333
365724
358216
365704
358079
349058
341865
349354
341788
349342
341760
349088
357070
364370
365216
356243
365190
356230
357086
348755
340214
340923
348133
340909
348122
348779
317499
318074
310798
310992
317410
318037
310790
325194
332762
324534
332257
325191
332758
324533
317365
309916
316762
309201
317356
309911
316767
325974
333087
326271
332847
326177
332799
325979
317545
311108
318185
310787
318154
310790
317582
325197
332260
332782
324540
332764
324534
325205
317368
309198
309899
316783
309906
316772
317375
287398
288042
280975
281053
287435
287910
280906
294791
302164
294173
301554
294855
302127
294117
287239
280156
286692
279336
287325
280068
286633
295565
302749
295763
302246
295681
302226
295549
287382
281068
287834
280854
287857
280875
287391
294760
301547
302117
294092
302116
294096
294752
287201
279307
280007
286603
280022
286606
287199
258177
259086
251903
252132
258226
259005
251848
265453
272580
264824
271957
265517
272515
264790
258108
251109
257560
250422
258158
251061
257540
266184
273057
266537
272525
266468
272501
266171
258192
252149
258913
251817
258942
251829
258213
265419
271936
272486
264771
272484
264773
265405
258083
250412
251017
257527
251033
257530
258075
229161
229627
222884
222931
229140
229608
222901
236553
243651
236091
243172
236583
243609
236072
229255
222289
228905
221845
229269
222290
228898
237132
244034
237286
243536
237206
243509
237128
229177
222962
229611
222916
229616
222913
229209
236539
243165
243586
236067
243590
236068
236529
229250
221853
222286
228899
222290
228900
229249
201135
201763
195066
195345
201135
201728
195080
208155
214985
207732
214717
208141
214992
207747
201101
194293
200727
193832
201087
194305
200739
208785
215240
208962
214866
208897
214838
208787
201135
195362
201690
195080
201709
195089
201154
208167
214723
215022
207767
215005
207759
208171
201113
193844
194316
200750
194313
200748
201125
173703
174451
167603
167726
173668
174489
167557
180336
187156
179940
186844
180329
187166
179959
173408
166773
173054
166096
173395
166665
173073
181210
187888
181585
187181
181556
187154
181205
173718
168062
174409
167596
174448
167771
173752
180362
186853
187191
179991
187177
179985
180382
173424
166221
166605
173099
166817
173089
173450
378194
379313
370088
371242
378205
379298
370074
384252
394077
383076
392332
384342
394116
383026
376548
368494
375078
367019
376567
368488
375087
385982
395663
386789
394780
386735
394506
386002
378195
371228
379332
370068
379299
370066
378210
384188
391923
394054
383033
393746
382996
384248
376551
367046
368527
375148
368495
375108
376594
346415
347362
338597
339451
346438
347343
338582
353025
360849
351667
359402
353024
360842
351698
345296
337571
344038
336391
345309
337557
344051
354242
363299
355280
362220
355269
362228
354251
346402
339448
347339
338569
347334
338568
346405
353038
359421
360846
351728
360838
351721
353043
345292
336394
337548
344075
337544
344066
345299
315311
316061
307626
308457
315282
316076
307661
322136
329843
321110
328760
322118
329847
321122
314463
306773
313461
305905
314431
306821
313493
323030
331582
323823
330782
323818
330781
323035
315327
308467
316105
307697
316089
307682
315336
322142
328758
329842
321129
329840
321120
322145
314474
305925
306864
313509
306846
313504
314478
285198
286001
277850
278654
285160
285974
277886
291798
299191
290800
298325
291725
299254
290889
284397
277020
283369
276241
284313
277107
283486
292630
300871
293394
300118
293390
300100
292644
285221
278647
285964
277922
285964
277909
285235
291835
298361
299308
290958
299288
290935
291856
284444
276301
277177
283580
277156
283548
284467
256309
256989
249207
249868
256276
256991
249227
262739
269808
261851
269044
262664
269889
261941
255624
248500
254758
247842
255551
248563
254836
263472
271350
264168
270659
264164
270649
263482
256327
249871
256996
249243
256994
249239
256335
262776
269098
269952
261998
269931
261987
262796
255660
247877
248609
254895
248595
254879
255677
228076
228544
221055
221495
228064
228546
221067
234537
241481
233838
240827
234499
241529
233891
227564
220576
226938
220065
227539
220593
226973
235111
242721
235632
242156
235632
242153
235115
228089
221505
228552
221084
228552
221081
228092
234561
240863
241568
233934
241557
233922
234571
227586
220086
220624
227010
220615
227000
227594
200068
200427
193109
193485
200058
200437
193118
206632
213606
206160
213123
206622
213619
206166
199661
192701
199204
192288
199654
192709
199207
207050
214436
207425
214062
207423
214061
207050
200072
193493
200440
193122
200441
193122
200071
206638
213139
213636
206169
213633
206170
206639
199663
192292
192713
199207
192713
199208
199662
172474
172701
165585
165812
172450
172729
165481
178907
185780
178536
185389
178897
185795
178542
172062
165294
171754
164800
172042
165181
171763
179317
186544
179643
186205
179644
186203
179315
172492
165974
172764
165398
172752
165620
172499
178917
185398
185800
178545
185799
178549
178914
172079
164925
165102
171766
165322
171766
172082
371815
373093
363844
365263
371752
373161
363895
377944
387463
377009
385787
377951
387602
376979
370402
362417
369165
360986
370396
362420
369112
379477
389933
380776
388376
380644
387901
379558
371867
365316
373298
363979
373223
363936
371921
377943
385434
387673
376946
387331
376932
378037
370409
360954
362459
369069
362426
369071
370447
341355
342685
333777
335139
341298
342721
333825
347328
354883
345690
353320
347311
354898
345651
339870
332348
338163
330627
339847
332384
338141
348851
357841
350291
356439
350282
356415
348861
341373
335164
342758
333851
342757
333854
341372
347332
353294
354922
345629
354908
345627
347337
339872
330612
332381
338119
332387
338122
339870
311269
312414
303754
304906
311234
312436
303786
317472
324899
315673
323129
317417
324945
315648
310020
302516
308260
300923
309959
302580
308239
318820
327593
320027
326356
320013
326356
318826
311300
304917
312459
303817
312447
303807
311308
317478
323117
324937
315675
324947
315646
317466
310035
300925
302588
308275
302605
308242
310018
281671
282560
274422
275415
281633
282651
274464
287857
295102
286495
293689
287794
295175
286517
280592
273385
279329
272295
280541
273429
279379
288993
297417
290039
296362
290024
296355
288997
281686
275449
282696
274488
282684
274480
281690
287893
293683
295202
286513
295211
286516
287891
280628
272322
273463
279382
273454
279389
280636
253224
253985
246229
247113
253150
254079
246294
259327
266303
258217
265252
259289
266347
258272
252358
245425
251292
244472
252327
245448
251337
260272
268271
261186
267342
261177
267335
260278
253250
247146
254126
246305
254120
246314
253251
259346
265282
266376
258306
266370
258305
259349
252372
244496
245459
251374
245459
251370
252372
225684
226350
218818
219514
225655
226388
218842
231723
238539
230784
237613
231699
238566
230820
224913
218079
224015
217299
224887
218108
224053
232540
240181
233294
239392
233288
239400
232542
225701
219533
226414
218863
226410
218860
225706
231742
237638
238580
230861
238579
230849
231748
224932
217328
218138
224093
218133
224081
224939
198200
198731
191333
191831
198183
198737
191340
204455
211260
203723
210518
204429
211289
203752
197625
190802
196965
190258
197606
190811
196987
205091
212614
205669
211985
205672
211986
205089
198211
191839
198737
191358
198738
191355
198211
204468
210537
211310
203775
211307
203768
204469
197640
190263
190828
197010
190822
197003
197646
170932
171240
164071
164417
170901
171262
163955
177250
184017
176739
183509
177247
184023
176756
170423
163762
170028
163179
170402
163658
170045
177711
184949
178107
184514
178111
184514
177705
170944
164552
171282
163861
171279
164073
170939
177249
183506
184025
176765
184024
176769
177240
170439
163301
163560
170062
163791
170062
170448
365222
367334
357036
359074
365328
367213
356969
370866
379599
368453
376426
370908
379826
368403
362601
354667
360597
351835
362647
354620
360509
373236
383884
374827
381976
374796
381615
373227
365176
359030
367147
356961
367147
356950
365169
370845
376316
379884
368439
379622
368490
370840
362588
351827
354610
360332
354599
360487
362608
333603
336131
326291
328574
333652
336073
326259
338729
346211
335414
343691
338762
346162
335414
330704
324080
327964
321053
330731
324043
327906
341220
351312
343620
348997
343610
348980
341241
333589
328558
336049
326252
336045
326241
333610
338718
343610
346169
335530
346146
335468
338741
330705
321067
324025
327917
324020
327875
330759
304298
306307
297225
299108
304297
306320
297236
309696
316221
307329
313955
309689
316205
307347
302097
295553
300498
293369
302105
295558
300449
311582
321061
313715
318770
313674
318752
311599
304305
299136
306383
297269
306347
297251
304318
309698
313968
316221
307379
316199
307398
309682
302092
293406
295545
300272
295558
300406
302096
276063
277891
269296
270942
276055
277895
269302
281423
287738
278971
286007
281435
287720
278962
273932
267994
272237
265932
273934
268000
272175
283107
291955
284943
290030
284921
290007
283113
276080
270943
277899
269330
277897
269310
276095
281408
285896
287754
279076
287718
279019
281401
273943
265953
267995
272124
268008
272144
273994
248819
250206
242207
243445
248812
250239
242216
254539
260479
252762
259131
254506
260487
252800
247251
241273
246306
239667
247240
241298
246272
255677
263980
257105
262379
257094
262347
255710
248849
243461
250241
242271
250242
242246
248879
254566
259088
260527
252853
260493
252833
254567
247255
239716
241305
246103
241320
246195
247285
222034
223104
215501
216452
222004
223141
215520
227866
233717
226129
232620
227846
233720
226136
220613
214833
219717
213409
220624
214845
219672
228805
236641
229923
235411
229909
235407
228812
222058
216476
223180
215533
223171
215533
222062
227873
232581
233787
226279
233735
226192
227859
220622
213437
214867
219564
214862
219625
220661
195533
196313
188976
189668
195514
196339
188995
201687
207416
200220
206525
201663
207411
200269
194412
188626
193821
187566
194409
188653
193806
202246
209744
203062
208756
203052
208759
202250
195549
189678
196348
189033
196350
189018
195553
201695
206507
207455
200432
207417
200341
201674
194422
187651
188685
193756
188681
193801
194459
169113
169485
162590
162865
169086
169496
162489
175493
181151
174467
180661
175482
181147
174474
168311
162865
168017
161781
168303
162750
167954
175734
182942
176266
182245
176262
182234
175742
169137
162989
169511
162422
169501
162645
169143
175512
180627
181214
174552
181164
174515
175499
168327
161932
162604
167839
162844
167906
168366
)
;

boundaryField
{
    inlet
    {
        type            zeroGradient;
    }
    outlet
    {
        type            fixedValue;
        value           uniform 0;
    }
    seabed
    {
        type            zeroGradient;
    }
    top
    {
        type            zeroGradient;
    }
    side1
    {
        type            zeroGradient;
    }
    side2
    {
        type            zeroGradient;
    }
    submarine
    {
        type            zeroGradient;
    }
}


// ************************************************************************* //
