
592
(
97
98
98
98
98
99
98
12415
12415
101
102
102
102
102
103
102
5251
5251
142
143
194
194
195
195
195
195
196
196
197
142
143
194
194
194
194
195
195
196
196
196
196
197
142
195
195
12638
12638
12638
12638
12638
12638
12638
12638
12638
12959
12959
12959
12959
12959
12959
12959
12959
12959
13058
13058
13126
13126
143
144
144
144
144
160
144
12825
12825
145
160
161
161
161
161
161
3544
3544
193
13057
13058
13058
194
196
196
6615
6615
6615
6615
6615
6615
6615
6615
6615
6617
6617
7049
7049
7049
7049
7049
7049
7049
7049
7049
7243
7243
315
316
316
317
316
11812
11812
320
321
321
322
321
7170
7170
422
423
474
474
475
475
475
475
476
476
477
422
423
474
474
474
474
475
475
476
476
476
476
477
422
475
475
9236
9236
11959
11959
11959
11959
11959
11959
11959
11959
11959
12369
12369
12370
12370
12370
12370
12370
12370
12370
12370
12370
423
424
424
424
424
440
424
12425
12425
425
440
441
441
441
441
441
2383
2383
473
9235
9236
9236
474
476
476
4505
4505
4505
4505
4505
4505
4505
4505
4505
5291
5291
5308
5308
6141
6141
6141
6141
6141
6141
6141
6141
6141
590
13123
13124
13124
13124
13124
591
592
592
592
592
593
594
594
613
613
614
591
592
592
593
594
594
594
594
613
613
613
613
614
591
592
592
12323
12323
12821
12821
12821
12821
12821
12821
12821
12821
12821
12958
12958
12958
12958
12958
12958
12958
12958
12958
13124
13124
594
613
613
6609
6609
6609
6609
6609
6609
6609
6609
6609
7309
7309
7448
7448
7450
7450
7450
7450
7450
7450
7450
7450
7450
614
615
615
616
615
7640
7640
616
617
617
617
617
618
617
5988
5988
945
946
946
947
946
11533
11533
950
951
951
952
951
3095
3095
1424
9301
9302
9302
9302
9302
1425
1426
1426
1426
1426
1427
1428
1428
1447
1447
1448
1425
1426
1426
1427
1428
1428
1428
1428
1447
1447
1447
1447
1448
1425
1426
1426
9302
9302
10872
10872
10872
10872
10872
10872
10872
10872
10872
12458
12458
12458
12458
12458
12458
12458
12458
12458
12459
12459
1428
1447
1447
5374
5374
6060
6060
6060
6060
6060
6060
6060
6060
6060
6658
6658
6660
6660
6660
6660
6660
6660
6660
6660
6660
1448
1449
1449
1450
1449
10101
10101
1450
1451
1451
1451
1451
1452
1451
4485
4485
1681
1682
1682
1682
1682
1683
1682
12772
12772
1685
1686
1686
1686
1686
1687
1686
6446
6446
2383
3744
5290
2383
3744
5290
2590
3544
3544
6616
3088
3095
3095
6110
3315
5251
5251
5251
5251
6021
3682
5988
5988
5988
5988
7449
4485
6659
7059
4485
6659
7059
5290
5291
5291
5308
5308
5324
5374
5375
6658
6658
6658
6658
6659
5374
5375
6658
6658
6659
6446
7180
7421
6446
7180
7421
6616
6617
6617
7243
7243
7259
6901
7170
7170
7407
7309
7310
7448
7448
7448
7448
7449
7309
7310
7448
7448
7449
7640
12271
12324
7640
12271
12324
8675
11246
11812
11812
11812
11812
9235
12368
12369
12369
9301
12459
12459
12459
12459
12460
10101
12457
12460
10101
12457
12460
10479
12186
12772
12772
12772
12772
10874
11533
11533
11533
11533
12050
11995
12415
12415
12415
12415
12418
12323
12324
13123
12323
12324
13123
12368
12425
12425
12426
12825
13125
13168
12825
13125
13168
13057
13125
13126
13126
)
