/*--------------------------------*- C++ -*----------------------------------*\
  =========                 |
  \\      /  F ield         | OpenFOAM: The Open Source CFD Toolbox
   \\    /   O peration     | Website:  https://openfoam.org
    \\  /    A nd           | Version:  10
     \\/     M anipulation  |
\*---------------------------------------------------------------------------*/
FoamFile
{
    format      ascii;
    class       volScalarField;
    location    "9.6";
    object      p;
}
// * * * * * * * * * * * * * * * * * * * * * * * * * * * * * * * * * * * * * //

dimensions      [0 2 -2 0 0 0 0];

internalField   nonuniform List<scalar> 
12920
(
-56959.2
144470
168162
264364
261681
289789
272445
267274
244786
227979
204198
182870
158983
135959
112271
88894.1
65257
41061.1
17587.2
990.655
86578.2
258542
207491
305761
286547
305026
279547
271669
246856
229327
204914
183358
159196
136132
112354
88993.7
65370.5
41126.7
17632.9
1048.52
562509
400031
291502
355998
311347
321421
289086
278316
251207
232408
206920
184956
160220
136798
112777
89416
65698.2
41498.2
17937.9
1158.44
452094
462164
363169
406600
349805
341847
301977
285458
255678
234855
208667
185999
161180
137440
113238
89769.5
66137
41838.1
18164.4
1226.38
204397
454007
304527
381200
340041
340818
307034
289652
259649
237907
211032
188154
163054
139444
114808
90758
66797.2
42322.3
18454.6
1380.95
63818.2
574959
396072
433200
379882
363491
320785
296521
264398
239590
212991
188976
164391
140546
116313
91994
67546.5
42908.8
18903.9
1638.75
562444
609310
453517
444282
377827
361065
321887
296511
265630
241095
214314
190800
165649
142207
117645
93662.8
69125.6
43762.3
19485.6
1959.82
685687
680791
513401
481820
414842
378777
341342
305757
272790
247647
222273
197084
172490
148667
118705
94513.3
69984.8
44647.3
20188.2
2313.53
958101
733713
536563
477504
396338
382810
346642
311037
281053
252938
226401
200820
176064
152044
125440
94880.5
70634.7
45430.2
20802.6
2660.64
638328
617695
512279
472054
414195
385410
349190
316417
286010
255507
227442
201189
176019
152053
125472
95393.2
70995.5
45768.1
21185.5
2900.5
813564
607279
501282
467788
397031
382594
349626
317874
286524
256965
228893
201969
175761
151578
125503
95545.9
71207.4
45940
21402.9
3095.97
299833
420922
411893
426572
380558
369267
342171
311048
282470
255000
228468
202845
178142
153501
125803
95817
71301.4
45911.3
21520.8
3335.85
361637
411296
384548
390801
348765
342893
320300
298542
272353
247532
222716
198276
174329
150923
120173
95577
71081.7
46071.3
21611.3
3566.76
437615
351997
339827
364848
330057
329451
298149
284288
257090
236662
211724
189890
165728
142516
118344
94672.9
70547.6
46013.5
21870.2
3887.46
378859
381447
313591
344030
307020
309220
284784
272199
249267
230149
207891
186447
163525
140590
117227
93845.2
70203.9
46077.4
22024
3918
207114
302070
278063
323267
297006
302705
276778
266249
243007
226178
203836
183814
161134
139174
116092
93335.2
69915.7
45917.3
22188.5
4103.24
307071
311977
258501
313392
276962
289306
265228
257585
237017
221860
200910
181544
159482
137846
115186
92641.7
69524.1
45746.1
22189.7
4194.21
61489.1
305395
239087
306414
274230
285588
260577
255869
234437
219861
198961
180171
157989
136910
114451
92197.9
69114.6
45490.7
22029.7
4173.01
194676
332198
228923
301497
256368
277800
251897
249750
230210
216851
196703
178504
157231
136272
113906
91727.1
68793.2
45237.3
21854.1
4100.46
315085
333230
242848
295256
255455
276125
250178
247922
228598
215495
195666
177661
156569
135832
113598
91501.9
68595
45173
21797.8
4138.43
-110204
129098
168214
267755
263435
289874
272214
267200
244705
227936
204160
182825
158969
135940
112263
88914.4
65271.1
41074.4
17596.5
974.101
-25376.6
224148
210091
304629
287726
305192
279707
271760
246820
229315
204867
183270
159121
136057
112305
88969.5
65355.6
41135.1
17640.3
1055.48
486041
392400
282038
358718
313459
321821
289400
278540
251260
232459
206921
184962
160120
136659
112719
89377.6
65691.9
41449.9
17906.6
1180.6
476715
462040
363199
406945
350654
342201
302357
285728
255744
234922
208650
185972
161163
137289
113132
89757.7
66138.1
41831
18164.9
1299.53
165762
452100
306255
382208
341275
341505
307263
289838
259667
237899
211003
188118
163039
139426
114658
90783
66815.8
42345.5
18480.1
1479.37
69495.7
528313
392546
431526
380038
363619
320779
296661
264278
239549
212924
188961
164403
140666
116426
91804.5
67563
42926.7
18925
1727.38
446534
586458
446941
443425
377916
361480
321876
296784
265542
241098
214295
190723
165638
142180
117668
93717.2
69055
43826.4
19504.5
2042.92
800329
663330
510625
481705
413821
378950
341187
305471
272946
247635
222244
197083
172566
148668
118751
94532.8
70006
44721.5
20231.9
2398.99
960490
717626
532856
474009
393784
382415
346543
312081
280750
252629
226290
200763
176055
152060
125638
94984.1
70669.5
45430.3
20842.2
2742.04
586328
615408
506903
469817
413622
384608
349386
315789
285611
255178
227323
201177
176094
152099
125563
95476.6
71036.7
45782.1
21218.9
3000.11
835659
608560
502260
469399
397586
382617
349590
318292
286717
257068
228895
201710
175552
151619
125656
95641
71368.3
45950.4
21418.2
3207.33
302400
426867
410024
425946
379755
369234
342134
311176
282610
255090
228576
202983
178074
153563
125855
95947.9
71293.8
45988.3
21542.9
3416.64
499712
413161
387005
389984
349030
343277
320143
298746
272740
247765
222966
198470
174323
150967
120200
95551.2
71040.6
46008
21660.6
3643
368454
338985
340863
361887
329664
328998
298448
284221
257129
236864
212009
189951
165662
142513
118336
94618.1
70505
46013.3
21824.3
3927.19
256142
357863
311356
341872
306637
309404
283470
271771
249129
229971
207938
186616
163533
140593
117223
93844.5
70195.9
46032.9
22056.2
4001.91
361012
312406
279357
321923
297015
301164
276534
266109
243130
226211
203860
183823
161124
139175
116096
93354.3
69975
45927.4
22188.4
4175.92
137929
315759
256462
313016
276826
289951
265555
257891
237448
221938
200787
181416
159478
137857
115186
92677.3
69564.4
45781.3
22210.9
4259.71
38166.3
294601
234525
307906
272842
285779
260500
256012
234260
219888
198849
180166
158040
136945
114495
92224.5
69146
45502.4
22060.6
4238.29
260302
316857
227003
300346
255840
277815
251894
249828
230172
216859
196686
178508
157250
136323
113934
91740.4
68813.7
45246.7
21870.4
4145.25
283164
324284
236226
295989
255042
276404
250171
247986
228559
215611
195636
177657
156582
135833
113618
91517.3
68616.4
45160.6
21827.2
4193.44
-105088
124948
169589
271389
264348
289953
271871
267121
244611
227914
204191
182795
159012
135997
112261
88905.5
65292.5
41056.9
17635.2
1004.24
37413.3
214672
212414
306546
289169
305478
280068
271987
246836
229276
204847
183157
159075
136055
112302
88980.6
65406.2
41170.7
17693.7
1122.95
490955
413198
278309
362681
315732
322562
290271
279035
251510
232630
206988
185013
159939
136646
112672
89342
65690.6
41443.7
17917.3
1231.21
421862
460189
356995
408424
353378
343139
303240
286134
255896
234994
208628
185936
161229
137146
113077
89722.5
66132.9
41840.7
18223.8
1451.55
148929
455076
305623
384905
342532
342175
307534
289986
259681
237863
210964
188046
163001
139274
114519
90773.7
66834.8
42413.2
18626.4
1667.29
146557
507845
394915
430102
380957
363823
320824
296632
264157
239252
212836
188946
164417
140727
116433
91725.3
67576.2
43013.3
19101
1931.76
422365
570069
446207
445333
378362
361729
321630
296472
265505
241243
214300
190719
165659
142270
117685
93624.3
68993.6
43909.8
19689
2251.89
743082
654181
514958
487418
412691
378504
340674
305228
273600
247691
222136
197085
172672
148679
118744
94521.8
69976.1
44814.2
20380.6
2600.58
892472
704547
537315
479311
396414
383328
346019
312149
280270
252416
226211
200715
176078
152105
125807
95051.9
70754.8
45480.7
20949.5
2928.42
692316
622098
506366
471378
413055
384105
349601
315939
284792
254509
227086
201070
176154
152193
125721
95520.6
71231.1
45840.5
21304.8
3182.87
668840
594581
501361
469802
399690
383232
350090
318259
286787
256611
228673
201425
175511
151809
125781
95713.5
71409.7
45987.6
21528.4
3408.91
357461
426755
410909
425570
381196
369829
342529
311431
282924
255379
228839
203185
178199
153173
126028
96038.5
71328.7
46041.3
21617.8
3603.64
441680
409007
386255
389177
350448
343369
320210
299200
273476
248548
223444
198632
174429
151065
120144
95509.5
71003.1
46006
21732.9
3794.11
279605
321689
336365
357899
329548
328409
298550
284131
257575
237087
212370
190029
165673
142520
118332
94524.4
70417.9
45959.8
21814.6
4036.55
181873
352402
324315
341208
307248
309761
283168
271658
249109
229918
207946
186626
163545
140631
117221
93847.6
70236.6
46065
22144
4174.76
190783
304875
280489
321718
296906
300909
276789
266260
243536
226288
203901
183840
161155
139210
116120
93417
70065.7
46001.7
22232.7
4320.83
357932
330429
258198
313065
277026
289670
265648
258317
237504
222060
200803
181408
159492
137893
115214
92774
69656.7
45792.3
22271.9
4378.09
179410
282757
243217
309223
272564
286009
260500
256037
234147
219889
198720
180207
158189
137195
114592
92296.6
69206.5
45529.5
22120.8
4353.59
113131
301193
226136
297921
255907
277632
251914
249889
230076
216958
196748
178546
157256
136364
114019
91781.1
68853.8
45254
21918.8
4237.42
229188
297718
232198
295135
254594
276415
250201
248078
228547
215611
195654
177663
156606
135871
113611
91524
68637
45175.9
21861.3
4243.34
-131882
117047
171579
273645
265658
289609
271841
266898
244542
227791
204193
182830
158995
135969
112271
88918
65304.2
41068.2
17630.3
1091.62
24232.6
199335
207065
310145
290209
305508
279899
272102
246633
229032
204877
183253
159095
136075
112351
89010.3
65451.8
41192.8
17688.5
1233.26
538791
428297
273716
363233
314518
323553
292514
279700
252051
232962
207029
184848
159849
136586
112595
89279.3
65675.4
41449
17922.3
1424.9
487312
447219
349886
409881
354792
344134
304589
286689
256175
235061
208607
185892
161217
137114
113019
89654.1
66097.2
41849.6
18286
1784.95
239098
422673
312103
385488
343704
342799
308127
290118
259740
237774
210922
187947
162961
139173
114554
90758.8
66841.1
42496.4
18808.9
2077.2
340249
497077
400696
429047
382019
364096
321001
296332
264032
238805
212742
188840
164381
140615
116391
91776.9
67669.2
43156.9
19332
2357.26
364502
583785
444552
447900
379126
361259
321619
296308
265534
241521
214320
190738
165669
142349
117640
93405.4
68932.3
43998.8
19915.3
2677.08
783837
640083
519347
488566
412237
378817
340293
305689
274268
247876
221990
197024
172716
148627
118725
94431.6
69912.1
44912.9
20597.5
3011.53
787112
688710
537247
477731
395251
383185
345542
311643
279998
252322
226201
200685
176123
152125
125880
95126.6
70923.2
45596.2
21115.6
3319.88
691517
622256
506146
472587
412084
384146
349860
316075
284046
253960
226741
200852
176121
152260
125824
95656.7
71312.2
45924.7
21426.7
3567.51
710128
597445
500368
469764
401002
384638
350402
317698
286506
257250
228803
201602
175715
151976
125836
95928.2
71432.8
46062.6
21671
3781.09
256018
423488
411123
424553
381279
370478
343003
311866
283386
255848
229167
203451
178251
152848
126324
96065.8
71348
46088.4
21774.6
3980.17
460911
403188
388238
387563
351226
343277
320689
299545
274264
249201
223683
198749
174624
151125
120126
95471.6
70965.3
45996.2
21836
4149.53
367152
327031
334843
354533
329393
327871
298693
284120
257831
237220
212469
190036
165707
142522
118325
94475.6
70352.9
45962.3
21927.2
4335.45
265078
341705
317871
334517
307134
309848
283611
271517
249180
229899
207940
186515
163536
140648
117217
93925.1
70330.8
46142
22333.3
4547.94
130813
298602
278265
317748
296186
300691
276968
266483
243543
226317
203961
183868
161177
139297
116140
93471.6
70133.2
46080
22344.1
4672.27
321138
326797
255456
311673
276602
289039
265636
258675
237624
222114
200844
181532
159493
138115
115410
92828.9
69707.8
45833.1
22328.6
4686.5
190676
265883
238339
306901
271286
286197
260535
255938
234073
219852
198614
180208
158327
137337
114746
92325.2
69250.4
45569.6
22191
4652
31092.7
245617
213873
295357
255360
277498
252074
249979
230029
217060
196860
178609
157273
136392
114051
91794.7
68875.7
45304.3
21987.2
4484.56
130410
276134
223815
294150
253670
276118
250187
248157
228589
215655
195699
177721
156584
135861
113627
91540.3
68662.4
45176.3
21881.3
4325.72
-32438.8
123109
175088
277190
267355
290031
272014
267080
244528
227797
204193
182847
159059
136016
112272
88901.1
65290.2
41040.5
17562.2
1185.94
104044
202859
207579
314147
291372
304919
280456
271769
246801
229002
204940
183343
159132
136053
112296
88946.2
65410.3
41164.3
17631.8
1352.14
573726
439322
272763
362087
312023
325378
294655
280274
252421
233089
207074
184769
159851
136458
112470
89182.1
65634.4
41444.8
17884.5
1700.34
214124
433295
341173
411984
355232
345889
306457
287055
256465
235051
208620
185845
161155
137212
113114
89558.3
66004.3
41818.9
18258
2047.68
43815.7
404001
307452
383921
344183
342982
308765
290071
259836
237626
210914
187888
162942
139120
114584
90751.4
66846.5
42516.7
18867.7
2373.33
264083
483180
400993
428287
383618
364104
321324
295736
264005
238460
212706
188698
164338
140499
116296
91953.7
67874.4
43257.8
19439.6
2668.49
567655
574709
447485
449150
379426
360347
321799
296358
265615
241686
214352
190763
165655
142349
117584
93264.3
68919.3
44081.1
20024.2
2982.86
887501
650357
519710
490071
412307
378961
339879
306173
274635
248007
221865
196987
172585
148621
118649
94363.3
69872.9
44931.7
20676
3304.05
925485
689901
538900
481090
395727
383062
345602
311605
279958
252220
226132
200641
176132
152061
125892
95157.4
70965
45736.5
21256
3618.62
705924
625006
503742
473084
411669
384509
350066
316012
283637
253709
226446
200605
176026
152301
125880
95660
71416.2
46005.4
21491.2
3856.26
796217
608254
502195
470362
401291
384724
350156
317377
286399
256864
228969
201931
176000
152093
125884
95971.2
71443.5
46106.7
21733.6
4067.35
309562
428924
409584
423770
381799
370764
343463
312544
283790
256115
229386
203674
178149
152929
126572
96044.4
71315.8
46117.5
21868.4
4267.9
385759
390894
386903
387323
351774
342969
321283
299771
274715
249376
223851
198919
174823
151161
120104
95402.1
70896.4
45932.4
21911.4
4403.45
322747
331829
329611
353386
329571
327542
298909
284246
257908
237264
212502
190045
165799
142566
118310
94495
70338.6
46040.4
22001.5
4582.14
282351
354727
320322
332296
307119
309285
284677
271308
249327
229929
207963
186457
163526
140665
117239
93984.9
70377.9
46254.6
22403.1
4815.98
122195
297327
283064
316586
297103
301243
277154
266826
243604
226380
204011
183890
161199
139356
116235
93500.8
70179.9
46172.1
22435
4990.49
282316
324878
254493
310940
276496
288877
265741
258835
237722
222154
200917
181648
159555
138294
115543
92876.2
69774.4
45884.6
22381.7
5000.52
-29628.3
248462
238323
306103
271535
286176
260728
255789
234098
219781
198597
180183
158389
137414
114823
92351.1
69294.5
45614.8
22233.4
4961.88
-113552
220539
210982
293204
255391
277664
252165
249977
230049
217099
196979
178651
157316
136415
114083
91805.5
68895.3
45315.5
21982.7
4711.43
77903
259770
218462
293931
253543
276095
250422
248299
228599
215664
195715
177740
156581
135881
113637
91545.5
68674.1
45176.1
21877.2
4399.89
233731
256040
235058
254071
233466
255838
234769
207525
227972
208618
226838
207335
227755
208272
235620
256016
235747
256467
235666
256280
236011
208839
229138
209781
228816
209010
229433
210036
319912
350904
324395
347176
320894
350672
324344
288122
316196
293045
311812
288051
316128
292662
259926
285133
262273
280862
259611
284853
262069
233207
254927
233969
252710
233050
254737
233886
207156
227215
207586
226319
207114
227169
207576
182230
201145
182329
200775
182212
201143
182341
157986
176147
158085
176049
157978
176174
158121
134309
152162
134539
152043
134362
152179
134562
323836
349249
325848
349410
323690
348689
325639
293942
318256
294742
315776
293602
318320
294887
262910
286977
264305
285782
262721
287072
264343
234259
256996
235683
255310
234148
257027
235662
207651
228745
208390
227373
207637
228676
208256
182210
201728
181957
201185
182249
201568
181882
157945
175561
157251
176072
157991
175553
157426
134349
151440
134263
152079
134367
151604
134322
325803
344901
321169
349636
326125
344703
321191
294194
313441
291041
318177
294367
313501
291140
264186
283806
262649
286654
264271
283893
262701
235812
255727
235409
257040
235854
255778
235470
208597
228741
209177
228912
208520
228816
209306
182127
202787
184323
201812
181967
202937
184314
157586
178079
159557
175604
157414
178146
159600
134161
153400
134729
151570
134284
153388
134543
318520
331351
311702
342235
318626
331330
311533
289513
304483
284726
311133
289606
304484
284969
261805
278109
258737
282558
261856
278288
258851
235036
252312
233368
255051
235095
252396
233506
209202
226985
208353
228532
209265
227092
208396
184345
202059
183794
202934
184268
202010
183759
159582
177566
159792
178050
159698
177635
160035
135106
153887
136267
153576
134895
154124
136368
321184
350410
324352
346294
321323
350436
324365
288023
316151
292490
312217
287884
316205
292028
259508
284693
261938
280386
259289
284163
261474
233024
254624
233836
252457
232980
254237
233664
207099
227136
207566
226219
207041
227012
207501
182214
201138
182351
200718
182210
201093
182380
157990
176193
158143
176060
158002
176245
158209
134489
152197
134623
152085
134564
152258
134657
323754
348449
325423
349593
323939
348317
324659
293393
318223
294928
315894
292779
317502
294814
262588
287100
264344
284999
262067
286999
264337
234075
257011
235608
254680
233817
257030
235310
207626
228591
208187
227147
207564
228177
207839
182263
201472
181848
201111
182285
201047
181771
158017
175551
157483
176147
158096
175558
157644
134440
151662
134411
152170
134490
151817
134472
326239
344582
321219
350028
326275
344909
321375
294454
313548
291201
318368
294581
313750
291412
264313
283955
262738
286814
264445
284167
262907
235853
255812
235510
257413
235745
255959
235677
208452
228863
209396
228751
207966
229059
209694
181888
203028
184357
201386
181817
203306
184427
157433
178162
159554
175501
157568
178176
159124
134403
153243
134605
151765
134476
152715
134545
318665
330732
311432
342621
318823
330570
311432
289655
304522
285085
311357
289865
304875
285598
261897
278365
258882
282829
262086
278785
259212
235137
252429
233577
255288
235329
252737
233919
209316
227133
208406
228761
209479
227362
208596
184281
202026
183716
203137
184364
202249
183827
159725
177649
160116
178169
159634
177797
160344
134948
154218
136475
153279
134863
154444
136488
321161
350247
324364
345751
320530
350180
324356
287858
316206
291875
311747
287861
316113
291390
259225
283983
261317
280050
259087
283466
260876
232986
254108
233606
252339
233037
253737
233404
207028
226966
207466
226197
206975
226782
207339
182227
201066
182383
200686
182266
200964
182364
158017
176254
158226
176102
158016
176246
158252
134710
152276
134729
152109
134798
152310
134712
323990
348295
324524
349857
324129
348736
324390
292606
317310
294690
316053
292095
317035
294234
261884
286889
264291
284212
261378
286469
263963
247934
247381
255256
254347
248109
247241
255065
220574
220540
227357
227017
220643
220484
227280
182281
200915
181742
200912
182235
200664
181713
158117
175563
157691
176137
158156
175617
157819
134583
151860
134579
152246
134616
151984
134606
326142
344980
321442
350521
325691
345618
321659
294552
313825
291495
317848
294311
314051
291753
264403
284248
262967
286578
264276
284504
263225
250335
249631
257213
255626
250275
248252
257227
221934
221960
228942
228729
222013
222321
228897
181832
203370
184436
201575
181901
203575
184437
157616
178153
158959
175641
157763
178013
158567
134597
152588
134612
151936
134595
152401
134560
318885
330288
311582
342995
319137
330505
312351
289958
305058
285790
311733
290299
305710
286392
262172
278921
259352
283261
262522
279438
260055
235411
252871
234010
255733
235670
253451
234244
209535
227408
208674
229095
209756
227614
208945
184398
202324
183889
203373
184505
202531
184060
159539
177861
160402
178253
159268
178050
160517
134912
154500
136538
152898
134866
154562
136472
320252
350059
324344
345602
319645
350105
324132
287895
315955
291237
311581
288077
315487
290878
259042
283312
260746
279962
258918
282946
260442
233076
253624
233327
252236
233085
253355
233120
206961
226705
207291
226156
206898
226495
207137
182309
200923
182348
200641
182438
200791
182275
158031
176232
158252
176137
158024
176162
158225
134921
152314
134786
152074
134855
152306
134689
324176
348781
324440
350117
324312
349424
324768
291940
317019
294099
316034
291607
317120
293891
261237
286342
263776
283695
260952
286167
263569
233378
256528
234809
253744
233173
256161
234841
207246
227747
207330
226503
206997
227851
207537
182212
200631
181747
200664
182121
200882
181895
158162
175659
157862
176053
158165
175799
157966
134726
152024
134726
152293
134736
152123
134691
325551
345750
321735
350252
325239
346490
321988
294219
314130
291841
317389
294053
314399
292097
264241
284593
263341
286404
264115
284853
263610
235724
256385
236112
256846
235835
256652
236338
208147
229536
210118
228933
208592
229752
210301
181945
203659
184426
201873
182181
203825
184309
157812
177937
158502
175937
157930
177757
158475
134689
152373
134622
152072
134634
152384
134615
319247
330465
312574
343465
319668
331182
313030
290430
305904
286540
312372
290795
306340
286852
262660
279567
260212
283714
262941
279914
260651
235751
253568
234263
256066
235912
253859
234378
209847
227663
209002
229342
210069
227849
209129
184533
202585
184101
203640
184549
202687
184156
159199
178103
160537
178172
159136
178190
160513
134933
154558
136509
152866
135027
154411
136464
319613
349990
323963
345643
319697
350169
323716
288155
315337
290800
311765
288294
315185
290730
258884
282863
260377
279967
258760
282788
260312
233082
253298
233066
252147
232959
253245
232981
206898
226435
207084
226012
206842
226329
206945
182477
200748
182245
200604
182422
200642
182164
158011
176135
158209
176079
157914
176062
158159
134913
152299
134749
151998
134751
152264
134570
324300
349525
324903
350556
324300
350333
325232
291548
317186
293880
315944
291573
317361
293897
260904
286161
263566
283673
260933
286184
263585
233127
256192
234881
253733
233063
256258
234995
206925
227911
207600
226363
206771
228061
207861
182087
200975
181944
200459
181983
201248
182062
158163
175835
157989
175942
158146
175897
158015
134876
152145
134798
152297
134754
152172
134679
325232
346550
322074
350906
325346
347350
322275
294037
314493
292157
317441
294030
314657
292290
264103
284902
263676
286399
264087
285036
263778
235873
256721
236387
256896
235943
256825
236466
208612
229796
210325
229044
208676
229840
210232
182264
203821
184278
202015
182455
203730
184210
157956
177734
158512
176134
158000
177689
158767
134736
152423
134746
152127
134677
152678
134792
319841
331325
313094
344035
320190
332534
313219
290874
306421
286848
312784
291038
306613
286985
263004
279986
260706
283943
263101
280247
260690
235950
253932
234400
256205
236029
253971
234452
210111
227886
209153
229467
210126
227968
209129
184533
202707
184181
203671
184465
202704
184215
159170
178199
160483
178091
159286
178155
160226
135186
154335
136575
153138
135247
154196
136445
240870
240445
234164
233645
241009
240333
234077
249189
256245
249444
255479
249125
256145
249470
241966
234731
242037
234949
241905
234767
241453
247796
254199
247023
254756
247123
254895
247678
240738
233556
240144
233820
240233
233956
240626
249099
255356
255802
249070
256003
249476
248664
241834
234726
234354
241680
234634
241198
241472
213838
214005
207419
207482
213937
213947
207296
220680
227680
221086
227883
220738
227660
221218
213616
207279
214430
208923
213866
206920
214223
220463
226933
220309
227020
220406
227161
220335
213730
207413
213787
207132
213874
207200
213638
220543
227692
227314
220906
227521
221039
220383
213466
208910
206844
214197
206788
214104
213473
243045
242527
235928
235511
242997
242111
235886
249629
256530
249187
256075
249649
256503
249254
242745
235936
242414
235830
242741
235981
242487
250358
255597
249465
257285
248325
257255
250346
243090
235442
242495
236198
241968
235990
243161
249659
256166
256645
249441
256532
249345
249780
242798
235916
236201
242666
236063
242572
242939
214971
215162
208693
209595
215111
216728
208625
222667
229212
222646
229229
222573
229291
222742
216123
209595
216185
209864
216003
209679
216279
222090
228648
222124
229294
222242
229027
222451
215124
209841
215639
209167
216506
208810
215588
222792
229325
229537
222955
229398
222846
222941
216246
209952
209892
216481
209771
216391
216375
323584
340866
323180
341745
323585
341184
323003
288241
305322
290496
305665
288351
305072
290123
260008
274981
261333
272811
260043
274967
261403
235430
248651
236261
247631
235417
248699
236257
209355
222660
210030
222265
209335
222656
210007
184637
197543
185379
197069
184672
197516
185366
160334
172851
160910
172510
160329
172838
160897
136519
148983
137131
148665
136543
148960
137121
361243
384189
363241
383519
362193
384409
364292
341411
337582
350685
346796
338064
350332
341158
306151
302939
314610
311230
303066
314774
306102
275598
274130
282761
281017
274082
282737
275632
246974
246322
253752
252885
246249
253706
247006
220249
219935
226737
226384
219928
226730
220250
194742
194570
200975
200809
194559
200969
194747
170126
169989
176168
176059
169985
176162
170127
146292
146068
152155
152040
146065
152153
146293
113358
125571
113605
125509
113371
125602
113616
362829
386733
361652
384562
362667
386609
361788
339629
340106
349504
349244
340256
349437
339756
309976
309141
317280
316073
308866
317108
310043
278939
278161
286783
285977
278143
286787
278939
248943
248283
256206
255477
248253
256192
248960
221157
220773
227943
227434
220769
227919
221178
194882
194805
201358
201190
194809
201348
194885
169743
169912
175862
176034
169924
175892
169721
146090
146167
151927
152054
146168
151930
146092
113614
125516
113772
125514
113585
125559
113740
359772
377230
356716
382764
359760
377152
356477
341501
341369
349919
349493
341316
349935
341403
308982
309881
316978
317935
309926
317018
308952
278436
278961
285863
286553
278981
285879
278423
249705
249844
256732
256980
249861
256749
249689
222174
222058
228938
228902
222058
228948
222165
195689
195328
202251
201950
195297
202242
195710
170614
169656
176650
175725
169579
176639
170695
146204
145634
152499
151549
145649
152351
146332
113879
125449
113714
125575
113847
125521
113687
351862
363926
343250
369640
352085
364035
343531
330318
333965
337996
341948
334016
337712
330282
301510
303753
308429
311061
303757
308443
301496
274379
275541
281091
282483
275549
281105
274367
247668
248305
254230
255005
248309
254236
247664
221734
222005
228075
228477
222011
228084
221731
196555
196624
202724
202853
196637
202723
196550
171809
171728
177988
178063
171798
177953
171862
147702
147464
153641
153523
147471
153680
147686
114350
127383
114857
125843
114308
127399
114870
311577
314345
305323
320565
311777
314843
305505
286223
294231
281553
298673
286347
294341
281615
259914
269015
256877
272525
259987
269082
256973
235367
245058
232949
247580
235463
245110
233019
210529
220823
208881
222780
210610
220845
208913
186499
196935
185240
198306
186574
197025
185282
162836
173504
161973
174328
162781
173547
162011
139194
150183
138147
150912
139222
150192
138120
323366
340677
322692
341583
323304
341123
322699
288275
304804
289819
305176
288187
304769
289694
260182
274947
261449
273209
260284
274885
261487
235399
248677
236273
247628
235305
248648
236299
209331
222639
209979
222186
209301
222616
209948
184780
197485
185368
197067
184873
197454
185378
160353
172829
160890
172607
160344
172826
160874
136746
148944
137223
148666
136736
148925
137181
361021
383884
363100
384121
360598
385449
362705
341012
339351
349901
346681
341111
339393
350146
306326
303614
315210
312196
306334
303675
315195
275119
273799
282497
280629
275274
273690
282378
246675
246002
253415
252565
246753
245943
253315
220194
219869
226665
226260
220212
219845
226629
194725
194511
200937
200743
194730
194490
200925
170171
169984
176160
176050
170157
169979
176166
146359
146090
152179
152062
146338
146092
152194
113621
125672
113787
125704
113608
125750
113748
362438
385940
361556
384423
362330
385716
361450
339979
340498
349472
349502
339886
340553
349572
308814
308178
315927
315816
309001
308079
315792
278598
277856
286576
285414
278744
277680
286413
248591
247978
255966
255022
248720
247837
255823
220870
220699
227702
227267
220959
220664
227606
194789
194806
201245
201161
194824
194796
201190
169886
170000
175968
176116
169853
170029
175987
146160
146200
151986
152122
146135
146226
152015
113756
125609
113889
125643
113689
125707
113813
359869
377302
356396
383055
360372
378144
356486
341631
341414
350113
349757
341594
341460
350344
309358
310251
317299
318377
309244
310362
317393
278631
279103
286046
286771
278574
279142
286123
249913
249984
256877
257101
249840
250041
256942
222225
221992
229020
228856
222232
221922
229033
195661
195013
202159
201603
195601
194910
202156
170251
169355
176535
175518
170344
169339
176504
146008
145836
151914
151670
145999
145889
151867
113980
125575
113833
125747
113913
125645
113769
351996
363522
343484
369973
352255
364117
343660
330706
334110
338027
342466
330546
334180
338384
301702
303849
308573
311230
301636
303906
308638
274562
275657
281216
282672
274491
275717
281286
247809
248392
254310
255144
247752
248446
254363
221900
222107
228198
228630
221840
222161
228255
196615
196729
202796
203031
196602
196767
202833
171983
171926
177944
178102
171917
171969
177977
147726
147356
153844
153503
147763
147241
153877
114450
127412
114986
125930
114535
127424
114911
311817
314668
305544
320448
312052
315319
305782
286524
294404
281639
299027
286812
294449
281765
260139
269073
257268
273067
260549
269208
257795
235714
245322
233155
248094
236053
245650
233401
210802
220861
209128
223212
211100
221052
209364
186645
197131
185329
198576
186649
197215
185391
162795
173607
162042
174355
162830
173635
162061
139377
150196
138204
151022
139362
150181
138076
323013
340267
322355
340829
322990
340446
322336
288306
304858
289651
305324
288390
305107
289712
260511
274811
261514
273942
260664
274796
261528
235191
248628
236349
247708
234943
248640
236429
209301
222597
209918
222054
209283
222582
209890
184989
197428
185400
197048
185086
197407
185428
160384
172831
160864
172692
160384
172841
160837
136886
148890
137298
148646
136776
148857
137238
360122
384386
362178
383375
359841
384638
361980
340272
338778
349412
345971
340402
338614
349361
305955
303699
314724
312038
306074
303675
314506
274520
273363
281988
280187
274652
273283
281874
246428
245825
253054
252384
246478
245802
252983
220115
219791
226549
226200
220136
219772
226524
194707
194464
200888
200702
194711
194452
200875
170212
170006
176188
176080
170206
170004
176194
146441
146150
152239
152102
146423
146144
152249
113914
125817
113934
125844
113840
125856
113851
362171
385118
361292
384305
362188
385040
361381
340148
340656
349483
349708
340099
340703
349544
308503
308047
315824
315983
308540
308056
315866
277817
277067
285789
284589
278026
276861
285572
200942
201022
200819
194521
194724
194599
194687
169969
170091
176019
176154
169957
170100
176019
146278
146305
152104
152213
146250
146330
152131
113899
125785
113978
125791
113799
125857
113847
360721
378570
356645
384289
361118
379304
356973
341770
341520
350605
350398
341716
341550
350855
309550
310286
317553
318138
309554
310186
317552
278746
279129
286272
286730
278744
279067
286281
202351
201555
202433
196166
194863
196021
194912
169966
169401
176435
175537
170025
169452
176405
146105
146021
151887
151851
146081
146056
151913
114026
125673
113912
125826
113898
125698
113807
352124
363648
343550
370535
352286
364031
343641
330844
334239
338437
342768
330773
334316
338645
302125
304125
308919
311518
301989
304219
309051
275002
275964
281597
283028
274866
276069
281726
248689
255483
248793
248151
254602
248047
254722
222364
228925
222442
222167
228461
222105
228531
203238
196744
196889
202951
196695
196937
202997
172223
172033
178149
178224
172174
172034
178207
147560
146910
153827
153065
147596
146831
153778
114823
127444
115047
126164
114914
127484
114977
312067
315045
305779
320685
312217
315364
305910
287121
294546
281896
299415
287479
294656
282114
261320
269289
257949
273962
261944
269505
258165
236440
245945
233619
248969
236787
246215
233891
211269
221247
209496
223578
211344
221515
209650
186682
197255
185426
198687
186747
197283
185508
162892
173660
162093
174519
162947
173704
162099
139479
150169
138154
151106
139379
150125
137922
322945
339790
322198
340211
322923
339701
322267
288645
305403
289832
305939
288809
305742
290068
260896
274841
261554
274493
261028
274941
261569
234731
248634
236505
247944
234579
248612
236503
209307
222571
209863
221921
209315
222550
209823
185202
197385
185470
196972
185117
197361
185548
160427
172845
160812
172656
160428
172811
160748
136875
148809
137393
148610
136634
148750
137271
359769
384106
361693
383496
359765
384385
361622
339903
338097
348914
345554
339956
337950
348918
305449
303657
313778
311599
305558
303698
313530
274116
273040
281602
279983
274203
272983
281530
246283
245772
252813
252295
246314
245765
252766
220014
219727
226451
226192
220042
219703
226425
194697
194454
200828
200667
194698
194448
200812
170232
170025
176209
176129
170227
170021
176215
146542
146254
152265
152104
146519
146256
152266
114056
125848
114019
125891
113895
125817
113880
362144
384532
361267
384705
362208
384773
361327
340356
340811
349564
349988
340287
340857
349657
308461
307953
316087
316064
308455
307902
316219
277085
276307
284987
283903
277232
276162
284842
246937
254650
247580
247491
253867
246863
254560
220206
226882
220202
220095
226652
220106
226775
200639
194343
194565
200789
194377
194520
200577
169981
170091
175998
176102
169982
170079
175986
146401
146401
152208
152272
146372
146420
152231
114024
125887
113985
125868
113920
125932
113803
361316
379605
357286
385396
361537
380663
357717
341905
341358
351039
350388
341875
341254
351207
309318
309790
317402
317560
309393
309655
317320
278769
278898
286245
286448
278754
278864
286235
250142
257205
250249
250212
256855
249901
257153
221922
229500
222741
222926
228856
221975
229641
202867
196226
195035
201730
196259
195079
202917
169945
169645
176266
175790
169909
169714
176257
146201
146165
152002
152014
146180
146193
152030
114027
125709
114083
125863
113906
125784
114085
352307
363762
343634
371072
352529
364072
343837
331184
334506
338845
343213
331062
334603
339062
302939
304595
309608
312016
302698
304756
309856
275584
276432
282152
283515
275448
276558
282294
249097
248538
255122
255930
248458
249171
255215
222685
222385
228715
229233
222333
222762
228762
196982
197125
203178
203526
196924
197186
203241
172324
171943
178343
178231
172322
171892
178368
147531
146736
153682
152825
147521
146746
153666
115135
127518
115164
126491
115071
127528
115027
312217
315019
305905
321288
312295
315325
305946
287797
294757
282365
299675
288096
294877
282733
262145
269886
258290
274428
262181
270451
258490
237006
246353
234071
249328
237120
246440
234248
211386
221674
209754
223766
211433
221865
209873
186846
197311
185634
198827
186996
197398
185757
163020
173767
162133
174730
163072
173835
162113
139459
150097
138022
151147
139320
150036
137861
322980
339148
322196
340014
322804
339304
322059
288998
305987
290391
306264
289055
306175
290770
261075
275035
261548
274613
261000
275084
261486
234532
248578
236440
248076
234566
248558
236369
209343
222471
209768
221792
209375
222340
209721
184959
197312
185645
196996
184873
197275
185646
160484
172727
160677
172527
160503
172635
160578
136750
148666
137363
148597
136626
148624
137188
359782
384293
361593
383018
360195
385215
361895
339326
336991
348677
345861
339613
336725
348728
305268
303849
313175
311640
305277
303901
313147
273807
272808
281342
279963
273877
272763
281290
246144
245810
252623
252176
246185
245791
252569
219883
219644
226338
226083
219920
219611
226287
194704
194541
200774
200613
194703
194551
200755
170205
170042
176218
176096
170218
169995
176198
146545
146238
152232
152025
146556
146198
152203
114052
125735
114042
125893
113859
125648
113920
362127
384266
361388
384746
362130
384644
361612
340681
340991
349679
350273
340574
341065
349833
308483
307702
316459
315982
308482
307643
316525
276907
275895
284637
283612
276888
275872
284648
247359
246727
254440
253694
247349
246708
254463
219910
219862
226610
226405
219922
219807
226602
194206
194378
200463
200552
194239
194331
200434
169939
170027
175927
175999
169954
170007
175902
146514
146483
152289
152306
146494
146493
152301
114141
125953
113948
125885
114026
125981
113836
361730
380817
358282
384900
362207
381259
359060
341581
341046
351035
350377
341685
341122
351098
309160
309479
317092
317389
309158
309487
317081
278839
278858
286254
286402
278825
278864
286278
250253
249826
257166
256876
250234
249834
257182
223084
222115
229808
229003
223094
222150
229808
196169
195271
202877
201977
196174
195352
202847
170140
169878
176384
176056
170088
169916
176444
146248
146257
152087
152109
146242
146267
152103
114139
125878
114373
125948
114033
125964
114265
352695
363367
343895
371177
353102
363724
344420
331703
334890
339359
343746
331549
335008
339679
303580
305221
310539
312657
303476
305318
310673
275959
276852
282592
283861
275891
276906
282660
248762
249326
255431
256156
248719
249360
255479
222569
222938
228883
229423
222530
222975
228919
197124
197291
203385
203690
197104
197294
203410
172263
171797
178378
178130
172280
171786
178368
147628
146933
153664
153015
147606
147024
153668
115221
127510
115171
126624
115099
127501
115006
312341
315263
305940
321707
312421
315475
305681
288332
294959
282995
299978
288531
295310
283391
262225
270625
258526
274882
262337
270730
258508
237172
246503
234314
249431
237203
246604
234414
211505
221982
209926
223943
211594
222069
209896
187141
197535
185811
199015
187239
197687
185856
163141
173904
162115
174894
163201
173958
162053
139440
150001
138029
151169
139320
149982
137909
332529
328263
323674
320165
328678
323918
332249
341970
351124
341396
350530
350709
341338
342156
333290
324541
332963
324363
324602
332834
333283
341380
347073
339264
350378
338834
350286
341352
332740
320575
329797
324358
329272
324192
332814
341798
350590
350654
341236
350559
341256
341699
333197
324341
324579
332728
324599
332756
333100
297823
295407
290343
288107
295483
290297
297801
307470
315936
308392
316126
315999
308302
307430
299259
291580
300767
292995
291500
300626
299297
306231
311544
303445
315147
303281
314990
306302
297844
288088
295629
290221
295588
290263
297852
307557
316115
316072
308154
316044
308202
307623
299232
292852
291298
300361
291391
300485
299200
267957
266771
260920
259848
266703
260873
268011
276345
283825
277430
285084
283779
277394
276392
268771
261508
269725
262240
261467
269695
268814
275521
280961
273905
282598
274005
282679
275411
267858
259723
266475
260665
266587
260779
267733
276264
284990
283599
277200
283696
277318
276154
268688
262172
261286
269521
261390
269628
268572
240052
239688
233526
233148
239648
233512
240071
247265
254260
247806
254895
254223
247779
247292
240320
233624
240781
233955
233613
240761
240338
246910
252797
246079
253522
246157
253623
246834
240007
233090
239544
233448
239594
233482
239955
247210
254830
254069
247647
254157
247724
247141
240279
233927
233559
240664
233589
240720
240228
213697
213471
207377
207146
213465
207373
213699
220414
226933
220613
227209
226927
220611
220418
213823
207437
214028
207585
207433
214028
213827
220239
226348
219891
226691
219911
226713
220226
213689
207134
213442
207357
213459
207366
213677
220405
227193
226892
220585
226912
220601
220393
213814
207582
207418
214014
207427
214023
213803
188488
188413
182378
182225
188406
182376
188493
194771
201035
194828
201146
201031
194827
194774
188478
182327
188520
182328
182324
188520
188482
194738
200796
194523
200948
194545
200959
194734
188481
182223
188386
182371
188401
182375
188473
194768
201145
201018
194827
201025
194827
194763
188474
182333
182320
188528
182321
188523
188471
164077
163999
158151
157981
163996
158152
164076
170118
176167
170077
176149
176165
170081
170118
164053
158093
164025
158088
158093
164030
164053
170131
176059
169976
176156
169985
176157
170142
164082
157984
163997
158164
164001
158157
164089
170125
176159
176172
170111
176167
170092
170137
164062
158102
158116
164068
158102
164045
164077
140392
140247
134615
134310
140252
134615
140398
146263
152144
146306
152157
152145
146302
146263
140373
134452
140391
134530
134451
140378
140372
146302
152046
146069
152165
146073
152157
146315
140405
134382
140291
134670
140276
134668
140425
146268
152165
152167
146316
152154
146305
146283
140384
134572
134492
140401
134499
140386
140408
331539
331722
324374
323643
331816
324101
331776
339987
349306
340809
349062
349073
340686
340114
332344
325223
333328
325816
325117
333251
332478
339658
349301
340456
349568
340367
349420
339793
331369
323644
332004
323417
331919
323677
331392
339691
348833
348932
340254
348916
340491
339498
332001
325773
324314
332845
324748
333051
331672
302483
301705
294707
293889
301575
294695
302524
310451
317970
310435
318283
317923
310483
310450
302728
294861
302591
294771
294886
302636
302710
309629
315837
308347
316176
308589
316613
309262
302369
293770
301076
294577
301329
294670
302177
310395
318320
317322
310639
317714
310570
310188
302742
294829
294902
302777
294908
302711
302698
271183
270429
263628
262882
270406
263616
271193
279248
287008
279294
286996
287025
279309
279237
271593
264084
271731
264318
264083
271748
271587
278911
285909
277998
286694
278095
286762
278848
271149
262818
270263
263507
270353
263580
271083
279254
287032
287039
279356
287043
279332
279240
271589
264333
264034
271782
264070
271767
271563
241795
241180
234829
234242
241155
234807
241816
249477
256717
249817
257011
256711
249833
249487
242343
235352
242691
235688
235332
242703
242359
248901
255410
248099
256078
248192
256153
248825
241744
234205
241028
234676
241105
234755
241662
249447
257025
256639
249859
256689
249850
249387
242305
235685
235207
242703
235286
242711
242237
214469
214160
207898
207651
214160
207884
214489
221546
228420
221888
228742
228395
221887
221570
214796
208146
215086
208372
208128
215081
214819
221109
227411
220731
227792
220755
227867
221042
214425
207646
214138
207803
214152
207850
214362
221489
228723
228252
221789
228341
221856
221398
214741
208324
208018
214954
208083
215035
214659
188468
188467
182116
182220
188472
182131
188468
194943
201526
195089
201707
201511
195065
194956
188438
182001
188485
181944
182009
188462
188444
194869
201188
194811
201290
194811
201324
194850
188468
182234
188488
182168
188480
182158
188464
194912
201650
201419
194924
201472
195006
194870
188421
181914
182017
188348
182016
188411
188397
163712
163886
157772
157946
163891
157789
163689
169504
175658
169300
175562
175693
169334
169449
163457
157505
163215
157310
157536
163264
163413
169780
176050
169970
175947
169943
175922
169817
163748
157967
163946
157851
163917
157819
163787
169550
175557
175753
169372
175722
169354
169591
163513
157369
157630
163343
157582
163303
163563
140230
140309
134394
134343
140302
134383
140242
145902
151689
145697
151488
151707
145728
145889
140127
134280
139986
134255
134277
140003
140129
146096
152065
146182
151961
146166
151942
146111
140236
134382
140323
134418
140304
134428
140254
145914
151546
151774
145829
151738
145776
145943
140143
134322
134331
140087
134337
140037
140176
333411
333745
325098
325874
333819
325148
333336
340030
348649
336835
344833
348620
336835
340059
331820
323588
329028
321165
323589
329016
331829
341548
349504
341388
350156
341324
349974
341613
333495
325995
334036
325310
333934
325228
333564
339938
344650
348632
336767
348523
336784
339929
331811
321177
323635
329006
323604
329008
331822
301151
302003
293421
294218
302034
293440
301128
307592
315508
305831
313444
315520
305835
307578
299904
292338
298379
291052
292353
298391
299889
309050
318049
310139
317196
310023
317099
309140
301205
294279
302207
293545
302105
293483
301277
307629
313467
315601
305899
315552
305859
307683
299941
291078
292438
298473
292385
298419
299996
271109
271517
263871
264203
271536
263889
271094
277640
284933
276680
283817
284945
276690
277629
270437
263323
269612
262655
263332
269620
270427
278469
286598
279058
285970
279018
285914
278519
271143
264235
271604
263966
271569
263923
271183
277669
283841
285021
276750
284975
276713
277710
270464
262673
263395
269674
263359
269641
270500
242710
242791
235792
235824
242807
235803
242696
249361
256299
248897
255734
256308
248904
249350
242480
235672
242113
235422
235683
242119
242469
249740
257010
249940
256825
249898
256783
249784
242740
235844
242865
235859
242838
235830
242774
249395
255751
256374
248949
256336
248923
249443
242513
235444
235748
242168
235711
242142
242558
215463
215291
208819
208596
215291
208827
215458
222247
228924
222169
228757
228935
222180
222240
215614
209037
215631
209188
209053
215636
215608
222201
228914
222035
228997
222056
228974
222219
215480
208572
215233
208827
215277
208838
215484
222273
228782
228992
222250
228960
222206
222304
215644
209237
209138
215729
209094
215673
215680
189161
188691
182754
182101
188658
182747
189189
196220
202582
196535
202802
202593
196563
196208
189959
183781
190386
184317
183781
190407
189956
195649
201897
195121
202188
195222
202224
195610
189128
182041
188500
182777
188587
182751
189106
196254
202866
202675
196686
202631
196623
196310
189992
184296
183881
190467
183822
190433
190067
164664
163633
158682
157518
163522
158543
164798
171696
177649
171886
178101
177681
171917
171661
165563
159317
165710
159584
159330
165735
165529
170520
175664
169417
176571
169490
176608
170433
164465
157449
163369
158159
163436
158335
164285
171716
178128
177804
171970
177729
171948
171720
165561
159603
159186
165783
159305
165762
165493
140169
139877
134162
134173
139927
134203
140253
146844
153105
147227
153419
153100
147231
146873
140615
134504
141055
134627
134450
141028
140690
146081
151538
145771
152028
145706
152177
146011
140144
134273
140066
134299
139991
134315
140167
146692
153431
152812
147050
152998
147205
146518
140509
134640
134459
140745
134530
140897
140450
322800
326189
315493
318537
326202
315511
322782
326926
333989
325108
330843
333851
325110
326835
319619
312819
318753
311669
312823
318745
319603
330438
341994
334114
338187
334014
337802
330606
322884
318575
326305
315633
326236
315564
322989
327046
331158
334228
325156
333929
325154
327208
319732
311619
312950
318633
312873
318709
319854
294713
296582
287923
289530
296594
287946
294700
299280
305721
297349
304469
305746
297354
299252
292744
286372
291252
284787
286406
291342
292707
301541
311091
303806
308522
303771
308477
301584
294737
289564
296651
288018
296612
287974
294779
299343
304474
305852
297515
305786
297450
299413
292801
284866
286530
291552
286457
291443
292874
267563
268610
260908
261810
268617
260919
267554
273054
279581
271591
278144
279605
271622
273026
266327
259871
265089
258750
259887
265110
266307
274402
282517
275609
281165
275570
281128
274439
267584
261827
268673
260983
268635
260947
267622
273094
278194
279705
271776
279645
271676
273154
266352
258776
259975
265205
259929
265125
266393
241063
241619
234569
235046
241628
234583
241056
246896
253277
245938
252321
253280
245950
246888
240413
234079
239659
233390
234096
239682
240407
247682
255022
248352
254273
248325
254248
247710
241077
235066
241678
234646
241648
234608
241110
246919
252334
253318
246044
253293
245970
246964
240432
233419
234185
239809
234131
239718
240472
215325
215556
209058
209198
215561
209051
215323
221339
227587
220804
227002
227596
220813
221329
214939
208757
214512
208355
208752
214518
214940
221758
228501
222062
228151
222030
228114
221794
215341
209225
215619
209101
215584
209068
215371
221368
227021
227660
220889
227620
220826
221409
214951
208353
208800
214553
208767
214514
214975
190313
190443
184215
184328
190449
184206
190316
196296
202425
195963
202040
202416
195950
196293
190068
184031
189887
183792
184041
189869
190085
196573
202890
196699
202764
196669
202738
196591
190312
184276
190460
184167
190458
184187
190304
196323
201995
202435
195944
202419
195925
196362
190057
183765
184024
189858
184057
189837
190040
165617
165629
159624
159610
165664
159670
165576
171771
177780
171649
177599
177763
171658
171778
165556
159727
165713
159854
159768
165723
165528
171821
178032
171883
177927
171840
177930
171862
165669
159656
165769
159820
165709
159742
165740
171779
177607
177736
171738
177752
171671
171818
165624
159938
159958
165847
159849
165769
165714
141621
141329
135361
135043
141313
135301
141616
148062
153764
148057
153946
153826
148091
148021
142097
136454
142285
136266
136486
142335
142084
147734
153558
147446
153796
147479
153738
147759
141625
135034
141187
135214
141269
135330
141613
148149
154039
154017
148213
153919
148151
148235
142137
136383
136567
142487
136602
142413
142205
332612
330193
324368
321348
332704
330401
324319
341411
350323
341126
350593
341504
350510
341096
332883
324546
332692
324362
332975
324511
332693
340777
346365
338991
349757
339165
349824
340616
332488
321407
330363
324152
330444
324235
332389
341245
350359
350358
340992
350344
341012
341143
332792
324364
324432
332676
324471
332682
332733
297804
295650
290166
287969
297836
295634
290103
307577
316086
308142
316174
307632
316084
308137
299087
291211
300258
292332
299154
291120
300165
306269
312248
303710
314939
303715
315099
306184
297750
287930
295603
289968
295625
290036
297687
307468
316193
316043
308082
316069
308124
307329
299006
292179
290922
299954
291024
300066
298913
267442
266362
260540
259431
267590
266272
260419
275874
283488
277048
284522
276022
283363
276872
268284
261162
269381
261790
268434
261032
269219
274957
280494
273472
282117
273572
282248
274800
267296
259348
266113
260194
266181
260302
267161
275713
284344
283080
276492
283225
276685
275548
268128
261633
260770
268868
260899
269046
267974
239847
239506
233413
233001
239901
239472
233379
246981
253966
247557
254499
247062
253859
247457
240111
233525
240596
233780
240171
233488
240520
246601
252505
245853
253133
245889
253220
246536
239797
232990
239438
233317
239454
233349
239753
247253
246899
254368
253646
253751
247354
246819
240364
240052
233722
233408
233449
240441
239994
213646
213427
207346
207078
213663
213405
207334
220345
226869
220562
227098
220374
226841
220534
213772
207407
214000
207552
213790
207393
213982
220175
226239
219805
226572
219827
226597
220156
213628
207062
213365
207307
213387
207322
213608
220468
220323
227056
226783
226813
220503
220300
213912
213751
207531
207357
207376
213954
213728
188459
188384
182371
182206
188466
188371
182372
194752
201010
194826
201128
194758
201000
194822
188468
182323
188534
182363
188469
182329
188538
194720
200735
194466
200901
194482
200913
194715
188454
182213
188368
182379
188375
182375
188451
194747
201114
200975
194804
200989
194815
194739
188468
182373
182339
188539
182335
188540
188467
164111
164008
158175
157987
164099
164007
158188
170170
176182
170134
176213
170154
176194
170156
164110
158133
164093
158166
164094
158150
164118
170185
176061
169991
176180
169992
176173
170197
164123
158002
164021
158216
164021
158202
164133
170185
176231
176217
170196
176206
170178
170199
164125
158188
158183
164162
158168
164142
164139
140482
140338
134751
134471
140453
140361
134751
146331
152184
146335
152217
146305
152202
146356
140465
134569
140422
134613
140435
134567
140451
146383
152082
146120
152225
146117
152210
146401
140510
134580
140419
134818
140408
134832
140535
146357
152239
152240
146403
152222
146382
146380
140493
134674
134634
140509
134644
140478
140520
331617
332096
323392
323821
331515
332175
323433
339419
348790
339931
348382
339414
348819
339678
331276
323909
332627
325156
331403
323572
332393
340017
349499
340628
349541
340583
349499
340068
331694
323883
332302
323536
332245
323483
331770
339426
348274
348805
339387
348727
339487
339500
331282
324881
323329
331956
323401
332139
331337
301664
300883
294426
293172
301920
300723
294238
309613
316901
310613
318014
309891
316616
310498
302402
294855
302819
294935
302577
294751
302805
308681
315852
308027
315788
308033
315761
308595
301452
292964
300465
293813
300585
294033
301281
309368
317735
316232
310180
316399
310360
309189
302193
294899
294419
302616
294599
302734
301973
270838
270130
263399
262427
270980
269964
263258
279130
287003
279372
287103
279203
286924
279370
271440
263975
271788
264340
271516
263893
271782
278423
285208
277276
286006
277483
286217
278230
262914
270672
262250
269584
269779
263092
270492
279021
287071
286641
279273
286800
279339
278882
263698
271337
264339
271704
263797
271757
271214
241427
240928
234577
233992
241554
240813
234467
249221
256563
249854
256984
249305
256470
249866
242045
235101
242667
235528
242146
234977
242607
247531
255458
248281
248442
254853
247685
255651
240564
234254
241145
241286
233904
240688
234355
256313
250085
249122
249152
256995
256383
249946
234766
242435
241900
241953
235426
234853
242536
214195
214119
207743
207613
214283
214097
207672
221143
228134
221681
228469
221280
227997
221531
214424
207937
214834
208100
214554
207838
214660
220585
227429
220708
220784
227207
220625
227511
214042
207518
214020
214106
207599
214072
207597
227747
221161
220860
220996
228321
227856
221343
207549
214120
214083
214268
207973
207710
214416
188437
188493
182172
182275
188455
188493
182174
194749
201349
194827
201352
194815
201262
194718
188327
182011
188279
181819
188365
182002
188210
201053
194746
201141
194756
194780
201127
194674
188412
182283
188477
182162
188488
182171
188377
201018
194669
201204
194484
201153
194603
194574
188281
181794
181962
188067
181985
188139
188224
163867
163977
157885
158045
163828
164008
157920
169663
175769
169393
175553
169629
175783
169417
163654
157676
163386
157539
163610
157720
163430
169915
176134
170076
176013
170055
176003
169939
163902
158072
164060
157984
164036
157954
163932
169692
175554
175799
169473
175793
169444
169718
163694
157593
157802
163524
157763
163477
163730
140310
140343
134483
134432
140277
140375
134474
146014
151814
145885
151718
145978
151855
145934
140246
134414
140131
134404
140204
134408
140182
146191
152146
146280
152076
146253
152045
146219
140340
134506
140437
134524
140402
134542
140377
146054
151770
151934
146023
151895
145982
146089
140279
134494
134478
140266
134492
140222
140320
333642
334082
325384
326317
333607
334099
325449
339873
348475
336719
344712
339858
348580
336727
331864
323676
329022
321262
331826
323744
329051
341630
349796
341507
350600
341471
350359
341677
333675
326334
334037
325537
334078
325494
333704
339860
344715
348685
336773
348535
336726
339897
331901
321314
323848
329161
323797
329100
331949
301492
302319
293636
294525
301381
302416
293738
307876
315671
305949
313609
307770
315768
306016
300183
292520
298525
291262
300086
292608
298589
309455
318426
310354
317525
310382
317479
309527
301595
294571
302464
293882
302465
293820
301662
307969
313677
315921
306165
315851
306088
308049
300275
291334
292771
298745
292693
298665
300356
271274
271641
264015
264361
271228
271675
264069
277836
285089
276803
284019
277767
285166
276867
270609
263442
269720
262787
270552
263496
269777
278684
286807
279164
286241
279167
286189
278723
264160
271315
264412
271686
271695
264122
271340
277904
284090
285313
277012
285242
276937
277967
263586
270668
262845
269906
263548
269840
270720
242859
242885
235890
235834
242814
242894
235920
249565
256426
248985
255854
249501
256481
249025
242665
235792
242205
235558
242611
235838
242246
250309
257132
250131
250008
257219
250157
257029
242864
235950
242958
242909
235792
242893
235943
256547
249127
249654
249622
255904
256528
249073
235914
242351
242740
242713
235615
235881
242295
215438
215157
208809
208371
215474
215036
208786
222393
229033
222311
228921
222346
229079
222385
215775
209197
215804
209496
215725
209269
215893
221793
229000
222125
222191
228793
221831
229029
214627
208766
215276
215378
208206
214832
208764
229170
222554
222505
222446
228987
229125
222468
209482
216086
215913
215835
209596
209364
215989
189223
188405
182808
181836
189149
188316
182831
196519
202748
196762
203117
196401
202844
196848
190262
183973
190524
184388
190156
184075
190595
202288
195766
201472
194825
194825
202217
195874
189300
181812
188278
182899
188270
182861
189393
203080
196641
203219
196983
202962
196927
196764
190384
184411
184162
190678
184142
190643
190465
164025
163338
158003
157472
164143
163349
157880
171622
177862
171979
178172
171693
177889
171978
165210
158995
165779
159458
165370
158787
165743
170168
175502
169361
176458
169343
176479
170091
163923
157520
163429
157749
163385
157787
163839
171498
178177
177830
171901
177878
171950
171349
165024
159301
158403
165568
158576
165675
164825
140236
140120
134445
134397
140197
140178
134412
146309
152610
146866
153060
146384
152435
146715
140429
134589
140666
134537
140423
134534
140631
146032
151719
145979
151868
145939
151857
146054
140268
134508
140262
134486
140219
134534
140300
146276
152875
152203
146541
152288
146610
146258
140429
134601
134582
140579
134631
140597
140437
323132
326343
315695
318716
323051
326405
315769
327214
333825
324946
330828
327064
334180
324860
319938
313000
318476
311355
319869
313069
318278
330682
342393
334230
338536
334183
338302
330774
323183
318765
326512
315930
326450
315843
323261
327170
330470
334217
324524
334006
324599
327270
319999
311362
313236
318093
313142
318145
320071
294895
296700
288073
289714
294830
296760
288144
299592
305914
297628
304587
299491
305993
297761
293060
286617
291667
285238
292957
286730
291820
301781
311290
304044
308809
303971
308716
301877
294973
289784
296909
288336
296830
288230
295069
299716
304710
306211
298124
306088
297933
299867
293182
285403
287017
292185
286863
291985
293328
267739
268719
261029
261950
267672
268778
261087
273325
279776
271850
278499
273229
279868
271994
266504
260023
265217
258984
266437
260087
265337
274648
282745
275870
281479
275789
281374
274749
267814
262013
268921
261239
268845
261155
267903
273430
278616
280104
272281
279974
272106
273556
266576
259056
260263
265571
260160
265406
266684
241219
241721
234698
235191
241157
241777
234761
247096
253354
246095
252522
247022
253406
246203
240592
234250
239882
233695
240524
234331
240006
248595
247876
255210
254505
248514
254426
247956
241924
241288
235256
234910
241845
234832
241365
247182
252594
253563
246423
253472
246288
247288
240668
233791
234519
240241
234420
240105
240758
215467
215666
209145
209370
215413
215721
209198
221530
227709
220925
227221
221461
227770
221011
215059
208848
214551
208476
215009
208916
214619
222291
221967
228692
228389
222223
228319
222039
215845
215527
209424
209300
215781
209249
215595
221606
227272
227910
221154
227837
221064
221692
215111
208506
209036
214790
208986
214663
215182
190314
190488
184150
184304
190307
190517
184161
196413
202462
195932
202119
196407
202505
195959
190036
184007
189828
183721
190033
184009
189841
196632
203084
196847
202912
196808
202871
196658
190327
184332
190575
184230
190546
184189
190352
196430
202166
202591
196041
202551
195972
196454
190042
183758
184084
189892
184037
189849
190072
165912
165823
159893
159728
165825
165861
159955
171966
177753
171794
177690
171885
177799
171868
165931
160073
165921
160200
165821
160180
166004
172050
178135
172021
178087
172000
178026
172115
165986
159701
165871
160033
165877
160002
166049
172050
177732
177936
172005
177864
171931
172134
166031
160279
160359
166161
160278
166082
166121
141497
141063
135233
134875
141544
140973
135124
148399
154108
148287
154297
148326
154191
148347
142252
136619
142559
136458
142233
136566
142606
147679
153394
147009
153871
147126
153890
147632
141435
134921
140858
135088
140897
135150
141384
148453
154379
154322
148443
154264
148405
148478
142254
136523
136550
142635
136598
142632
142265
332192
330202
324035
320981
332280
330010
323854
340960
350177
340925
350258
341033
350208
340889
332656
324389
332668
324363
332685
324340
332664
340139
345770
338286
349119
338433
349140
340053
332103
320764
329446
323291
329755
323603
332020
340895
350141
350169
340819
350100
340844
340859
332639
324361
324225
332677
324284
332668
332635
297555
295595
289903
287840
297619
295595
289849
307064
315993
307973
316197
307201
315865
307849
298697
290818
299827
291718
298813
290716
299692
305828
311892
303647
314046
303655
314285
305698
297503
287840
295661
289810
295612
289814
297481
306908
316173
315398
307602
315654
307731
306730
298564
291554
290521
299373
290624
299540
298413
266927
266043
260094
259179
267038
265989
260005
275227
282934
276299
283805
275384
282793
276109
261163
267680
260646
268690
267824
260527
268515
274401
280099
273123
281683
273189
281772
274297
266827
259125
265887
259850
265930
259923
266739
275078
283631
282526
275757
282656
275928
274939
261016
267545
260308
268187
260414
268346
267418
239682
239438
233286
232991
239716
239435
233259
247153
253981
247054
246666
253545
246741
253449
240288
233546
240211
239880
233366
239937
233323
246385
252361
245774
252864
245787
252920
246348
239653
233016
239454
233225
239448
233243
239628
253857
246853
246953
246593
253271
253358
246521
233479
240047
240131
239824
233226
233277
239767
213565
213351
207292
207008
213587
213330
207275
220430
226915
220384
220240
226743
220272
226704
213875
207427
213832
213674
207335
213703
207310
220092
226201
219740
226476
219760
226500
220067
213540
206995
213296
207234
213316
207256
213513
226854
220265
220329
220203
226613
226660
220161
207385
213725
213782
213641
207249
207281
213602
188447
188382
182385
182231
188449
188381
182392
201035
194721
200959
194789
194731
200941
194769
188460
182342
188534
182382
188465
182342
188523
194704
200700
194446
200844
194455
200860
194701
188446
182255
188406
182407
188401
182399
188446
201001
194708
200897
194719
200920
194746
194693
188453
182375
182335
188489
182340
188508
188444
164144
164037
158229
158013
164141
164033
158239
170218
176225
170210
176258
170211
176230
170218
164157
158197
164178
158239
164150
158207
164188
170217
176098
170012
176204
170017
176200
170222
164143
158023
164034
158250
164042
158246
164138
170221
176255
176228
170217
176231
170220
170218
164158
158248
158209
164191
158211
164192
164153
140582
140473
134913
134705
140562
140488
134893
146416
152256
146427
152291
146401
152269
146445
140563
134717
140536
134703
140543
134695
140564
146466
152116
146203
152261
146184
152257
146489
140609
134815
140559
134963
140535
134980
140635
146435
152302
152282
146479
152278
146465
146448
140581
134777
134717
140605
134778
140586
140594
331910
332355
323593
324038
331839
332400
323656
339588
348752
339331
348442
339530
348852
339378
331472
323329
331845
324434
331398
323383
331804
340186
349738
340781
349599
340737
349523
340242
331981
324083
332492
323799
332446
323723
332057
339648
348526
348967
339502
348850
339420
339734
331556
324385
323577
331868
323470
331811
331653
301006
300358
293600
292437
301133
300252
293397
308958
316139
309991
317172
309055
316121
309812
301591
294227
302468
294542
301768
294032
302307
308475
316021
307998
315986
308035
315917
308459
300899
292263
300036
293022
300146
293204
300802
308893
317084
316269
309522
316170
309655
308858
301449
294386
293676
301980
293846
302140
301340
262732
261705
262550
270113
269387
270306
269192
278546
286460
279173
286754
278722
286269
279048
263593
264149
263458
270921
271624
271077
271513
277609
284395
276475
285163
276662
285361
277411
261535
262205
262372
269920
268827
269004
269731
278361
286609
285898
278785
286078
278915
278180
264032
263114
263296
270746
271267
271393
270565
188290
188459
182148
182271
188334
188436
182131
200812
200867
200550
194300
194351
194446
194236
188071
181933
187987
181711
188137
181905
187910
200969
200681
200725
194455
194607
194648
194411
188249
182256
188378
182090
188408
182110
188215
200822
200444
200429
194211
194155
194170
194188
188021
181695
181872
187878
181883
187859
187997
163977
164079
158012
158134
163957
164092
158035
169758
175801
169506
175571
169740
175800
169539
163790
157838
163570
157734
163762
157870
163613
169977
176148
170099
176007
170102
176014
169981
163992
158147
164102
158076
164099
158057
164005
169774
175586
175804
169619
175800
169576
169792
163816
157776
157933
163702
157902
163657
163842
140445
140464
134611
134563
140408
140495
134587
146161
151969
146065
151902
146127
152004
146101
140394
134579
140302
134548
140353
134560
140344
146310
152230
146377
152183
146355
152157
146338
140479
134651
140549
134649
140521
134681
140517
146199
151943
152072
146177
152038
146142
146235
140429
134664
134631
140414
134662
140378
140469
333772
333978
325548
325970
333743
333883
325549
339963
348679
336817
345217
339912
348863
336902
332045
323893
329237
321512
331998
323932
329316
341798
350409
341457
351051
341512
350860
341850
333803
325831
333676
325515
333781
325540
333830
339996
345349
349105
337083
348903
336979
340056
332096
321585
323993
329499
323965
329407
332145
301702
302421
293919
294490
301698
302340
293928
308172
315981
306243
313900
308117
316033
306321
300483
292840
298827
291580
300426
292897
298910
309520
317999
309931
317475
310064
317526
309465
301679
294404
302119
293888
302235
293915
301636
308211
313974
316099
306478
316072
306399
308234
300523
291666
292976
299077
292942
298993
300552
264164
264247
264131
271327
271641
271342
271566
278071
285376
277089
284331
278022
285430
277170
263607
263033
263621
270799
269975
270762
270048
278745
286656
278946
286260
279002
286274
278748
264176
264191
264132
271327
271487
271509
271354
278117
284417
285514
277347
285475
277256
278165
263119
263745
263661
270843
270228
270131
270901
189617
188305
182945
181856
189519
188345
182958
203178
203430
203233
196864
197025
196824
197067
190492
184136
190705
184446
190483
184097
190734
201612
202743
202555
196248
194985
194930
196278
189639
181873
188396
182903
188370
182929
189601
203496
203410
203308
196914
197186
197120
196979
190504
184448
183973
190809
184052
190770
190516
163741
163477
157747
157664
163771
163528
157767
170995
177743
171832
178115
171176
177604
171745
164472
158261
165421
158805
164637
158165
165262
169915
175575
169574
176298
169508
176355
169890
163752
157713
163642
157832
163584
157797
163782
170834
178070
177297
171504
177446
171629
170701
164345
158669
158086
164990
158113
165117
164251
140363
140297
134591
134551
140324
140334
134547
146243
152154
146492
152505
146249
152128
146453
140447
134661
140559
134560
140439
134614
140548
146132
151894
146129
151972
146095
151942
146154
140380
134655
140393
134577
140364
134626
140400
146243
152444
152110
146406
152110
146427
146244
140447
134612
134619
140525
134672
140533
140450
323430
326574
316028
318957
323333
326652
316143
327333
334030
324414
330390
327249
334209
324475
320231
313355
318118
311807
320131
313520
318260
330893
342789
334443
338843
334362
338649
330985
323537
319040
326832
316422
326736
316274
323666
327391
330318
334354
324804
334168
324575
327511
320360
312069
314021
318768
313741
318471
320548
295318
296999
288459
290062
295183
297100
288597
300272
306374
298316
305272
300050
306598
298547
293681
287185
292382
286003
293494
287370
292607
302289
311618
304452
309394
304326
309208
302482
295475
290176
297340
288901
297213
288745
295650
300520
305481
307166
299025
306867
298780
300778
293877
286194
287742
293007
287558
292807
294070
262272
268144
269008
261341
268009
269107
261470
273866
280242
272422
279106
273696
280396
272655
266979
260392
265721
259595
266811
260566
265992
275148
283141
276307
282009
276184
281864
275303
262390
268298
269359
261790
269225
261620
268465
274043
279244
280719
273060
280554
272827
274246
267170
259819
260945
266504
260753
266235
267382
242012
235501
242108
241534
234990
241448
235069
247537
253674
246533
253088
247405
253815
246681
240931
234614
240344
234117
240848
234701
240468
255601
249008
248903
248259
255006
254857
248367
235587
242299
242207
241617
235189
235128
241693
247663
253275
254142
246918
253987
246788
247751
240999
234180
234772
240614
234755
240543
241051
215908
209595
215976
215718
209349
215658
209399
221819
227973
221196
227500
221773
228036
221265
215303
209089
214861
208786
215248
209140
214963
229011
222605
222525
222229
228660
228597
222281
209670
216140
216054
215769
209509
209451
215819
221865
227548
228138
221386
228091
221310
221919
215347
208863
209238
215132
209189
215046
215400
190442
190611
184279
184435
190391
190654
184333
196534
202629
196098
202403
196488
202679
196162
190176
184142
189931
183955
190120
184203
189982
203300
196801
197059
203112
196993
203051
196863
190500
184472
190754
184438
190702
184387
190558
196585
202466
202794
196263
202735
196211
196641
190233
184011
184317
190078
184263
190030
190285
166139
165841
160053
159438
166103
165791
160051
172291
178007
172072
177929
172215
178073
172139
166265
160428
166236
160449
166199
160483
166305
172264
178243
171988
178306
172019
178259
172299
166158
159348
165620
159999
165714
160029
166164
172361
177992
178187
172257
178134
172203
172422
166320
160490
160559
166425
160527
166372
166363
141328
140821
135149
134863
141345
140799
135128
148483
154369
148476
154535
148486
154400
148492
142265
136584
142635
136493
142267
136546
142623
147536
152971
146746
153709
146778
153738
147520
141327
134907
140770
135230
140778
135217
141347
148473
154558
154400
148496
154408
148504
148454
142255
136530
136549
142585
136585
142607
142245
331651
329075
322930
320004
331889
328745
322620
340825
350068
340783
350117
340831
350130
340771
332622
324136
332694
324323
332632
323928
332712
339854
345458
337355
348831
337667
348806
339815
331333
319777
328083
322095
328373
322338
331024
340826
350040
350118
340757
350060
340758
340837
332594
324284
323403
332731
323643
332729
332481
297407
295747
289807
287951
297447
295851
289794
306314
315171
307454
315780
306524
314943
307299
298167
290418
299187
291098
298284
290315
299038
305364
311578
303792
313243
303741
313353
305309
297364
288002
296013
289733
295936
289768
297326
306154
315630
314474
306976
314699
307125
306038
298062
290978
290133
298817
290219
298915
297976
266587
265840
259783
259005
266660
265803
259721
274690
282403
275599
283172
274809
282288
275458
267189
260206
268039
260628
267299
260109
267906
274032
279959
272865
281400
272912
281462
273954
266519
258963
265714
259602
265763
259663
266450
274580
283049
282088
275235
282182
275336
274482
267087
260526
259925
267696
260015
267791
266994
239578
239475
233205
233084
239603
239474
233183
246754
246381
253188
253520
246451
253108
246663
239962
239652
233171
233252
239709
233116
239883
246254
252277
245777
252675
245776
252722
246222
239555
233103
239485
233135
239492
233160
239531
246314
253429
252952
246513
253030
246582
246248
239597
233183
233004
239746
233061
239811
239541
213456
213284
207211
206938
213485
213262
207186
220193
220066
226564
226631
220115
226514
220122
213664
213515
207213
207241
213560
207175
213603
219985
226184
219658
226372
219686
226400
219954
213426
206924
213218
207133
213248
207160
213395
220017
226560
226408
219989
226463
220053
219964
213470
207189
207094
213483
207135
213542
213423
188448
188434
182416
182341
188446
188445
182426
194656
200871
194690
200881
194676
200843
194658
188416
182327
188465
182327
188432
182315
188438
194698
200664
194477
200784
194466
200798
194701
188453
182408
188494
182440
188481
182435
188460
194634
200836
200781
194585
200813
194622
194609
188399
182303
182284
188375
182300
188407
188380
164123
164040
158251
158035
164131
164027
158248
170198
176220
170208
176212
170211
176208
170194
164129
158203
164184
158247
164143
158191
164173
170233
176146
170043
176221
170041
176219
170228
164113
158053
163995
158224
164025
158240
164101
170181
176189
176172
170151
176192
170175
170158
164110
158238
158156
164137
158176
164157
164086
140678
140613
135058
134893
140661
140628
135037
146468
152282
146494
152314
146462
152275
146502
140624
134805
140621
134719
140613
134746
140634
146555
152106
146243
152253
146265
152265
146551
140687
134958
140624
135067
140642
135115
140681
146474
152312
152244
146515
152264
146512
146464
140634
134774
134742
140664
134818
140652
140635
332228
332545
323883
324224
332138
332600
323978
339952
348969
339596
349020
339825
349122
339742
331906
323705
331965
324525
331768
323868
332105
340419
349992
340950
349741
340897
349641
340503
332330
324273
332730
324208
332663
324084
332447
340092
349147
349384
340161
349178
339917
340272
332071
324637
324297
332510
324068
332286
332265
300638
299920
292861
291805
300714
299791
292727
308850
316389
309425
317029
308845
316500
309364
301196
293530
301840
293991
301256
293417
301734
308469
316051
307778
316389
307845
316312
308479
300574
291694
299601
292565
299681
292628
300527
308875
317063
316709
309344
316605
309338
308917
301163
293923
293325
301653
293350
301675
301154
262052
269414
268668
261118
269558
268531
261926
277891
285739
278665
286242
278017
285616
278577
262912
270259
271133
263625
270393
262759
271038
276977
283784
275953
284667
276043
284735
276912
269310
261023
268337
261784
268420
261835
269248
277813
286187
285508
278534
285536
278541
277790
270179
263577
262657
271001
262675
271007
270161
240064
233690
240518
240433
233299
239996
233588
255554
249515
248395
248204
256140
255372
249208
234140
241864
241199
241038
234821
234016
241850
247420
253796
246759
254449
246804
254490
247371
240368
233231
239892
233464
239938
233513
240325
248094
256115
255258
249019
255279
249055
248049
240949
234820
233929
241846
233951
241829
240915
213689
207064
213529
213436
207156
213584
206991
227146
220765
220282
220232
227775
227059
220849
206915
213637
213468
213483
207429
206958
213966
220014
226573
219931
226641
220014
226695
219956
213363
207076
213402
206865
213487
206926
213308
220213
227804
227012
220987
227018
220918
220220
213490
207522
206977
214179
206973
214108
213508
188157
188346
182071
182184
188186
188311
182050
200481
194202
194197
200721
194195
200509
194279
187992
181870
187924
181792
187992
181872
187975
194307
200726
194426
200496
194474
200535
194272
188127
182154
188234
182002
188274
182028
188095
194204
200816
200520
194426
200513
194352
194209
187994
181843
181879
188095
181876
188031
187998
164021
164101
158094
158165
164014
164096
158109
169827
175812
169667
175708
169810
175822
169714
163891
157963
163748
157901
163867
157991
163792
169975
176079
170047
175951
170064
175970
169966
164025
158166
164078
158134
164088
158123
164025
169842
175756
175834
169793
175830
169757
169851
163911
157937
158039
163863
158017
163830
163927
140586
140573
134766
134675
140551
140599
134722
146308
152106
146217
152062
146274
152139
146248
140540
134754
140446
134664
140505
134694
140476
146434
152283
146462
152273
146444
152253
146461
140621
134791
140659
134783
140625
134832
140656
146344
152095
152195
146305
152169
146281
146373
140573
134757
134751
140525
134815
140501
140606
333840
333572
325470
325417
333848
333466
325403
340167
349138
337179
346039
340097
349363
337299
332241
324015
329600
321815
332196
324029
329701
341885
350240
341065
351215
341138
351147
341815
333802
325302
333336
325213
333378
325320
333715
340222
346181
349679
337549
349420
337418
340303
332284
321900
324028
329915
324033
329808
332316
301529
302004
293856
294141
301584
301899
293824
308251
316114
306560
314214
308246
316118
306648
300591
293004
299163
291931
300572
293033
299254
309245
317445
309492
317146
309545
317239
309179
301477
294082
301770
293790
301812
293797
301450
308259
314304
316116
306842
316116
306743
308269
300614
292021
293102
299436
293064
299350
300645
264223
271420
271460
264162
271384
271448
264241
278269
285550
277442
284683
278215
285587
277538
263842
271039
270334
263441
270966
263925
270438
278788
286417
278857
286240
278857
286234
278804
271448
264130
271439
264278
271443
264258
271473
278320
284774
285671
277698
285631
277623
278370
271097
263523
264046
270605
263998
270536
271152
242761
236330
243222
243243
235765
242756
236418
256808
249537
249942
250056
256477
256926
249629
236335
242758
243095
243200
236199
236443
242849
250199
256820
249819
257155
249823
257155
250210
243271
235795
242783
236538
242756
236487
243310
250120
256561
257047
249796
256988
249717
250176
243278
236275
236592
243001
236526
242931
243338
214923
209463
215981
216207
208462
215089
209625
229658
223052
223050
223147
229623
229760
223133
209982
216566
216469
216557
210194
210059
216642
223030
228894
222081
229784
222035
229732
223080
216312
208597
215280
209670
215220
209676
216350
223228
229695
229910
223251
229844
223199
223290
216634
210257
210173
216755
210127
216706
216693
189528
188422
182871
182013
189553
188466
182844
203503
197078
197255
203737
197039
203578
197311
190460
183857
190840
184396
190506
183757
190859
196208
201825
195195
202894
195135
202915
196181
189506
182096
188591
182840
188519
182829
189516
197073
203793
203648
197345
203629
197339
197038
190379
184352
183677
190841
183699
190861
190327
163866
163702
157869
157857
163822
163759
157905
170531
177175
171401
177856
170600
177109
171319
164186
158078
164869
158471
164205
158082
164794
169989
175866
169832
176329
169778
176283
170037
163907
157897
163852
157963
163810
157937
163943
170497
177799
177037
171255
177061
171277
170505
164186
158463
158107
164748
158092
164754
164204
140425
140416
134655
134628
140412
140440
134598
146253
152115
146397
152361
146250
152121
146393
140452
134679
140517
134574
140450
134627
140517
146224
152046
146239
152072
146222
152053
146231
140431
134704
140476
134587
140461
134662
140434
146260
152364
152138
146424
152129
146403
146263
140452
134650
134642
140550
134691
140524
140457
323970
326933
316591
319371
323808
327046
316794
327816
334321
325000
330676
327624
334549
325314
321104
314349
319069
312795
320793
314697
319406
331297
343255
334800
339341
334690
339115
331436
324143
319511
327290
317321
327165
317043
324342
328040
330761
334922
325782
334634
325532
328340
321454
312912
315315
319825
315039
319635
321848
296020
297481
289057
290563
295835
297632
289206
301238
307474
299221
306091
301030
307762
299408
294397
287903
293145
286688
294243
288036
293263
303159
312182
305101
310344
304932
310117
303329
296186
290691
297921
289436
297791
289333
296310
301408
306215
308220
299660
308003
299532
301555
294516
286758
288159
293358
288120
293297
294615
268763
269500
261936
262773
268632
269628
262041
274554
280870
273190
279722
274415
281010
273403
267693
261091
266654
260399
267557
261233
266854
275707
283626
276761
282503
276676
282412
275804
268863
262859
269824
262227
269727
262142
268966
274665
279776
281196
273720
281113
273537
274778
267823
260527
261459
267161
261349
267009
267931
242376
241839
235255
235817
241769
242448
235314
247889
254257
247012
253696
247821
254361
247113
241150
234794
240669
234296
241099
234825
240736
248610
256004
249288
255374
249238
255301
248670
241905
235869
242541
235404
242501
235362
241958
247950
253779
254538
247227
254452
247170
248005
241189
234336
234887
240833
234856
240789
241226
216229
215927
209570
209933
215872
216312
209631
222029
228178
221473
227731
221973
228217
221561
215518
209288
215197
209057
215458
209339
215266
222437
229292
222889
228844
222830
228803
222486
215982
210008
216447
209741
216385
209689
216033
222080
227791
228293
221675
228255
221620
222127
215574
209096
209433
215366
209388
215319
215625
190661
190802
184484
184551
190612
190842
184520
196748
202851
196309
202629
196696
202903
196349
190369
184363
190126
184126
190330
184400
190162
197032
203590
197270
203348
197235
203299
197073
190703
184557
190884
184561
190870
184546
190734
196795
202666
202987
196413
202948
196388
196833
190404
184145
184443
190223
184426
190200
190435
166135
165544
159964
159149
166154
165485
159935
172503
178231
172308
178142
172470
178266
172342
166405
160578
166470
160539
166391
160576
166493
172307
178197
171819
178383
171849
178381
172293
166108
159129
165439
159893
165451
159912
166076
172521
178174
178303
172381
178289
172371
172525
166405
160537
160526
166501
160557
166508
166389
141434
140770
135356
134915
141383
140789
135381
148392
154389
148483
154529
148429
154364
148446
142208
136590
142573
136455
142228
136540
142540
147553
152830
146844
153660
146784
153660
147577
141490
135019
140904
135495
140830
135504
141543
148347
154488
154299
148336
154334
148405
148294
142184
136509
136503
142452
136571
142506
142160
330524
327882
321885
319634
330759
327817
321796
340824
350020
340738
350091
340835
350148
340719
332004
323184
332704
323832
332238
322979
332572
339058
345582
336284
348567
336487
348435
338980
330405
319710
327891
321850
327870
321788
330426
340634
349813
350311
340691
349990
340660
340534
331762
323729
322858
332431
322870
332469
331699
297264
296050
289684
288235
297291
296091
289635
305921
314321
306880
315214
305961
314237
306827
297863
290057
298744
290747
297909
289995
298699
305283
311702
303978
313194
303958
313153
305331
297248
288275
296167
289582
296101
289592
297265
305915
315171
314206
306832
314203
306814
305940
297837
290724
289943
298703
289955
298687
297836
266303
265657
259531
258831
266378
265576
259454
274327
282006
275156
282807
274396
281938
275103
266846
259844
267620
260334
266913
259778
267570
273746
279993
272664
281226
272739
281251
273701
266233
258847
265496
259372
265569
259403
266177
274279
282783
281862
275079
281893
275076
274258
266794
260313
259721
267551
259733
267547
266773
239467
239495
233104
233049
239503
239474
233066
246132
252880
246459
253260
246186
252821
246422
239434
232947
239694
233024
239486
232893
239656
246109
252183
245722
252480
245796
252516
246094
239423
233032
239466
233013
239479
233030
239391
246093
253242
252760
246394
252779
246399
246075
239389
232993
232820
239627
232849
239632
239358
213329
213205
207110
206879
213365
213159
207086
219844
226347
219926
226388
219906
226281
219871
213325
207056
213426
207033
213376
207017
213375
219851
226070
219501
226168
219609
226237
219791
213281
206915
213108
207047
213165
207068
213202
219787
226351
226167
219793
226222
219825
219733
213278
206991
206936
213299
206985
213336
213217
188469
188538
182444
182476
188468
188553
182453
194557
200749
194546
200707
194584
200712
194508
188334
182266
188344
182216
188359
182245
188316
194710
200630
194481
200661
194560
200720
194703
188457
182486
188573
182471
188585
182468
188422
194535
200679
200635
194442
200681
194481
194499
188310
182192
182200
188265
182223
188297
188279
164045
163973
158209
157979
164080
163934
158197
170097
176146
170125
176110
170132
176113
170099
164018
158133
164117
158193
164056
158104
164096
170192
176099
169869
176115
169959
176161
170169
164006
157969
163908
158172
163933
158190
163960
170057
176087
176028
170051
176073
170075
170018
163975
158177
158060
164060
158076
164077
163935
140616
140622
135128
134777
140659
140590
134974
146424
152219
146521
152289
146454
152187
146509
140617
134819
140671
134614
140630
134687
140671
146522
152013
146128
152133
146175
152166
146503
140572
134907
140590
134895
140575
135061
140562
146415
152279
152142
146485
152158
146501
146400
140603
134731
134661
140667
134818
140666
140601
332718
332797
324360
324295
332575
332858
324487
340692
349454
340413
349851
340458
349784
340698
332740
324513
332765
325027
332487
324686
333031
340790
350140
341222
350068
341122
349634
340943
332871
324295
332883
324691
332861
324599
333002
340915
349810
350323
341185
349826
340956
341127
332963
325134
324940
333420
324830
333237
333118
300491
299546
292540
291521
300501
299518
292546
309009
316806
309368
317247
308965
316892
309401
301171
293321
301648
293877
301160
293324
301653
308487
315938
307639
316605
307621
316570
308515
300496
291529
299544
292609
299520
292567
300531
309045
317308
317033
309468
316976
309439
309071
301181
293880
293354
301681
293330
301664
301199
269247
268282
261771
260883
269227
268260
261795
277852
285519
278533
286164
277813
285539
278536
270248
262692
270998
263565
270193
262754
270998
276959
283624
275941
284746
275886
284686
277023
269310
260892
268319
261939
268271
261857
269387
277880
286169
285586
278556
285556
278542
277910
270286
263571
262846
271015
262807
271002
270320
240313
239857
233440
233095
240305
239833
233441
248126
255295
249029
256213
248062
255365
249045
241001
233946
241882
234925
240932
234010
241917
247402
253701
246721
254608
246705
254521
247481
240353
233071
239823
233534
239820
233469
240431
248210
256233
255489
249097
255436
249067
248279
241093
234961
234191
241983
234103
241950
241172
213253
213328
206825
206868
213270
213269
206800
220309
227036
221063
227974
220249
227100
221146
213608
206999
214263
207718
213543
207046
214377
219921
226372
219751
226674
219766
226620
219969
213274
206820
213195
206823
213223
206796
213324
220408
228020
227286
221252
227195
221204
220504
213717
207806
207229
214502
207137
214452
213815
188031
188194
181974
182054
188064
188155
181945
194239
200540
194506
201091
194221
200577
194596
188012
181881
188161
181989
188004
181881
188227
194186
200508
194248
200414
194296
200419
194162
188009
182026
188076
181885
188125
181923
187977
194275
201196
200709
194751
200642
194705
194322
188035
182036
181888
188346
181890
188307
188057
164016
164067
158142
158159
164022
164055
158146
169855
175835
169820
175864
169855
175831
169840
163943
158055
163887
158005
163938
158067
163904
169924
175973
169969
175851
169987
175881
169908
164009
158154
164035
158138
164044
158147
163999
169852
175892
175819
169855
175831
169855
169843
163944
158015
158068
163914
158072
163914
163938
140724
140687
134910
134775
140693
140707
134811
146419
152217
146330
152161
146402
152232
146345
140664
134890
140548
134689
140638
134796
140566
146534
152308
146476
152299
146500
152307
146516
140738
134920
140703
134789
140710
134964
140738
146438
152170
152236
146366
152240
146365
146425
140678
134834
134823
140595
134973
140581
140682
333494
333351
325105
325251
333597
333396
325052
340416
349688
337663
346967
340353
350030
337796
332343
324020
330021
322153
332335
324000
330113
341493
350340
341443
351148
341232
350786
341545
333452
325286
333586
325092
333459
325052
333499
340412
346867
350211
337994
349840
337872
340456
332333
322212
324067
330265
324021
330187
332345
301447
301752
293793
294033
301443
301752
293805
308328
316113
306919
314563
308292
316131
306967
300717
293146
299503
292204
300683
293177
299551
309167
317413
309518
317107
309502
317088
309177
301447
294028
301756
293814
301753
293806
301452
308354
314610
316190
307060
316163
307012
308366
300740
292246
293212
299640
293200
299595
300746
271486
271432
264273
264095
271487
271429
264276
278426
285715
277755
284952
278403
285741
277808
271217
264096
270672
263728
271183
264140
270727
278852
286401
278861
286289
278865
286284
278855
271496
264091
271418
264295
271424
264282
271509
278449
284990
285784
277881
285764
277840
278478
271242
263759
264188
270788
264163
270760
271272
243366
242814
236570
235907
243345
242839
236580
250248
257100
249857
256773
250218
257139
249906
243414
236642
243058
236426
243382
236677
243105
250256
256888
249858
257209
249845
257191
250275
243366
235928
242873
236560
242857
236565
243379
250266
256806
257176
249957
257161
249940
250273
243432
236452
236704
243156
236695
243138
243438
216325
215316
209638
208643
216347
215352
209600
223356
229958
223289
229827
223333
229987
223311
216746
210197
216786
210309
216729
210198
216794
223047
229026
222197
229761
222176
229781
223016
216289
208663
215395
209535
215376
209563
216265
223359
229839
229995
223288
229996
223302
223352
216740
210268
210122
216737
210171
216764
216721
189547
188678
182879
182342
189533
188774
182938
196928
203635
197340
203802
196974
203588
197324
190273
183669
190808
184255
190298
183661
190782
196165
202005
195413
202797
195407
202825
196146
189557
182428
188884
182993
188864
182997
189533
196903
203773
203484
197242
203535
197298
196856
190258
184244
183627
190726
183655
190768
190218
164010
163885
157986
157975
163977
163912
158009
170595
177047
171256
177715
170537
177081
171265
164287
158130
164781
158597
164238
158165
164852
170193
176108
169968
176542
169948
176523
170232
164046
157991
163946
158071
163933
158034
164086
170660
177707
177094
171272
177104
171272
170687
164360
158702
158297
164965
158230
164926
164422
140440
140483
134671
134635
140433
140494
134555
146291
152152
146468
152486
146275
152171
146528
140493
134755
140593
134688
140467
134680
140658
146272
152120
146293
152150
146288
152119
146296
140458
134809
140529
134572
140508
134704
140497
146330
152599
152275
146698
152212
146628
146383
140535
134912
134757
140826
134873
140751
140595
324820
327416
317583
320012
324576
327548
317779
329060
335001
325830
332120
328677
335410
325965
322402
315504
319912
313153
322179
315622
319979
331841
343603
335190
340000
335095
339558
332032
324998
320122
327806
317950
327670
317893
325103
329269
332185
335983
325909
335475
326031
329328
322506
313253
315725
320010
315692
320069
322512
296504
298014
289521
290945
296412
298096
289592
301775
308361
299722
306497
301680
308470
299805
294748
288200
293357
286905
294688
288239
293416
303663
312733
305424
310800
305378
310757
303720
296575
290998
298195
289716
298150
289655
296624
301850
306557
308613
299943
308554
299882
301909
294813
286921
288345
293545
288282
293441
294907
269102
269897
262301
263056
269041
269953
262356
274971
281270
273781
280118
274884
281340
273875
268106
261549
267243
260735
268030
261604
267313
276004
283907
276968
282752
276941
282720
276032
269134
263086
270008
262396
269987
262383
269148
275026
280200
281467
273880
281411
273893
275050
268147
260739
261626
267356
261621
267370
268164
242036
242576
235441
235985
242000
242609
235477
248095
254611
247274
253966
248052
254674
247311
241296
234916
240848
234431
241262
234944
240865
248800
256187
249404
255529
249386
255514
248830
242062
236012
242659
235539
242637
235510
242075
248141
253964
254729
247333
254709
247323
248185
241332
234441
235006
240927
234971
240885
241390
216115
216497
209784
210134
216079
216530
209816
222209
228330
221710
227925
222170
228367
221741
215706
209474
215403
209165
215670
209508
215427
222597
229450
223003
228965
222996
228950
222610
216141
210140
216545
209836
216548
209835
216151
222237
227959
228417
221727
228400
221755
222250
215729
209177
209538
215486
209531
215470
215736
190765
190887
184568
184515
190755
190882
184568
196880
203018
196438
202709
196862
203042
196441
190479
184453
190253
184202
190461
184459
190266
197138
203690
197250
203410
197286
203423
197128
190767
184500
190837
184558
190874
184565
190747
196891
202725
203062
196375
203060
196428
196895
190493
184218
184466
190323
184463
190290
190507
166027
165440
159877
159222
166049
165447
159860
172491
178310
172382
178193
172514
178310
172353
166320
160478
166488
160410
166361
160419
166436
172242
178117
171769
178313
171781
178351
172217
166005
159266
165464
159847
165456
159851
165981
172458
178187
178294
172209
178306
172300
172419
166280
160335
160318
166346
160365
166396
166249
141629
141001
135637
135165
141590
141105
135565
148205
154260
148273
154257
148245
154222
148212
142117
136564
142404
136479
142137
136459
142368
147658
153094
147154
153678
147107
153674
147674
141663
135375
141250
135603
141185
135749
141696
148184
154218
154171
148110
154191
148165
148166
142102
136591
136432
142394
136580
142366
142105
)
;

boundaryField
{
    inlet
    {
        type            zeroGradient;
    }
    outlet
    {
        type            fixedValue;
        value           uniform 0;
    }
    seabed
    {
        type            zeroGradient;
    }
    top
    {
        type            zeroGradient;
    }
    side1
    {
        type            zeroGradient;
    }
    side2
    {
        type            zeroGradient;
    }
    submarine
    {
        type            zeroGradient;
    }
}


// ************************************************************************* //
