/*--------------------------------*- C++ -*----------------------------------*\
  =========                 |
  \\      /  F ield         | OpenFOAM: The Open Source CFD Toolbox
   \\    /   O peration     | Website:  https://openfoam.org
    \\  /    A nd           | Version:  10
     \\/     M anipulation  |
\*---------------------------------------------------------------------------*/
FoamFile
{
    format      ascii;
    class       cellSet;
    location    "constant/polyMesh/sets";
    object      seabedCells;
}
// * * * * * * * * * * * * * * * * * * * * * * * * * * * * * * * * * * * * * //


952
(
0 
1 
2 
3 
4 
5 
6 
7 
8 
9 
10 
11 
12 
13 
14 
15 
16 
17 
18 
19 
20 
21 
22 
23 
24 
25 
26 
27 
28 
29 
30 
31 
32 
33 
34 
35 
36 
37 
38 
39 
40 
41 
42 
43 
44 
45 
46 
47 
48 
49 
50 
51 
52 
53 
54 
55 
56 
57 
58 
59 
60 
61 
62 
63 
64 
65 
66 
67 
68 
69 
70 
71 
72 
73 
74 
75 
76 
77 
78 
79 
80 
81 
82 
83 
84 
85 
86 
87 
88 
89 
90 
91 
92 
93 
94 
95 
96 
97 
98 
99 
100 
101 
102 
103 
104 
105 
106 
107 
108 
109 
110 
111 
112 
113 
114 
115 
116 
117 
118 
119 
120 
121 
122 
123 
124 
125 
126 
127 
128 
129 
130 
131 
132 
133 
134 
135 
136 
137 
138 
139 
140 
141 
142 
143 
144 
145 
146 
147 
148 
149 
150 
151 
152 
153 
154 
155 
156 
157 
158 
159 
160 
161 
162 
163 
164 
165 
166 
167 
168 
169 
170 
171 
172 
173 
174 
175 
176 
177 
178 
179 
180 
181 
182 
183 
184 
185 
186 
187 
188 
189 
190 
191 
192 
193 
194 
195 
196 
197 
198 
199 
200 
201 
202 
203 
204 
205 
206 
207 
208 
209 
210 
211 
212 
213 
214 
215 
216 
217 
218 
219 
220 
221 
222 
223 
224 
225 
226 
227 
228 
229 
230 
231 
232 
233 
234 
235 
236 
237 
238 
239 
240 
241 
242 
243 
244 
245 
246 
247 
248 
249 
250 
251 
252 
253 
254 
255 
256 
257 
258 
259 
260 
261 
262 
263 
264 
265 
266 
267 
268 
269 
270 
271 
272 
273 
274 
275 
276 
277 
278 
279 
280 
281 
282 
283 
284 
285 
286 
287 
288 
289 
290 
291 
292 
293 
294 
295 
296 
297 
298 
299 
300 
301 
302 
303 
304 
305 
306 
307 
308 
309 
310 
311 
312 
313 
314 
315 
316 
317 
318 
319 
320 
321 
322 
323 
324 
325 
326 
327 
328 
329 
330 
331 
332 
333 
334 
335 
336 
337 
338 
339 
340 
341 
342 
343 
344 
345 
346 
347 
348 
349 
350 
351 
352 
353 
354 
355 
356 
357 
358 
359 
360 
361 
362 
363 
364 
365 
366 
367 
368 
369 
370 
371 
372 
373 
374 
375 
376 
377 
378 
379 
380 
381 
382 
383 
384 
385 
386 
387 
388 
389 
390 
391 
392 
393 
394 
395 
396 
397 
398 
399 
2028 
2029 
2030 
2035 
2036 
2037 
2042 
2043 
2044 
2049 
2050 
2051 
2056 
2057 
2058 
2063 
2064 
2065 
2070 
2071 
2072 
2077 
2078 
2079 
2084 
2085 
2086 
2091 
2092 
2093 
2098 
2099 
2100 
2105 
2106 
2107 
2112 
2113 
2114 
2119 
2120 
2121 
2126 
2127 
2128 
2133 
2134 
2135 
2140 
2141 
2142 
2147 
2148 
2149 
2154 
2155 
2156 
2161 
2162 
2163 
2168 
2169 
2170 
2175 
2176 
2177 
2182 
2183 
2184 
2189 
2190 
2191 
2196 
2197 
2198 
2203 
2204 
2205 
2210 
2211 
2212 
2217 
2218 
2219 
2224 
2225 
2226 
2231 
2232 
2233 
2238 
2239 
2240 
2245 
2246 
2247 
3344 
3345 
3346 
3351 
3352 
3353 
3358 
3359 
3360 
3365 
3366 
3367 
3372 
3373 
3374 
3379 
3380 
3381 
3386 
3387 
3388 
3393 
3394 
3395 
3400 
3401 
3402 
3408 
3409 
3413 
3415 
3416 
3420 
3422 
3423 
3427 
3429 
3430 
3434 
3436 
3437 
3441 
3443 
3444 
3448 
3450 
3451 
3455 
3457 
3458 
3462 
3463 
3464 
3465 
3470 
3471 
3472 
3478 
3479 
3483 
3485 
3486 
3490 
3492 
3493 
3497 
3499 
3500 
3504 
3506 
3507 
3511 
3513 
3514 
3518 
3520 
3521 
3525 
3527 
3528 
3532 
3533 
3534 
3535 
3540 
3541 
3542 
3548 
3549 
3553 
3555 
3556 
3560 
3562 
3563 
3567 
3569 
3570 
3574 
3576 
3577 
3581 
3583 
3584 
3588 
3590 
3591 
3595 
3597 
3598 
3602 
3603 
3604 
3605 
3610 
3611 
3612 
3618 
3619 
3623 
3625 
3626 
3630 
3632 
3633 
3637 
3639 
3640 
3644 
3646 
3647 
3651 
3653 
3654 
3658 
3660 
3661 
3665 
3667 
3668 
3672 
3673 
3674 
3675 
3680 
3681 
3682 
3687 
3688 
3689 
3694 
3695 
3696 
3701 
3702 
3703 
3708 
3709 
3710 
3715 
3716 
3717 
3722 
3723 
3724 
3729 
3730 
3731 
5277 
5278 
5282 
5284 
5285 
5289 
5291 
5292 
5296 
5326 
5327 
5331 
5333 
5334 
5338 
5340 
5341 
5345 
5375 
5376 
5380 
5382 
5383 
5387 
5389 
5390 
5394 
5424 
5425 
5429 
5431 
5432 
5436 
5438 
5439 
5443 
5473 
5474 
5478 
5480 
5481 
5485 
5487 
5488 
5492 
5522 
5523 
5527 
5529 
5530 
5534 
5536 
5537 
5541 
5571 
5572 
5576 
5578 
5579 
5583 
5585 
5586 
5590 
5620 
5621 
5625 
5627 
5628 
5632 
5634 
5635 
5639 
5669 
5670 
5674 
5676 
5677 
5681 
5683 
5684 
5688 
5718 
5719 
5723 
5725 
5726 
5730 
5732 
5733 
5737 
5767 
5768 
5772 
5774 
5775 
5779 
5781 
5782 
5786 
5816 
5817 
5821 
5823 
5824 
5828 
5830 
5831 
5835 
5865 
5866 
5870 
5872 
5873 
5877 
5879 
5880 
5884 
5914 
5915 
5919 
5921 
5922 
5926 
5928 
5929 
5933 
5963 
5964 
5968 
5970 
5971 
5975 
5977 
5978 
5982 
6012 
6013 
6017 
6019 
6020 
6024 
6026 
6027 
6031 
6061 
6062 
6066 
6068 
6069 
6073 
6075 
6076 
6080 
6110 
6111 
6115 
6117 
6118 
6122 
6124 
6125 
6129 
6159 
6160 
6164 
6166 
6167 
6171 
6173 
6174 
6178 
6208 
6209 
6213 
6215 
6216 
6220 
6222 
6223 
6227 
6257 
6258 
6262 
6264 
6265 
6269 
6271 
6272 
6276 
6306 
6307 
6311 
6313 
6314 
6318 
6320 
6321 
6325 
6355 
6356 
6360 
6362 
6363 
6367 
6369 
6370 
6374 
6404 
6405 
6409 
6411 
6412 
6416 
6418 
6419 
6423 
6453 
6454 
6458 
6460 
6461 
6465 
6467 
6468 
6472 
6502 
6503 
6507 
6509 
6510 
6514 
6516 
6517 
6521 
6551 
6552 
6556 
6558 
6559 
6563 
6565 
6566 
6570 
6600 
6601 
6605 
6607 
6608 
6612 
6614 
6615 
6619 
6649 
6650 
6654 
6656 
6657 
6661 
6663 
6664 
6668 
6698 
6699 
6703 
6705 
6706 
6710 
6712 
6713 
6717 
6747 
6748 
6752 
6754 
6755 
6759 
6761 
6762 
6766 
6796 
6797 
6801 
6803 
6804 
6808 
6810 
6811 
6815 
)

// ************************************************************************* //
