/*--------------------------------*- C++ -*----------------------------------*\
  =========                 |
  \\      /  F ield         | OpenFOAM: The Open Source CFD Toolbox
   \\    /   O peration     | Website:  https://openfoam.org
    \\  /    A nd           | Version:  10
     \\/     M anipulation  |
\*---------------------------------------------------------------------------*/
FoamFile
{
    format      ascii;
    class       cellSet;
    location    "constant/polyMesh/sets";
    object      seabedZone;
}
// * * * * * * * * * * * * * * * * * * * * * * * * * * * * * * * * * * * * * //


952
(
0 
2049 
1 
2050 
2 
2051 
3 
4 
5 
6 
7 
2056 
8 
2057 
9 
2058 
10 
11 
12 
13 
14 
6159 
2063 
15 
6160 
2064 
16 
2065 
17 
18 
19 
6164 
20 
21 
6166 
2070 
22 
6167 
2071 
23 
2072 
24 
25 
26 
6171 
27 
28 
6173 
2077 
29 
6174 
2078 
30 
2079 
31 
32 
33 
6178 
34 
35 
2084 
36 
2085 
37 
2086 
38 
39 
40 
41 
42 
2091 
43 
2092 
44 
2093 
45 
46 
47 
48 
49 
2098 
50 
2099 
51 
2100 
52 
53 
54 
55 
56 
2105 
57 
2106 
58 
2107 
59 
60 
61 
62 
63 
6208 
2112 
64 
6209 
2113 
65 
2114 
66 
67 
68 
6213 
69 
70 
6215 
2119 
71 
6216 
2120 
72 
2121 
73 
74 
75 
6220 
76 
77 
6222 
2126 
78 
6223 
2127 
79 
2128 
80 
81 
82 
6227 
83 
84 
2133 
85 
2134 
86 
2135 
87 
88 
89 
90 
91 
2140 
92 
2141 
93 
2142 
94 
95 
96 
97 
98 
2147 
99 
2148 
100 
2149 
101 
102 
103 
104 
105 
2154 
106 
2155 
107 
2156 
108 
109 
110 
111 
112 
6257 
2161 
113 
6258 
2162 
114 
2163 
115 
116 
117 
6262 
118 
119 
6264 
2168 
120 
6265 
2169 
121 
2170 
122 
123 
124 
6269 
125 
126 
6271 
2175 
127 
6272 
2176 
128 
2177 
129 
130 
131 
6276 
132 
133 
2182 
134 
2183 
135 
2184 
136 
137 
138 
139 
140 
2189 
141 
2190 
142 
2191 
143 
144 
145 
146 
147 
2196 
148 
2197 
149 
2198 
150 
151 
152 
153 
154 
2203 
155 
2204 
156 
2205 
157 
158 
159 
160 
161 
6306 
2210 
162 
6307 
2211 
163 
2212 
164 
165 
166 
6311 
167 
168 
6313 
2217 
169 
6314 
2218 
170 
2219 
171 
172 
173 
6318 
174 
175 
6320 
2224 
176 
6321 
2225 
177 
2226 
178 
179 
180 
6325 
181 
182 
2231 
183 
2232 
184 
2233 
185 
186 
187 
188 
189 
2238 
190 
2239 
191 
2240 
192 
193 
194 
195 
196 
2245 
197 
2246 
198 
2247 
199 
200 
201 
202 
203 
204 
205 
206 
207 
208 
209 
210 
6355 
211 
6356 
212 
213 
214 
215 
6360 
216 
217 
6362 
218 
6363 
219 
220 
221 
222 
6367 
223 
224 
6369 
225 
6370 
226 
227 
228 
229 
6374 
230 
231 
232 
233 
234 
235 
236 
237 
238 
239 
240 
241 
242 
243 
244 
245 
246 
247 
248 
249 
250 
251 
252 
253 
254 
255 
256 
257 
258 
259 
6404 
260 
6405 
261 
262 
263 
264 
6409 
265 
266 
6411 
267 
6412 
268 
269 
270 
271 
6416 
272 
273 
6418 
274 
6419 
275 
276 
277 
278 
6423 
279 
280 
281 
282 
283 
284 
285 
286 
287 
288 
289 
290 
291 
292 
293 
294 
295 
296 
297 
298 
299 
300 
301 
302 
303 
304 
305 
306 
307 
308 
6453 
309 
6454 
310 
311 
312 
313 
6458 
314 
315 
6460 
316 
6461 
317 
318 
319 
320 
6465 
321 
322 
6467 
323 
6468 
324 
325 
326 
327 
6472 
328 
329 
330 
331 
332 
333 
334 
335 
336 
337 
338 
339 
340 
341 
342 
343 
344 
345 
346 
347 
348 
349 
350 
351 
352 
353 
354 
355 
356 
357 
6502 
358 
6503 
359 
360 
361 
362 
6507 
363 
364 
6509 
365 
6510 
366 
367 
368 
369 
6514 
370 
371 
6516 
372 
6517 
373 
374 
375 
376 
6521 
377 
378 
379 
380 
381 
382 
383 
384 
385 
386 
387 
388 
389 
390 
391 
392 
393 
394 
395 
396 
397 
398 
399 
6551 
6552 
6556 
6558 
6559 
6563 
6565 
6566 
6570 
6600 
6601 
6605 
6607 
6608 
6612 
6614 
6615 
6619 
6649 
6650 
6654 
6656 
6657 
6661 
6663 
6664 
6668 
6698 
6699 
6703 
6705 
6706 
6710 
6712 
6713 
6717 
6747 
6748 
6752 
6754 
6755 
6759 
6761 
6762 
6766 
6796 
6797 
6801 
6803 
6804 
6808 
6810 
6811 
6815 
5277 
5278 
5282 
5284 
5285 
5289 
5291 
5292 
5296 
5326 
5327 
5331 
5333 
5334 
5338 
5340 
5341 
5345 
5375 
5376 
5380 
5382 
5383 
5387 
5389 
5390 
3344 
3345 
5394 
3346 
3351 
3352 
3353 
3358 
3359 
3360 
3365 
3366 
3367 
3372 
3373 
3374 
5424 
5425 
3379 
3380 
5429 
3381 
5431 
5432 
3386 
3387 
5436 
3388 
5438 
5439 
3393 
3394 
5443 
3395 
3400 
3401 
3402 
3408 
3409 
3413 
3415 
3416 
3420 
3422 
3423 
5473 
5474 
3427 
3429 
5478 
3430 
5480 
5481 
3434 
3436 
5485 
3437 
5487 
5488 
3441 
3443 
5492 
3444 
3448 
3450 
3451 
3455 
3457 
3458 
3462 
3463 
3464 
3465 
3470 
3471 
3472 
5522 
5523 
3478 
5527 
3479 
5529 
5530 
3483 
3485 
5534 
3486 
5536 
5537 
3490 
3492 
5541 
3493 
3497 
3499 
3500 
3504 
3506 
3507 
3511 
3513 
3514 
3518 
3520 
3521 
5571 
5572 
3525 
3527 
5576 
3528 
5578 
5579 
3532 
3533 
3534 
5583 
3535 
5585 
5586 
3540 
3541 
5590 
3542 
3548 
3549 
3553 
3555 
3556 
3560 
3562 
3563 
3567 
3569 
3570 
5620 
5621 
3574 
3576 
5625 
3577 
5627 
5628 
3581 
3583 
5632 
3584 
5634 
5635 
3588 
3590 
5639 
3591 
3595 
3597 
3598 
3602 
3603 
3604 
3605 
3610 
3611 
3612 
3618 
3619 
5669 
5670 
3623 
3625 
5674 
3626 
5676 
5677 
3630 
3632 
5681 
3633 
5683 
5684 
3637 
3639 
5688 
3640 
3644 
3646 
3647 
3651 
3653 
3654 
3658 
3660 
3661 
3665 
3667 
3668 
5718 
5719 
3672 
3673 
3674 
5723 
3675 
5725 
5726 
3680 
3681 
5730 
3682 
5732 
5733 
3687 
3688 
5737 
3689 
3694 
3695 
3696 
3701 
3702 
3703 
3708 
3709 
3710 
3715 
3716 
3717 
5767 
5768 
3722 
3723 
5772 
3724 
5774 
5775 
3729 
3730 
5779 
3731 
5781 
5782 
5786 
5816 
5817 
5821 
5823 
5824 
5828 
5830 
5831 
5835 
5865 
5866 
5870 
5872 
5873 
5877 
5879 
5880 
5884 
5914 
5915 
5919 
5921 
5922 
5926 
5928 
5929 
5933 
5963 
5964 
5968 
5970 
5971 
5975 
5977 
5978 
5982 
6012 
6013 
6017 
6019 
6020 
6024 
6026 
6027 
6031 
6061 
6062 
6066 
6068 
6069 
6073 
6075 
6076 
6080 
6110 
6111 
6115 
6117 
6118 
6122 
6124 
2028 
6125 
2029 
2030 
6129 
2035 
2036 
2037 
2042 
2043 
2044 
)

// ************************************************************************* //
