/*--------------------------------*- C++ -*----------------------------------*\
  =========                 |
  \\      /  F ield         | OpenFOAM: The Open Source CFD Toolbox
   \\    /   O peration     | Website:  https://openfoam.org
    \\  /    A nd           | Version:  10
     \\/     M anipulation  |
\*---------------------------------------------------------------------------*/
FoamFile
{
    format      ascii;
    class       volScalarField;
    location    "2.3";
    object      p;
}
// * * * * * * * * * * * * * * * * * * * * * * * * * * * * * * * * * * * * * //

dimensions      [0 2 -2 0 0 0 0];

internalField   nonuniform List<scalar> 
12920
(
2.11833e+06
1.77824e+06
1.41146e+06
1.25429e+06
1.06139e+06
951271
831606
743551
657173
585639
516482
455325
396345
342504
290566
241131
192853
146573
103204
55971
1.85838e+06
1.63305e+06
1.31542e+06
1.20713e+06
1.02973e+06
934945
817290
734466
649714
579810
511710
451356
393373
340114
288423
239363
191354
145331
102186
54894.7
1.76236e+06
1.55786e+06
1.24232e+06
1.1556e+06
984362
896529
788400
712289
633286
567255
502158
443988
387544
335584
284589
236118
188640
143071
100416
53707.3
1.52663e+06
1.40487e+06
1.14217e+06
1.07952e+06
915863
853013
751325
685876
611127
549991
488285
433127
379049
328862
279186
231776
185081
140251
98532.2
52692.5
1.50242e+06
1.26071e+06
1.07303e+06
996930
866636
800772
712541
651131
584223
527566
470665
419107
368190
320357
272533
226526
181124
137347
96670.4
51626.2
953854
1.02178e+06
883328
881178
765764
738545
661075
612463
553336
502553
450919
403049
355804
310137
264532
220359
176812
134221
94784.5
49987.1
1.01472e+06
948269
810044
792839
714618
679575
617660
573421
521593
477016
429703
386124
341450
299503
255686
214024
172360
130921
92477.8
47963.8
816881
753768
664953
678463
615042
605771
584822
547794
506003
464970
422907
381349
340211
298309
245825
205989
166331
126423
89704.5
47063.7
880013
710539
579544
604784
564600
570921
547939
517337
483206
446793
409413
371584
332439
291866
243949
197415
159430
121939
87418.3
46928.6
93171.8
472162
399629
478168
469586
505095
502087
480741
454036
422577
389153
354725
318380
279737
234299
188311
152930
117582
85309.5
47675.3
61414.3
408966
368876
440176
435712
463425
464510
449208
427998
401877
370630
338630
304768
268347
224506
181119
147659
114368
83830.4
48216.5
-40618.2
224692
271864
392421
389618
433100
437086
427212
408418
385552
356332
324705
291631
257617
217314
175786
143731
111989
82757.9
48015
-365140
184485
266295
390100
384189
417857
419359
412444
397339
375047
345769
313777
279009
245930
203195
172490
141146
110253
81651.8
47477
-410816
129778
247909
374762
392662
429034
418270
414890
389520
367197
333218
302306
266469
234139
201173
170095
138811
108411
80422.2
46900.2
213711
401405
427931
481508
443803
461971
430678
420451
391397
365093
333903
303310
268358
234684
201056
169291
137945
107666
80292
46468.4
154521
494583
479984
533919
505360
508304
469717
449684
409045
379973
342778
310904
273973
239721
203773
171238
139186
108626
80739.4
46138.4
561103
834827
669764
673039
559376
556973
480370
462828
414515
385237
347180
313040
276903
243006
207657
174491
141338
109988
81711.9
46622.3
1.24217e+06
1.06277e+06
746323
735541
610352
582172
520385
486465
436386
398460
354752
317890
279939
245524
210570
177030
143327
111672
83170.1
48233.5
1.02095e+06
1.1477e+06
820758
783094
659390
613377
535647
494384
440855
400118
356074
318962
281216
246520
211570
178092
144430
112982
84525.2
49782.5
1.13646e+06
1.13506e+06
889955
800613
684106
620572
547594
500487
446578
403503
359861
321783
283386
248073
212388
178867
145360
114095
85528.6
51029.9
1.98916e+06
1.80339e+06
1.40598e+06
1.25364e+06
1.06084e+06
951601
831499
743775
657107
585549
516361
455366
396371
342569
290535
241096
192799
146493
103092
55709.2
1.87084e+06
1.625e+06
1.30387e+06
1.20633e+06
1.02734e+06
934929
816614
734636
649647
579863
511671
451444
393344
340182
288397
239318
191288
145202
102003
54429.6
1.6061e+06
1.54767e+06
1.23827e+06
1.15434e+06
982823
896771
788234
712536
633299
567425
502233
444101
387618
335599
284504
236036
188528
142894
100225
53117.4
1.5348e+06
1.40599e+06
1.1392e+06
1.08081e+06
915212
853628
750845
686157
611025
550189
488384
433314
379168
328849
279080
231668
184936
140037
98323.2
52073.4
1.51693e+06
1.26701e+06
1.07689e+06
997398
867077
801290
712426
651353
584210
527684
470772
419313
368322
320359
272416
226412
180984
137131
96427.5
50991
864013
1.01037e+06
882399
880825
764649
739017
660101
612503
552931
502426
450888
403178
355743
310113
264450
220249
176637
133953
94467.2
49358.7
961291
946599
813617
793392
715148
679758
617561
573419
521358
477011
429477
386013
341773
299532
255635
213866
172139
130626
92141.9
47340.5
796498
738782
657819
676147
614962
606937
584592
547727
505989
465012
423157
381759
339718
298148
245884
205868
166131
126200
89451.5
46215.2
801029
705674
582708
607709
564425
570934
548305
517278
483056
446737
409599
371836
332191
291726
243615
197370
159229
121738
87208.1
46015.8
115014
469582
397723
475825
467503
504565
502774
480642
454009
422504
389155
354846
318369
279662
233825
188222
152808
117426
85084.4
46846.3
193649
424461
378099
444854
436568
464101
464959
448983
428080
401697
370205
338698
304906
268363
224047
181077
147572
114241
83627.7
47456.3
-40003.6
230258
264421
393956
387623
432330
437112
426367
408354
385499
356192
324687
291568
257525
216877
175794
143713
111865
82537.9
47206.7
-170516
193639
270476
390567
382118
418262
419755
413116
397670
375128
345990
313635
279170
245965
203249
172492
141114
110107
81372.4
46712.1
-260737
156082
243660
374387
392590
429238
419252
414928
389668
366993
332753
302008
266245
234074
201114
170087
138739
108221
80149.4
46132.9
139231
407504
429187
482004
444836
464166
430086
421252
390835
365150
333489
302982
267984
234594
201054
169276
137846
107482
79857.7
45667.4
217776
525951
479567
534794
504249
508783
468995
449727
408346
379952
342358
310781
273520
239462
203698
171156
139016
108238
80343.5
45198.8
650643
843662
682152
671200
562012
555510
481202
462990
414046
385480
346997
313041
276971
243073
207400
174394
141167
109694
81359.2
45621.1
1.18306e+06
1.03695e+06
744507
736812
608760
582278
519602
486275
435991
398452
354613
317928
279951
245631
210559
176946
143217
111452
82862
47356.9
1.02446e+06
1.1156e+06
818666
783127
658336
613372
535193
494462
440517
399770
356031
319050
281206
246542
211474
178015
144313
112751
84331.1
49259.5
1.15764e+06
1.15783e+06
894201
801579
683833
620629
547320
500386
446460
403559
359799
321765
283276
247938
212302
178815
145269
113988
85430.2
50789.7
1.99772e+06
1.74324e+06
1.4047e+06
1.253e+06
1.06116e+06
952408
831515
744233
657174
585779
516364
455263
396345
342519
290367
241000
192705
146343
102872
55183.1
1.62684e+06
1.62701e+06
1.29106e+06
1.20567e+06
1.02494e+06
935035
815891
735121
649621
580289
511807
451651
393417
340123
288242
239196
191144
144934
101686
53497.5
1.63555e+06
1.55019e+06
1.23739e+06
1.15417e+06
981379
897644
788017
713001
633364
567749
502344
444413
387711
335585
284351
235920
188339
142566
99846.8
51983.4
1.36541e+06
1.38425e+06
1.1377e+06
1.08105e+06
915562
854557
750328
686710
610915
550505
488460
433650
379254
328831
278896
231493
184700
139668
97884.7
50859.1
1.45832e+06
1.27032e+06
1.0687e+06
996146
866050
801905
712275
651879
584326
528055
471005
419737
368469
320365
272240
226252
180763
136771
96000.8
49700
862909
1.01232e+06
884210
881819
766027
739621
659013
612548
552273
502306
451277
403444
355816
310098
264377
220143
176400
133554
93895.4
47993.2
884428
932449
808362
793297
715623
681052
617517
573258
520859
476924
429240
386376
342079
299659
255602
213699
171807
130170
91542.7
45974.7
568461
711570
647397
673801
615818
608237
584447
547582
505993
465127
423394
381580
339544
298229
246033
205632
165889
125826
88933.5
44541.4
716724
730522
576717
614369
563445
571355
549317
517361
482808
446754
409894
371721
332167
291977
243609
197206
159056
121387
86772.3
44233.9
-27487.2
471782
379075
473714
465705
504511
502750
480671
453721
422324
389206
355073
318456
279823
233829
188177
152681
117135
84648.4
45203.9
138311
461393
377067
449675
436342
465819
465700
449074
428101
399290
369674
339311
305128
268400
223777
181143
147507
113945
83224.4
45915.5
-111445
241611
274715
395794
385334
431776
437340
426112
408293
384817
356049
324589
291563
257470
216599
175893
143713
111566
82093.7
45651.7
-39106
221580
277310
394949
379437
419390
420893
414606
398176
375088
346006
313727
279337
246173
203382
172554
141038
109816
80851.1
45170.1
-236292
159916
242331
375120
392153
430091
420078
415748
389486
366595
332057
301629
265987
234042
201058
170078
138636
107907
79622.9
44555.6
81919.2
408579
429914
482671
444945
467397
429166
421800
390156
365013
332694
302575
267615
234536
201001
169220
137690
107120
79209.2
44058.2
354599
563629
473844
536232
501901
509226
467934
449627
407485
379901
341724
310503
273022
239344
203632
171109
138766
107691
79607.4
43448.6
857837
874696
695020
672226
565272
555180
483024
463069
413938
385688
346596
313056
276887
243091
207241
174272
140939
109258
80734.3
43821.7
1.13312e+06
1.02952e+06
751872
738402
609528
582511
518643
486455
435902
398561
354531
318068
280006
245764
210543
176919
143099
111083
82377.8
45754
1.08385e+06
1.10925e+06
827219
783071
659274
613752
534585
494310
439810
399719
356206
319203
281154
246521
211307
177964
144138
112413
84009.3
48261.2
1.24925e+06
1.18887e+06
893328
802714
683716
620990
546967
500466
446360
403682
359715
321632
283036
247760
212130
178662
145076
113791
85265
50311.7
1.88681e+06
1.72091e+06
1.4041e+06
1.25182e+06
1.06022e+06
952906
831337
744761
657151
585929
516272
455225
396150
342358
290256
240946
192642
146174
102644
54419
1.49988e+06
1.58917e+06
1.28178e+06
1.20352e+06
1.02252e+06
935226
815257
735662
649636
580714
511853
451816
393286
340023
288077
239111
191003
144606
101329
52132.1
1.48753e+06
1.56027e+06
1.23729e+06
1.15421e+06
980450
898364
787677
713561
633402
568164
502488
444807
387728
335541
284175
235806
188138
142150
99376.1
50207.1
1.38319e+06
1.37318e+06
1.13782e+06
1.08058e+06
915824
855481
750230
687279
610751
550771
488547
434021
379284
328837
278703
231318
184436
139213
97376.7
48928.6
1.42931e+06
1.26653e+06
1.07059e+06
996211
865344
802663
712168
652377
584480
528436
471180
420205
368590
320406
272056
226075
180531
136358
95473.6
47595.2
1.00005e+06
1.00408e+06
884307
882253
767440
739582
657945
612555
551982
502855
451293
403702
355880
310113
264324
220041
176172
133128
93245.5
45741.1
1.03516e+06
958198
817991
797297
717035
682447
617333
573010
519984
476633
429588
386721
342299
299772
255561
213568
171553
129679
90749.1
43717.4
538649
681243
641325
672376
617484
609536
584767
547566
506418
465037
423274
381137
339820
298516
246274
205456
165715
125358
88176.1
42084.6
709607
689132
589950
616996
562751
571571
549167
517728
482925
447043
409680
371575
332506
292594
244182
197226
158916
120980
86094.8
41668.3
-13801
463225
375324
473432
464152
505114
501628
480674
453473
422273
389345
355160
318660
280209
234445
188434
152610
116784
84033.4
42646.2
204612
475404
381811
454367
435746
466035
465584
449189
427812
399511
369787
339250
304960
268368
224020
181576
147481
113479
82681.3
43308.6
-261256
271301
271581
396055
381031
431976
436948
426104
408053
384441
356076
324738
291677
257423
216829
176335
143712
111096
81558.1
43125.2
-90622.6
228985
284345
398613
376177
420092
421985
416142
398482
375022
345781
313905
279768
246621
203768
172713
141011
109461
80207.3
42650.9
-392187
160154
243393
374323
390624
431152
420838
416350
389191
365841
331593
301358
265867
234068
201130
170174
138591
107560
78929.2
42040.8
138986
419772
437120
480415
446657
467888
429825
421319
389846
364719
331869
302221
267440
234652
201065
169233
137582
106717
78421.7
41518.5
475631
600423
479047
537387
500309
509402
467085
449470
406955
379704
341067
310137
272641
239395
203667
171173
138588
107148
78702.6
40840.6
984650
916692
702992
673508
567552
555360
484232
462879
415185
385888
346216
313092
276777
243054
207205
174268
140778
108865
80048
41195.2
1.14062e+06
1.02289e+06
758466
737528
611670
582808
518246
486805
435891
398799
354641
318274
280112
245876
210498
176975
143044
110725
81728.9
43256.1
982816
1.08546e+06
836221
781821
660063
613961
534143
494471
439737
400040
356299
319315
280946
246373
211005
177730
143897
112057
83642.1
46591.9
1.35948e+06
1.21395e+06
890666
804324
682940
621379
546549
500651
446194
403825
359525
321464
282777
247556
211891
178465
144828
113482
85063.1
49648.9
1.89973e+06
1.71664e+06
1.40443e+06
1.25202e+06
1.05999e+06
953605
830942
745177
657051
586102
516175
455224
395995
342279
290152
240898
192570
146024
102563
53602.7
1.4071e+06
1.58147e+06
1.27941e+06
1.20386e+06
1.02459e+06
936157
814512
736383
649467
581207
511814
452091
393136
339966
287942
239079
190908
144307
101138
50235.2
1.6641e+06
1.56406e+06
1.24568e+06
1.15696e+06
983024
899180
787367
714512
633322
568688
502521
445289
387736
335563
283997
235724
187964
141733
99055.4
47607.9
1.19594e+06
1.37535e+06
1.13356e+06
1.07908e+06
919130
855684
750846
687589
611120
551160
488656
434470
379287
328926
278511
231174
184182
138750
97009.2
46122.2
1.48337e+06
1.26441e+06
1.06642e+06
995655
864417
803986
712046
652953
584372
528976
471369
420774
368707
320532
271881
225955
180343
135978
95178.3
44515.9
1.12909e+06
1.01849e+06
887078
882673
769163
740085
659623
612903
551728
502936
451650
403944
355990
310183
264371
220064
176034
132786
92764.9
42534.5
1.12359e+06
950800
814159
799932
717836
682593
616824
573375
520451
476963
429519
386890
342430
299844
255571
213532
171427
129280
90093.9
40730.1
432227
654159
635901
673295
618600
610121
584909
548055
506727
464312
423087
381090
340286
298814
246506
205436
165580
124959
87273.5
39037.7
647236
672987
590260
619017
560760
570734
548864
518465
483328
446975
409557
371774
333028
293225
245413
197407
158856
120629
85093
38627.1
105706
445736
376451
473991
464197
505355
500661
480626
453467
422503
389350
355141
318917
280568
235439
188715
152678
116516
83354.5
39239.3
319700
475268
385912
458488
434191
465043
464453
449217
427643
401116
370689
338963
304799
268345
224786
182155
147556
112927
82333.8
39572.3
-51495.2
275100
275580
395405
380952
432149
435728
426060
408001
384622
356279
325058
291856
257446
217857
177242
143793
110530
81296.6
39414.1
-97646.1
241915
288490
399286
377579
419772
421780
417050
398385
375111
345674
314151
280435
247231
204392
173097
141141
109216
79758.6
39002.4
-202574
175352
247297
377239
391230
431334
420955
415958
389132
365535
331909
301584
266516
234567
201663
170519
138765
107394
78420.5
38599.4
240648
433822
436063
478527
448488
468497
430770
421162
389613
364701
332042
302293
267945
235237
201582
169588
137777
106577
77855.2
38131.9
529574
613466
481050
539508
501429
508533
467493
448705
407385
379429
341295
309929
272843
239652
203974
171377
138683
106874
77861.3
37666.4
1.13539e+06
943824
705701
675565
568731
556596
485156
462405
415460
385487
346511
313512
277019
243133
207466
174444
140875
108753
79329.4
38202.4
1.18477e+06
1.02671e+06
762333
734429
614302
582769
519107
486474
436297
399023
355023
318585
280431
246033
210488
177013
143053
110461
81055.8
40018.8
1.04557e+06
1.08842e+06
850652
782454
662050
613931
534935
494798
439882
400112
356337
319278
280479
246065
210555
177439
143577
111666
83458.8
44421.6
1.45474e+06
1.21857e+06
896115
805406
682840
621970
546157
500966
445999
404001
359253
321333
282482
247358
211651
178264
144615
113227
84943.1
48921.4
397544
404763
382835
422254
397573
404507
382953
363749
374721
352068
389365
363772
374926
352385
377536
388412
366379
398991
377857
387895
366414
349157
358896
335560
369802
349100
358927
335645
526131
514864
495405
548170
526122
515275
495804
492700
489450
468515
517265
492548
489434
468436
456761
461235
437024
483045
456592
461196
436846
419362
428398
402650
446698
419289
428365
402649
381673
394231
367976
409492
381593
394250
367941
342263
359005
330892
371711
342165
358986
331118
302088
321769
292559
332246
302215
321802
292453
261495
282763
252906
291709
261273
282693
252460
487182
473390
461336
502613
486841
473378
461185
460946
456522
439860
480651
460913
456282
439930
430972
434127
414325
454039
430780
434147
414136
397428
406627
382952
422510
397438
406552
382876
363544
374953
350736
389153
363492
374826
350726
327479
342507
317118
354736
327630
342644
317216
289500
308242
280567
318367
289420
308291
280578
250143
271122
242330
279666
249707
271101
241938
453734
444169
434700
464863
453634
444286
434750
433512
431088
418080
449009
433577
431088
417730
409262
412690
395694
428032
409106
412639
395782
378558
389299
367216
401777
378363
389299
367044
346700
359507
335823
370374
346631
359321
335743
313498
327806
303033
338677
313594
327755
303009
277636
294666
268930
304849
277676
294648
268908
239847
260140
233032
268349
239453
260112
232705
430508
423424
417906
437201
429818
423777
417946
413715
414794
403634
426489
413399
414850
403858
391724
398673
382773
408409
391801
398798
382911
363848
376745
355886
385566
363724
376871
356125
332641
348733
325522
356243
332648
348898
325510
299866
317350
292130
324707
299812
317482
292251
266182
283707
259636
291587
266122
283682
259671
230856
250682
225624
257550
230519
250617
225270
526146
515420
495883
549318
526212
516153
496032
492526
489456
468405
517273
492171
489534
468284
456592
461150
436778
482756
456352
460933
436587
419320
428370
402658
446672
419181
428319
402691
381615
394261
367887
409744
381374
394264
367995
342225
359031
331163
371780
342355
359128
331252
302312
321820
292447
332112
302554
321901
292547
261365
282694
252449
291869
261236
282823
252257
486805
473417
461151
503073
486776
473925
461142
460903
456243
439970
480661
460821
456260
440058
430706
434169
414014
453804
430487
434133
413408
397448
406481
382842
422383
397513
405122
382943
363451
374769
350761
389179
363726
374896
352014
327670
342692
317273
355019
327752
343237
317469
289415
308342
280598
318422
289494
308501
280659
249680
271105
241891
279756
249457
271140
241627
453608
444118
434739
465737
453618
444390
434685
433614
431054
417639
449034
433745
430955
417538
408988
412600
395764
428147
408283
412585
395353
378220
389219
366930
400044
377497
388673
366476
346612
359205
335718
369547
347750
358949
335597
313645
327718
302990
339126
313850
327619
302973
277708
294640
268904
305100
277782
294655
268911
239385
260109
232638
268399
239063
260111
232287
429692
423724
417939
437522
429447
424470
418132
413278
414907
403905
426138
413086
415271
404059
391779
398846
382949
408303
391409
399000
383066
363642
376893
356165
385030
363347
376987
356276
332637
348938
325483
356089
332549
349094
325704
299785
317348
292290
324604
299735
317200
292367
266096
283682
259671
291551
266039
283718
259634
230442
250612
225215
257477
230043
250590
224701
526271
516105
496057
549439
526387
516029
496053
492170
489559
468235
517550
491900
489612
468088
456360
460850
436526
482748
456225
460674
436430
419194
428298
402687
446897
419001
428277
402579
381323
394252
368018
409732
381159
394305
367983
342445
359176
331285
371542
342643
359289
331428
302684
321948
292620
332392
303118
322156
292916
261387
282907
252381
292424
261641
283256
252632
486770
473928
461155
502057
486705
474056
461163
460786
456289
440048
480682
460654
456346
439942
430396
434052
413114
453509
430267
433808
412709
408791
414065
416667
422259
408757
414039
416521
376181
380776
384372
389246
376066
380872
384550
327780
343454
317501
355164
327879
343538
317401
289553
308522
280671
318599
289792
308441
280680
249550
271156
241679
280102
249747
271209
241746
453637
444230
434653
465842
453666
444293
434568
433764
430930
417543
449172
433692
430934
417475
407907
412584
395110
427870
407386
412396
394527
385778
393368
395133
399668
387512
393957
394086
357797
361469
365455
368730
358158
360333
364842
313892
327603
302989
339399
313804
327725
303066
277784
294673
268912
305024
277723
294728
268870
239074
260106
232264
268378
239039
260037
232037
429402
424409
418127
437264
429312
425024
418227
413066
415398
404054
426104
412955
415847
403977
391202
399020
383094
408136
390645
399101
383209
363307
377018
356221
384391
363297
377206
355893
332519
349108
325712
356031
332547
349061
325765
299739
317189
292353
324671
299804
317213
292243
266032
283738
259629
291639
266019
283793
259542
230010
250623
224694
257434
229726
250658
224314
526478
515749
496016
549209
526645
515367
495778
491998
489617
468061
518191
492098
489599
468035
456242
460657
436419
483283
456109
460687
436368
418957
428283
402640
446980
418692
428353
402801
381278
394330
367978
409544
381497
394379
367991
342749
359322
331489
371724
343113
359416
331698
303274
322245
293024
332922
303763
322525
293313
261872
283391
252908
293121
262437
283762
253467
486663
473835
461146
501144
486476
473425
461066
460618
456349
439905
480632
460565
456345
439813
430274
433763
412867
453448
430285
433661
413172
397609
404750
383223
422405
397714
405932
383051
363740
375200
352212
389327
363705
375088
351113
327918
343318
317331
355146
328067
342928
317167
289881
308391
280681
318864
290123
308290
280688
249974
271230
241923
280505
250480
271290
242347
453658
444015
434534
465075
453594
443669
434367
433653
430929
417413
449207
433528
430850
417199
407604
412299
394428
427662
407956
412054
394522
377664
387900
366496
400965
378282
388105
366696
347937
359016
335740
370526
347067
359276
336017
313736
327812
303101
339015
313572
328069
303210
277694
294750
268845
304819
277623
294820
268769
239176
260008
232129
268350
239452
259936
232197
429276
424820
418293
436340
429108
425226
418797
412887
415983
403913
426065
412692
416582
404257
390570
399118
383191
407898
390798
399516
383433
363323
377256
355752
384587
363398
377401
355522
332604
348971
325772
356230
332812
348729
325851
299838
317243
292203
324979
299953
317363
292175
266010
283835
259525
291810
265985
283965
259419
229811
250727
224381
257423
229811
250834
224472
526758
514821
495682
548274
526762
514106
495732
492153
489598
468032
518692
492648
489697
468144
456083
460719
436410
483337
456123
460889
436633
418723
428416
402834
446867
419344
428706
403025
381575
394416
367995
409644
381897
394652
367888
343242
359442
331763
371827
343628
359359
331660
303861
322592
293366
333257
304042
322614
293363
262796
283843
253836
293491
263689
283933
254477
486417
472915
461051
500428
486302
471818
461055
460567
456353
439804
480656
460697
456414
440008
430369
433655
413288
453656
430653
433909
413656
397750
406077
383073
422807
397975
406440
383306
363703
375145
351112
389562
363589
375363
351022
328118
342859
317137
354956
327928
342593
316813
290168
308281
280682
318837
290173
308030
280637
250851
271300
242759
280631
251633
271300
243717
453574
443171
434289
463073
453592
442122
434337
433504
430810
417179
449275
433735
430921
417541
408083
412081
394604
427933
408470
412522
394923
378425
388142
366751
401436
378752
388358
366884
347072
359355
336091
371004
347016
359544
336135
313540
328137
303245
338703
313226
328121
303151
277603
294838
268749
304554
277550
294803
268744
239833
259922
232508
268335
240830
259978
233526
429048
424797
418816
434642
429162
423375
418874
412723
416837
404548
426222
413149
417583
404981
390897
399781
383530
408443
391113
400201
383660
363419
377409
355563
384826
363493
377421
355930
332879
348702
325897
356429
332922
348633
326125
299992
317420
292270
325125
300016
317552
292751
265986
284070
259511
291949
266018
284266
259802
230132
250974
224894
257564
231140
251231
226282
400852
405887
392627
397562
400733
405898
392766
401969
410252
398828
404637
402510
409600
398409
395526
387816
390822
383850
395384
388372
391619
408795
422236
414013
416565
414019
416491
408740
400849
397543
405847
392700
405879
392769
400708
401822
404469
410005
398815
409448
398566
402196
395493
383927
387876
390851
388423
391627
395225
367644
372463
359337
363754
367663
372490
359306
373099
379990
366594
375751
372213
380666
367150
365263
356412
358340
350481
364709
356444
358884
376210
389326
380899
384553
380941
384617
376177
367678
363765
372422
359434
372467
359338
367774
373032
375771
380146
366619
380777
367216
372239
365155
350384
356445
358392
356440
358774
364587
379169
385730
372879
377002
380353
385673
372003
384877
392292
381216
388154
384991
392062
380972
377123
369556
373873
366289
377330
369358
373705
385584
399688
393598
394570
394297
393781
387086
379150
377114
386030
372936
385651
372086
380216
384877
387975
391898
380917
391949
380844
384801
377133
366334
369655
373802
369409
373710
377288
351155
354162
343532
345674
350998
351700
343602
353998
361938
351232
358868
354176
361776
351187
346216
338707
343492
335533
346453
338552
343466
357863
368878
361750
365591
360379
364948
358207
351179
345492
354100
343763
351490
343722
351097
354045
358865
362029
351255
361800
351193
354313
346256
335561
338893
343559
338606
343487
346611
569454
563211
545365
584780
569469
563297
545434
528438
529566
509320
547710
528324
529535
509147
487451
491937
471049
505909
487302
491882
470941
445378
453449
431971
464893
445254
453464
431873
403663
414182
392512
422916
403480
414203
392342
361344
374508
351745
381386
361200
374513
351497
319483
333846
310936
340009
319393
333874
311122
279754
293416
271075
298196
279720
293391
270927
553441
543928
527570
570886
553569
543864
527967
528968
540719
538115
547826
540734
538021
528928
500060
510128
508486
517313
510127
508465
500095
467169
475361
476319
483168
475315
476303
467215
431206
438297
441010
446770
438274
441022
431227
395111
400985
404866
409423
400981
404898
395100
357451
362371
367995
371613
362346
368049
357484
318313
322710
329487
332446
322601
329409
318179
278217
282278
289297
291792
282284
289274
278242
228212
240410
220271
243758
228153
240266
220143
499958
479976
479583
504893
500057
480300
479881
489121
497604
492568
502130
497655
492598
488970
466204
474263
472281
480698
474229
472246
466237
440338
446769
447177
454048
446778
447178
440350
408777
414136
417004
422540
414130
416978
408767
376042
380759
384253
389153
380759
384241
376047
341866
345649
350546
354723
345627
350537
341819
305639
308856
315012
318359
308843
315012
305666
267064
269870
276800
279708
269833
276776
267096
215921
229228
211586
234090
215774
229025
211421
461987
448552
449264
463378
462241
448564
449364
453835
461258
456573
464426
461257
456585
453708
437650
444079
442352
449130
444022
442337
437669
416590
422192
422283
427981
422193
422282
416583
389882
394138
397368
401860
394138
397362
389865
358670
362693
366603
370587
362646
366556
358715
326686
330483
334833
338639
330470
334826
326750
292596
295876
301303
304780
295884
301313
292588
256382
258976
265574
268337
258955
265570
256401
207325
220571
203464
224330
207133
220385
203243
432216
420623
427146
433118
432299
420660
427367
430416
435476
431596
436983
435324
431500
430491
418356
422927
422428
426861
422709
422345
418408
399081
402840
404629
408449
402865
404648
399040
375110
378601
382175
385577
378604
382202
375111
345501
348476
353563
356314
348458
353560
345484
313656
316360
322050
324718
316446
322048
313675
280296
283178
288854
291621
283165
288843
280310
246437
248778
255285
257598
248757
255263
246463
199537
212139
199433
217134
199287
211910
199235
413413
408137
409089
419591
413521
408438
409521
403011
406300
399567
412624
403173
406497
399898
382852
390948
381810
397462
382920
391091
381909
357219
369332
356271
375112
356985
369326
356353
326154
340696
325690
345874
326312
340655
325599
293090
309183
292367
313637
293026
309311
292243
259852
275546
259035
279105
259878
275316
259199
227379
242229
226852
245924
227253
242256
226813
569529
563536
545455
584535
569530
564280
545638
528294
529514
508894
547468
527807
529547
508573
487288
491794
470751
505782
486944
491699
470462
445208
453452
431657
464870
444885
453426
431336
403439
414188
391984
423149
403205
414154
391543
361210
374515
351499
381741
361269
374428
351582
319750
333993
311329
339500
319919
334180
311491
279957
293493
271013
298154
279874
293680
270792
554149
543620
528273
571399
555068
543606
528505
529307
540618
538568
548745
529124
540623
538888
499851
510093
508410
517246
499902
510033
508407
466778
475183
476221
482900
466915
475016
476165
431144
438248
441039
446665
431154
438187
441047
395064
400991
405083
409596
395098
400916
405146
357149
362397
368260
371793
357145
362281
368221
318399
322810
329357
332104
318382
322836
329382
278190
282421
289284
291732
278182
282462
289327
228235
240058
220151
243531
228155
240053
219951
500145
480427
480683
504685
499989
480899
481297
489089
498257
493259
503054
489138
498376
493459
466135
474181
472149
480643
466135
474186
472137
440127
446644
447171
453956
440224
446545
447133
408745
414141
416913
422471
408767
414114
416866
375933
380725
384206
389158
375968
380701
384201
342200
345934
350804
354923
342123
345980
350869
305607
308797
315012
318378
305598
308801
315027
266968
269751
276736
279675
266973
269750
276745
215784
228759
211439
233766
215584
228630
211175
462780
448963
448968
465393
463127
449717
448923
454445
461448
457188
465345
454305
461527
457490
437638
443966
442330
448983
437610
444001
442342
416841
422275
422394
428124
416776
422274
422453
389333
393973
397113
401604
389589
393859
396879
358249
362207
366183
370002
358356
361955
366002
326703
330544
334815
338739
326688
330600
334831
292742
296005
301398
304974
292691
296066
301446
256338
258901
265613
268378
256347
258888
265632
207088
220096
203203
223875
206799
219891
202894
432242
420288
427348
432255
432323
420558
427724
430273
435032
431609
437377
430272
435011
431811
417964
422270
422115
426266
418070
422163
422056
399193
402962
404649
408321
399175
402989
404656
374910
378431
382175
385383
374993
378294
382103
345712
348395
353596
356138
345661
348388
353623
313453
316384
322037
324661
313506
316350
322034
280220
283107
288804
291554
280237
283094
288793
246218
248649
255169
257505
246278
248612
255136
199198
211696
199186
216691
198767
211493
198734
413653
408839
410444
420761
414016
410130
412044
403387
406905
400389
413818
403609
407497
400987
383016
391244
382007
397932
383130
391466
382309
356713
369282
356401
375119
356468
369215
356354
326435
340489
325452
346018
326452
340332
325405
292921
309201
292092
313680
292799
309002
291977
259901
275071
259355
279238
259900
274937
259407
227197
242300
226879
246052
226917
242366
226629
569766
564402
545822
584759
569954
565179
546112
527722
529609
508145
547362
527616
529727
507701
486940
491628
470221
505987
486707
491608
469961
444947
453419
430932
465112
444792
453411
430461
403262
414129
391077
423381
402990
414016
391015
361556
374471
351751
381267
361703
374616
351886
320218
334425
311706
339649
320464
334741
311912
280249
293958
271054
298379
280265
294367
270945
555844
543164
528627
571705
556305
543398
528779
530089
540635
539295
549448
529873
540622
539527
499730
509994
508490
517378
499749
509937
508539
466400
474865
476023
482692
466456
474746
475995
431111
438204
441139
446749
431126
438157
441190
394657
400916
405364
409809
394809
400836
405400
357338
362361
368165
371608
357304
362393
368170
318617
323146
329519
332211
318540
323262
329597
278454
282758
289625
292106
278354
282891
289769
228307
240200
220014
243832
228312
240549
219878
499375
480918
481385
504922
498679
481140
481084
488932
498242
493388
502600
488971
498059
493362
466171
474218
472150
480680
466163
474224
472157
439626
446209
446895
453637
439745
446111
446801
351068
355113
351100
342420
346137
342399
346169
305704
308887
315094
318496
305673
308936
315117
267122
269879
276851
279905
267062
269955
276911
215694
228637
211331
234083
215597
228804
211181
463091
449416
448602
466481
462970
450039
448553
454606
461599
457693
465884
454588
461592
457847
437860
444178
442431
449113
437803
444229
442469
416520
421962
422511
428019
416678
421791
422457
335027
338831
335014
326844
330780
326819
330734
292846
296177
301589
305119
292853
296162
301598
256287
258874
265644
268396
256305
258873
265626
206909
219760
202973
223842
206742
219771
202696
432031
420284
427724
432190
431607
420677
427865
430197
434861
431856
437465
430214
434801
431983
417800
422002
421986
426102
417809
421993
422009
399060
402959
404688
408264
399133
402871
404675
377716
384615
377544
374648
381772
374621
381673
348316
356012
348288
345630
353586
345669
353504
324592
313341
316292
321964
313348
316302
321967
280207
283092
288804
291583
280201
283100
288826
246028
248519
255073
257460
246079
248479
255063
198785
211505
198754
216638
198320
211532
198240
414577
410324
413633
422061
415451
411702
415547
403737
408082
401480
415463
403779
408578
401832
383267
391538
382517
398381
383456
391619
382744
356216
369117
356220
375057
355951
369017
356080
326434
340147
325363
345926
326381
340077
325430
292689
308808
291880
313797
292593
308647
291847
259889
274884
259451
279504
259865
274903
259489
226917
242450
226709
246376
226639
242542
226455
570332
564932
546335
585480
570416
565695
546548
527967
529889
507468
547086
528017
530231
507596
486740
491789
469665
506413
486650
492044
469303
444731
453431
430231
464546
444465
453385
430018
402832
414125
391179
423138
402829
414288
391237
361944
374808
352003
381069
362173
375050
352075
320738
335125
312174
340081
321040
335547
312394
280685
294838
271288
298705
280797
295353
271194
556314
543187
528554
571938
555930
543892
528289
530525
540742
539541
549274
530470
540781
539673
499754
510062
508787
517822
499747
510051
508910
466323
474850
476136
483009
466340
474853
476256
430811
438189
441443
447051
430948
438136
441545
394718
400630
405257
409592
394663
400633
405310
357590
362599
368338
371601
357535
362678
368425
319020
323710
329965
332640
318910
323877
330122
278978
283368
290316
292784
278845
283545
290527
228571
241058
220067
244747
228613
241755
219991
497754
480632
480141
506002
497117
480825
478872
488370
496899
492387
501489
488639
496494
492038
466160
474224
472145
480662
466174
474218
472131
439447
445957
446622
453450
439468
445934
446593
414011
416575
408654
408646
422289
414023
416587
380837
384464
376136
376124
389326
380787
384419
351107
342339
346199
355150
342376
346202
351065
305862
309135
315189
318727
305817
309210
315221
267471
270269
277137
280316
267376
270381
277218
215907
229081
211570
234958
215943
229597
211583
462367
449910
447985
466141
461633
450713
447429
454298
461323
457563
465545
454407
461178
457544
437941
444310
442542
449198
437945
444312
442545
416175
421569
422236
427755
416242
421520
422163
392658
395218
387870
388294
400747
393473
395611
361983
365887
358369
358483
370079
362134
366082
335218
326934
330795
339071
326941
330732
335206
292672
296019
301491
304899
292719
295968
301448
256214
258893
265535
268361
256229
258904
265505
207128
219909
203025
224427
207053
220254
202921
430655
420389
427521
432825
429584
421132
427313
429907
434415
431718
436853
430002
434230
431744
417738
421961
422122
426096
417759
421929
422159
398809
402501
404563
407974
398836
402392
404538
377613
374758
381733
384494
374773
377666
381772
348359
345668
353528
356129
345637
348417
353563
313455
316435
322080
324816
313413
316501
322149
280278
283160
288940
291719
280256
283185
288992
245890
248375
255064
257416
245916
248350
255080
198487
211855
198405
217270
198209
212267
198108
416220
411444
416778
422934
416445
412428
416970
403725
408829
402058
416610
403862
409251
402738
383676
391594
382872
398442
383775
391623
382881
355676
368976
355915
374966
355505
369374
355971
326303
340052
325534
345633
326224
340178
325718
292502
308516
291872
314048
292445
308474
292010
259870
274977
259609
280139
259897
275080
259773
226796
242670
226805
246957
226667
242802
226800
570206
564881
546058
584885
569905
564755
545635
528891
530811
508008
548939
529967
531593
508663
486766
492226
468988
507074
486987
492613
468838
444591
453181
429795
464652
445029
453624
430063
403035
414471
391237
423151
403368
414707
391083
362378
375313
352111
381295
362605
375495
352047
321229
335917
312554
340418
321247
336006
312169
281278
295721
271493
298958
281118
295862
271415
555208
543286
527592
571494
555302
544180
527356
530388
540846
539160
549038
530414
540998
539367
499728
510477
509462
518454
499775
510535
509641
465936
475005
476695
483252
466087
475032
476666
430481
437996
441454
446867
430433
437954
441514
394676
401008
405622
409573
394668
401140
405760
357593
363018
368767
371817
357631
363181
368883
319242
324318
330640
333166
319253
324473
330756
279326
283962
291128
293346
279280
284131
291255
228880
242501
220302
246202
228822
243408
220267
497072
480228
477914
505946
497248
480395
477718
486914
495459
490549
500904
487152
495396
490768
466147
474175
472109
480624
466136
474177
472120
439494
445923
446584
453512
439440
445978
446622
409014
414349
416804
422616
408920
414437
416922
376219
380778
384437
389398
376192
380797
384488
342192
346226
350959
355111
342249
346203
350902
305948
309389
315340
318931
305972
309377
315355
267773
270678
277405
280591
267728
270729
277420
216534
230049
212216
236287
216402
230935
212040
460238
449874
446656
465174
459114
450108
446253
453759
460515
456604
464391
453847
460379
456579
437864
444295
442523
449237
437875
444303
442531
416161
421427
422011
427684
416086
421508
422059
389155
393715
396256
401221
389013
393825
396406
359027
362901
366575
370820
358913
363034
366701
326851
330589
335184
338894
326898
330516
335138
292525
295859
301369
304777
292567
295810
301340
256253
258967
265441
268339
256228
258993
265437
207727
220632
203552
225724
207538
221571
203407
428836
420571
426632
432639
427992
421976
426908
429329
433458
431082
435726
429527
433351
431147
418033
421825
422276
426113
417879
421960
422398
399332
402516
404756
408167
399143
402671
404949
374624
377677
381800
384663
374609
377686
381839
345805
348571
353710
356325
345779
348609
353758
313694
316689
322425
325125
313627
316741
322519
280441
283249
289222
291893
280383
283262
289321
246031
248357
255223
257488
245970
248399
255317
198736
212841
198771
218993
198557
213672
198501
416211
411518
416798
421676
415907
410757
416604
404282
409590
403369
417828
404763
410395
404456
383421
391631
382969
398496
383152
391090
383229
355847
369516
356217
375434
356063
369618
356326
326116
340115
325814
345805
325948
339933
325825
292524
308689
292374
314132
292521
308762
292602
260002
275284
260007
280720
260008
275268
260068
227212
242899
227571
247525
227059
243061
227516
522805
532564
515074
526108
532531
515031
522806
517718
525361
508439
514778
525278
508514
517708
511357
505153
501724
495541
505164
501794
511298
529000
547948
540654
538434
540693
538189
529021
522875
526123
532494
514975
532531
515002
522935
517945
514961
525689
508920
525491
508704
518164
511516
495695
505255
502256
505211
501994
511696
492663
500268
483910
492674
500232
483863
492692
491279
498651
482647
489423
498621
482608
491313
483913
476146
475718
468498
476122
475679
483937
500016
517310
510094
508419
510136
508443
499955
492637
492666
500126
483720
500221
483803
492588
491249
489421
498614
482559
498612
482580
491218
483894
468467
476048
475633
476089
475654
483871
459024
464998
449420
456719
464935
449363
459046
460281
468550
453476
461241
468542
453485
460298
452072
443216
445501
436985
443191
445490
452088
467114
483167
475177
476256
475313
476293
467027
458969
456707
464784
449174
464931
449269
458896
460254
461236
468498
453409
468527
453480
460190
452031
436918
443054
445370
443141
445453
451939
422799
427684
413128
419336
427646
413092
422804
425428
434466
419717
428372
434465
419715
425426
416891
407928
411264
402647
407913
411263
416899
431184
446786
438217
441029
438286
441029
431166
422808
419355
427611
413046
427674
413066
422823
425434
428361
434492
419733
434480
419721
425434
416889
402650
407903
411266
407907
411268
416889
386600
390290
376510
381663
390298
376504
386554
390436
399409
385598
394232
399422
385603
390426
381710
372369
376957
367982
372372
376967
381688
395115
409509
400955
405016
401019
404956
395112
386650
381686
390337
376441
390374
376482
386697
390444
394241
399481
385598
399452
385604
390445
381727
367970
372330
376958
372360
376969
381731
348744
351584
337837
342252
351631
337730
348689
353672
363413
349665
359012
363427
349648
353681
344375
334522
340419
331022
334510
340403
344399
357388
371733
362343
368185
362390
368117
357283
348793
342276
351852
337707
351801
337627
348827
353643
358995
363396
349710
363426
349614
353608
344387
331066
334653
340602
334640
340542
344457
309415
312195
298242
302084
312096
298232
309462
315372
325168
312133
321747
325251
312105
315425
305765
295581
302489
292517
295534
302470
305754
318319
332406
322708
329340
322714
329348
318355
309384
302204
311726
298221
311925
298233
309353
315356
321776
325382
312067
325321
312086
315339
305763
292478
295466
302424
295495
302445
305751
268846
271042
257538
261435
270968
257419
268926
275522
285883
272748
282732
285862
272712
275553
265745
255490
262967
252741
255338
262902
265823
278200
291766
282354
289264
282349
289270
278177
268785
261452
270747
257103
270866
257359
268729
275502
282708
285848
272647
285854
272679
275474
265673
252687
255024
262785
255286
262839
265612
484083
492768
478255
487037
492874
478152
484268
479383
483422
470146
473303
483434
470140
479575
474691
469629
465917
461281
469567
465876
474807
489266
502335
498049
493118
497816
492795
489230
483901
486921
492886
477986
492961
478067
483740
479216
473273
483721
470163
483608
470150
479066
474575
461235
469426
465814
469501
465849
474457
459999
467693
453685
460933
467668
453672
460025
458490
464222
451198
456435
464172
451130
458532
452605
446606
445520
439868
446604
445500
452628
466177
480675
474187
472173
474208
472214
466148
459983
460923
467630
453674
467642
453674
459972
458443
456349
464060
451012
464117
451065
458408
452592
439902
446638
445509
446622
445504
452583
433012
439114
425182
430935
439104
425157
433032
434071
440503
428037
434118
440499
428030
434086
427122
419608
421476
414300
419585
421461
427139
440325
454053
446724
447183
446777
447184
440292
432955
430854
438972
424995
439051
425091
432878
434061
434134
440517
428033
440510
428037
434040
427072
414230
419416
421385
419509
421432
427003
400591
405800
392429
397431
405813
392422
400575
403595
411669
398716
406605
411636
398733
403588
395595
387595
390790
382943
387589
390820
395564
408787
422516
414141
416943
414134
416967
408784
400598
397437
405813
392407
405824
392416
400596
403606
406586
411571
398721
411613
398739
403576
395608
382916
387556
390808
387577
390827
395584
367698
372279
359196
363546
372285
359192
367696
371444
379543
366966
374928
379527
366938
371453
363270
354927
358884
350716
354924
358864
363269
376028
389154
380743
384216
380754
384231
376003
367683
363528
372257
359141
372278
359167
367648
371427
374884
379484
366811
379508
366886
371404
363263
350675
355014
358779
354928
358824
363264
333108
336568
324220
327531
336694
324170
333019
338033
346459
334190
342529
346454
334273
337903
329464
320659
325796
317141
320674
325799
329460
341994
354714
345884
350668
345738
350544
342061
333142
327576
336846
324211
336784
324183
333210
338143
342573
346756
334378
346580
334309
338231
329516
317171
320743
325912
320705
325844
329594
296114
299295
286482
289470
299259
286462
296139
302403
311662
299155
308241
311655
299154
302418
292999
283504
289910
280561
283493
289908
293011
305613
318365
308804
315004
308823
315006
305600
296093
289440
299206
286433
299227
286444
296080
302397
308255
311668
299199
311654
299168
302404
292995
280565
283484
289945
283485
289920
293000
257305
260071
247404
249976
259992
247258
257364
264290
273938
261662
271108
273918
261635
264322
254583
244857
252120
242188
244720
252052
254656
267024
279684
269764
276741
269798
276757
266989
257235
249926
259852
247001
259916
247206
257174
264257
271102
273894
261578
273904
261606
264225
254505
242135
244463
251911
244667
251979
254434
450275
457754
446461
453694
457756
446501
450198
446571
450024
441305
444078
449968
441358
446397
443348
439706
438056
434707
439949
438058
443108
454033
464531
461424
457129
461339
456811
454205
450417
453663
457806
446607
457790
446559
450520
446790
444123
450464
441447
450160
441417
446950
443598
434730
440261
438155
440139
438111
443754
432667
438742
427575
433523
438735
427629
432611
431832
435932
427151
431113
436115
427065
431774
427276
422300
422931
417961
422313
422749
427326
437629
449059
443960
442324
443981
442323
437609
432700
433558
438787
427709
438757
427682
432718
431849
431111
436312
426906
436242
426989
431845
427222
417846
422302
422471
422315
422595
427176
410748
416001
404420
409229
415993
404400
410748
411494
416963
407109
412691
417005
407148
411472
405940
399888
401559
395728
399906
401550
405936
416633
428006
422246
422342
422220
422312
416695
410777
409184
415991
404340
415999
404382
410810
411567
412679
417091
407189
417051
407182
411632
405983
395769
399924
401646
399928
401591
406032
382209
386337
374489
378532
386352
374453
382212
385940
393190
382238
389322
393202
382243
385928
378397
370722
374844
367187
370689
374827
378413
389854
401828
394071
397255
394124
397333
389760
382162
378469
386267
374248
386333
374374
382056
385919
389330
393161
382158
393200
382221
385851
378350
367132
370517
374709
370622
374785
378262
350756
354732
342862
346678
354697
342847
350787
355009
362915
351676
359476
362877
351638
355046
347115
339198
343792
335798
339175
343758
347146
358590
370504
362406
366341
362552
366469
358479
350700
346646
354537
342823
354630
342833
350637
354940
359414
362695
351471
362804
351567
354839
347058
335772
339114
343668
339152
343701
346996
318319
322024
309890
313522
322060
309904
318268
323024
331191
319611
327804
331178
319627
323057
314748
306383
311372
303034
306386
311371
314741
326679
338658
330502
334811
330475
334815
326679
318344
313553
322140
309947
322098
309923
318366
323016
327792
331128
319583
331163
319610
323000
314745
303026
306391
311342
306389
311362
314737
283707
286812
274705
277637
286817
274709
283701
289344
297917
286203
294663
297921
286196
289344
280618
271775
277631
268923
271777
277624
280618
292615
304805
295950
301359
295908
301331
292647
283728
277650
286876
274753
286839
274724
283761
289348
294657
297934
286178
297926
286186
289358
280625
268915
271800
277613
271784
277618
280639
247039
249507
237508
239719
249442
237392
247097
253763
262830
251274
260129
262825
251252
253777
244545
235256
242295
232928
235147
242235
244601
256366
268340
258913
265593
258934
265578
256353
246971
239655
249297
237152
249368
237336
246908
253748
260120
262839
251208
262829
251230
253735
244483
232867
234894
242115
235073
242173
244421
428386
433397
425452
430208
433178
425295
428551
425407
428656
423229
423399
428586
423271
425395
424322
420807
419455
417901
420761
419447
424371
430375
436986
435118
431672
435170
431532
430339
428257
429987
432819
425022
432964
425160
428141
425404
423486
428870
423444
428653
423293
425430
424275
417888
420634
419484
420694
419439
424246
414298
418511
409540
413648
418366
409481
414343
414407
418826
412588
414793
418828
412603
414391
411100
405521
407257
403721
405524
407273
411085
418285
426651
422397
422192
422555
422276
418178
414235
413527
418090
409327
418225
409402
414153
414373
414792
418812
412677
418811
412642
414300
411075
403771
405471
407359
405502
407324
411054
393917
397475
387892
391760
397471
387935
393847
394745
401715
394248
398701
401696
394278
394699
391074
383520
387944
382797
383556
387915
391006
399136
408451
402923
404648
402901
404658
399152
394001
391795
397582
387993
397537
387980
394057
394817
398739
401794
394411
401730
394348
394905
391168
382851
383651
387944
383611
387917
391250
368334
371432
360654
363826
371420
360637
368340
371242
379508
370569
376779
379537
370637
371262
365868
357138
362718
355930
357083
362733
365852
375093
385590
378528
382214
378583
382222
375055
368315
363784
371331
360580
371388
360610
368283
371208
376822
379619
370798
379577
370723
371200
365894
356018
356975
362753
357001
362732
365937
337992
340712
329766
332618
340700
329796
337978
342140
351474
341612
348768
351515
341727
342172
336115
326360
332906
325548
326505
332949
336001
345539
356285
348402
353577
348432
353564
345596
338026
332641
340698
329911
340690
329858
338065
342207
348818
351733
341971
351598
341837
342365
336298
325511
326710
333140
326663
333010
336450
305471
308259
296921
299853
308258
296880
305474
310624
320501
309411
317402
320554
309344
310675
303504
293713
300406
292162
293664
300212
303584
313607
324727
316415
322026
316437
322006
313559
305452
299835
308223
296803
308245
296839
305424
310582
317469
320356
309225
320489
309249
310522
303400
292193
293591
299931
293618
300038
303297
272121
274792
263543
266170
274779
263524
272136
277379
286727
276069
283694
286711
276171
277371
269990
260856
266736
259652
260833
266728
269998
280278
291607
283126
288817
283147
288831
280257
272105
266148
274746
263453
274763
263492
272087
277392
283675
286709
276398
286708
276289
277401
269990
259661
260765
266720
260801
266720
269989
237830
239941
228586
230765
239897
228499
237868
244107
253430
243425
250660
253415
243415
244142
236020
226239
233327
225546
226127
233282
236065
246393
257577
248686
255204
248724
255238
246336
237778
230686
239781
228248
239841
228426
237706
244052
250642
253380
243346
253401
243395
243979
235961
225491
225808
233140
226026
233237
235882
523105
532467
514960
526155
523010
532448
514956
518466
525641
509112
515759
518323
525817
509324
512030
505307
502465
495946
511879
505355
502627
529477
548993
540642
539254
540630
538983
529687
523200
526197
532480
514973
532470
514961
523301
518578
515886
526101
509564
525837
509457
518692
512155
495994
505433
502815
505397
502735
512253
492523
500115
483645
492376
492554
500008
483567
491184
498632
482550
489481
491198
498655
482550
483851
476007
475623
468370
483859
475963
475619
499811
517285
509966
508449
510032
508424
499775
492501
492348
499896
483399
500003
483490
492473
491178
489508
498718
482569
498685
482558
491176
483849
468327
475876
475626
475919
475622
483851
458719
464777
449092
456471
458815
464604
449008
460007
468454
453320
461090
460110
468396
453220
451751
442977
445266
436712
451844
442903
445162
466656
482919
474851
476062
475010
476124
466536
458658
456458
464466
448875
464596
448938
458606
459904
461012
468261
453017
468340
453120
459791
451675
436650
442784
444990
442841
445074
451603
422902
427680
413035
419244
422860
427641
413024
425440
434483
419723
428350
425438
434479
419722
416932
407912
411273
402671
416906
407923
411288
431138
446713
438163
441096
438218
441069
431132
422954
419258
427698
412981
427713
413009
423008
419721
425448
428337
434488
434483
419721
425456
411328
416966
402683
407930
407932
411308
416995
386778
390428
376371
381503
386740
390408
376259
390412
399515
385584
394269
390437
399539
385559
381678
372282
376929
367828
381718
372214
376886
395011
409713
400879
405287
400941
405216
394928
386823
381503
390479
375927
390510
376109
386856
385478
390377
394271
399554
399555
385522
390327
376880
381614
367905
372202
372147
376849
381539
348808
352002
337763
342246
348820
351968
337803
353810
363336
349842
359109
353698
363356
349864
344566
334671
340653
331197
344501
334699
340713
357282
371873
362246
368184
362235
368194
357290
348827
342335
351745
337914
351882
337865
348850
353808
359124
363387
349924
363372
349890
353808
344627
331224
334748
340808
334723
340766
344681
309330
311658
298229
302360
309333
311588
298252
315340
325427
312058
321839
315332
325463
312064
305769
295461
302419
292460
305753
295475
302430
318430
332118
323015
329459
322941
329417
318476
309359
302461
311627
298367
311601
298300
309417
315367
321866
325549
312121
325502
312084
315412
305806
292494
295573
302508
295513
302460
305864
268702
270715
257126
261222
268702
270685
256912
275482
285862
272640
282716
275473
285894
272647
265558
255036
262741
252287
265567
254827
262732
278226
291795
282643
289502
282555
289401
278274
268727
261299
270721
256850
270689
256968
268790
275523
282758
286028
272736
285949
272682
275579
265575
252336
254780
262790
254895
262744
265629
483561
492816
477932
486787
483631
492774
477896
478869
483630
470178
473629
478934
483729
470227
474308
469370
465792
461134
474367
469331
465787
489040
503078
498359
493515
498404
493433
489017
483516
486779
492728
477860
492752
477873
483490
478799
473711
483828
470306
483694
470261
478768
474264
461133
469295
465796
469307
465787
474238
459991
467630
453680
460883
459978
467634
453678
458392
464024
450992
456230
458392
464007
450997
452616
446664
445531
440009
452594
446687
445568
466143
480651
474208
472142
474196
472136
466154
460005
460853
467650
453640
467643
453664
460012
458407
456238
464016
451056
464006
451021
458427
452643
440042
446692
445654
446699
445613
452663
432643
438863
424905
430639
432766
438752
424823
433915
440526
428019
434182
433995
440520
427970
426759
419300
421307
413872
426896
419167
421188
440009
453881
446323
446987
446436
447068
439880
424623
432524
430567
438553
438652
424732
432400
433796
434178
440407
427742
440478
427881
433651
418820
426611
413683
420845
419016
421033
426445
400575
405817
392405
397463
400574
405826
392414
403386
411482
398667
406401
403495
411353
398634
395515
387541
390780
382828
395552
387536
390768
414084
416740
408710
408716
422430
414099
416808
405863
392508
400633
400591
397485
405842
392443
410784
397956
402919
403231
406315
411163
398766
387625
390654
395396
395468
382860
387554
390792
367573
372222
359213
363543
367602
372190
359289
371417
379470
366732
374737
371394
379478
366665
363515
355182
358757
350704
363297
355398
358724
380688
384267
375937
375911
389164
380683
384215
372326
359387
367689
367651
363654
372206
359361
379684
367010
371787
371507
374768
379536
366694
355921
359560
364194
363813
350478
355579
358635
333349
336916
324239
327700
333282
336979
324268
338443
346854
334459
342795
338333
346964
334560
329755
320786
325982
317341
329677
320835
326055
351010
342278
354962
346090
346035
350933
342348
333404
327726
337068
324323
337029
324297
333447
347296
338556
342879
334790
347108
334670
338660
329823
317410
320922
326211
320882
326135
329881
296088
299199
286432
289424
296079
299207
286441
302446
311693
299242
308401
302422
311726
299289
293032
283491
289977
280620
293013
283504
290012
305623
318396
308847
315070
308819
315048
305646
296107
289451
299267
286494
299230
286462
296135
302471
308457
311789
299362
311760
299331
302494
293054
280642
283546
290067
283523
290044
293077
257086
259797
246972
249520
257116
259773
246820
264194
273891
261562
271114
264206
273898
261549
254320
244411
251845
241735
254365
244246
251798
266984
279706
269814
276803
269774
276767
267014
257071
249542
259794
246760
259768
246838
257084
264199
271126
273937
261552
273913
261548
264214
254288
241722
244134
251745
244230
251761
254282
450662
457806
446638
453600
450592
457815
446661
447147
450419
441419
444317
447057
450727
441457
443932
440334
438163
434725
443866
440371
438174
454504
465445
461605
457758
461560
457530
454581
450699
453603
457834
446698
457824
446678
450734
447184
444228
450948
441441
450720
441430
447212
443974
434703
440391
438162
440387
438163
443989
432789
438837
427744
433660
432745
438899
427784
431837
436343
426836
431019
431835
436352
426779
427173
422303
422378
417575
427161
422325
422313
437686
449001
444119
442392
444057
442362
437744
432848
433708
439033
427872
438968
427830
432911
431856
430985
436359
426711
436353
426737
431894
427211
417545
422406
422273
422363
422279
427265
410798
415955
404245
408833
410828
415868
404086
411799
417140
407215
412580
411721
417193
407251
406093
399883
401710
395690
406082
399782
401736
416854
428152
422121
422530
422226
422504
416802
403562
410688
408621
415540
415729
403866
410504
411846
412577
417285
407281
417249
407282
411835
399401
406040
395551
401612
399618
401711
405907
381662
386162
374080
378038
381890
386029
373868
385576
393071
382050
389087
385735
392931
381898
377972
370379
374599
366795
378135
370209
374456
392780
395932
388378
388960
401502
393737
396527
385430
373304
380944
381357
377799
385856
373607
392515
381476
385175
385384
388904
392742
381706
369795
374086
377561
377778
366644
370011
374285
350659
354449
342835
346565
350639
354301
342855
354635
362555
351373
359080
354723
362392
351351
346895
339073
343640
335673
346959
338998
343618
361613
365653
358212
358206
369756
361686
365810
354474
343182
350761
350718
346323
353873
342914
362104
351294
354381
354513
359000
362216
351319
338861
343527
346647
346764
335633
338926
343568
318420
322182
309977
313709
318390
322237
310016
322949
331101
319547
327678
322971
331050
319509
314726
306393
311318
302974
314731
306403
311293
334956
326730
338778
330748
330664
334865
326776
318461
313782
322373
310119
322303
310065
318512
331001
322932
327643
319460
331024
319479
322930
314731
302967
306453
311272
306423
311276
314751
283851
286923
274788
277740
283804
286971
274822
289403
297948
286174
294638
289377
297970
286175
280686
271820
277612
268903
280659
271843
277615
292793
305043
296162
301554
296122
301501
292834
283893
277766
287040
274865
287013
274850
283922
289432
294643
298030
286188
297999
286181
289458
280716
268906
271880
277631
271865
277622
280741
246795
249228
237092
239219
246844
249177
236935
253716
262854
251190
260110
253727
262869
251173
244307
234819
242053
232485
244358
234657
242001
256330
268391
258876
265651
258882
265646
256318
246748
239183
249103
236774
249132
236899
246713
253706
260111
262882
251134
262879
251156
253688
244255
232433
234463
241898
234603
241947
244209
427981
432710
424910
429593
428042
432631
424819
425449
428876
423466
424049
425391
429201
423687
424252
420551
419480
418015
424223
420499
419569
430242
437319
434933
431961
434944
431793
430253
427933
429508
432517
424694
432562
424748
427933
425455
424140
429581
424077
429281
423842
425504
424291
418047
420420
419761
420448
419623
424361
414012
417972
409253
413181
414075
417880
409190
414127
418822
412685
415013
414198
418853
412721
411060
405439
407376
403981
411039
405414
407407
417881
426190
422029
421986
422082
422012
417831
413978
413118
417796
409119
417823
409148
413973
414077
415125
418973
412820
418897
412752
414054
411103
404015
405345
407465
405383
407432
411163
394121
397642
387982
391708
394104
397670
387929
395090
401879
394463
398908
395006
401964
394527
391383
383679
387963
382998
391325
383687
388002
399201
408307
403006
404684
403013
404669
399182
394104
391583
397575
387717
397652
387838
394047
395141
398951
402114
394690
402043
394594
395150
391426
383020
383693
388063
383688
388021
391464
368178
371243
360548
363535
368235
371126
360518
371226
379663
370834
376930
371205
379710
370883
366086
357010
362745
356237
365998
357107
362765
377925
374810
385223
381890
378123
382005
374706
370836
368117
363416
360529
370987
360494
368070
371270
376945
379845
370951
379767
370907
371355
366203
356255
357330
362783
357244
362761
366346
338035
340692
329869
332610
338068
340676
329829
342685
351905
342049
349011
342557
352100
342080
336443
326719
333231
325545
336490
326736
333345
348357
345747
356120
353628
348374
353640
345719
340631
338035
332579
329758
340651
329791
338041
342737
349040
352293
341963
352241
342015
342721
336362
325631
326734
333225
326744
333314
336345
305361
308196
296768
299760
305393
308169
296737
310380
320309
309248
317263
310451
320264
309301
303157
293576
299840
292337
303216
293563
299795
313406
324631
316299
321979
316320
322008
313370
305334
299742
308137
296692
308148
296711
305317
310327
317211
320168
309381
320216
309338
310289
303115
292356
293531
299730
293548
299754
303087
272060
274730
263413
266072
272072
274718
263376
277407
286714
276468
283694
277406
286721
276523
269996
260727
266725
259661
269992
260689
266727
280207
291547
283087
288792
283088
288789
280201
272055
266052
274709
263317
274711
263343
272056
277404
283707
286746
276575
286731
276557
277398
270004
259656
260620
266743
260654
266742
270017
237559
239715
228174
230278
237632
239652
227990
243828
253360
243312
250591
243906
253343
243245
235713
225718
233093
224975
235795
225475
232982
246170
257488
248551
255086
248583
255107
246123
237495
230209
239529
227730
239588
227927
237433
243758
250605
253324
243129
253330
243218
243683
235636
224928
225168
232858
225406
232943
235577
523484
532536
514987
526293
523394
532565
514998
518809
526233
509580
516188
518766
526541
509561
512356
505461
502864
496071
512322
505478
502895
530254
549335
540737
539687
540680
539515
530402
523558
526364
532696
515013
532652
515008
523617
518776
516032
526776
509348
526586
509467
518751
512355
496070
505479
502901
505485
502905
512316
492443
499926
483312
492004
492456
499837
483219
491178
498754
482580
489582
491178
498789
482587
483842
475822
475630
468184
483850
475756
475631
499727
517501
509947
508684
509997
508605
499731
492461
492014
499860
483087
499919
483149
492494
491181
489600
498862
482592
498826
482592
491184
483838
468134
475660
475619
475701
475628
483841
458582
464491
448827
456277
458586
464412
448785
459649
468193
452920
460771
459710
468137
452835
436475
451522
442740
444917
451555
442704
444858
466370
482764
474756
476045
474802
475999
466349
458606
456288
464441
448716
464462
448752
458649
459609
460710
468100
452728
468102
452771
459586
436444
451508
442664
444803
442681
444822
451509
423130
427806
412935
419110
423069
427831
412854
419718
428279
419709
425461
434498
425462
434509
411341
402667
411340
417023
407917
417017
407887
431085
446856
438155
441341
438193
441259
431034
423199
419094
427980
412567
427962
412731
423262
428273
419682
419696
425454
434536
434524
425435
402623
411296
411323
417012
407788
407841
416985
386779
390529
375857
381160
386800
390514
375906
385435
394240
385510
390234
399534
390274
399500
376932
367996
376982
381592
372278
381572
372292
394544
409788
400671
405239
400798
405310
394559
386785
381150
390576
375951
390595
375986
386807
394283
385583
385570
390291
399473
399485
390356
367984
376948
376977
381597
372183
372221
381604
348928
351683
337955
342481
348885
351606
337995
359218
353865
363430
349962
353831
363481
349998
344784
334782
340843
331326
344733
334825
340880
357401
371578
362507
368266
362465
368212
357469
348987
342570
351611
338107
351606
338048
349061
359254
353906
363574
350057
363527
350030
353948
344843
331373
334944
340965
334880
340920
344909
309617
311706
298450
302815
309505
311800
298546
315553
325610
312172
322007
315475
325683
312237
306042
295656
302574
292709
305943
295755
302655
318705
332298
323556
329824
323408
329700
318802
309752
302958
312066
298766
311920
298652
309909
315645
322077
325875
312404
325771
312315
315748
306158
292808
295992
302857
295869
302751
306289
269027
270792
256989
261403
268893
270887
256975
275763
286131
272816
283010
275663
286256
272911
265826
254925
262860
252382
265712
254910
262959
278576
292254
283209
290118
283043
289934
278707
269185
261556
271135
257199
270985
257136
269374
275885
283127
286558
273147
286399
273025
276018
265963
252573
255166
263220
255098
263079
266124
483441
492699
477849
486757
483465
492653
477836
478659
483737
470318
474077
478707
483817
470327
474183
469287
465800
461166
474210
469278
465802
488864
502244
497368
492908
497777
493084
488795
483408
486736
492521
477789
492593
477816
483368
478566
473994
483678
470245
483656
470292
478468
474144
461169
469241
465771
469263
465791
474098
460007
467656
453604
460741
460012
467659
453557
458464
464031
451092
456316
458447
464044
451123
452677
446665
445684
440018
452674
446623
445701
466176
480684
474227
472155
474227
472159
466178
459999
460697
467636
453471
467654
453511
459988
458476
456336
464051
451159
464051
451146
458483
452673
439979
446540
445708
446578
445709
452665
424477
430308
424307
432132
438453
432263
438366
433338
440311
427571
433951
433489
440207
427399
418540
412548
418169
426043
420628
426248
420378
439542
453565
445989
446664
446038
446722
439496
430266
424293
424246
432061
438293
438314
432053
433244
433866
440070
427256
440125
427292
433206
412381
418252
418065
425953
420299
420262
425974
333491
337099
324345
327811
333476
337124
324360
347478
343367
347527
338739
334865
338722
334860
329918
320946
326252
317496
329913
320950
326249
355146
351136
351125
342424
346196
346187
342410
333492
327843
337166
324373
337145
324368
333483
343405
347514
347541
338731
334815
334836
338696
329900
317459
320904
326163
320934
326214
329861
296213
299318
286536
289625
296171
299381
286587
302523
311807
299376
308514
302512
311813
299370
293120
283573
290079
280678
293099
283601
290079
305738
318544
309062
315162
308995
315139
305776
296261
289705
299536
286706
299454
286644
296314
302529
308484
311796
299318
311808
299348
302532
293139
280680
283665
290052
283632
290068
293158
257173
259840
246852
249541
257116
259914
246848
264282
273969
261567
271172
264243
274008
261587
254328
244193
251743
241639
254293
244165
251760
267198
279999
270154
277057
270050
276981
267282
257252
249697
260124
247046
260009
246994
257352
264334
271189
274100
261651
274052
261616
264394
254382
241735
244305
251849
244276
251795
254457
450752
457840
446715
453654
450746
457838
446726
447175
450846
441402
444368
447195
451009
441388
443972
440379
438147
434621
443988
440363
438131
454562
465774
461458
457801
461531
457732
454514
450739
453664
457801
446729
457825
446731
450719
447107
444197
450970
441248
450892
441314
447029
443945
434593
440330
438058
440347
438096
443908
433016
439087
427901
433755
432969
439124
427910
431990
436372
426704
430924
431942
436389
426723
427365
422439
422287
417540
427319
422453
422308
437906
449146
444299
442527
444269
442501
437934
433045
433727
439153
427859
439146
427893
433055
432031
430928
436424
426745
436408
426739
432054
427394
417518
422414
422315
422445
422319
427403
403173
407415
402736
410016
415320
410268
415084
411636
417291
407229
412549
411760
417257
407123
399132
394863
398858
405507
401450
405714
401264
416392
427935
421614
422308
421673
422383
416310
407206
402652
402548
409861
414934
414950
409817
411503
412483
417114
406852
417194
406990
411385
394665
398608
398680
405339
400939
401090
405225
318590
322414
310165
313893
318561
322418
310187
330976
327608
330969
322971
319459
322942
319479
314816
306486
311285
303012
314782
306513
311313
338868
335208
335077
326882
330817
330732
326929
318604
313859
322375
310157
322396
310181
318606
327650
331149
331027
323021
319582
319524
323087
314851
303036
306546
311398
306531
311351
314891
283917
287047
274863
277773
283930
287033
274844
289484
298058
286197
294688
289478
298074
286203
280755
271880
277638
268907
280755
271865
277645
292814
305079
296073
301537
296123
301576
292769
283884
277751
286961
274769
287002
274811
283840
289478
294705
298075
286221
298080
286213
289458
280739
268893
271800
277644
271837
277648
280711
246662
249082
236773
239002
246681
249079
236680
253636
262872
251109
260090
253668
262851
251074
244119
234448
241847
232130
244162
234331
241800
256268
268388
258882
265568
258878
265599
256246
246648
239063
249107
236666
249086
236719
246646
253602
260066
262782
250990
262819
251033
253562
244081
232141
234273
241717
234353
241753
244051
427955
432475
424663
429371
427936
432461
424651
425455
429556
424107
424718
425458
429821
424283
424510
420386
419828
418189
424425
420364
419989
430147
437263
434581
431932
434695
431858
430096
427970
429341
432381
424634
432424
424644
427983
425393
424722
429999
424408
429794
424332
425314
424600
418167
420278
420267
420327
420093
424699
413996
417793
409092
413044
413983
417798
409058
414008
419061
412854
415555
414032
419173
412913
411285
405291
407472
404056
411226
405222
407483
417792
426101
421980
422084
421989
422044
417780
414002
413008
417787
408946
417798
409009
413999
413964
415687
419434
412952
419296
412920
413899
411339
404003
405013
407456
405127
407459
411394
390986
393854
397445
387578
393959
397287
387439
395072
402172
394784
399057
395118
402226
394911
391567
383717
388087
383153
391505
383784
388147
398975
408209
402625
404603
402752
404644
398898
390794
393749
396984
387317
397128
387322
393665
395067
399061
402354
395065
402281
394975
395106
391662
383178
384033
388306
383905
388199
391798
370693
363280
370658
368075
360543
368066
360542
371561
379951
370963
377080
371476
380089
370963
366528
357378
362778
356136
366477
357383
362799
384462
377564
377532
374685
381679
381620
374725
363287
370669
370650
368066
360486
360540
368036
371635
377134
380327
370814
380243
370883
371648
366511
356009
357197
362822
357295
362796
366435
340614
332500
340606
338057
329731
338047
329708
342676
352263
341876
349141
342698
352165
341823
336321
326706
333087
325739
336336
326671
332992
356005
348312
348286
345614
353508
353493
345620
332508
340661
340621
338079
329698
329693
338117
342649
349106
351941
341702
352025
341744
342632
336304
325745
326615
332837
326638
332895
336303
305318
308139
296682
299754
305311
308157
296682
310236
320123
309405
317193
310260
320095
309423
303069
293510
299701
292326
303072
293487
299675
324620
313352
316377
322026
316331
321987
313377
305340
299777
308232
296702
308189
296689
305375
310217
317198
320116
309421
320093
309425
310205
303078
292290
293431
299629
293461
299653
303102
272082
274710
263299
266029
272065
274719
263289
277376
286765
276587
283748
277388
286791
276578
270061
260588
266769
259597
270035
260557
266770
280219
291607
283136
288895
283114
288856
280236
272104
266025
274751
263264
274734
263280
272125
277358
283778
286863
276537
286823
276571
277336
270092
259587
260474
266807
260520
266803
270127
237310
239464
227710
229855
237370
239407
227503
243539
253327
243101
250615
243615
253336
243019
235481
225130
232853
224491
235529
224920
232799
245986
257448
248403
255056
248442
255058
245943
237263
229857
239320
227352
239356
227515
237232
243464
250668
253376
242894
253354
242985
243386
235452
224493
224727
232798
224895
232812
235448
523691
532801
515012
526507
523653
532844
515005
518682
526655
509152
515707
518718
526763
508946
512295
505463
502860
495955
512262
505443
502708
530502
549061
540872
539562
540819
539417
530491
523772
526614
533058
514958
532958
514990
523936
518603
515365
526654
508515
526562
508711
518515
512362
495874
505374
502468
505415
502578
512402
492662
500043
483058
491979
492564
500104
483037
491211
498901
482588
489615
491195
498939
482581
483881
475635
475606
468047
483860
475631
475597
499772
518053
510289
509248
510217
509066
499789
492816
492095
500522
482950
500374
483008
492999
491235
489607
499018
482560
498980
482572
491254
483920
468039
475639
475618
475636
475601
483972
458810
464539
448672
456181
458720
464574
448599
459571
468120
452700
460656
459576
468149
452680
451526
442647
444793
436404
451518
442617
444787
466288
483221
474962
476587
474950
476413
466212
458921
456173
464724
448306
464695
448481
459042
459566
460666
468227
452658
468187
452668
459553
451532
436384
442508
444787
442573
444784
451532
423202
427991
412386
418839
423276
427935
412322
419665
425359
434540
428287
425404
434535
419655
411283
416963
407789
402699
416957
407825
411351
430632
447052
438033
441491
438121
441563
430474
423164
418775
427986
412463
427979
412363
423227
425312
428301
434525
419766
434523
419693
425358
416978
402767
407946
411500
407897
411420
417002
386857
390612
375911
381335
386838
390578
375890
385555
390338
399464
394336
390367
399498
385522
376930
381627
372175
367973
381609
372185
376934
394693
409563
400886
405500
400772
405393
394674
386892
381424
390595
375892
390585
375888
386965
390310
394353
399613
385481
399550
385494
390288
381667
367981
372220
376969
372202
376950
381716
349268
351661
338171
342855
349155
351724
338238
354041
363629
350085
359353
353992
363692
350116
345074
335020
341017
331556
344986
335100
341078
357630
371662
362897
368645
362784
368528
357645
349399
342972
351918
338358
351807
338302
349544
354091
359385
363830
350194
363761
350154
354143
345169
331627
335258
341223
335182
341147
345271
310287
312217
298882
303448
310088
312400
298996
315973
325989
312500
322340
315858
326111
312600
306583
296115
302972
293130
306431
296236
303091
319121
332770
324199
330473
324028
330293
319205
310495
303597
312764
299166
312569
299093
310702
316082
322435
326355
312775
326236
312695
316177
306734
293230
296440
303306
296348
303205
306872
269829
271281
257432
262009
269584
271457
257548
276312
286725
273285
283525
276166
286895
273420
266494
255408
263377
253018
266301
255529
263546
279102
292949
283860
290948
283697
290741
279203
270080
262250
271804
257957
271607
257806
270344
276451
283652
287202
273662
287057
273551
276569
266700
253325
255950
263907
255806
263721
266911
483247
492453
477752
486610
483312
492366
477707
478132
483411
470146
473808
478307
483337
470041
473963
469209
465734
461121
474034
469171
465691
487974
501174
495757
491158
496098
491401
487556
483157
486542
491862
477602
492145
477654
483016
477899
473484
482435
469775
482764
469897
477599
473880
461091
469098
465605
469129
465641
473812
459957
467617
453434
460589
459973
467599
453403
458465
464044
451159
456347
458473
464036
451156
452637
446504
445698
439869
452652
446472
445683
466139
480645
474185
472108
474201
472116
466134
459945
460572
467597
453372
467595
453383
459941
458457
456344
464030
451146
464029
451150
458454
452624
439837
446430
445655
446446
445667
452618
424333
432051
438283
430276
432055
438274
424351
433167
440029
427234
433721
433187
439995
427207
418392
426017
420326
412985
426005
418469
420332
439433
453442
445916
446573
445920
446577
439429
432049
430275
438278
424390
438271
424364
432060
433150
433685
439955
427162
439969
427180
433142
426023
413061
418626
420331
418536
420326
426038
405866
392669
400675
400713
397674
405937
392668
410422
397920
402526
402887
405665
410688
398455
387724
390765
395284
395429
383146
387705
390938
408717
422315
414229
416702
414123
416611
408808
400799
397691
406100
392692
406015
392670
400848
403155
405798
411067
398583
410887
398490
403374
395569
383067
387766
390900
387726
390898
395687
372385
359499
367855
367887
363714
372365
359494
379852
367278
371905
371762
375065
379731
367018
355974
359899
364157
363895
350814
355628
358949
376140
389321
380765
384408
380764
384400
376166
367910
363704
372363
359481
372358
359491
367922
371717
375046
379699
367178
379688
367086
371713
363783
351053
355403
359253
355494
359166
363715
333451
337188
324376
327963
333467
337216
324384
347331
338526
334729
343056
338617
347180
334622
329744
320866
326087
317263
329806
320831
326003
342307
355145
346221
350996
346210
351029
342280
333442
328014
337291
324423
337251
324400
333438
338447
342993
346987
334469
347075
334540
338378
329688
317207
320790
325862
320805
325927
329641
296429
299623
286770
289970
296370
299712
286835
302543
311784
299284
308344
302536
311775
299254
293201
283699
290035
280683
293178
283733
290024
305908
318797
309348
315301
309284
315259
305949
296485
290053
299872
286945
299798
286895
296533
302554
308310
311784
299215
311774
299231
302567
293226
280686
283792
290011
283766
290017
293247
257595
260252
247263
250064
257467
260392
247344
264534
274152
261694
271251
264466
274204
261737
254653
244501
251919
241977
254550
244570
252004
267567
280417
270591
277358
270494
277293
267652
257733
250364
260680
247768
260537
247648
257873
264607
271272
274296
261829
274254
261785
264670
254767
242250
244963
252209
244858
252103
254882
450639
457761
446717
453641
450680
457713
446698
446737
450719
441116
444010
446887
450713
440993
443794
440307
438000
434491
443856
440276
437947
454144
465175
460768
457141
460972
457213
454008
450588
453617
457594
446638
457652
446668
450548
446524
443700
450283
440673
450356
440825
446311
443722
434433
440198
437805
440239
437872
443651
433023
439146
427814
433609
433046
439130
427761
432048
436430
426735
430914
432060
436424
426709
427362
422363
422291
417338
427391
422300
422252
437924
449202
444300
442530
444307
442538
437900
432989
433566
439087
427654
439108
427705
432952
432021
430886
436389
426625
436412
426670
431985
427321
417262
422175
422157
422233
422203
427278
402782
409765
414923
407753
409796
414905
402863
411176
417025
406719
412200
411278
416934
406594
398566
405051
400806
394379
405134
398537
400692
416114
427703
421437
422039
421473
422094
416075
409729
407826
414865
403060
414877
402931
409718
411089
412111
416774
406437
416846
406490
411035
404994
394448
398634
400695
398574
400622
405012
385510
373361
380716
381048
377932
385860
373623
391832
381004
384772
384799
387966
391864
381082
369841
373905
377427
377506
366570
369987
373971
388586
400848
393620
396076
393552
395865
388825
381299
378121
386040
374015
385963
373839
381473
384863
388031
391971
381176
391909
381140
384920
377573
366636
370224
374068
370114
374021
377642
354869
343498
351003
350973
346701
354296
343306
362240
351344
354559
354736
359105
362404
351442
339141
343647
346903
347095
335834
339281
343743
358628
370325
362720
366429
362467
366263
358777
351048
347007
355013
343294
354797
343300
351121
354901
359192
362697
351638
362557
351542
355055
347251
335929
339494
343950
339398
343847
347376
318562
322325
310120
313670
318588
322262
310083
331264
323212
319651
327900
323154
331357
319723
314953
306552
311453
303140
314924
306557
311512
326926
339053
330638
335202
330683
335208
326916
318539
313614
322149
310035
322202
310054
318520
323260
327988
331496
319861
331434
319795
323299
314979
303175
306577
311627
306567
311569
315001
283748
286920
274725
277667
283794
286882
274682
289408
298064
286224
294773
289433
298053
286224
280646
271759
277637
268818
280679
271719
277627
292631
304851
295890
301388
295924
301413
292596
283708
277644
286821
274610
286849
274643
283673
289385
294797
298044
286233
298047
286229
289369
280616
268793
271648
277618
271681
277622
280593
246679
249141
236784
239195
246654
249188
236765
253496
262743
250956
259980
253528
262706
250925
244031
234374
241696
232053
244033
234330
241694
256211
268355
258938
265457
258922
265478
256211
246721
239416
249317
236992
249248
236973
246778
253477
259956
262645
250893
262674
250907
253460
244045
232236
234480
241744
234507
241711
244073
427981
432323
424613
429230
427984
432257
424580
424953
429840
424236
425124
425139
429996
424377
424915
420197
420382
418554
424796
420104
420592
429783
436470
433746
431541
433996
431506
429669
427962
429173
432089
424481
432176
424536
427930
424694
424990
429978
424716
429824
424514
424424
425048
418722
420157
420880
420076
420727
425185
413980
417761
408874
412811
413989
417725
408810
413725
419586
412940
416175
413809
419767
413095
411564
404884
407428
403985
411458
404781
407476
417725
426081
421844
422228
421887
422192
417748
413984
412739
417658
408777
417686
408770
414021
413729
416341
420280
413580
419994
413278
413890
411747
404068
404953
407761
404800
407544
412044
393689
396865
387413
390639
393618
396794
387513
395349
402459
395113
399211
395195
402622
395208
392081
384162
388425
383234
391962
384248
388620
398890
407912
402408
404613
402327
404545
399014
393808
390716
396933
387718
396851
387632
393925
395502
399305
403119
395251
402851
395233
395647
392164
383304
384245
388929
384262
388799
392280
370698
367930
360439
363353
367971
370727
360404
371489
380353
370710
377333
371582
380342
370629
366219
357109
362779
355645
366330
357040
362733
374702
384541
377678
381780
377678
381792
374642
367941
363377
370790
360352
370759
360374
367967
371395
377359
380372
370508
380356
370535
371324
366131
355547
356935
362583
356983
362638
366117
340714
338232
329723
332670
338168
340778
329762
342626
351911
341662
348876
342626
351942
341687
336369
326604
332787
325795
336325
326604
332780
345706
356180
348527
353659
348475
353608
345749
338305
332741
340929
329859
340850
329807
338382
342631
348775
352071
341796
351996
341729
342636
336438
325818
326634
332800
326615
332784
336529
305482
308285
296720
299873
305423
308346
296743
310202
320165
309413
317276
310198
320241
309404
303208
293398
299624
292163
303143
293367
299624
313506
324898
316628
322323
316567
322231
313562
305553
299912
308479
296805
308412
296771
305635
310218
317326
320503
309413
320353
309406
310248
303303
292158
293347
299700
293344
299660
303442
272190
274769
263251
266000
272154
274787
263240
277278
286914
276510
283857
277309
286980
276457
270223
260417
266852
259464
270170
260351
266866
280306
291763
283231
289130
283209
289056
280338
272237
265991
274832
263235
274808
263234
272292
277249
283918
287205
276393
287073
276426
277229
270295
259446
260238
266952
260283
266923
270397
237244
239298
227447
229708
237219
239295
227359
243249
253408
242842
250714
243320
253451
242734
235527
224769
232871
224271
235473
224662
232909
245889
257416
248333
255150
248340
255109
245910
237312
229885
239332
227511
239309
227515
237403
243198
250797
253644
242633
253522
242682
243173
235622
224437
224787
233156
224784
233027
235785
524311
533313
514890
526695
524111
533461
514809
518197
526170
508312
514953
518345
526290
508195
512500
505326
502381
495723
512441
505329
502363
530223
548423
541271
538639
541214
538705
530026
524404
526771
533792
514782
533672
514685
524433
518072
514214
525502
507947
525577
508047
517965
512513
495732
505407
502239
505376
502318
512521
493324
500733
482848
492226
493199
500727
482716
491304
499053
482550
489621
491277
499089
482551
484086
475641
475646
468036
484033
475644
475687
499655
518676
511014
509787
510932
509668
499777
493374
492515
500880
482841
500906
482748
493498
491335
489665
499222
482627
499164
482594
491366
484147
468100
475741
475786
475700
475742
484198
459120
464802
448096
456045
459102
464800
447951
459524
468265
452656
460764
459533
468299
452699
451603
442447
444805
436474
451536
442507
444882
465935
483401
475360
476871
475249
476694
466035
459155
456085
464857
448132
464915
447982
459305
459594
460825
468430
452832
468364
452764
459650
451667
436561
442651
445054
442583
444968
451763
423470
427982
412528
418820
423334
427922
412560
425498
434536
419846
428497
425410
434554
419947
417177
407960
411568
402882
417078
407984
411651
430617
446895
438574
441911
438216
441689
430662
423656
419042
427869
412518
427926
412604
423862
425623
428602
434846
420103
434689
420037
425640
417312
402960
408059
411869
408042
411764
417449
387197
390621
375885
381691
387068
390647
375873
390298
399684
385481
394474
390283
399768
385495
381805
372231
376991
367984
381765
372229
377000
394692
409630
401690
406123
401338
405944
394610
387304
381749
390474
375694
390588
375821
387412
390325
394558
399997
385550
399873
385521
390321
381825
367931
372116
377019
372182
376998
381868
349828
352013
338392
343430
349693
352148
338400
354210
363897
350227
359453
354186
363952
350235
345438
335322
341297
331808
345366
335366
341349
357519
371826
363570
369075
363317
368958
357424
349875
343461
352156
338162
352156
338277
349969
354143
359401
363948
350044
363938
350143
354063
345400
331734
335292
341197
335334
341272
345394
310941
312899
299192
303912
310871
313014
299139
316256
326450
312827
322609
316243
326493
312823
306989
296498
303376
293363
306971
296495
303384
319150
333202
324807
330989
324564
330850
319074
311010
303917
313112
298910
313086
298999
311117
316259
322613
326560
312809
326523
312820
316249
307009
293367
296483
303414
296497
303398
307038
270810
271964
258315
262946
270591
272193
258407
276731
287313
273755
283874
276670
287365
273800
267240
256299
264063
253894
267084
256355
264186
279324
293412
284508
291511
284236
291391
279282
270994
263319
272550
258867
272364
258757
271204
276794
283906
287466
273879
287417
273858
276816
267357
254306
256897
264374
256711
264295
267457
482456
491637
477532
486311
482694
491477
477396
476833
481497
469633
472803
477086
481416
469511
473535
469060
465589
461066
473728
469013
465621
486900
500520
495620
490174
495521
490334
486920
482359
486299
491516
477386
491454
477390
482386
476584
472141
480642
469174
480809
469291
476615
473441
461058
469004
465424
469004
465486
473420
459969
467607
453375
460582
459948
467630
453398
458480
464034
451147
456372
458460
464061
451161
452647
446428
445653
439825
452623
446452
445673
466184
480641
474250
472122
474221
472119
466209
460018
460644
467724
453522
467683
453459
460057
458522
456399
464078
451248
464070
451215
458551
452700
439913
446604
445797
446525
445737
452749
432169
438313
424485
430465
432101
438386
424588
433210
439957
427165
433693
433150
439994
427231
426161
418729
420381
413410
426087
418840
420458
439582
453581
446138
446789
446055
446700
439675
432262
430582
438568
424793
438478
424708
432358
433310
433797
440185
427463
440085
427346
433415
426264
413544
419067
420682
418959
420569
426368
400998
406169
392733
397807
400912
406249
392797
403714
411230
398644
406207
403561
411381
398730
395908
387814
390934
383129
395796
387880
390998
409124
422715
414616
417124
414534
417028
409233
401109
397894
406461
392974
406355
392888
401207
403860
406329
411630
398953
411512
398849
403978
396029
383206
388073
391175
387970
391085
396130
367929
372373
359467
363687
367926
372382
359442
371760
379736
367257
375212
371729
379790
367329
363642
355336
359297
351098
363669
355284
359325
376251
389474
380871
384652
380827
384562
376301
367924
363634
372391
359350
372380
359389
367932
371797
375279
379954
367445
379861
367383
371848
363622
351051
355174
359341
355217
359323
363627
333404
337330
324447
328147
333433
337346
324449
338228
346908
334400
342782
338313
346825
334314
329536
320781
325803
317103
329597
320760
325730
342058
355029
345969
350719
346088
350801
341929
333269
328038
337116
324183
337235
324321
333122
338089
342676
346621
334064
346710
334183
337961
329391
316969
320474
325428
320624
325588
329235
296545
299921
286975
290168
296561
299918
286969
302539
311799
299198
308270
302570
311804
299156
293229
283804
290000
280660
293255
283788
289967
305923
318883
309348
315175
309364
315262
305894
296535
290173
299923
286965
299920
286968
296527
302496
308152
311576
299047
311688
299104
302450
293210
280646
283773
289918
283780
289940
293193
258140
260823
248167
250932
258007
260956
248266
264771
274325
261874
271298
264733
274330
261902
255129
245386
252315
242838
254995
245463
252438
267826
280614
270811
277442
270788
277434
267852
258256
251424
261140
249060
261068
248802
258338
264819
271299
274339
261967
274335
261945
264842
255243
243430
246280
252638
246035
252557
255313
450492
457534
446608
453570
450507
457501
446596
445836
449610
440497
443255
446015
449543
440390
443531
440154
437730
434217
443576
440117
437678
453581
463476
460056
455164
460184
455574
453500
450444
453579
457448
446621
457466
446605
450429
445636
442373
448339
440300
448734
440311
445485
443479
434282
440158
437685
440139
437672
443441
432908
439072
427619
433513
432918
439079
427630
431925
436361
426591
430782
431946
436334
426634
427269
422144
422138
417307
427247
422204
422227
437933
449258
444396
442582
444357
442556
437980
433004
433627
439227
427875
439158
427758
433081
432009
430865
436426
426778
436389
426715
432071
427362
417424
422439
422399
422318
422319
427437
409905
414924
403191
408212
409799
415013
403336
411144
416736
406519
412221
411066
416808
406617
405165
398717
400776
394700
405067
398833
400881
416315
427807
421772
422350
421642
422206
416462
410058
408354
415258
403594
415138
403475
410186
411324
412364
417147
406990
416986
406813
411489
405336
394820
399069
401220
398958
401074
405473
381723
386116
374160
378547
381607
386204
374284
385035
392049
381198
388194
384975
392128
381228
377781
370319
374116
366799
377713
370404
374160
389280
401331
394047
396663
393947
396545
389394
381836
378651
386421
374476
386308
374389
381950
385107
388276
392314
381329
392225
381279
385177
377847
366846
370539
374241
370477
374197
377908
351247
355110
343286
347071
351184
355174
343272
355288
362820
351724
359424
355189
362923
351793
347541
339559
344040
336135
347471
339586
344108
359101
370919
363189
366869
363118
366793
359161
351270
347038
355237
343198
355207
343225
351289
355358
359489
363057
351887
362998
351845
355403
347579
336138
339567
344177
339573
344143
347610
318458
322099
310019
313505
318497
322033
309997
323320
331536
319916
328176
323325
331535
319948
315021
306589
311681
303272
315019
306594
311722
326736
338788
330271
334967
330391
335044
326623
318338
313379
321744
309749
321899
309885
318194
323236
328157
331434
319825
331483
319904
323137
314933
303227
306390
311593
306505
311676
314813
283611
286795
274582
277579
283644
286759
274560
289320
298039
286231
294838
289352
298018
286218
280546
271619
277612
268738
280571
271602
277605
292484
304672
295704
301166
295760
301262
292438
283585
277563
286704
274539
286729
274546
283566
289293
294831
297903
286203
297971
286210
289266
280529
268738
271590
277611
271593
277606
280518
246961
249394
237343
239814
246844
249501
237349
253486
262625
250899
259929
253467
262621
250921
244193
234822
241796
232460
244111
234765
241911
256297
268338
259058
265442
259036
265440
256323
247096
240525
249715
238411
249629
238060
247194
253535
259947
262636
251019
262627
250984
253563
244347
233191
235804
242173
235496
242060
244446
427790
431993
424426
429048
427850
431921
424547
424153
429496
424346
424653
424157
429511
424294
425267
420254
420799
418878
425188
420375
420908
429309
434958
433141
430071
433240
430498
429309
427825
429104
431897
424725
431903
424649
427838
424080
423781
428604
424070
428949
424194
424069
425382
418879
420579
420728
420425
420728
425280
414337
417669
408886
412899
414121
417827
409126
414429
420597
413839
417172
414203
420833
414144
412756
405219
408130
404816
412490
405480
408509
418166
426176
422154
422495
422074
422483
418274
414471
413039
418035
409416
417949
409301
414535
414585
417431
420846
414405
420972
414415
414730
412888
404942
405788
408963
405675
408783
412860
394134
397028
387728
390950
394030
397150
387740
395854
403300
395199
400061
395761
403453
395268
392451
384219
388970
383588
392387
384234
388961
399458
408305
402968
405173
402827
405082
399488
394211
391042
397406
387797
397274
387754
394338
395901
400212
403589
395488
403554
395343
395966
392541
383637
384354
388691
384276
388884
392590
368045
370817
360346
363436
367999
370843
360378
371320
380368
370513
377479
371281
380432
370655
366277
356903
362534
355689
366174
356932
362573
374668
384741
377777
382038
377734
381922
374703
368086
363465
370927
360419
370888
360413
368153
371378
377502
380686
371006
380573
370835
371472
366411
355834
356953
362396
356964
362536
366531
338503
341005
329918
332930
338456
341064
329966
342652
352165
341857
348728
342642
352265
341933
336715
326656
332814
325922
336633
326687
332800
345814
356374
348661
353877
348636
353804
345815
338536
332939
341115
329975
341092
329994
338569
342660
348724
352453
342158
352355
342038
342616
336812
326053
326680
332682
326713
332804
336898
305831
308550
296861
300023
305735
308613
296941
310416
320684
309466
317476
310309
320860
309569
303859
293399
299804
292442
303635
293533
299903
313740
325140
316680
322633
316730
322594
313719
305906
300040
308585
297020
308620
297004
305937
310507
317548
321162
309948
321035
309750
310530
304065
292631
293637
299897
293629
299985
304203
272430
274858
263258
265997
272360
274882
263311
277349
287402
276426
284162
277257
287647
276512
270758
260264
267044
259592
270551
260334
267094
280496
291927
283289
289471
283278
289408
280528
272498
266011
274930
263380
274908
263364
272554
277429
284285
288037
276837
287881
276664
277446
270972
259735
260389
267063
260384
267165
271102
237739
239409
227857
230075
237551
239525
227875
243266
253863
242680
251090
243205
254121
242757
236294
225134
233395
224985
236042
225172
233571
246154
257529
248523
255475
248489
255405
246202
237962
230849
239851
228990
239726
228664
238131
243415
251238
254495
243313
254332
243071
243469
236630
225829
226270
233740
225929
233748
236887
)
;

boundaryField
{
    inlet
    {
        type            zeroGradient;
    }
    outlet
    {
        type            fixedValue;
        value           uniform 0;
    }
    seabed
    {
        type            zeroGradient;
    }
    top
    {
        type            zeroGradient;
    }
    side1
    {
        type            zeroGradient;
    }
    side2
    {
        type            zeroGradient;
    }
    submarine
    {
        type            zeroGradient;
    }
}


// ************************************************************************* //
