/*--------------------------------*- C++ -*----------------------------------*\
  =========                 |
  \\      /  F ield         | OpenFOAM: The Open Source CFD Toolbox
   \\    /   O peration     | Website:  https://openfoam.org
    \\  /    A nd           | Version:  10
     \\/     M anipulation  |
\*---------------------------------------------------------------------------*/
FoamFile
{
    format      ascii;
    class       volScalarField;
    location    "5.6";
    object      p;
}
// * * * * * * * * * * * * * * * * * * * * * * * * * * * * * * * * * * * * * //

dimensions      [0 2 -2 0 0 0 0];

internalField   nonuniform List<scalar> 
12920
(
1.95469e+06
1.75253e+06
1.44888e+06
1.35373e+06
1.22208e+06
1.13629e+06
1.03467e+06
955393
867501
791396
710050
635136
557834
484270
409592
337306
264475
194266
125264
51309.7
1.41053e+06
1.57127e+06
1.41393e+06
1.33077e+06
1.21115e+06
1.13074e+06
1.03044e+06
953026
865005
789394
708223
634040
556894
483429
408731
336469
263555
193372
124648
50719.6
1.69496e+06
1.57451e+06
1.38091e+06
1.30661e+06
1.18003e+06
1.11189e+06
1.01376e+06
939486
854723
781258
701912
628994
552136
479352
405267
334121
261895
192029
123434
49839.8
1.37378e+06
1.43873e+06
1.34695e+06
1.27106e+06
1.16637e+06
1.09607e+06
1.0026e+06
929397
845468
772064
693834
621228
545272
473264
400048
329449
257977
189064
121227
48727.3
1.49098e+06
1.4419e+06
1.28665e+06
1.24382e+06
1.13666e+06
1.07616e+06
986264
915948
832905
761067
682590
610907
536451
465893
394114
324680
254228
186073
119222
47676.8
1.36916e+06
1.34752e+06
1.24962e+06
1.22703e+06
1.1145e+06
1.06147e+06
974586
903447
822666
749893
672575
601046
528622
458816
388559
319853
250629
183244
117115
46555.7
1.48478e+06
1.39437e+06
1.27896e+06
1.22118e+06
1.11251e+06
1.04519e+06
955238
886717
805348
735322
658918
590000
519418
451928
382106
314473
246265
179901
114716
45342
1.37722e+06
1.40336e+06
1.21083e+06
1.20113e+06
1.07546e+06
1.0234e+06
957344
887904
811878
738216
664732
595292
526150
458768
373189
306176
240148
175291
111961
44006
1.67167e+06
1.42991e+06
1.23201e+06
1.17565e+06
1.06513e+06
1.02475e+06
956551
880136
806098
732823
662840
593817
525297
457175
377719
298113
233859
170959
109260
42613.7
1.40365e+06
1.31157e+06
1.14318e+06
1.11387e+06
1.01351e+06
991243
933640
859504
786446
716511
648096
581461
514840
447197
371482
291475
229035
167536
106764
41235.7
999051
1.1619e+06
1.08181e+06
1.06653e+06
985251
958170
904079
834232
765275
698017
632323
568499
503730
438174
364332
285782
224618
164251
104282
39839.8
951651
1.11407e+06
1.08355e+06
1.04426e+06
959165
933707
879111
811764
746066
681066
618057
556570
493016
429832
358490
281308
220088
160612
101701
38451.6
1.06964e+06
1.1374e+06
1.04032e+06
1.01486e+06
940208
892997
842901
782291
718956
657477
596795
536037
473880
412967
334705
275059
215261
156786
99126.4
37106.5
1.20669e+06
1.15551e+06
1.04008e+06
1.00211e+06
916632
873602
802555
747971
684599
627577
566508
507627
446989
387677
327626
269278
211169
154000
97033.2
35942.8
1.20573e+06
1.2145e+06
1.04305e+06
1.001e+06
909647
864146
791027
737410
674439
617120
556746
498509
439015
380395
322208
265198
208064
151600
95188
34892.1
1.13042e+06
1.07095e+06
944077
938321
871866
835976
771745
720960
660658
605881
547104
491031
432915
376225
319053
262803
206059
149948
93843.2
34049.2
1.14894e+06
1.0371e+06
952324
936250
855727
825711
754164
709071
648489
596817
539014
484451
427802
372405
316238
260647
204347
148498
92730.4
33361.4
938262
952653
876829
885543
824744
794824
738578
693545
638648
587639
532699
479551
424506
370314
314813
259539
203357
147634
92022.8
32893
626806
868642
826350
855216
798069
777429
723203
683955
630662
582309
528537
476620
422200
368228
313217
258506
202630
147046
91545.7
32551.4
474986
764569
809072
837142
787762
768753
718311
678688
627675
580057
527176
475808
421449
367535
312761
258091
202402
146890
91345
32356.9
1.85753e+06
1.73033e+06
1.45853e+06
1.3544e+06
1.22286e+06
1.13663e+06
1.03465e+06
955497
867404
791327
710009
635127
557861
484274
409623
337334
264419
194202
125231
51181.5
1.36615e+06
1.57709e+06
1.40734e+06
1.33154e+06
1.21152e+06
1.13094e+06
1.03005e+06
952491
864636
789287
708111
634035
556872
483458
408728
336544
263536
193326
124630
50525.6
1.62826e+06
1.5723e+06
1.37557e+06
1.3081e+06
1.17905e+06
1.11216e+06
1.01343e+06
939795
854433
781178
701790
628983
552069
479372
405229
334011
261788
191977
123337
49588.3
1.40837e+06
1.42654e+06
1.3414e+06
1.26995e+06
1.16603e+06
1.09638e+06
1.00231e+06
929772
845776
772402
693758
621306
545266
473310
400095
329495
257959
188890
121071
48439.3
1.2955e+06
1.41527e+06
1.28312e+06
1.24145e+06
1.13615e+06
1.07665e+06
985839
916144
832717
761204
682410
610984
536503
465999
394155
324704
254210
185992
119098
47389.1
1.18014e+06
1.33252e+06
1.25026e+06
1.22584e+06
1.11447e+06
1.06221e+06
973462
903363
821662
749934
672440
601021
528614
458894
388592
319883
250580
183118
117007
46298
1.33819e+06
1.37549e+06
1.27571e+06
1.21943e+06
1.1126e+06
1.04574e+06
955056
886877
805094
735096
658899
590161
519489
451890
381979
314361
246127
179708
114639
45117.8
1.32373e+06
1.42166e+06
1.20499e+06
1.20046e+06
1.07492e+06
1.02407e+06
957509
888491
812185
737681
664840
595458
526225
458646
373137
306410
240075
175180
111917
43810.5
1.58998e+06
1.42128e+06
1.22406e+06
1.17127e+06
1.06524e+06
1.02521e+06
957270
880273
805258
732944
662884
593921
525229
457050
377483
298172
233800
170969
109245
42450.9
1.43395e+06
1.31601e+06
1.14404e+06
1.1127e+06
1.01517e+06
991970
934138
858715
786131
715976
647738
581178
514666
447241
371144
291546
229034
167494
106730
41086.1
1.02862e+06
1.16675e+06
1.0848e+06
1.06895e+06
984547
958323
904368
833735
765014
697545
631984
568391
503719
438116
364009
285771
224691
164147
104251
39709.6
944649
1.11621e+06
1.08342e+06
1.04425e+06
958877
933678
878779
811677
745947
680866
618216
556334
492889
429738
358104
281070
220106
160593
101689
38342.2
1.04949e+06
1.10892e+06
1.03396e+06
1.01237e+06
939780
893498
843061
782041
718835
657544
596641
535878
473755
412667
334527
274914
215270
156862
99133.8
37022.1
1.25101e+06
1.15044e+06
1.04215e+06
1.00331e+06
916509
874099
802540
748248
684962
627583
566608
507707
447060
387708
327726
269367
211204
153989
97014.8
35883.7
1.29669e+06
1.19708e+06
1.04319e+06
999723
910079
864251
791263
737527
674369
617213
556507
498585
439017
380363
322080
265117
208018
151552
95160.2
34854.7
1.07797e+06
1.06167e+06
944145
937755
871736
836716
771602
721125
660680
606050
547151
490993
432768
376138
318946
262729
206002
149898
93818.4
34015
996760
1.01432e+06
950485
937033
855169
825450
753589
708953
648332
596700
538934
484374
427748
372340
316164
260566
204300
148479
92727.4
33334.3
1.02924e+06
960453
876861
886727
824687
794803
738817
693638
638721
587891
533107
480004
424679
370271
314763
259494
203337
147634
92027.3
32864.6
879794
877172
828605
856271
798454
777907
723369
684065
630700
582277
528451
476573
422203
368288
313200
258507
202633
147050
91544.6
32543.2
580560
772177
805207
835527
787179
768427
718133
678780
627695
580046
527087
475712
421433
367579
312835
258142
202426
146876
91338.3
32374.4
1.68793e+06
1.7064e+06
1.46428e+06
1.35676e+06
1.2244e+06
1.1374e+06
1.0347e+06
955710
867162
791192
709858
635162
557906
484360
409616
337347
264388
194127
125159
50959.2
1.57387e+06
1.59607e+06
1.42182e+06
1.33465e+06
1.212e+06
1.13092e+06
1.02894e+06
951669
863877
788941
707938
634097
556905
483627
408809
336704
263546
193236
124530
50106.9
1.63006e+06
1.57276e+06
1.38127e+06
1.31065e+06
1.17749e+06
1.11287e+06
1.01272e+06
940215
854083
781214
701668
629053
552021
479427
405167
333952
261634
191787
123080
49015.5
1.42683e+06
1.435e+06
1.3447e+06
1.27142e+06
1.16644e+06
1.09742e+06
1.00229e+06
930429
845870
772808
693632
621457
545209
473350
400105
329530
257922
188715
120864
47829.3
1.28416e+06
1.41277e+06
1.28577e+06
1.24119e+06
1.13531e+06
1.07785e+06
985226
916550
832362
761326
682184
611140
536498
466075
394166
324731
254180
185858
118904
46803.2
1.1506e+06
1.33762e+06
1.253e+06
1.22356e+06
1.11617e+06
1.06352e+06
971517
903350
820579
749821
672241
600966
528590
458941
388563
319870
250484
182933
116826
45741.6
1.25477e+06
1.36798e+06
1.27184e+06
1.21828e+06
1.11294e+06
1.04682e+06
955128
887310
804898
735475
659204
590346
519468
451704
381752
314239
245907
179442
114495
44618
1.19789e+06
1.38323e+06
1.20839e+06
1.19707e+06
1.07653e+06
1.02556e+06
957514
888941
811922
737614
665042
595578
526232
458548
373059
306469
239964
174999
111843
43364.4
1.35442e+06
1.4061e+06
1.21148e+06
1.16638e+06
1.06445e+06
1.02608e+06
958482
880048
804957
733075
662639
593769
525227
457115
377346
298309
233719
170873
109195
42060.7
1.35215e+06
1.3228e+06
1.14356e+06
1.11047e+06
1.01565e+06
993502
935157
857849
785330
715392
647307
580950
514484
447291
371000
291592
228986
167374
106680
40729.5
1.07204e+06
1.18623e+06
1.09142e+06
1.06982e+06
984912
958882
903921
833074
764635
694734
631476
568411
503591
438051
363699
285773
224626
164012
104206
39390.9
1.06623e+06
1.15958e+06
1.09163e+06
1.04629e+06
959385
933613
879387
811567
745644
680706
618194
556037
492668
429478
357346
280938
220062
160515
101662
38073.1
991587
1.13456e+06
1.03387e+06
1.01391e+06
939876
894341
843398
782043
719009
657558
596493
535577
473705
412588
334486
274804
215274
156838
99122.7
36803
1.21235e+06
1.14237e+06
1.04219e+06
1.00317e+06
917130
874316
802798
748792
685402
627698
566645
507776
447108
387712
327767
269457
211203
153933
96988.4
35727.4
1.22677e+06
1.18203e+06
1.0441e+06
1.00045e+06
910740
864264
791298
737652
674184
617364
556431
498689
439021
380393
321969
265010
207926
151461
95118.5
34749.2
1.01901e+06
1.04994e+06
946840
937513
872405
837442
771382
721287
660628
606264
547230
491050
432704
376081
318832
262645
205918
149819
93794.5
33996.5
1.09174e+06
1.0279e+06
955256
938126
853747
824812
753228
708926
648242
596720
538808
484407
427703
372327
316079
260503
204226
148432
92714.3
33298.9
1.02104e+06
959915
876398
886926
824305
794754
738617
693823
638791
588109
533252
480092
424761
370293
314728
259434
203291
147625
92023.4
32876.8
844509
882080
838561
860531
799119
778698
723524
684232
630696
582369
528508
476696
422273
368403
313348
258495
202610
147056
91551.9
32552.7
728372
791865
808784
835987
787372
768948
718225
679075
627686
580006
527034
475656
421405
367708
312944
258173
202399
146859
91327.5
32376
1.7061e+06
1.65744e+06
1.46926e+06
1.35884e+06
1.2253e+06
1.13828e+06
1.03449e+06
955793
866758
790910
709610
635134
557894
484443
409688
337413
264312
194016
125086
50678.3
1.62645e+06
1.59151e+06
1.42267e+06
1.33755e+06
1.2123e+06
1.13095e+06
1.02742e+06
951245
862764
788666
707589
634165
556910
483908
408879
336890
263431
193017
124356
49345.7
1.56353e+06
1.55739e+06
1.38551e+06
1.31026e+06
1.17842e+06
1.11402e+06
1.01161e+06
940498
853723
781387
701635
629278
551980
479534
405080
333904
261423
191506
122791
47948.1
1.46674e+06
1.4244e+06
1.33502e+06
1.26948e+06
1.16614e+06
1.09851e+06
1.00224e+06
931119
845743
773213
693644
621568
545087
473432
400058
329557
257874
188523
120629
46716.7
1.23746e+06
1.38963e+06
1.28556e+06
1.23987e+06
1.13541e+06
1.07929e+06
984848
917156
831871
761417
681915
611316
536365
466128
394109
324749
254132
185697
118652
45739.7
1.34532e+06
1.34995e+06
1.25791e+06
1.2208e+06
1.11909e+06
1.06376e+06
971113
903811
819607
749600
671907
600964
528486
458965
388478
319867
250374
182736
116589
44706
1.1726e+06
1.35184e+06
1.26492e+06
1.21669e+06
1.11332e+06
1.04807e+06
954733
887919
804605
736140
659297
590209
519304
451477
381563
314157
245707
179166
114330
43641.5
1.28286e+06
1.37336e+06
1.20849e+06
1.19166e+06
1.07946e+06
1.02654e+06
957875
889288
811613
737934
665190
595639
526246
458440
373242
306466
239819
174748
111801
42491.6
1.31242e+06
1.39292e+06
1.21066e+06
1.16321e+06
1.06335e+06
1.02656e+06
958865
880042
804837
732879
662130
593492
525241
457260
377630
298666
233650
170663
109181
41306
1.23087e+06
1.31438e+06
1.14484e+06
1.10961e+06
1.01576e+06
994725
935034
857312
784777
715090
647019
580635
514270
447346
371029
291744
228865
167179
106705
40042.5
1.04781e+06
1.19656e+06
1.09678e+06
1.0699e+06
985418
959591
903872
832739
764369
695734
631501
568256
503405
437864
363403
285832
224482
163844
104207
38743.1
1.1434e+06
1.15556e+06
1.08362e+06
1.04493e+06
959299
934643
879878
811568
745515
680802
618016
555744
492524
429064
357194
280924
219941
160371
101644
37487.9
1.00309e+06
1.12271e+06
1.03244e+06
1.01261e+06
940447
894874
843823
782223
719473
657729
596462
535353
473836
412754
334564
274686
215243
156723
99115.5
36292.6
1.33848e+06
1.16658e+06
1.03886e+06
1.00437e+06
917907
874541
803285
749433
685805
627823
566632
507814
447022
387681
327676
269504
211149
153826
96961.8
35346.8
1.35292e+06
1.17943e+06
1.03997e+06
1.0024e+06
911117
864680
791306
737964
674094
617486
556439
498781
438990
380588
321833
264877
207788
151320
95115.5
34469
1.07153e+06
1.04678e+06
945593
940051
873064
838066
770893
721352
660539
606442
547239
491257
432730
376097
318690
262505
205771
149694
93776
33815.5
1.02658e+06
1.01066e+06
952772
937701
852844
824860
753035
709117
648035
596860
538775
484545
427648
372273
315922
260354
204105
148342
92699.3
33218.1
935171
957838
879059
885987
823666
794446
738283
693948
638879
588361
533299
480114
424742
370263
314620
259348
203245
147589
92016.7
32772.1
913034
878053
844017
864736
798856
779670
724165
684790
630754
582371
528564
476811
422408
368525
313369
258456
202587
147028
91544.9
32473
785943
821365
813693
836180
787308
769731
718103
679310
627740
580104
527079
475665
421510
367789
312975
258153
202385
146846
91307.4
32340.3
1.74381e+06
1.65707e+06
1.47299e+06
1.36035e+06
1.22596e+06
1.1389e+06
1.03424e+06
955926
866428
790812
709451
635198
557924
484582
409687
337483
264233
193894
125065
50388
1.64338e+06
1.59573e+06
1.43609e+06
1.342e+06
1.21346e+06
1.13131e+06
1.02599e+06
951427
861613
788836
707203
634469
556845
484328
408802
337161
263126
192620
124278
48144.4
1.58652e+06
1.5571e+06
1.39237e+06
1.31173e+06
1.18128e+06
1.11405e+06
1.01191e+06
940671
853609
781471
701549
629361
551938
479666
405008
333920
261303
191274
122597
46179.5
1.22263e+06
1.40279e+06
1.33206e+06
1.26976e+06
1.16681e+06
1.09943e+06
1.00251e+06
931349
845944
773368
693816
621603
545055
473531
400007
329633
257850
188361
120505
45038.2
1.33109e+06
1.38209e+06
1.2858e+06
1.23824e+06
1.13663e+06
1.0796e+06
986283
917393
832202
761411
681837
611407
536254
466170
394042
324803
254086
185545
118501
44093.6
1.39602e+06
1.36118e+06
1.26034e+06
1.21916e+06
1.12086e+06
1.06365e+06
972369
903037
820609
749633
671895
601010
528428
458952
388422
319880
250290
182545
116460
43103.7
1.38095e+06
1.3689e+06
1.26326e+06
1.21692e+06
1.1133e+06
1.04752e+06
955459
887954
805472
737145
659521
590178
519222
451333
381457
314119
245572
178871
114381
42086.3
1.16823e+06
1.36988e+06
1.21051e+06
1.18878e+06
1.08093e+06
1.02604e+06
958427
889905
811681
738712
665159
595557
526021
458381
373635
306494
239646
174417
112022
41072.5
1.2487e+06
1.38637e+06
1.20222e+06
1.15956e+06
1.06388e+06
1.02647e+06
959180
880305
804760
732612
661755
593536
525270
457406
378100
299093
233447
170298
109412
40099
1.20445e+06
1.30924e+06
1.14278e+06
1.10568e+06
1.01742e+06
993641
934689
857146
784708
714901
646818
580433
514206
447368
371153
292013
228616
166869
106999
38938.4
1.09118e+06
1.19935e+06
1.1026e+06
1.06861e+06
986390
960501
903954
832682
764248
697021
631622
567969
503335
437724
363474
285915
224272
163613
104494
37712
1.20705e+06
1.16886e+06
1.08395e+06
1.04531e+06
961436
935829
880322
811703
745709
681113
618027
555632
492472
428969
357503
280969
219708
160166
101849
36563.7
1.06613e+06
1.13245e+06
1.03771e+06
1.0145e+06
941591
895275
844494
783112
720324
658005
596779
535461
474108
413173
334725
274509
215151
156538
99275.4
35466.8
1.28839e+06
1.16928e+06
1.03778e+06
1.00344e+06
919678
874735
803843
750218
686155
627985
566561
507823
446756
387628
327366
269504
211059
153674
97096.9
34767.9
1.3629e+06
1.1805e+06
1.04243e+06
1.00528e+06
911363
865314
791481
738621
674219
617675
556461
498932
439010
380778
321564
264785
207633
151143
95269.4
34065.4
1.05986e+06
1.04486e+06
945388
941707
873734
838760
769964
721586
660328
606725
547151
491643
432941
376286
318599
262410
205613
149579
93861.1
33578.1
1.11062e+06
1.01824e+06
960915
937683
853392
825438
752810
710030
647459
597290
538859
484879
427559
372247
315701
260209
203996
148256
92772.6
33074.5
993339
955686
880852
885378
822990
794671
738125
694228
639035
588583
533289
480084
424660
370234
314553
259330
203219
147551
92076.6
32667.4
930116
889181
852869
868864
797623
781902
725194
685273
630944
582473
528584
476819
422383
368512
313344
258446
202567
147000
91587.4
32391.9
808898
849340
813721
836684
788431
770597
718317
679556
627869
580213
527152
475688
421542
367828
312966
258127
202363
146826
91275.8
32281.2
664117
698906
651922
715126
663876
698571
651735
597430
635417
588274
647069
597205
635183
588247
647843
684502
636958
694541
647767
684520
636905
586051
621467
574644
631313
586035
621293
574418
900488
941344
883769
957157
900781
941902
883627
826417
864983
809313
880287
825900
864748
809164
752540
791412
738417
805471
752653
791234
738092
681951
720962
669063
732898
682004
720685
668984
612939
652195
601638
662876
612964
652006
601473
543946
584739
534318
593869
543895
584579
534263
475723
517627
466819
525226
475627
517473
466708
406457
449761
399342
457054
406320
449709
399100
878115
911994
858223
933956
877725
912274
857894
804356
840681
787783
858998
804114
840233
787516
733800
770484
719394
786276
733501
770293
719132
664883
702503
652444
716156
664707
702214
652134
598155
636028
587722
647853
597955
635701
587609
531509
571606
522902
581257
531438
571496
522835
464229
506492
456774
514705
464125
506481
456765
397064
440356
391423
447232
396795
440329
391164
851654
885192
833807
904444
851414
885337
833443
782275
817009
766987
833899
782086
816771
766893
714731
750447
701131
765101
714456
750403
701059
648573
684881
636969
697708
648312
684774
636928
584441
621291
575344
632047
584376
621368
575248
519996
559637
511535
568426
519986
559420
511471
454469
495550
447697
503739
454429
495466
447632
389349
431832
384114
438132
389103
431770
383861
828341
859664
812837
878935
828184
859772
812985
762366
795349
749047
811703
762265
795540
749137
697196
731859
686094
746004
697014
731876
686104
633547
669296
624462
680917
633494
669212
624445
572324
607702
563307
618174
572134
607666
563374
508841
546714
501533
556410
508787
546737
501535
445529
484596
439761
492937
445475
484502
439669
382336
423013
377671
429773
382069
422805
377375
900846
942072
883443
958440
901025
943031
882780
825579
864517
809062
880138
825180
863975
808626
752680
791105
737957
805024
752796
790592
737656
681985
720559
668906
733068
681765
720288
668555
612962
651918
601377
662716
612751
651613
601048
543890
584510
534212
593808
543751
584322
534030
475651
517418
466676
525181
475711
517282
466617
406389
449721
399058
457078
406221
449782
398868
877405
912235
857670
935118
876646
912052
856909
803983
839996
787415
858031
803432
839297
787067
733316
770201
718979
785536
732785
769857
718272
664607
702046
652006
715523
664248
700309
651648
597842
635569
587544
647410
597499
635217
588274
531384
571451
522823
580989
531204
571443
522842
464087
506488
456763
514535
464061
506468
456762
396731
440321
391095
447276
396501
440297
390809
851240
885276
833367
904159
850655
885642
833287
781996
816712
766839
833229
781719
816625
766617
714316
750354
700966
764731
713737
750116
700748
648237
684715
636913
695897
648140
684539
636945
584340
621411
575134
631940
585390
621478
574731
519974
559302
511410
568444
519964
558976
511205
454415
495423
447602
503606
454388
495264
447480
389035
431739
383770
438072
388727
431604
383290
828149
859667
813229
879346
828116
859823
813635
762215
795710
749348
811582
762035
795985
749405
696934
731913
686185
745707
696738
731856
686288
633488
669185
624411
680719
633518
669136
624332
572032
607639
563395
618220
571731
607562
563447
508735
546729
501515
556113
508528
546612
501354
445446
484451
439625
492721
445313
484283
439404
381973
422734
377261
429570
381368
422415
376728
900994
943069
882616
959048
901014
943398
882267
825124
863838
808460
880011
825001
863543
808030
752794
790436
737548
804872
752681
790071
737212
681658
720179
668416
732932
681196
719844
668076
612677
651497
600952
662238
612254
651161
600673
543732
584263
533970
593532
543611
584024
533787
475740
517236
466625
525245
475785
517118
466688
406271
449808
398912
457221
406352
449897
398986
876436
911807
856681
935280
875981
911465
856065
803237
839094
786945
857416
802752
838637
786634
732646
769732
718001
784866
732353
769442
717690
693570
698205
710695
715275
693671
698075
710575
626451
630603
643089
647203
626606
630504
642945
531145
571349
522835
580730
530938
571275
522642
464064
506434
456759
514315
464080
506222
456688
396521
440284
390809
447339
396483
440191
390546
850476
885689
833292
903986
850073
886237
833309
781626
816596
766559
832792
781390
816539
766437
713608
750047
700697
764418
713360
749907
700660
675460
680614
691838
696006
675656
680581
691667
612878
615052
628218
630701
612556
613934
628523
519945
558902
511145
568349
519778
558702
511023
454377
495219
447428
503460
454292
495125
447241
388711
431531
383204
437915
388338
431254
382821
828123
859698
813701
879926
828165
860286
813808
761982
796099
749494
811558
761873
796189
749554
696690
731879
686324
745519
696680
731964
686486
633532
669159
624335
680759
633502
669306
624350
571661
607542
563413
618054
571450
607518
563212
508461
546554
501281
555812
508310
546317
500999
445251
484228
439336
492550
444993
484047
439154
381254
422331
376609
429141
380852
422146
376259
900981
943234
882192
959213
900913
943081
882103
824916
863462
807936
880181
824607
863342
807815
752615
789987
737113
804744
752334
789888
736905
681056
719749
667993
732640
680517
719513
667728
612162
651072
600586
661800
611990
650831
600417
543589
583937
533735
593467
543546
583765
533642
475798
517099
466708
525261
475842
517086
466762
406484
449922
399135
457384
406675
449944
399077
875869
911140
855939
934861
875645
910695
855796
802647
838556
786561
857139
802508
838449
786420
732305
769381
717861
784686
732194
769237
718152
663846
699998
651401
714951
663668
701299
651427
597118
634937
588109
646870
596957
635040
586968
530870
571221
522546
580452
530756
570962
522379
464083
506146
456652
514201
464124
506023
456596
396575
440144
390582
447355
396403
440055
390283
850013
886258
833323
904042
849949
886642
833409
781332
816537
766420
832674
781220
816597
766458
713422
749894
700685
764259
713663
749966
700855
647886
684560
636874
696974
647803
684717
636873
585172
621229
574347
631580
583826
621201
574283
519716
558639
511002
567984
519607
558576
511009
454254
495109
447186
503330
454181
495107
447115
388332
431183
382843
437744
388105
431077
382668
828189
860170
813839
880402
828307
860883
814060
761863
796264
749629
811652
761924
796488
749828
696720
732031
686567
745641
696973
732357
686879
633477
669383
624358
681020
633502
669607
624381
571382
607526
563141
618014
571274
607612
563023
508282
546250
500950
555636
508229
546118
500945
444927
484022
439117
492470
444832
484074
438963
380874
422160
376332
428964
380821
422210
376347
900886
942782
882093
958761
900715
942774
882112
824620
863366
807809
880242
824945
863395
807913
752286
789909
736886
804711
752139
790035
736960
680389
719467
667622
732444
680348
719501
667521
612017
650766
600388
661569
611942
650692
600361
543529
583740
533638
593490
543496
583715
533624
475863
517092
466777
525231
475851
517057
466747
406892
449959
399179
457477
407171
449960
399229
875611
910436
855792
934310
875714
910609
856054
802506
838447
786407
857230
802607
838584
786459
732175
769223
718168
784845
732227
769270
718226
663585
701329
651473
714895
663463
701375
651586
596937
635106
586957
646723
596941
635259
587000
530755
570947
522373
580424
530731
570965
522311
464138
506023
456595
514180
464103
505961
456575
396519
440042
390357
447326
396615
440013
390400
849958
886446
833456
904227
850144
886513
833659
781217
816645
766496
832798
781292
816827
766614
713691
750016
700920
764313
713770
750141
701087
647812
684775
636886
697110
647879
684934
636963
583829
621210
574299
631728
583898
621271
574322
519608
558590
511027
567982
519537
558602
510986
454176
495124
447110
503267
454146
495098
447085
388213
431061
382756
437690
388316
431045
382848
828367
860843
814159
880715
828569
861163
814389
761967
796584
749897
811866
762092
797049
750468
697075
732487
687019
745843
697270
732839
687236
633519
669651
624401
681336
633622
670010
624800
571266
607651
563037
618107
571244
607918
563143
508221
546114
500977
555610
508189
546239
501168
444826
484096
438941
492465
444825
484225
439008
380938
422231
376485
428979
381040
422350
376629
676414
681101
659747
663991
676587
680964
659577
687894
705182
684905
699751
688445
704891
685501
671379
655567
668457
652718
671976
655137
669098
693511
715187
697945
710437
697987
710486
693464
676360
663912
680851
659550
680882
659521
676383
687912
699762
704922
684990
704774
685685
688307
671364
652724
655510
668351
655104
669170
671857
610015
613987
593910
597375
610166
613900
593877
622804
639217
619070
636052
623070
638849
619546
607143
591253
602878
587967
607105
591519
603409
626369
647119
630346
642908
630414
642892
626373
609922
597301
613744
593692
613821
593809
609900
622740
636083
639185
618712
638827
619452
622892
607031
588011
591134
602459
591482
603181
606892
660064
664450
644013
647133
659850
663984
644326
672444
688617
668423
684497
672387
688649
668427
656438
640554
652611
636963
656388
640613
652629
675550
696206
680670
691752
681053
691617
675714
660097
647098
664384
643959
663971
644330
659863
672467
684504
688579
668469
688637
668445
672402
656447
636944
640516
652644
640597
652642
656402
597720
599367
581656
584794
597178
597873
581933
609240
624896
605939
621435
609255
624939
605872
593505
577769
590358
574584
593574
577689
590288
612809
630562
614800
628052
613800
628486
612289
597606
584696
599046
581499
597492
581942
596873
609141
621374
624753
605678
624880
605783
608996
593399
574510
577546
590099
577618
590204
593290
928271
954816
915660
957511
928883
955155
915951
854944
881118
843897
888118
855098
881220
843759
777902
806321
767176
812006
777875
806042
767165
703962
731708
694701
737923
703727
731763
694670
633674
660575
625459
664762
633834
660672
625539
563764
591356
556114
595360
563839
591471
556195
496343
522671
488272
526190
496323
522800
488171
428358
455171
420244
458697
428207
454946
419978
987499
1.01405e+06
971621
1.02487e+06
987956
1.01437e+06
971977
932558
939816
954345
956533
939855
954365
932537
856283
863346
875771
880168
863395
875804
856328
782600
788939
801716
806011
788875
801487
782605
711709
716784
729635
732833
716838
729638
711696
642805
647592
660293
662828
647603
660293
642813
574017
578379
591453
593823
578379
591446
574033
506007
510068
523314
525266
510015
523309
506065
437386
441483
455270
457145
441433
455248
437437
348965
375577
342807
377618
349008
375464
342695
955946
976450
939681
991353
956268
976578
939874
908253
915405
927756
933605
915388
927666
908357
835338
840950
853763
859415
840861
853608
835477
763614
768857
781183
786424
768815
781156
763635
694606
699230
711839
716451
699153
711754
694693
627398
631401
643954
648039
631329
643897
627496
561557
564692
578143
581409
564669
578090
561578
495298
497962
512016
514802
497944
511995
495297
428237
430433
444879
447210
430436
444877
428246
339270
367774
336463
371341
339178
367615
336390
925107
945955
910658
958373
925374
946085
910813
879919
886793
898183
904107
886858
898187
879866
810835
816728
828102
834177
816673
828049
810896
743388
748369
760187
765235
748332
760139
743434
676962
681411
693452
697956
681340
693400
677025
612499
616150
628427
632235
616108
628380
612505
549519
552452
565482
568486
552450
565477
549530
484666
487365
500922
503726
487333
500933
484671
419876
421945
436044
438163
421930
436030
419891
332912
361125
330259
364197
332818
360978
330172
901419
923652
888408
933674
901250
923215
888574
856347
862336
874751
879065
862306
874504
856571
790158
795191
806630
811742
795196
806639
790176
725307
729698
741512
746068
729711
741518
725295
661206
665088
677162
681019
665028
677111
661220
599504
602914
614720
618094
602938
614738
599497
537571
540579
553352
556535
540564
553346
537565
474564
477109
490396
493003
477093
490374
474588
411996
413994
427860
429820
413982
427848
412021
327251
353373
327170
358358
327076
353153
327051
812515
831958
804407
843028
812614
832233
804449
750106
771239
743350
782158
749990
771132
743344
686848
709806
682036
718860
686835
709797
682032
626334
649393
622238
657508
626348
649469
622302
565368
589405
561881
596750
565371
589425
561863
504100
528552
500833
535997
504019
528508
500809
442445
467403
440195
473832
442405
467373
440154
381212
406900
380756
412825
381064
406902
380701
929363
955582
916619
957824
929835
956370
917137
855326
881225
843434
888797
855558
881028
842895
778031
805598
767207
812194
778232
805400
767240
703706
731877
694687
737579
703704
731975
694713
634010
660771
625584
664949
634160
660846
625581
563872
591624
556226
595490
563811
591736
556246
496220
522881
488127
526206
496006
522954
488047
428167
454884
419981
458564
427909
454899
419816
988703
1.01525e+06
972700
1.02594e+06
989558
1.01629e+06
973384
932737
940271
955155
957810
932694
940585
955680
856075
863250
875848
880271
856175
863084
875712
782535
788848
801121
805182
782574
788912
801071
711720
717070
729663
733008
711741
717127
729673
642594
647626
660207
662845
642677
647574
660138
573871
578409
591430
593878
573918
578355
591411
505808
509795
523251
525185
505837
509742
523232
437206
441404
455211
457041
437223
441404
455203
349162
375312
342694
377366
349131
375254
342670
957075
976923
940162
992979
958002
977316
939902
907895
915480
927939
934544
907974
915540
928259
834235
840222
852690
858464
834487
840011
852411
763143
768398
780865
785949
763307
768196
780706
694070
698760
711338
715806
694220
698614
711171
626933
631024
643564
647621
627045
630922
643428
561465
564578
577887
581098
561494
564542
577821
495248
497879
511937
514627
495276
497849
511910
428182
430435
444880
447251
428196
430432
444883
339202
367410
336409
371029
339083
367263
336311
925597
946089
910892
958873
925734
946747
911170
879665
886923
898470
904365
879786
886760
898595
810481
816325
827701
833550
810572
816189
827591
743052
748090
759910
764924
743140
747991
759830
676503
681033
693047
697331
676640
680950
692872
612470
615971
628208
631931
612493
615897
628173
549240
552338
565376
568367
549322
552286
565318
484505
487266
500874
503681
484553
487246
500823
419761
421853
435968
438103
419799
421824
435945
332810
360731
330154
363870
332577
360472
329955
900679
922503
888829
933684
900628
922426
888777
855928
861949
874096
878926
855908
861963
874298
790166
795102
806621
811635
790154
795057
806643
725128
729553
741475
745860
725195
729460
741418
661069
664857
677033
680815
661105
664809
677006
599497
603002
614771
618241
599516
602960
614783
537482
540485
553303
556262
537522
540424
553262
474440
477001
490270
492834
474480
476961
490220
411700
413878
427722
429698
411804
413820
427646
326878
352692
326910
357731
326467
352290
326512
812856
832629
804549
843480
813143
833283
804735
749974
771266
743562
782015
750024
771180
743565
686899
709930
682170
718876
686962
709908
682256
626311
649555
622312
657528
626230
649494
622231
565282
589418
561814
596563
565134
589313
561706
503894
528409
500793
535729
503776
528273
500750
442350
467347
440077
473707
442276
467316
439968
380939
406963
380718
412579
380785
407005
380582
930287
956204
917416
957989
931092
956413
917543
855694
880777
842391
888849
855712
880622
841972
778374
805395
767336
811760
778602
805434
767428
703809
732078
694732
737708
703963
732124
694625
634272
660881
625516
665120
634342
660856
625402
563776
591769
556166
595575
563859
591768
556012
495863
522948
487989
526236
495736
522941
487949
427987
454979
419918
458484
427814
455061
419787
989965
1.01673e+06
973669
1.02671e+06
990291
1.01732e+06
973665
932796
941120
956412
958801
932706
941334
956715
855648
862695
875418
880022
855739
862673
875362
782348
788893
800884
804933
782395
788912
800829
711373
717077
729594
733044
711499
716986
729527
642084
647318
659821
662503
642232
647163
659694
573626
578161
591281
593672
573697
578049
591212
505793
509764
523256
525257
505796
509798
523284
437310
441495
455283
457148
437273
441531
455337
349398
375318
343034
377440
349330
375556
343086
958378
977188
939398
994414
958425
977620
938754
907124
915275
928301
935350
907303
915125
928368
833388
839452
851691
857685
833576
839285
851492
762365
767571
780154
785143
762546
767410
779979
577693
580903
577668
561298
564391
561341
564327
495053
497725
511792
514428
495108
497676
511734
428158
430457
444895
447308
428168
430472
444897
339245
367164
336415
371053
339103
367075
336254
925533
946903
911312
959437
925575
947710
911617
878985
886093
898283
904034
879086
885958
898367
810196
815806
827301
832954
810253
815712
827248
742718
747676
759596
764550
742790
747593
759531
565247
568359
565300
549129
552228
549124
552243
484439
487199
500716
503565
484438
487179
500696
419535
421720
435846
438018
419610
421670
435796
332618
360180
329938
363510
332439
359962
329675
900466
922408
888940
934486
900621
923045
889237
856203
862213
874514
879646
856116
862314
874751
790086
794922
806634
811559
790108
794896
806642
724944
729232
741266
745589
724972
729171
741236
664759
680711
664775
661074
676948
661049
676966
602742
618160
602677
599346
614789
599377
614766
555964
537159
540210
553061
537256
540123
552990
474215
476827
490049
492620
474282
476781
489986
411178
413512
427353
429373
411315
413378
427227
326355
352045
326346
357179
326150
351929
326074
813285
833244
804992
843919
813545
833743
805352
750126
771405
743706
782158
750200
771494
743672
687046
710019
682464
719201
687144
710112
682669
626159
649478
622199
657628
626092
649369
622083
564980
589130
561631
596453
564855
588976
561551
503686
528200
500733
535445
503640
528130
500716
442227
467292
439880
473763
442194
467271
439826
380877
407030
380669
412664
380787
407040
380573
931141
955484
917382
958470
930722
956037
916869
855696
880710
841679
889889
856220
881587
841676
778879
805452
767460
811634
779287
805493
767404
704395
732149
694375
738118
704881
732164
693964
634398
660789
625244
665170
634421
660749
625099
564005
591773
555822
595627
564058
591838
555695
495731
522954
487914
526151
495762
523022
487844
428037
455140
419949
458393
428047
455257
419847
990217
1.01712e+06
973188
1.02723e+06
990194
1.01758e+06
972875
933118
941454
956981
959061
933070
941593
957144
855403
862613
875313
880095
855454
862615
875328
782126
788867
800684
804802
782191
788832
800642
710819
716622
729301
732791
710959
716460
729228
641536
646720
659337
661995
641659
646569
659228
573369
577850
591027
593441
573417
577778
591001
505790
509895
523416
525239
505790
509909
523458
437549
441670
455534
457301
437478
441720
455606
349701
375822
343413
377875
349799
376057
343354
957909
977137
937772
995330
957387
977531
936912
906280
914695
927960
935017
906470
914586
927952
832860
838858
851014
857225
832950
838771
850917
762033
767109
779595
784719
762077
767055
779536
697917
710423
693422
693389
715054
697869
710417
630275
642879
626326
626301
646969
630216
642855
577376
560914
564059
580554
561007
563977
577295
494871
497568
511528
514237
494903
497553
511473
428072
430507
444869
447338
428104
430487
444855
339388
366912
336427
371045
339348
366907
336350
925474
947766
911645
960514
925431
948964
911606
879008
885623
898355
903968
878980
885591
898497
810021
815497
827135
832701
810051
815451
827114
742587
747415
759392
764325
742595
747390
759365
680435
692125
676004
676204
696745
680697
692415
615257
627944
612123
612077
631516
615340
627923
565046
548940
552080
568107
548989
552008
564961
484359
487051
500599
503365
484383
487013
500576
419205
421478
435611
437819
419288
421414
435561
332656
359895
329772
363425
332610
359913
329616
900613
922841
889362
935807
900726
923544
889493
856443
862514
874861
880135
856352
862602
875119
790066
794852
806695
811587
790059
794855
806725
725006
729112
741239
745537
724960
729147
741278
664847
661217
677123
680859
661176
664879
677211
602497
599236
614719
618004
599257
602460
614727
536844
539888
552779
555692
536903
539848
552717
474000
476637
489833
492500
474036
476599
489799
410901
413074
426930
429010
410930
413024
426892
326291
351897
326247
357314
326177
351928
326186
813777
833362
805692
844511
814137
833314
805552
750266
771729
743951
782431
750338
772128
744274
687295
710373
683011
719839
687499
710711
683410
626007
649314
622023
657847
625855
649121
621922
564757
588881
561535
596556
564688
588838
561565
503606
528082
500764
535346
503552
527989
500823
442212
467266
439829
473923
442236
467238
439876
380946
407025
380743
412911
380851
407009
380703
930727
955744
916888
958487
930341
955766
917025
857040
881877
842242
890067
857163
881699
842334
779345
805588
767228
811603
779297
805615
767090
705288
732256
693496
739035
705854
732315
693754
634545
660780
624982
664998
634423
660966
624766
564185
591918
555489
595763
564550
592124
555360
495939
523119
487747
525767
496016
523235
487499
428583
455427
420086
458513
428822
455716
420130
990133
1.01688e+06
973195
1.02677e+06
990765
1.01643e+06
973009
933081
941618
957266
959343
933165
941434
957338
855236
862829
875457
880351
855226
862939
875497
781865
788786
800669
804752
781922
788760
800755
710348
716129
729139
732559
710429
716093
729198
641195
646386
659046
661683
641262
646355
659037
573132
577753
591065
593537
573216
577769
591168
505707
509977
523588
525274
505747
510008
523661
437585
441871
455859
457410
437635
441917
455946
350432
376296
343637
378258
350776
376612
343670
957454
976493
936921
993466
957053
976554
936785
905963
914362
927347
934868
905866
914398
927563
832786
838694
850819
857174
832774
838708
850842
762006
767044
779482
784749
761994
767079
779501
693168
697647
710311
714861
693221
697583
710262
626299
630108
642826
646762
626300
630089
642808
560784
563867
577165
580431
560784
563865
577166
494870
497554
511430
514220
494854
497569
511443
427967
430506
444849
447363
428016
430478
444843
339741
366910
336685
371320
339879
367012
336846
925215
949085
911277
960772
925366
949322
911461
878957
885581
898371
904316
878956
885652
898669
810056
815411
827137
832714
810017
815431
827182
742607
747336
759343
764261
742587
747340
759368
676387
680500
692742
697047
676362
680499
692784
612188
615593
628000
631657
612146
615642
628034
548952
551933
564883
567974
548926
551951
564893
484379
486996
500597
503340
484369
487006
500607
419021
421281
435458
437709
419057
421244
435443
332971
359959
329855
363610
333112
360107
329921
900826
923430
889416
936387
901558
924238
890162
856800
862832
875258
880711
856707
862963
875584
790159
794924
806888
811771
790130
794967
806961
725388
729376
741507
745774
725294
729451
741607
661422
665025
677537
681203
661382
665081
677646
599264
602437
614798
618045
599253
602456
614841
536725
539820
552632
555633
536744
539806
552639
473972
476584
489814
492482
473972
476589
489847
410891
412990
426938
428973
410898
412987
426968
326406
351934
326540
357790
326368
351943
326792
814038
832627
805147
844846
814340
831908
804390
750530
772715
745316
783628
751237
773470
746055
687742
710988
683455
720554
688022
711132
683337
625636
649354
621902
658187
626004
649723
622376
564641
588852
561705
597091
564651
588971
561720
503511
527846
501013
535667
503551
527923
501441
442221
467100
440034
474392
442058
466844
440272
381100
406903
381068
413594
381067
406761
381281
913699
917776
894044
900532
917833
894052
913643
927656
946928
921540
941399
947027
921561
927568
908488
889122
902714
883759
889127
902717
908458
932596
956681
940212
954993
939955
954526
932685
913804
900627
918154
893980
917958
894030
913921
927772
941527
947596
921672
947186
921604
927921
908537
883727
889085
902699
889126
902723
908561
838572
843152
819457
826365
843189
819378
838583
851301
870285
846186
864955
870271
846132
851349
832875
814492
827683
809272
814405
827621
832954
856226
880195
863395
875887
863399
875852
856262
838519
826122
843118
819049
843176
819237
838300
851231
864894
870150
845866
870233
846022
851147
832750
809227
814202
827422
814313
827525
832610
765058
768533
746984
752589
768553
746951
765049
778279
796277
773697
791399
796254
773628
778295
760483
742838
756039
738358
742816
755976
760525
782599
805685
788859
801171
788781
801289
782590
765066
752592
768583
746901
768545
746918
765072
778225
791334
796126
773390
796208
773531
778139
760428
738236
742754
755693
742788
755852
760384
694682
697235
677115
681960
697281
677126
694651
707829
725343
703582
720922
725329
703538
707864
690519
673271
686303
669058
673280
686273
690537
711728
732838
717008
729648
716907
729641
711743
694719
681994
697374
677095
697330
677117
694741
707790
720817
725295
703336
725309
703448
707767
690491
669036
673226
686116
673266
686205
690476
625833
628217
608481
612946
628232
608468
625821
639131
656262
635271
652143
656255
635223
639146
622182
605121
618461
601605
605102
618427
622195
642780
662873
647633
660257
647637
660282
642740
625841
612981
628276
608396
628282
608440
625829
639105
652081
656179
635091
656225
635162
639056
622161
601551
605011
618314
605068
618380
622120
557119
559209
539904
543923
559205
539878
557102
570909
588075
567790
584701
588056
567776
570921
554049
537123
551018
534313
537114
551027
554043
573988
593880
578392
591439
578411
591443
573958
557143
543939
559238
539820
559253
539849
557167
570891
584646
587986
567723
588027
567751
570866
554054
534296
537076
551027
537100
551029
554054
489314
491173
471856
475669
491123
471844
489364
503375
520466
500674
517585
520431
500633
503440
486452
469382
483780
466781
469375
483770
486478
505940
525279
509840
523274
509954
523299
505878
489291
475662
491054
471820
491103
471836
489292
503307
517530
520323
500558
520379
500590
503256
486426
466739
469324
483730
469355
483755
486406
420602
422511
402735
406399
422450
402668
420658
435070
452355
432696
449713
452335
432696
435084
418183
400974
415977
399266
400902
415945
418214
437325
457106
441384
455231
441414
455255
437260
420561
406416
422371
402506
422412
402637
420513
435071
449706
452309
432700
452304
432698
435068
418164
399219
400732
415880
400863
415914
418140
890034
896845
871976
878039
896787
871799
890209
900999
918541
893405
911980
918532
893423
901073
883032
865143
875861
858183
864997
875842
883180
908138
933700
915434
927840
915398
927659
908066
889822
877916
896633
871240
896720
871547
889606
900930
912071
918699
893392
918540
893406
900900
882867
858083
864543
875627
864789
875774
882689
817161
822588
799105
804283
822501
798977
817295
829249
847307
822959
840608
847174
822865
829407
811234
793473
805286
787711
793402
805215
811410
835069
859255
840447
853003
840700
853353
834755
816898
804207
822178
798716
822338
798854
816678
828962
840450
846629
822505
846923
822706
828697
811052
787603
793170
804912
793289
805080
810862
746272
751290
729026
733740
751222
728962
746306
758496
775888
753351
770420
775844
753313
758533
741303
724255
736327
719352
724188
736295
741342
763553
786381
768575
780995
768713
781090
763448
746197
733646
750970
728718
751121
728861
746053
758428
770364
775686
753177
775774
753255
758341
741225
719260
723942
736128
724079
736226
741115
677525
682015
660709
664832
681954
660618
677612
690096
707162
685708
702452
707097
685647
690149
673227
656645
668987
652369
656523
668923
673293
694496
716319
698913
711494
699048
711634
694365
677427
664781
681744
660406
681860
660515
677310
689996
702351
706843
685417
706987
685542
689861
673129
652261
656264
668696
656391
668820
673002
610989
614757
594645
598118
614714
594608
611039
623542
640019
619744
635934
639911
619689
623627
607344
591190
603696
587698
591150
603674
607388
627287
647956
631132
643698
631237
643816
627165
610913
598051
614555
594451
614647
594542
610813
623442
635824
639692
619533
639807
619633
623333
607282
587663
591026
603566
591095
603639
607201
545122
548064
528680
531506
548075
528666
545106
558472
574871
555408
571580
574812
555398
558489
542218
525836
539259
522886
525801
539253
542195
561534
581336
564608
577955
564639
578024
561512
545137
531482
548081
528591
548083
528631
545130
558457
571539
574718
555372
574763
555383
558448
542220
522854
525735
539177
525771
539214
542191
478588
481196
461683
464203
481184
461642
478619
492694
509247
490051
506493
509249
490043
492683
475973
459129
473400
456771
459137
473380
475981
495294
514753
497903
511954
497925
511968
495291
478550
464169
481117
461592
481157
461608
478518
492700
506488
509251
489990
509250
490018
492695
475967
456767
459152
473328
459145
473353
475956
411691
413832
395315
396987
413795
395238
411735
426089
442565
423993
440348
442564
423976
426101
409655
393075
407680
391351
392998
407635
409696
428224
447223
430435
444879
430438
444879
428208
411642
396923
413726
395046
413764
395176
411585
426072
440339
442562
423926
442564
423954
426048
409614
391288
392797
407522
392930
407584
409554
862686
869238
845399
851635
869268
845385
862662
873701
890173
867469
885178
890167
867435
873657
856689
839457
850706
833706
839417
850632
856684
879955
904234
886975
898569
886924
898341
879945
862662
851566
869207
845126
869269
845302
862551
873737
885241
890352
867220
890256
867368
873720
856640
833571
839120
850304
839266
850471
856460
793820
799420
776989
782232
799378
776922
793888
805361
822353
800223
816921
822290
800174
805427
788625
771993
783620
766978
771921
783583
788692
810759
834046
816466
827844
816583
827959
810656
793742
782163
799206
776786
799302
776855
793674
805289
816840
822102
800074
822201
800122
805219
788554
766942
771785
783483
771855
783536
788486
726674
731522
710054
714682
731487
709994
726727
738679
755367
733911
750467
755302
733959
738737
722087
705521
717497
701156
705529
717542
722119
743313
765176
748184
759992
748267
760068
743230
726594
714581
731307
709803
731407
709908
726504
738613
750443
755159
733899
755233
733943
738537
722034
701125
705417
717460
705488
717520
721961
660698
664917
644631
648505
664857
644549
660780
672850
689099
668806
684869
689097
668771
672865
656805
640861
652896
636970
640802
652875
656862
676873
697846
681133
693188
681238
693309
676761
660591
648408
664685
644316
664772
644427
660480
672791
684831
688983
668653
689054
668716
672709
656716
636954
640630
652750
640719
652812
656623
596908
600275
581263
584430
600268
581268
596905
609248
624867
606040
621303
624839
606038
609239
593850
578337
590797
575342
578340
590804
593838
612510
632136
616018
628252
616073
628319
612503
596916
584408
600229
581250
600259
581264
596907
609277
621338
624804
606081
624820
606061
609300
593866
575312
578286
590784
578324
590802
593865
533330
536320
517097
519987
536288
517111
533350
546620
562649
543579
559608
562639
543542
546676
530456
514343
527540
511527
514338
527522
530486
549474
568458
552394
565426
552431
565458
549402
533288
519987
536209
517097
536251
517109
533241
546542
559527
562526
543409
562601
543478
546458
530421
511506
514305
527468
514325
527498
530388
468368
470829
452191
454459
470810
452177
468392
482107
498252
479534
495533
498252
479515
482121
466012
449972
463625
447681
449948
463606
466036
484647
503732
487282
500913
487299
500934
484602
468344
454444
470772
452133
470790
452156
468318
482068
495503
498194
479441
498233
479477
482003
465971
447659
449893
463550
449922
463580
465936
403739
405736
387724
389285
405700
387667
403775
417905
433943
415885
431817
433927
415871
417922
401880
385729
399991
384062
385664
399962
401920
419855
438149
421880
435990
421908
436012
419826
403697
389226
405604
387489
405662
387605
403636
417877
431797
433880
415805
433906
415844
417843
401832
383995
385465
399850
385597
399916
401770
839585
845407
823042
828292
845341
823012
839713
850309
866979
844523
859633
866918
844564
850343
834320
817336
827219
812825
817335
827203
834381
856129
879024
862053
874167
862212
874323
855898
839497
828237
845071
822946
845195
822993
839418
850329
859731
867241
844670
867037
844664
850351
834301
812861
817524
827216
817404
827208
834228
773900
778819
757575
762362
778808
757577
773944
784833
801399
780865
795392
801432
780886
784746
769234
752876
763347
749046
752892
763396
769209
790152
811719
795157
806614
795185
806631
790144
773891
762321
778719
757582
778776
757589
773880
784961
795464
801665
781018
801535
780970
785119
769274
749111
753015
763567
752938
763506
769341
709213
713471
693072
697167
713458
693024
709239
720975
737442
717617
731866
737378
717585
721029
705467
689164
700373
686070
689116
700366
705524
725294
746047
729632
741507
729695
741521
725247
709169
697093
713310
692955
713397
693003
709119
720980
731904
737325
717615
737354
717599
720983
705419
686093
689161
700398
689140
700393
705377
645616
649345
630002
633524
649302
629980
645637
657830
673944
655255
669284
673863
655248
657835
642549
626766
638272
624486
626788
638276
642592
661185
680967
664914
677061
664970
677092
661143
645599
633515
649183
629971
649243
629983
645569
657823
669271
673766
655284
673807
655296
657790
642537
624485
626769
638173
626792
638233
642506
584380
587835
568860
572295
587840
568857
584373
596425
611833
594125
607709
611847
594154
596434
581457
565747
577325
563328
565767
577320
581449
599517
618136
603010
614758
602981
614743
599524
584367
572224
587780
568794
587824
568830
584350
596392
607693
611815
594178
611838
594168
596373
581452
563351
565786
577308
565779
577307
581457
521911
524732
506058
508837
524749
506056
521916
534830
550673
532897
546725
550698
532897
534839
519522
503383
515864
501523
503356
515854
519540
537570
556479
540528
553326
540549
553336
537553
521901
508818
524730
506001
524752
506039
521882
534811
546736
550711
532872
550712
532893
534785
519497
501526
503270
515797
503313
515839
519468
458992
461369
443311
445517
461353
443306
458990
472048
488118
470646
484584
488119
470641
472072
457074
441170
453561
439742
441160
453539
457060
474539
492975
477036
490315
477067
490350
474512
458988
445499
461306
443272
461332
443294
458975
472037
484551
488102
470605
488115
470629
472020
457078
439715
441101
453470
441139
453509
457065
396351
398247
380591
382276
398224
380525
396392
410179
426248
409060
422964
426237
409019
410216
394862
378319
391831
377616
378240
391795
394891
411953
429801
413922
427782
413959
427824
411885
396279
382213
398115
380267
398183
380445
396180
410116
422891
426157
408864
426214
408968
410016
394800
377541
377905
391589
378124
391733
394708
914112
918279
893925
900963
914022
918505
893960
928107
947734
921705
942512
928008
948149
921744
908532
888975
902632
883187
908564
888827
902516
932726
958005
940988
956301
940690
955896
932729
914163
900969
918796
893856
918607
893923
914182
928155
942661
948629
921708
948308
921722
928207
908462
882966
888568
902115
888689
902318
908350
837931
842836
818876
825394
838084
842597
818768
850904
870004
845710
864309
851018
869846
845565
832392
814083
827319
808933
832498
813954
827201
855966
880181
862816
875500
862908
875604
855849
837797
825268
842199
818552
842359
818660
837703
850782
864127
869595
845278
869693
845418
850670
832278
808785
813694
826918
813822
827071
832171
765060
768569
746893
752743
765072
768601
746882
777957
796017
773221
790943
778046
795894
773044
760285
742704
755531
737849
760338
742642
755390
782489
805066
788904
800946
788880
801010
782443
765041
752766
768634
746824
768603
746859
765018
777869
790765
795669
772737
795775
772881
777782
760221
737755
742478
755158
742566
755270
760149
694685
697385
677041
681942
694728
697383
676952
707686
725265
703229
720465
707740
725216
703140
690380
673157
686030
668809
690444
673061
685941
711676
733046
717124
729641
717143
729667
711601
694609
681870
697300
676696
697361
676834
694502
702938
707603
720382
725055
725145
703049
707493
685707
690285
668691
672811
672943
685833
690167
625737
628289
608328
612901
625794
628246
608240
638888
656113
635009
651820
638976
656028
634924
621966
604937
618232
601266
622054
604845
618140
642491
662807
647416
659943
647521
660048
642370
625663
612859
628133
608023
628219
608135
625580
634713
638790
651717
655820
655929
634824
638683
617890
621858
601156
604623
604740
618025
621734
557179
559273
539787
543820
557181
559232
539750
570804
587944
567692
584438
570838
587896
567656
554010
537038
551007
534152
554041
536993
550966
573819
593888
578231
591338
578330
591382
573761
557159
543803
559183
539667
559237
539713
557128
570763
584376
587780
567553
587843
567610
570710
553967
534090
536897
550849
536946
550912
553914
489336
491086
471787
475672
489310
491111
471751
503209
520271
500526
517373
503228
520228
500496
486374
469304
483698
466646
486389
469294
483658
505798
525193
509709
523240
509727
523231
505798
489365
475702
491182
471745
491176
471737
489427
503197
517328
520157
500433
520192
500465
503193
486376
466624
469307
483616
469295
483636
486390
420483
422371
402506
406307
420492
422358
402370
435087
452331
432709
449738
435075
452359
432719
418105
400708
415848
398952
418119
400577
415823
437217
457060
441459
455241
441443
455213
437239
420480
406277
422342
402206
422341
402323
420485
435113
449759
452431
432761
452393
432739
435145
418101
398940
400474
415807
400570
415809
418109
889132
896496
870934
877120
889365
896255
870647
900671
918689
893230
912270
900793
918817
893034
882282
864288
875417
857426
882486
864031
875195
907685
934745
915441
928474
915526
928301
907513
888886
876867
895815
870110
896020
870375
888660
900490
912075
918668
892547
918655
892778
900318
882055
857154
863520
874669
863774
874941
881840
816261
822021
798567
803824
816465
821852
798401
828206
846352
822279
839744
828447
846085
822093
810485
793033
804776
787302
810675
792875
804638
834000
858229
839626
851909
839814
852147
833780
816060
803632
821497
798033
821675
798223
815866
827979
839516
845591
821733
845827
821916
827760
810291
787187
792546
804358
792715
804492
810108
745670
750781
728551
733129
745865
750576
728367
758072
775560
753080
770098
758213
775413
752969
740803
723776
736014
718797
740968
723582
735881
762964
785747
767766
780342
767980
780528
762766
727979
745464
732944
750187
750372
728174
745271
757913
769981
775093
752706
775246
752842
757739
723093
740620
718569
735561
723357
735728
740421
677031
681624
660284
664495
677174
681505
660151
689488
706660
685285
701836
689691
706434
685160
672690
656135
668568
651891
672855
656002
668446
698346
710839
693789
693925
715655
698480
711003
681245
659882
676736
676885
664374
681380
660015
705718
684525
688898
689240
701487
706144
685020
655737
668019
672268
672501
651792
655869
668329
610590
614451
594342
597714
610702
614344
594221
623150
639570
619406
635453
623232
639457
619295
607049
590963
603477
587508
607116
590921
603361
630710
643188
626708
626818
647509
630815
643300
614098
594009
610324
610467
597598
614226
594114
639307
619109
623084
623087
635358
639365
619173
591071
603354
607045
607011
587586
590950
603233
545050
548054
528545
531322
545094
548006
528499
558433
574684
555352
571423
558445
574663
555320
542122
525705
539144
522822
542149
525687
539111
577727
561422
581036
564445
564495
577771
561380
545001
531260
547883
528418
547947
528459
544949
574701
558407
571423
555277
574674
555294
558385
542086
522833
525660
539088
525676
539094
542053
478472
481070
461589
464066
478496
481037
461590
492655
509243
489964
506488
492681
509236
489948
475923
459159
473307
456762
475941
459163
473293
495211
514582
497771
511841
497813
511878
495165
478444
464061
480978
461591
481008
461591
478412
492618
506482
509201
489922
509228
489936
492574
475902
456763
459164
473286
459165
473287
475878
411488
413689
394979
396615
411534
413659
394862
426005
442559
423905
440313
426027
442557
423878
409449
392723
407467
390973
409500
392595
407413
428178
447262
430444
444891
430437
444887
428171
411455
396586
413624
394737
413640
394825
411428
425989
440306
442552
423825
442555
423856
425972
409405
390924
392431
407302
392543
407357
409362
862132
869048
844948
851051
862333
868889
844757
873508
890281
867081
885379
873598
890372
867035
856163
838977
850163
833311
856304
838889
850121
879393
904161
886288
898493
886511
898402
879240
861912
850836
868466
844491
868675
844618
861783
873429
885434
890488
867137
890302
867049
873397
856083
833281
838761
850152
838812
850108
856023
793521
799104
776713
781899
793600
798992
776638
805080
822026
800018
816659
805150
821952
799961
788349
771715
783424
766777
788416
771646
783368
810388
833387
815916
827374
816051
827480
810315
793450
781811
798783
776489
798880
776564
793382
805029
816644
821852
799879
821884
799922
804985
788292
766689
771499
783230
771573
783292
788231
726307
731201
709686
714158
726406
731087
709558
738377
755085
733834
750275
738458
755012
733740
721790
705331
717365
700884
721878
705237
717276
742963
764829
747777
759671
747886
759750
742873
709252
726205
713969
730835
730964
709414
726099
738292
750192
754853
733590
754933
733664
738205
705045
721699
700813
717146
705139
717210
721610
660275
664613
644225
648183
660374
664570
644147
672550
688902
668595
684655
672627
688816
668543
656479
640574
652687
636914
656541
640540
652648
680509
692280
676105
676340
696971
680885
692633
664506
644005
660070
660184
648148
664559
644059
688650
668445
672422
672484
684596
688729
668500
640527
652610
656395
656433
636928
640525
652624
596881
600183
581235
584327
596894
600105
581248
609314
624811
606092
621446
609313
624827
606087
593810
578228
590742
574990
593848
578144
590670
615843
628155
612467
612454
631879
615793
628152
600353
581443
596965
596888
584450
599979
581306
624869
606008
609284
609305
621470
624849
606060
577902
590452
593676
593752
574850
578030
590566
533160
536163
517081
519967
533202
536140
517054
546274
562412
543340
559178
546363
562287
543268
530286
514273
527418
511344
530342
514222
527354
565237
549175
568376
552231
552251
565267
549135
533121
519971
536122
516968
536131
517018
533095
562059
546195
559066
543104
562164
543184
546122
530227
511272
514076
527196
514149
527283
530163
468265
470757
452111
454404
468290
470745
452090
481919
498147
479405
495370
481955
498091
479367
465869
449862
463519
447566
465901
449830
463485
484468
503635
487213
500736
487227
500771
484445
468244
454396
470734
452046
470738
452069
468228
481887
495316
497999
479291
498040
479329
481860
465840
447526
449759
463411
449798
463449
465813
403508
405545
387416
388908
403576
405487
387289
417758
433852
415762
431701
417805
433821
415706
401616
385382
399772
383599
401695
385224
399676
419722
438089
421758
435886
421794
435920
419666
403439
388856
405366
387106
405426
387230
403364
417710
431658
433740
415565
433789
415644
417644
401519
383498
384950
399448
385138
399566
401430
839376
845016
822917
828114
839409
844998
822902
850348
867284
844769
859704
850315
867521
844778
834274
817642
827366
813382
834206
817752
827489
855970
879076
862142
874534
862045
874319
856059
839401
828111
845077
822904
845033
822901
839452
850432
859592
867827
845081
867513
844928
850604
834363
813543
817946
827662
817874
827594
834458
773891
778656
757565
762154
773887
778611
757536
785376
801785
781224
795781
785275
801904
781290
769454
753063
763724
749339
769404
753089
763725
790173
811603
794956
806635
795001
806646
790140
773859
762094
778515
757437
778561
757483
773826
785452
795928
802081
781503
802020
781483
785498
769497
749444
753063
763838
753087
763845
769475
709013
713220
692909
696866
709071
713146
692872
721010
737316
717754
731878
721001
737308
717770
705313
689160
700460
686216
705347
689134
700417
725065
745779
729301
741307
729376
741359
725013
708971
696802
713020
692775
713083
692822
708937
720958
731893
737253
717807
737280
717826
720924
705271
686270
689073
700358
689097
700388
705251
645526
649136
629971
633491
645544
649107
629978
657701
673731
655272
669144
657748
673695
655231
642429
626735
638130
624366
642465
626714
638072
664759
661044
680772
676953
664776
676977
661037
649099
645523
633502
630008
649096
629993
645534
657655
669141
673631
655204
673659
655219
657626
642414
624348
626706
638024
626707
638045
642420
584266
587695
568753
571924
584315
587587
568711
596351
611801
594189
607607
596360
611802
594195
581453
565766
577312
563410
581455
565730
577318
602813
599463
618240
614798
602891
614794
599419
587378
584208
571819
568600
587479
568660
584156
596339
607585
611814
594202
611808
594201
596327
581442
563429
565631
577338
565684
577329
581418
521786
524682
505948
508666
521843
524618
505889
534678
550687
532840
546698
534742
550646
532774
519374
503220
515731
501475
519430
503158
515641
537426
556190
540286
553131
540358
553202
537356
521715
508597
524459
505751
524537
505823
521633
534588
546659
550535
532609
550593
532696
534484
519305
501423
503000
515466
503085
515557
519225
458919
461275
443240
445410
458954
461239
443191
471941
488070
470575
484395
471989
488021
470531
456978
441045
453438
439557
457033
440967
453389
474393
492777
476873
490107
476918
490166
474339
458869
445366
461154
443042
461198
443125
458805
471876
484343
487889
470413
487958
470481
471800
456906
439496
440761
453283
440871
453345
456821
395915
398030
380150
381751
396061
397925
379907
409735
426067
408753
422621
409894
425954
408610
394396
377721
391428
377063
394587
377454
391255
411589
429643
413638
427459
413742
427558
411448
395748
381602
397630
379527
397784
379757
395566
409564
422527
425683
408330
425831
408486
409384
394195
376942
376995
390961
377260
391114
393993
914085
918866
893796
901033
914108
918981
893745
928262
948706
921635
943318
928230
948920
921535
908195
888473
901955
882482
908256
888376
901826
932911
958812
941488
957023
941343
956810
933040
914088
900991
918992
893698
918980
893711
914115
928265
943258
949059
921222
948932
921364
928238
908156
882365
888230
901618
888291
901717
908141
837541
842038
818453
825107
837618
841944
818376
850448
869514
845148
863720
850556
869450
845009
831967
813569
826764
808299
832067
813452
826618
855576
879989
862628
875316
862639
875332
855513
837457
825059
841764
818217
841843
818301
837377
850354
863624
869350
844762
869398
844877
850273
831872
808153
813239
826368
813342
826485
831787
764965
768650
746775
752778
764993
768664
746714
777606
795571
772607
790298
777694
795479
772486
737433
759991
742382
755047
760072
742280
754935
782299
804895
788897
800729
788903
800777
782248
764936
752743
768648
746557
768666
746641
764901
777521
790175
795310
772275
795391
772375
777437
737319
759906
742062
754721
742172
754825
759820
694246
697233
676545
681506
694378
697114
676390
702809
720061
702676
707225
724951
707363
724839
685569
668283
685432
689895
672671
690034
672528
711239
733007
716747
729374
716887
729451
711099
694119
681369
696861
676087
697011
676236
693994
719947
702451
702555
707088
724616
724727
706953
668169
685222
685315
689761
672260
672390
689631
625373
628065
607905
612534
625485
627933
607782
634588
651369
634460
638427
655696
638560
655564
617765
600861
617652
621491
604512
621612
604403
641937
662389
646855
659450
647029
659569
641793
625258
612431
627678
607537
627826
607657
625137
651256
634240
634341
638299
655318
655438
638178
600768
617456
617549
621375
604195
604298
621263
557060
559163
539623
543678
557093
559108
539585
584195
570580
587709
567489
570649
587628
567418
553795
536852
550782
533907
553857
536808
550712
573553
593625
577909
591072
577991
591140
573479
557033
543663
559090
539524
559102
539556
557014
584114
570507
587465
567253
587546
567339
570436
553731
533845
536742
550562
536771
550638
553671
489531
491182
471766
475754
489485
491164
471794
503196
520132
500402
517191
503196
520109
500372
486434
469327
483602
466641
486411
469357
483594
505788
525265
509873
523369
509846
523322
505786
489567
475773
491161
471844
491162
471822
489597
503192
517149
520119
500325
520107
500347
503196
486457
466662
469424
483588
469392
483589
486477
420530
422357
402219
406268
420502
422378
402161
435230
452473
432793
449837
435186
452518
432820
418164
400526
415822
398884
418130
400481
415840
437355
457184
441620
455466
441574
455400
437406
420573
406340
422443
402248
422400
402236
420639
435277
449867
452613
432868
452564
432849
435321
418209
398993
400590
415893
400596
415869
418257
888208
895634
869884
876264
888439
895480
869680
899938
918445
892249
911759
900124
918403
892028
881416
863290
874415
856464
881613
863078
874210
906916
935225
914832
928215
914971
928194
906702
888006
876112
895206
869329
895338
869494
887861
899709
911516
918015
891673
918110
891837
899533
881231
856240
862689
873818
862879
874008
881065
815497
821306
797845
803053
815676
821126
797672
827370
845371
821576
838905
827551
845159
821441
809775
792376
804234
786829
809935
792228
804119
833219
857539
838975
851148
839120
851309
833071
815336
802889
820832
797385
820966
797517
815201
827213
838753
844795
821229
844964
821326
827079
809627
786724
791987
803916
792098
804012
809509
727792
732523
727640
744935
750031
745087
749902
757405
774937
752570
769617
757562
774790
752450
722804
717867
722578
740051
735394
740220
735258
762225
784988
767184
779690
767283
779825
762139
732423
727498
727538
744826
749715
749796
744762
757282
769519
774559
752280
774663
752350
757198
717722
722492
722456
739934
735100
735148
739886
544848
547818
528369
531079
544902
547750
528313
574741
571399
574814
558370
555284
558373
555321
541997
525638
539084
522801
542029
525600
539086
580827
577471
577597
561224
564154
564249
561118
544771
531010
547584
528156
547671
528241
544679
571417
574597
574779
558322
555195
555300
558188
541940
522731
525435
538954
525529
539055
541844
478345
480950
461588
464069
478379
480925
461582
492479
509160
489899
506378
492530
509105
489859
475817
459157
473286
456747
475850
459145
473280
494999
514370
497595
511596
497633
511667
494947
478311
464075
480884
461559
480902
461573
478279
492419
506302
508946
489741
509032
489804
492354
475777
456724
459097
473214
459125
473253
475735
411389
413619
394752
396468
411407
413623
394690
425933
442546
423795
440263
425954
442535
423750
409287
392429
407249
390682
409321
392327
407190
428150
447325
430503
444887
430489
444895
428129
411373
396535
413646
394664
413635
394750
411349
425910
440233
442495
423647
442519
423706
425880
409251
390707
392198
407058
392349
407131
409212
861569
868254
844373
850294
861646
868052
844307
873424
890464
867202
885922
873379
890723
867298
856029
838744
850201
833294
856015
838734
850252
878956
903901
885700
898422
885796
898273
878971
861536
850165
867775
844234
867859
844262
861530
873451
885950
891149
867477
890778
867366
873530
856052
833299
838718
850366
838725
850304
856080
793250
798692
776417
781537
793314
798602
776350
804899
821829
799830
816570
804940
821809
799784
788104
771427
783181
766509
788167
771359
783137
810141
832862
815558
827166
815630
827204
810090
793191
781458
798447
776239
798519
776291
793139
804855
816550
821754
799722
821782
799748
804815
788056
766467
771268
783073
771306
783100
788021
709108
713703
709036
725931
730721
726004
730656
738054
754778
733520
749986
738124
754712
733459
704974
700668
704939
721472
717087
721531
717042
742658
764478
747451
759429
747514
759475
742615
713602
708952
708974
725869
730488
730570
725831
738001
749938
754618
733390
754658
733414
737967
700656
704888
704908
721430
717005
717014
721407
533057
536114
516908
519907
533074
536116
516865
561987
558841
561945
546019
543028
546064
542963
530034
514009
527109
511094
530091
513971
527041
568353
565171
565297
549115
552167
552228
549050
533016
519838
536022
516791
536094
516827
532960
558776
561829
561895
545971
542823
542892
545920
529978
511054
513907
526944
513938
526987
529932
468198
470731
452017
454358
468213
470727
451982
481816
497965
479254
495181
481838
497937
479218
465747
449711
463371
447369
465782
449661
463330
484433
503518
487101
500636
487146
500670
484412
468183
454330
470692
451908
470720
451944
468164
481799
495150
497886
479157
497911
479183
481781
465712
447304
449564
463237
449610
463283
465686
403194
405300
387085
388545
403285
405234
386928
417481
433679
415472
431440
417569
433609
415357
401236
384871
399324
383012
401335
384662
399197
419457
437974
421539
435670
421615
435735
419363
403108
388534
405090
386718
405164
386907
403010
417391
431344
433459
415125
433537
415238
417297
401124
382974
384437
398955
384607
399068
401026
839594
845117
822923
828133
839522
845168
822953
850733
867722
845130
859952
850639
868044
845249
834608
817961
827733
813737
834527
817976
827835
856238
879669
862480
874923
862389
874704
856307
839667
828147
845284
823017
845225
822983
839745
850778
859925
868250
845467
867977
845314
850871
834684
813765
818037
828049
817997
827919
834780
773791
778477
757404
761935
773805
778443
757378
785468
802079
781576
796121
785512
802063
781575
769472
753054
763920
749471
769474
753042
763891
790070
811556
794859
806672
794874
806656
790061
773782
761898
778396
757357
778415
757362
773780
785437
796176
802077
781599
802061
781610
785422
769479
749539
753050
763948
753043
763941
769493
696666
708892
712961
692746
708908
712916
692733
720909
737235
717846
731882
720909
737226
717874
705264
689064
700368
686361
705249
689074
700393
724929
745546
729105
741221
729126
741221
724933
696663
708896
712893
692785
712892
692744
708923
720923
731922
737255
718015
737231
717942
720958
705300
686417
689165
700522
689106
700447
705362
649113
633538
649135
645576
630016
645553
630012
657641
673624
655217
669188
657622
673645
655236
642456
626703
638032
624334
642434
626694
638041
680729
664820
664797
661108
677053
677001
661142
633528
649161
649152
645600
629978
629996
645621
657672
669241
673771
655319
673694
655277
657709
642480
624344
626688
638089
626684
638066
642503
587294
571595
587234
584067
568536
584111
568472
596290
611815
594199
607527
596312
611815
594192
581346
565567
577339
563356
581385
565497
577319
618110
602547
602610
599319
614720
614737
599288
571523
587104
587175
584018
568352
568413
583966
596263
607518
611826
594178
611818
594182
596236
581305
563284
565330
577257
565415
577289
581272
521471
524384
505678
508401
521548
524310
505608
534260
550473
532528
546478
534375
550404
532438
519052
502914
515387
501189
519141
502825
515303
555887
537057
539959
552844
540038
552918
536972
521397
508350
524189
505475
524244
505538
521327
534153
546400
550254
532281
550329
532359
534055
518964
501090
502666
515162
502739
515234
518884
458648
461108
442948
445172
458730
461051
442848
471622
487811
470341
484161
471712
487730
470250
456629
440641
453235
439258
456725
440505
453177
474147
492580
476684
489875
476733
489928
474083
458558
445083
460904
442655
460984
442751
458488
471543
484103
487594
470103
487654
470167
471485
456547
439209
440284
453102
440382
453144
456467
395255
397486
379423
381059
395406
397352
379249
409078
425536
408187
422235
409224
425395
408054
393650
376840
390857
376387
393807
376639
390771
411063
429248
413142
427002
413251
427101
410978
395145
380981
397126
379092
397223
379200
395068
408974
422176
425162
407936
425261
407986
408918
393539
376347
376477
390721
376581
390740
393485
914155
918916
893674
900979
914124
918951
893649
928189
948972
921093
943306
928203
949070
920995
908140
888195
901549
882145
908139
888175
901508
933188
959015
941727
957349
941608
957126
933205
914217
900928
918979
893582
918945
893617
914307
928193
943080
949173
920778
948989
920885
928258
908156
882119
888127
901468
888148
901480
908212
837254
841680
818128
824814
837309
841604
818021
850139
869312
844667
863392
850202
869284
844594
831641
813146
826274
807872
831710
813063
826206
855351
880166
862675
875401
862655
875360
855285
837223
824715
841501
817842
841551
817919
837226
850084
863348
869280
844520
869275
844546
850036
831588
807836
812949
826134
812995
826161
831557
764823
768629
746463
752523
764864
768585
746361
777266
795235
772188
789924
777351
795171
772115
759651
741955
754627
737024
759734
741850
754547
782057
804778
788763
800612
788806
800615
781986
764783
752445
768477
746144
768562
746251
764749
777191
789891
795114
772047
795127
772062
777137
759578
736951
741671
754466
741752
754487
759529
693740
696737
675944
680872
693869
696557
675789
702355
706695
724510
719659
706823
724408
702258
685137
689391
672138
667915
689509
672017
685051
710684
732739
716194
729130
716341
729167
710551
693617
680712
696225
675453
696410
675625
693508
706575
719578
724261
702075
724321
702164
706467
689278
667828
671770
684860
671894
684959
689167
624955
627584
607432
612062
625034
627462
607341
634147
637949
655206
650987
638056
655104
634064
617373
621085
604104
600515
621165
604031
617301
641432
661903
646408
659077
646483
659139
641341
624910
612035
627332
607211
627405
607271
624898
637859
650905
654938
633934
655016
633992
637794
621028
600459
603935
617198
603976
617242
620989
557032
559123
539493
543569
557010
559103
539462
570318
587392
567168
583862
570373
587329
567094
553571
536720
550490
533692
553615
536705
550429
573328
593454
577731
591008
577764
590991
573278
557064
543564
558984
539383
559052
539428
557117
570278
583805
587262
567006
587285
567041
570251
553561
533660
536673
550360
536690
550385
553575
489649
491169
471857
475811
489623
491184
471862
503207
520130
500312
517086
503203
520143
500308
486507
469442
483592
466728
486494
469449
483602
505782
525249
509951
523536
509928
523497
505768
489678
475822
491234
471845
491204
471858
489719
503210
517082
520183
500333
520160
500318
503215
486522
466745
469439
483650
469447
483620
486545
420839
422501
402420
406510
420735
422563
402464
435413
452654
432886
449934
435371
452690
432876
418381
400767
415916
399075
418318
400760
415918
437615
457341
441818
455774
441770
455687
437639
420955
406656
422693
402618
422624
402643
421072
435441
449937
452718
432866
452708
432872
435450
418439
399190
400850
415891
400921
415902
418477
887632
895111
869178
875775
887735
895039
869044
899190
917675
891479
911044
899348
917591
891309
880772
862517
873658
855866
880909
862371
873545
906098
934795
914405
927678
914483
927685
905977
887543
875698
894957
868872
894987
868938
887487
899052
910747
917368
891017
917330
891136
898975
880666
855819
862206
873447
862266
873472
880609
815013
820724
797282
802574
815092
820645
797208
826889
844671
821149
838500
826971
844583
821088
809343
791898
803837
786502
809414
791829
803778
832803
857163
838694
850823
838715
850855
832777
814965
802533
820570
797122
820596
797159
814936
826835
838464
844493
821026
844527
821047
826808
809297
786455
791745
803710
791781
803738
809269
727495
744704
749654
732262
744728
749606
727492
757109
774481
752240
769325
757146
774419
752209
722611
739889
735110
718033
739884
722700
735128
762005
784689
767022
779481
767023
779500
761994
744686
732223
749562
727466
749573
727484
744676
757074
769274
774338
752146
774369
752176
757051
739887
718113
722772
735128
722749
735135
739880
680830
659545
676382
676373
663803
680794
659535
705324
684264
688597
688772
701121
705592
684746
655471
667887
672001
672060
651411
655446
667990
693348
715005
697723
710358
697802
710396
693292
676359
663743
680646
659521
680729
659536
676327
688833
701244
705755
684597
705704
684649
688844
672080
651408
655490
667921
655475
667950
672094
613673
593648
609903
609899
597048
613616
593601
639055
618696
622765
622687
634957
638987
618703
590795
603075
606716
606592
587086
590536
602719
626299
646920
630134
642841
630171
642849
626299
609893
596994
613541
593529
613572
593557
609890
622671
635001
638995
618862
638990
618785
622668
606513
586978
590314
602859
590393
602784
606479
544497
547502
528071
530814
544581
547432
527999
574405
557970
555062
571062
558067
574273
554952
541645
525336
538836
522466
541738
525252
538751
560845
580492
563882
577185
563918
577229
560801
544434
530775
547353
527923
547381
527949
544398
557884
570992
574105
554846
574172
554884
557833
541574
522409
525161
538654
525193
538687
541533
478238
480871
461545
464088
478252
480868
461538
492251
508863
489680
506085
492296
508795
489633
475671
459068
473174
456627
475696
459049
473145
494853
514214
497550
511425
497548
511438
494844
478240
464102
480898
461551
480878
461543
478248
492224
506043
508728
489594
508749
489603
492213
475661
456610
459041
473121
459045
473129
475657
411275
413645
394729
396456
411312
413620
394588
425806
442461
423589
440109
425841
442435
423531
409132
392251
406998
390417
409164
392085
406936
428061
447341
430490
444855
430485
444851
428038
411253
396549
413593
394503
413616
394665
411183
425790
440082
442411
423435
442424
423486
425763
409092
390461
392015
406784
392158
406864
409041
861557
867714
844213
849978
861537
867708
844203
873729
891189
867563
886539
873625
891495
867663
856152
838713
850423
833343
856113
838717
850483
878996
903902
885572
898542
885564
898409
878994
861578
849956
867740
844217
867714
844202
861633
873753
886456
891648
867726
891417
867694
873799
856192
833370
838758
850592
838730
850533
856253
793063
798388
776195
781285
793095
798343
776160
804765
821735
799706
816545
804784
821727
799703
787981
771242
783059
766418
787995
771226
783057
810002
832681
815410
827111
815423
827105
809998
793044
781244
798290
776132
798308
776138
793043
804762
816564
821755
799737
821733
799714
804775
787980
766431
771235
783096
771223
783070
787995
709026
725857
730481
713553
725836
730494
709113
737954
754592
733388
749901
737953
754582
733404
704903
721426
717016
700725
721409
704936
717046
742584
764287
747348
759338
747368
759347
742583
725876
713622
730499
709229
730500
709180
725891
737966
749926
754602
733490
754585
733438
737988
721451
700787
705019
717157
704975
717093
721483
664364
643920
659980
660048
647846
664314
643934
688577
668504
672403
672429
684609
688622
668541
640476
652652
656398
656406
636859
640459
652666
676278
696894
680520
692679
680578
692574
676327
660079
647812
664150
643976
664216
643952
660102
672450
684661
688703
668606
688665
668574
672469
656411
636860
640457
652697
640453
652679
656418
599776
581120
596565
596445
583980
599571
580876
624674
605601
608914
608882
621198
624640
605560
577514
590014
593237
593214
574302
577498
589964
612080
631536
615528
627965
615436
627935
612109
596395
583841
599676
580705
599615
580755
596387
608876
621194
624638
605542
624632
605543
608881
593207
574282
577513
589953
577498
589945
593219
532870
535927
516757
519661
532899
535870
516743
561779
545859
542771
558602
545885
561756
542743
529899
513883
526915
510992
529901
513872
526904
548909
568021
551928
564887
551947
564910
548906
532861
519624
535809
516751
535827
516743
532869
545850
558577
561769
542752
561754
542741
545859
529913
510995
513909
526928
513884
526911
529934
468116
470658
451871
454224
468139
470629
451838
481748
497863
479137
495097
481764
497848
479121
465645
449523
463198
447149
465663
449489
463174
484352
503339
486987
500583
486992
500576
484357
468103
454197
470605
451797
470610
451812
468102
481746
495094
497871
479126
497852
479116
481757
465639
447127
449453
463167
449467
463166
465640
402827
405023
386725
388164
402921
404935
386549
417141
433394
415046
431131
417221
433339
414983
400869
384447
398875
382728
400938
384340
398826
419151
437774
421310
435483
421362
435516
419093
402753
388242
404811
386462
404869
386604
402688
417090
431099
433270
414907
433300
414946
417049
400832
382779
384305
398768
384396
398793
400826
839915
845337
823056
828220
839826
845405
823101
851046
868149
845462
860563
850921
868453
845680
834996
818084
828152
813905
834884
818145
828299
856523
880109
862763
875356
862665
875078
856640
840006
828260
845560
823230
845475
823154
840108
851196
860562
868747
845948
868427
845755
851368
835124
813973
818264
828538
818203
828416
835282
773809
778388
757364
761869
773788
778392
757384
785436
802110
781637
796309
785420
802163
781664
769557
753073
764012
749678
769519
753100
764049
790082
811615
794891
806820
794868
806767
790104
773843
761890
778443
757448
778411
757413
773889
785463
796403
802306
781854
802225
781749
785499
769606
749750
753163
764157
753131
764103
769670
709074
712917
692856
696781
708982
712963
692953
721097
737300
718113
732114
721017
737364
718231
705567
689241
700620
686658
705451
689332
700737
725087
745582
729288
741417
729213
741336
725193
709192
696870
713174
693165
713057
693059
709326
721195
732201
737571
718547
737448
718363
721302
705702
686759
689512
701017
689425
700869
705850
649169
645671
629975
633469
645641
649180
629989
657816
673870
655371
669463
657759
673979
655421
642585
626702
638113
624362
642537
626721
638130
661271
680931
664968
677426
664917
677315
661330
645717
633482
649237
630029
649202
630011
645773
657871
669540
674214
655539
674094
655477
657919
642642
624366
626731
638151
626732
638141
642706
587036
583902
568294
571331
583924
586987
568248
596207
611839
594176
607545
596215
611860
594180
581234
565249
577223
563081
581249
565174
577197
599230
618007
602428
614766
602436
614742
599238
583898
571294
586954
568182
586961
568214
583902
596206
607574
611932
594233
611890
594197
596207
581229
563042
565051
577172
565108
577180
581236
521205
524148
505418
508263
521261
524123
505370
533899
550185
532228
546180
533965
550115
532181
518761
502607
515111
500918
518813
502565
515050
536796
555655
539825
552637
539831
552664
536766
521171
508245
524100
505316
524109
505338
521162
533850
546140
550036
532178
550061
532175
533815
518730
500934
502521
515019
502535
515026
518724
458392
460843
442585
444875
458433
460801
442539
471416
487549
470081
484021
471442
487527
470070
456353
440218
453106
439061
456394
440183
453101
473980
492482
476578
489789
476579
489782
473973
458377
444847
460777
442499
460779
442516
458380
471409
484054
487548
470138
487525
470109
471420
456335
438996
440157
453106
440164
453111
456348
395025
397063
379131
380807
395036
397029
379054
408920
425113
407953
422174
408902
425101
407976
393496
376543
390720
376293
393477
376525
390710
410898
428979
412988
426907
413001
426895
410895
395030
380879
397021
379031
397021
379116
395040
408940
422197
425155
408103
425116
408044
408948
393527
376384
376570
390756
376614
390734
393576
914392
918890
893544
900842
914392
918731
893520
928310
949070
920655
943003
928290
949307
920649
908282
888109
901470
882092
908257
888071
901508
932968
958950
940904
956938
941182
957008
933050
914356
900803
918528
893582
918716
893519
914271
928187
942760
948897
920936
949044
920790
928234
908240
882075
888056
901577
888020
901546
908234
837370
841584
817795
824782
837265
841825
817815
849992
869293
844511
863411
850002
869303
844518
831571
812928
826126
807814
831549
812939
826137
855269
880337
862819
875461
862878
875478
855358
837496
824933
841929
817968
841921
817847
837498
849996
863404
869298
844571
869299
844533
850046
831594
807870
813026
826213
812972
826182
831630
764764
768432
746051
752206
764749
768300
745977
777115
795142
772064
789947
777116
795193
772104
759558
741625
754479
736893
759529
741610
754517
781803
804774
788667
800832
788774
800865
781863
764796
752209
768138
745980
768227
745924
764765
777125
790001
795257
772190
795247
772148
777166
759601
736934
741665
754590
741627
754566
759608
693401
696112
675283
680297
693430
696011
675119
706317
724240
701996
719443
706380
724253
701935
688991
671652
684766
667538
689067
671551
684693
710316
732551
716060
729225
716187
729280
710385
693533
680365
696018
675158
696039
675110
693519
706373
719472
724324
701972
724326
701946
706404
689018
667511
671568
684702
671534
684683
689050
624955
627333
607159
612028
624916
627280
607097
637707
654865
633891
650710
637743
654814
633859
620970
603906
617168
600376
620971
603882
617151
641154
661642
646261
659053
646330
659071
641148
624960
612010
627081
607043
627175
607022
624935
637685
650687
654821
633847
654817
633845
637694
620961
600368
603862
617142
603865
617144
620961
557246
558929
539315
543512
557180
558879
539224
570216
587258
566989
583731
570233
587266
566984
553627
536650
550354
533642
553602
536624
550361
573073
593536
577851
591159
577817
591237
573120
557286
543493
558856
539218
558852
539170
557168
570200
583721
587272
566969
587267
566975
570194
553618
533634
536588
550349
536595
550356
553591
489863
491256
471823
475906
489782
491257
471781
503215
520214
500347
517101
503217
520249
500355
486626
469429
483683
466778
486582
469412
483707
505644
525251
509998
523571
509989
523693
505681
489874
475882
491094
471746
491151
471695
489766
503173
517081
520189
500321
520238
500336
503167
486627
466752
469376
483658
469370
483684
486570
421258
422762
402756
406874
421178
422824
402621
435448
452742
432883
449974
435458
452772
432862
418569
401005
415869
399017
418520
400863
415858
437623
457445
442078
455941
442018
456044
437681
421352
407170
422985
402905
422899
402888
421340
435480
449990
452764
432884
452822
432886
435483
418618
399217
401123
415927
401122
415901
418640
887475
894946
868846
875597
887458
894962
868859
899015
917288
890931
910726
898949
917623
890980
880642
862191
873459
855822
880604
862216
873527
906106
934441
914514
927195
914473
927233
906209
887597
875665
895022
869047
895001
868972
887647
899182
910558
917339
891456
917377
891214
899278
880778
855948
862444
873849
862342
873723
880864
814935
820565
797111
802523
814926
820579
797122
826805
844484
821017
838470
826798
844509
821026
809264
791729
803703
786415
809258
791738
803713
832835
857214
838773
850943
838743
850912
832857
814974
802571
820647
797185
820621
797155
814990
826859
838542
844633
821092
844588
821069
826885
809300
786443
791781
803758
791766
803746
809314
744666
749568
727445
732168
744671
749587
727422
757046
774328
752127
769232
757041
774337
752129
739872
722778
735117
718178
739873
722779
735115
762034
784806
767177
779574
767131
779531
762080
744683
732189
749671
727454
749624
727426
744718
757060
769251
774375
752166
774349
752145
757086
739885
718199
722820
735148
722794
735129
739908
676222
680556
659482
663506
676279
680476
659434
688862
705774
684590
701335
688856
705770
684594
672103
655495
667944
651514
672099
655499
667968
693169
714868
697600
710281
697580
710258
693186
676209
663459
680450
659422
680444
659417
676216
688883
701350
705815
684644
705784
684617
688908
672122
651556
655530
668032
655514
668000
672145
609891
613521
593515
596932
609890
613513
593512
622661
638999
618939
635161
622662
639005
619001
606452
590269
602916
586964
606460
590253
602959
626282
646718
630071
642781
630064
642778
626293
609895
596938
613527
593534
613518
593523
609902
622671
635217
639035
619094
639020
619057
622687
606434
586984
590265
603021
590257
602997
606447
544385
547346
527918
530762
544386
547350
527923
557816
574068
554839
570951
557812
574060
554852
541522
525153
538648
522374
541520
525154
538655
560789
580432
563845
577181
563860
577179
560774
544375
530751
547324
527880
547343
527909
544347
557831
570970
574066
554867
574070
554872
557825
541517
522353
525101
538629
525137
538658
541486
478275
480915
461555
464138
478257
480926
461566
492235
508729
489601
506028
492221
508736
489613
475683
459044
473128
456599
475667
459054
473140
494855
514205
497534
511400
497556
511425
494838
478262
464126
480886
461539
480912
461558
478238
492216
506001
508680
489564
508713
489590
492195
475668
456586
459035
473104
459044
473121
475654
411068
413581
394582
396370
411116
413595
394408
425719
442401
423410
440035
425752
442396
423368
409021
392137
406724
390203
409011
392014
406691
427969
447346
430456
444808
430475
444829
427957
411094
396628
413634
394591
413618
394607
411127
425713
440022
442378
423363
442387
423369
425710
409040
390416
392255
406735
392274
406714
409065
861784
867778
844244
849988
861694
867850
844289
873921
891490
867706
886729
873829
891861
867742
856416
838800
850648
833518
856326
838854
850726
879135
904180
885955
898479
885805
898431
879305
861902
850067
868025
844422
867945
844361
861949
874013
886486
891788
867909
891756
867800
874127
856485
833596
838988
850865
838924
850804
856546
793102
798295
776143
781236
793063
798320
776174
804858
821797
799775
816712
804806
821857
799828
788075
771261
783136
766545
788026
771302
783189
810107
832772
815498
827269
815473
827236
810139
793150
781268
798379
776248
798359
776216
793175
804920
816787
821967
799922
821925
799888
804957
788128
766589
771380
783260
771348
783238
788156
725928
730496
709268
713715
725906
730501
709303
738063
754630
733550
750071
738020
754672
733613
721571
705063
717221
700985
721524
705109
717299
742640
764287
747386
759435
747362
759403
742671
725960
713740
730543
709374
730520
709339
725990
738105
750114
754749
733689
754715
733655
738140
721614
701038
705190
717387
705151
717350
721647
660142
664116
644002
647827
660122
664107
644028
672513
688741
668641
684828
672490
688779
668676
656441
640464
652720
636898
656428
640472
652745
676422
697076
680541
692871
680518
692825
676469
660173
647852
664151
644086
664124
644058
660208
672553
684884
688868
668785
688822
668733
672596
656468
636928
640524
652835
640494
652792
656504
596441
599716
580699
583855
596404
599749
580716
608917
624647
605554
621223
608894
624660
605578
593286
577540
589975
574314
593247
577573
590002
612236
631693
615721
628101
615686
628069
612266
596488
583892
599810
580750
599785
580740
596508
608950
621247
624710
605624
624684
605607
608971
593324
574328
577619
590038
577608
590032
593341
532911
535814
516769
519612
532890
535828
516780
545921
561792
542770
558609
545892
561819
542785
529984
513931
526948
511036
529962
513944
526961
548973
567979
551955
564907
551967
564905
548966
532913
519588
535808
516703
535834
516758
532877
545942
558619
561835
542754
561840
542782
545929
529983
511022
513878
526916
513927
526955
529943
468114
470610
451790
454175
468108
470618
451786
481780
497890
479139
495136
481770
497903
479147
465650
449445
463174
447107
465646
449440
463180
484356
503312
486951
500538
486980
500582
484327
468093
454159
470577
451756
470597
451770
468072
481762
495124
497845
479115
497883
479135
481738
465634
447096
449415
463150
449427
463168
465614
402607
404773
386545
388085
402643
404779
386409
417016
433249
414899
431060
417036
433234
414883
400837
384417
398750
382641
400826
384308
398735
419028
437698
421243
435421
421244
435431
419023
402620
388345
404827
386600
404799
386629
402646
417019
431051
433221
414884
433226
414888
417017
400846
382871
384515
398760
384547
398747
400861
840334
845641
823341
828441
840219
845738
823412
851642
868654
845971
861147
851495
868970
846046
835567
818282
828601
814201
835427
818298
828593
856870
880633
863142
875465
863053
875381
856989
840420
828513
845854
823442
845809
823429
840445
851652
860959
868993
846193
868888
846111
851728
835574
814332
818294
828770
818246
828715
835470
774027
778489
757483
762016
773950
778549
757521
785581
802397
782011
796680
785539
802500
782224
769845
753188
764187
750051
769746
753207
764320
790175
811835
795049
807036
795010
807011
790240
774103
762059
778623
757621
778606
757561
774113
785640
796859
802503
782584
802537
782402
785727
769991
750266
753429
764754
753304
764486
770006
709584
713282
693254
697163
709456
713383
693320
721509
737715
718752
732618
721405
737882
718954
706119
689585
701167
687095
705997
689625
701235
725392
745807
729527
741679
729473
741653
725441
709629
697215
713478
693424
713437
693368
709646
721510
732680
737976
719092
737984
719056
721586
706184
687205
689716
701389
689635
701302
706167
645892
649278
630038
633536
645830
649319
630043
658025
674339
655622
669730
657960
674469
655778
642887
626712
638150
624475
642781
626673
638198
661541
681311
665233
677773
665180
677756
661614
646050
633584
649436
630167
649392
630114
646064
658123
669865
674600
656065
674599
655969
658248
643100
624713
626877
638508
626744
638316
643089
583928
586960
568148
571263
583913
586974
568112
596188
611991
594290
607679
596202
612075
594378
581301
564999
577170
563069
581260
564946
577156
599283
618080
602502
614924
602484
614900
599293
583940
571254
586990
568072
586990
568087
583927
596199
607777
612189
594497
612190
594479
596231
581308
563093
564976
577160
564937
577156
581283
521189
524095
505303
508217
521170
524091
505294
533770
550039
532221
546082
533792
550074
532275
518788
502515
515013
501028
518745
502503
514995
536720
555634
539766
552633
539793
552650
536711
521203
508208
524053
505291
524081
505292
521190
533800
546144
550119
532459
550114
532390
533850
518838
501110
502558
515139
502513
515044
518846
458428
460783
442494
444823
458402
460790
442488
471420
487593
470190
484100
471426
487652
470262
456450
440167
453096
438960
456379
440155
453080
473970
492481
476573
489865
476583
489866
473978
458448
444822
460778
442500
460786
442489
458444
471445
484147
487728
470423
487718
470358
471497
456499
438986
440203
453127
440163
453084
456497
395075
397028
379127
380845
395055
397048
379018
408946
425208
408175
422241
408955
425276
408244
393731
376680
390783
376431
393645
376589
390792
410908
428975
412998
426988
412998
426986
410912
395111
381076
397095
379226
397073
379244
395132
408967
422280
425329
408394
425325
408338
409011
393794
376643
376779
390891
376800
390825
393826
)
;

boundaryField
{
    inlet
    {
        type            zeroGradient;
    }
    outlet
    {
        type            fixedValue;
        value           uniform 0;
    }
    seabed
    {
        type            zeroGradient;
    }
    top
    {
        type            zeroGradient;
    }
    side1
    {
        type            zeroGradient;
    }
    side2
    {
        type            zeroGradient;
    }
    submarine
    {
        type            zeroGradient;
    }
}


// ************************************************************************* //
