/*--------------------------------*- C++ -*----------------------------------*\
  =========                 |
  \\      /  F ield         | OpenFOAM: The Open Source CFD Toolbox
   \\    /   O peration     | Website:  https://openfoam.org
    \\  /    A nd           | Version:  10
     \\/     M anipulation  |
\*---------------------------------------------------------------------------*/
FoamFile
{
    format      ascii;
    class       volScalarField;
    location    "9.1";
    object      p;
}
// * * * * * * * * * * * * * * * * * * * * * * * * * * * * * * * * * * * * * //

dimensions      [0 2 -2 0 0 0 0];

internalField   nonuniform List<scalar> 
12920
(
374689
342016
257731
268870
251625
261850
248619
242725
225409
211196
190688
171569
149300
127409
103880
80538.7
56971.2
33485.9
11423.5
-6113.14
164632
241303
220320
257078
250652
265836
252318
246943
228553
213648
192503
172884
150119
127704
104236
80731.3
56939.2
33271.8
11033.1
-6054.01
210614
231367
223559
266196
263125
275140
261510
253336
234669
218159
195700
175103
151722
128900
104934
81394
57172.9
33396.5
10843.5
-6238.15
143459
260684
252059
298074
285042
294122
275495
265194
243341
225111
200974
178843
154276
130564
106001
81884.7
57675
33562.6
10594.5
-6478.47
410061
379408
312403
336087
314664
314879
291636
277665
253245
233539
207360
183194
157283
132630
107258
82619.7
57880.1
33541.7
10353.2
-6595.56
287181
465798
357581
378870
346954
339797
311442
290836
263778
240520
214509
188108
161007
134812
108628
83266.8
57918
33402.8
10217.2
-6733.3
390300
586159
408999
437848
378655
365875
327486
304095
270571
245318
217434
191995
163447
136474
109491
83679.8
58082.4
33333.5
9995.67
-6818.84
617673
617363
498740
479167
409856
379342
347803
315284
281189
251514
223721
197838
169756
142024
109622
83921.8
58270.2
33335.9
9896.33
-6884.63
628834
616624
496392
484183
416789
394298
355662
320546
286366
254286
225561
198709
171083
144267
113660
83109.3
58015.4
33122.9
9704.42
-6995.24
531858
613512
482932
467862
402162
377884
344615
309302
278881
248983
219790
192711
166594
140841
112352
81623.3
57126.8
32573.4
9376.48
-7117.58
752661
724348
475929
472073
389201
369223
334179
296441
269162
242787
213888
185559
161599
137434
110122
79930.4
55709.6
31490.1
8578.07
-7322.04
457047
529180
432839
409305
361091
345910
314632
275796
243107
219779
200221
178998
157365
135012
108223
77791.4
53774
29778.7
7454.84
-7793.1
693231
488682
384064
369297
311614
295030
273577
248407
224553
202443
180900
163452
145909
126525
98829.6
75164.6
51127.1
27931.9
6053.36
-8424.65
490925
389416
324807
342122
292773
280872
251594
235965
211202
191645
169305
150133
131246
112247
91314
71333
48247.5
25866.8
4618.52
-8971.77
447459
379354
306881
316359
264715
268171
242791
229924
206442
187008
165191
144676
124029
105874
86047.9
65390.1
44748.4
23609.1
3123.24
-9627.72
428870
390650
286598
302222
265161
268873
241107
227755
203536
185261
162560
142363
120827
101301
81141.4
61589.4
41779.5
21692.2
1855.6
-10130.3
103559
295305
192946
261819
238259
253521
230487
220878
198118
180868
158717
138770
117725
98161.7
78357.6
59142.2
39548.6
19980.2
817.021
-10486.7
52112.6
265819
178994
257149
234645
248293
226093
217815
195175
178986
156775
137532
116560
97196.8
77274.7
57985.1
38262.3
18922.6
162.708
-10639.8
-164247
150962
105496
227146
210901
235964
217087
212308
191043
176148
154782
136267
115638
96471.9
76513.7
57171.2
37625
18506.2
42.5588
-10602.9
68476
123385
123680
210771
207357
228788
214138
210132
189872
175258
154299
135949
115337
95953.7
75978.9
56833.9
37378.2
18384.9
159.847
-10352.3
354752
280264
247219
265929
251271
261835
248528
242689
225401
211162
190756
171595
149277
127400
103908
80576.8
56955.7
33420.5
11406.2
-6070.25
120091
232334
217544
256490
250833
265614
251957
246966
228446
213645
192527
172896
150101
127670
104199
80710.9
56932.8
33241.1
11044.4
-6106.26
-60973.4
195472
218839
264639
263258
275201
261682
253141
234343
218073
195711
175113
151709
128907
104910
81311.3
57137
33368.7
10748
-6299.35
110853
240861
249526
295969
285034
294522
275499
265262
243444
224972
200867
178790
154245
130554
105950
81867
57519.6
33437.8
10519.5
-6538.17
358578
363997
311624
336462
314938
315473
291674
278169
253774
233038
207082
183170
157283
132641
107278
82654.4
57843.5
33457.8
10300.6
-6678.53
223925
431894
356635
378968
347448
339915
311286
290806
264037
240540
214241
188026
160998
134803
108647
83308.5
58010.3
33418.8
10150.9
-6775.41
286315
566760
415844
438447
379484
364012
327459
303710
270684
246562
218473
191873
163495
136545
109520
83694.5
58152.8
33355.1
9931.57
-6847.05
729877
609627
503894
478019
410989
379721
347421
315203
281450
251748
224733
198213
169788
142021
109726
83932.2
58277.6
33329.7
9837.99
-6945.77
557281
602928
496127
482822
414858
393693
355531
320582
286368
254610
225484
198810
171285
144313
113658
83162.7
58010.9
33096
9649.42
-7029.01
500851
598341
484487
470568
404074
379165
345561
309779
279297
248987
219729
192575
166276
140747
112443
81720.3
57135
32544.2
9317.02
-7151.47
870287
714563
478997
469723
388734
370489
335594
297690
268819
242368
213633
185949
161313
137421
110230
80056.5
55738.7
31458.6
8550.75
-7380.2
485291
524037
434835
412146
358270
344188
313564
275254
243483
220261
199898
178365
157307
134919
108464
77896.8
53783.7
29752.2
7341.34
-7851.17
591221
435064
359130
359066
308267
292518
270799
247615
224191
202314
181200
163804
146101
127063
99042.1
75203.5
51151
27876.5
5887.05
-8528.42
173426
382120
321801
340399
292779
281244
251670
235873
211133
191571
169516
150793
131565
112488
91929.5
71452
48302.1
25804.5
4501.86
-9040.85
449944
373414
290421
316147
266602
270442
243459
230092
206455
187087
165314
144748
124597
106110
86015.3
65611.8
44796
23583.4
3045.94
-9691.96
353772
374945
281177
303724
266600
270161
241323
228029
203567
185366
162545
142240
120719
101301
81100.7
61513
41784.8
21673.1
1793.11
-10200.5
180173
277384
196282
265977
239576
254859
230973
221311
198234
180904
158591
138523
117473
97954.5
78217.7
59032.4
39475.6
19915.4
732.402
-10572.7
64155.8
240658
174700
258185
234958
249437
226623
218215
195258
178979
156675
137394
116412
97050.9
77165.6
57874.5
38174.5
18838.7
52.7544
-10717.9
-20491.9
155580
108917
228644
212356
237572
217584
212653
191112
176174
154730
136198
115554
96315.3
76377.5
57085.2
37526.1
18381.5
-91.4227
-10688.7
20753
116917
122027
212817
206796
229616
214314
210291
189862
175285
154267
135942
115344
95989.7
76002.6
56796.3
37310.3
18317.8
90.9697
-10392.2
356615
279254
245079
266451
251431
262041
248590
242772
225514
211191
190836
171622
149261
127313
103965
80591.1
57018.9
33395.3
11256
-6158.41
138274
217847
211056
256474
251135
265377
251845
246792
228485
213755
192557
172897
150102
127763
104229
80754.4
56973.3
33277.3
10939.6
-6217.84
21301.4
177008
215060
264921
263782
275330
261414
253286
234178
218018
195729
175154
151703
128918
104904
81267.6
57115.7
33325.5
10641.4
-6376.07
-8782.38
204982
245046
295961
285435
294963
276469
265137
243202
224827
200759
178775
154227
130555
105954
81856.4
57431.6
33327.6
10429.4
-6561.51
351379
349658
311242
336971
315566
315417
291627
277952
253860
232704
206853
183126
157280
132659
107312
82682.7
57786.3
33362.5
10221.9
-6642.93
372214
435022
345962
376044
347435
339162
311052
290808
265154
240584
214123
187984
161048
134837
108690
83358.2
58068.3
33394.3
10100.9
-6742.06
305755
539692
431193
437465
380748
363892
327576
304071
271067
247369
219150
191883
163699
136654
109559
83717.3
58217.6
33352.1
9892.07
-6820.4
545389
580399
492814
472296
409973
379783
346685
316194
282208
253196
225925
198312
169782
142039
109815
83948.6
58290.4
33310.7
9725.43
-6935.8
466493
574917
489764
481122
413531
393161
355033
320757
286710
255200
226181
199079
171431
144280
113678
83181.1
57980.7
33024.2
9614.25
-7005.78
475629
599394
485922
473110
406651
382544
348435
311248
279624
249060
219762
192279
165772
140591
112559
81779.7
57137.4
32483.9
9281.02
-7100.91
919959
726133
482611
470171
387520
371902
337970
298630
268516
240861
213115
185748
160999
137404
110533
80171.5
55769.3
31459.1
8477.64
-7511.14
463896
525886
432250
413055
355133
341712
311732
274870
244418
220700
199425
178068
157043
134735
108773
78054.2
53844.8
29693
7095.91
-7959.52
516797
467127
354058
356362
306795
290643
267972
246632
223851
202358
181903
164590
146785
127556
99113.2
75330
51196.6
27722.4
5608.87
-8587.14
298476
407734
328989
341442
294000
282028
251786
235829
211079
191564
169914
151416
132063
113082
92727.8
71516.3
48354.8
25704.5
4272.23
-9146.54
478802
370150
283936
318000
270750
273155
244470
230475
206603
187299
165643
145308
125244
106142
85982
65774.8
44935.8
23498.6
2833.43
-9815.29
466075
374386
276930
308433
269103
272262
242023
228716
203823
185623
162658
142359
120947
101474
81272
61670.5
41802.3
21645.6
1628.36
-10287.4
179975
264179
189986
273499
241534
257235
232013
222208
198563
181069
158470
138278
117235
97866.3
78044
58876
39343.2
19809.3
579.03
-10679.9
70134.2
230794
173505
260800
236582
252244
227790
219034
195501
179047
156534
137178
116205
96848.4
77007.6
57707.9
38023.6
18664.1
-169.531
-10836.3
-102082
127236
101211
226890
214669
239776
218630
213328
191292
176247
154653
136098
115417
96158.7
76232.4
56956.7
37343.8
18159.4
-358.319
-10824.4
-97785.6
102097
116537
210399
206801
231048
214737
210686
189893
175356
154228
135919
115297
95961.5
75948.8
56707.7
37218.6
18220.5
-36.7669
-10465.3
106656
232075
233832
263951
251274
261973
248653
242777
225580
211245
190810
171608
149234
127305
103936
80600.5
56970.4
33345.6
11075.1
-6276.64
-28559.7
186905
208490
256866
251460
265577
252032
246832
228530
213783
192554
172904
150100
127810
104231
80780.6
56988.8
33219.3
10684.2
-6372.05
-199933
142119
206249
264436
264585
275411
261272
253332
234116
217968
195714
175155
151692
128923
104904
81257.3
57100.6
33233.5
10449.9
-6469.17
-88518.2
167017
242881
297045
287078
295116
276573
265074
243006
224706
200688
178729
154210
130556
105967
81853.4
57391
33210.9
10266.4
-6561.26
244093
325104
310830
337419
316694
315396
292615
277734
253692
232531
206753
183095
157294
132676
107347
82695.3
57753.5
33282.8
10071.7
-6625.54
314304
439372
349513
374939
346588
339007
311074
290906
265716
240598
214108
187954
161099
134861
108722
83385
58094.5
33328.3
9944.33
-6732.49
606985
556372
451159
438939
383608
364110
327433
303927
271935
247480
219438
191930
163864
136729
109577
83736
58266.1
33324.5
9767.21
-6812.71
617775
577051
495440
470634
408965
379734
345627
317704
283326
254943
226440
198293
169718
142030
109949
83979.3
58299.7
33271.5
9581.79
-6923.4
438369
567685
485897
480683
413048
392453
354639
321041
287384
256083
227030
199192
171366
144172
113786
83238.9
57963.7
32935.7
9499.15
-6989
389208
594032
483373
474893
407402
385243
350700
312411
279893
249248
219996
191853
165321
140489
112722
81875.1
57129.7
32382
9090.33
-7077.54
898955
720715
482513
471756
386696
372424
339214
299100
267888
240149
211871
184979
160743
137370
110809
80312.4
55790.5
31384.2
8177.41
-7555.8
435088
527075
433847
412938
352926
339961
310231
274509
244736
220562
198931
177830
156685
134612
109140
78325.4
53868
29639.9
6742.98
-8205.76
531322
459784
337566
352243
305519
288964
266348
246514
223969
202757
182862
165480
147484
127650
99324.6
75497.3
51211.2
27484.2
5138.53
-8781.88
279885
392807
319812
340298
294902
282775
251966
235869
211113
191576
170315
151878
132614
113596
92984.8
71411.6
48391.1
25544.8
3921.78
-9331.27
289609
348147
262577
318086
273360
275461
245859
231208
206934
187543
165949
145725
125559
106075
86029.6
65864.8
44977.6
23461.2
2511.95
-9843.41
102520
335371
268260
312882
272188
274324
242967
229527
204185
185898
162799
142469
121121
101586
81345.5
61777.2
41805.5
21618.1
1439.18
-10262.8
191770
227509
185444
278479
244088
260209
233661
223359
198940
181084
158419
138276
117231
97874.4
78026.7
58830.3
39220.7
19641.5
294.217
-10711.6
122325
204523
160660
262999
239079
255458
229401
220045
195841
179101
156417
137017
116099
96747.5
76918.3
57592.8
37905.3
18417.8
-625.314
-11038.7
-254544
117651
96999.8
224248
215594
242173
220090
214038
191464
176272
154564
135996
115316
96082.5
76170.6
56853.4
37224.8
17938.6
-645.024
-10962.5
-32921
105947
108588
210459
207333
232703
215241
211064
189900
175378
154148
135846
115206
95868
75849.1
56597.6
37118.9
18109.8
-242.431
-10661.1
106229
217619
230206
264132
251390
261950
248672
242794
225604
211271
190797
171604
149225
127285
103946
80603.7
56984
33303.3
10887.1
-6488.35
13903.8
175605
207651
257513
252030
265779
252112
246756
228535
213780
192566
172905
150101
127822
104234
80783.2
56981.9
33149.5
10396.5
-6617.14
-148491
133074
204840
266296
265391
275451
261187
253335
234100
217924
195701
175139
151669
128907
104902
81258.3
57087.5
33104.5
10160.4
-6677.75
-175749
154856
240339
298053
287837
295103
276432
265080
242952
224663
200664
178724
154223
130562
105995
81864.8
57379.2
33100.9
9985.72
-6772.82
217310
307251
310127
337295
317033
315407
293100
277676
253589
232470
206761
183099
157325
132690
107370
82693.7
57742.8
33219.2
9793.03
-6832.68
156248
401627
342378
373113
346317
338928
312463
291072
265708
240694
214191
188003
161138
134881
108742
83397.4
58110.9
33275.8
9673.26
-6939.27
742373
552364
451794
437280
384362
363960
326925
303935
273264
247475
219559
191915
163942
136788
109593
83751.6
58291.5
33274.5
9485.88
-7028.35
581382
578643
492485
468299
409216
379643
344265
317759
284001
255673
226386
198169
169626
142015
110068
84006.4
58308.3
33207.8
9357.81
-7124.62
381919
561675
486381
480186
412506
391901
354618
321422
288421
257155
227650
199148
171203
144129
114035
83294.4
57953.8
32840.6
9202.73
-7183.94
250535
585983
484678
476450
408286
386415
351702
312894
280035
249555
220156
191600
165098
140447
113019
81934.8
57122.4
32268.3
8774.62
-7319.67
923448
725711
481744
473478
386094
373328
339429
299446
267136
238907
211079
184811
160468
137328
111204
80427.1
55807
31298.8
7868.02
-7748.58
382935
528110
431548
413059
351563
338905
309577
274183
244623
220229
198622
177627
156389
134560
109621
78600.1
53907.7
29602.1
6385.16
-8431.76
588725
482433
339573
354621
306369
288303
266200
247563
224512
203418
183728
166012
147588
127763
99374
75599.2
51234.7
27286.1
4675.67
-9085.13
177612
391195
321040
341572
296802
283175
252141
235905
211211
191899
170706
152203
132903
113744
93048.1
71303
48360.9
25368.2
3527.64
-9635.33
141907
330933
250974
316383
276651
278030
247985
231918
207247
187749
166147
146041
125737
106108
86051.4
65887.1
44945.7
23399
2178.36
-10106.8
120580
297088
263166
316557
275652
275986
243980
230388
204535
186129
162924
142666
121273
101685
81349.7
61834.1
41784
21522.3
1150.89
-10462.3
257250
227408
174473
278073
246419
263157
235845
224454
199383
181224
158504
138301
117351
97850.6
78072.5
58789.3
39166
19487.7
-101.665
-10943.4
-28375.9
190586
157447
262946
242061
259068
231373
221158
196290
179210
156438
137060
116131
96780
76923
57570.7
37847.5
18218.5
-1118.79
-11354.4
-330400
112967
97735
222039
214756
244221
222198
214860
191759
176389
154580
135978
115322
96114.4
76190.6
56809.7
37158.6
17797.8
-1003.02
-11285.9
-284961
71022.4
109481
209233
208507
234161
215753
211398
189922
175393
154079
135795
115114
95779.5
75765.6
56585.3
37099.9
18028
-437.407
-10903.2
226907
242769
222536
249178
227111
242644
221643
199096
214960
194105
219923
198930
214207
193727
220420
226637
209205
240312
219149
226165
208584
192758
203400
186089
212078
192428
202781
185752
330515
350462
320641
355708
330449
350821
320714
296318
312235
289544
320559
296030
312430
289739
262794
281653
258118
286310
263008
281791
258178
233217
250502
228470
254463
233215
250543
228417
206860
221307
200982
225455
206585
221261
200951
178821
194316
174338
198762
179054
194266
174229
151709
167660
148209
171219
151745
167573
148166
125194
141806
122963
144305
125192
141789
122937
317319
337241
308900
345089
317630
338141
309670
286789
300425
278187
309529
286988
301088
278269
256409
271959
251222
279194
256446
271786
251124
227035
244248
223029
248977
226996
244147
222795
199260
215511
193757
219751
199227
215306
193997
173259
187528
169165
192627
173030
187590
168835
147174
162912
144233
166385
147085
162580
144184
121861
138151
120183
140784
121880
138143
120213
305416
321648
291363
335124
306241
321858
291411
274290
282058
256898
297275
274496
282062
257313
249559
249484
231568
268933
249327
250313
232324
221643
226266
210077
242531
221239
226749
209995
191962
204733
186860
213695
192301
204562
186708
167700
180859
163820
185916
167519
180702
163865
143431
158349
141350
161411
143406
158362
141337
119477
135527
117742
137423
119481
135519
117827
284967
290434
265443
314082
284560
288582
264236
250569
257313
237733
275388
250503
256326
237233
225056
230997
214182
243227
225190
230598
213885
205119
208039
192645
220070
205089
207771
192640
184705
187171
174395
200018
184110
187407
174411
162447
169143
156180
178501
162510
169243
156476
140857
150583
137548
157332
140739
150988
137787
117233
131464
116035
134956
117284
131788
115930
330428
351041
320876
355306
330390
352260
321707
296029
312632
289870
320696
296218
313546
290088
263202
281853
258203
286550
263711
282023
258312
233324
250577
228393
254994
233828
250724
228431
206557
221247
200935
225957
206613
221365
200869
179156
194237
174165
199010
179360
194113
173911
151751
167522
148129
171417
151742
167312
147976
125266
141772
123016
144302
125237
141654
122955
317945
338593
310135
347853
319239
340555
311603
287100
301491
278345
310842
287455
302527
278567
256458
271723
251056
279552
256509
271606
250752
226972
244064
222697
249040
226904
243382
222462
199209
215210
194119
219739
199125
214929
194115
172890
187580
168654
192359
172402
187074
168168
147041
162433
144153
165904
146878
162041
144053
121981
138134
120298
140626
121970
138098
120341
306725
321598
291363
337581
307978
320534
290850
274624
282039
257512
298479
275009
281843
257993
249194
250578
232478
268581
248706
251163
232634
221127
226821
209889
241550
220832
226743
209389
192415
204352
186522
213460
192270
203598
186155
167401
180612
163851
185693
167064
180428
163760
143390
158335
141312
161063
143328
158181
141208
119543
135506
117923
137411
119593
135448
118025
284361
287533
263567
312358
283705
285820
261629
250684
255769
236989
274968
251187
254138
236251
225399
230392
213751
244252
226007
229743
213355
205047
207669
192697
220656
204833
207407
192935
183851
187477
174420
199534
183410
187716
174461
162541
169296
156622
178116
162467
169548
157126
140676
151199
137788
157124
140466
151695
137608
117388
131842
115935
134780
117443
131712
115731
330369
352454
322034
354912
330302
353373
322886
296389
313851
290127
320946
296962
314565
290246
263966
282077
258367
287164
264586
282226
258594
234098
250782
228497
255804
234894
251019
228833
206667
221414
200843
226811
206799
221707
200752
179399
194061
173810
199178
179420
193858
173504
151717
167223
147921
171399
151623
166938
147767
125307
141611
123017
144206
125305
141501
122999
319701
341046
311995
350422
320886
342752
312629
287545
302725
278627
312191
287768
303272
278727
256533
271589
250654
279830
256668
271493
250301
240245
241645
247425
249086
240224
241661
247453
210592
212768
217905
219804
210726
212794
217808
172237
186918
168044
191971
171815
186497
167765
146827
161942
144020
165414
146687
161707
143938
122055
138085
120467
140509
122054
138057
120503
308101
319914
290697
339184
308324
319203
290328
275051
281792
258092
299000
274978
281658
258197
248576
251266
232594
268092
247766
251309
232232
231377
234654
238319
241262
231650
234461
238075
203882
205764
210813
212514
203809
205369
210771
166991
180395
163702
185356
166784
180150
163461
143304
158116
141166
160811
143222
157879
141035
119719
135425
118166
137379
119771
135380
118256
283509
284974
261119
310711
283002
283482
260120
251314
253762
236105
274598
251540
253178
235967
226115
229604
213290
244703
226170
229443
213258
204745
207393
193070
220630
204408
207513
193495
183312
187818
174537
199068
183057
188089
174853
162411
169656
157254
177905
162168
170060
157538
140398
151838
137508
156777
140210
152090
137244
117566
131631
115757
134629
117630
131472
115708
330258
353416
323101
354734
330046
354031
323543
297267
314737
290282
321252
297988
315029
290377
264878
282275
258688
288119
265447
282409
259009
235216
251124
228980
256913
235954
251470
229316
206835
221814
200717
227523
206844
222043
200586
179403
193780
173416
199170
179282
193549
173246
151573
166851
147724
171241
151463
166673
147630
125398
141473
123093
144121
125435
141422
123151
321176
342947
312799
351812
321724
343793
313348
287822
303426
278728
312834
287927
303842
278676
256738
271423
250150
280013
256957
271144
249510
227213
242776
221218
249486
227420
242320
220853
198849
213851
193377
220131
198652
213642
193098
171710
186365
167698
191616
171529
186436
167553
146648
161647
143917
165136
146563
161491
143860
122167
138052
120663
140453
122238
138041
120771
308419
318753
290238
339689
308783
318858
290030
274904
281608
258183
299362
274610
281500
258087
247326
251263
232069
267254
246129
251078
231623
218934
225993
208369
239120
218255
225538
207835
191607
202561
185555
211255
191246
202041
185176
166708
179995
163363
184841
166510
179655
163095
143195
157792
141000
160544
143113
157555
140882
119954
135372
118433
137341
120080
135318
118521
282852
282765
259943
309977
282472
281611
259933
251561
253189
236082
274257
251500
253681
236667
226132
229518
213323
244696
225915
230008
213631
204276
207633
193669
220301
203921
208126
194196
182977
188213
174966
198633
182832
188729
175259
162077
170186
157568
177655
161822
170507
157537
140160
152075
137163
156453
140049
151986
136982
117808
131430
115883
134577
117872
131372
115980
330013
353902
323634
355025
329734
354539
323826
298360
315045
290412
322022
298932
315161
290511
265549
282444
259100
288865
265592
282571
259310
236206
251578
229403
257671
236369
251822
229525
206803
222088
200557
227794
206692
222139
200470
179240
193520
173215
199113
179158
193427
173083
151450
166639
147610
171184
151380
166537
147522
125597
141417
123342
144229
125700
141392
123486
321819
343607
313509
352375
321919
344101
313498
287951
303971
278657
312980
288009
304105
278686
257014
271078
249351
280133
257186
271082
249236
227475
242174
220743
249749
227567
242049
220637
198632
213571
193032
220180
198553
213505
193001
171497
186413
167506
191540
171325
186383
167255
146543
161431
143838
164953
146447
161135
143751
122452
138034
121003
140393
122665
137965
121365
308935
318534
289991
339937
309030
318957
290039
274556
281485
258058
299576
274556
281561
258156
245902
251025
231502
267097
245700
251134
231457
218067
225410
207714
238674
217852
225368
207697
191172
201966
185122
210933
191135
201944
185070
166445
179600
163013
184781
166159
179519
162729
143083
157475
140836
160139
142988
157218
140704
120333
135293
118765
137256
120707
135205
119129
282372
280903
260009
310082
282308
281119
259910
251438
253943
236894
274252
251687
254528
236898
225850
230221
213730
244960
226099
230754
213433
203895
208326
194342
220489
203981
208860
194168
182818
188899
175287
198695
182805
189421
174923
161750
170567
157465
177588
161527
170871
156981
140010
151939
136920
156223
139893
152061
136519
118121
131376
116240
134502
118413
131597
116237
232612
234233
225255
226948
232681
234246
225158
238246
245350
237183
243253
238332
245375
237769
230571
223650
229701
222583
230959
223163
229527
240251
249124
241763
247450
241701
247456
240226
232602
227019
234390
225278
234304
225169
232677
238235
243198
245250
236881
245332
237754
238196
230498
222342
223318
229053
223042
229359
230768
203525
205911
197049
199061
203708
205905
196907
208702
216280
207704
214954
209154
215800
207940
201879
195606
200451
194193
202209
195527
200440
210569
219855
212853
217873
212821
217766
210672
203464
199003
205866
196751
205888
196810
203517
208682
214757
216016
207073
215767
207655
208856
201815
194157
195202
199766
195326
200210
201910
224711
227766
217860
219677
224854
226955
217765
226555
233173
220771
226501
226850
232868
220600
220141
213969
214989
209014
220444
213693
214807
230859
241017
233625
236754
234133
237550
230052
224142
219280
226292
216513
226400
217260
223301
226164
226339
231932
220228
232412
220416
225662
219744
208804
212906
214395
213330
214604
219276
197423
198611
190860
192561
197135
198726
191119
200746
207407
197596
203211
200910
207184
197434
194365
188405
191824
186018
194520
188287
191718
203597
212131
205039
209705
205093
210353
203046
197196
192545
198092
190486
198330
191034
196602
200497
203003
206496
197029
206871
197248
200186
194155
185919
188017
191341
188164
191559
193930
334385
350973
337145
347730
334362
351072
337087
299592
319008
299690
315224
299837
318955
299783
268107
282886
267052
281238
268261
282963
267162
238686
251964
237114
251504
239122
252148
237239
213285
223798
211186
224032
213510
224011
211169
185956
197929
183826
198053
185915
198071
183954
157549
170373
155742
169767
157583
170485
155745
130499
142740
129237
142018
130452
142787
129186
373307
391203
368665
393740
373554
391107
368719
346059
347591
358485
355539
347649
358287
346141
310382
313713
318931
320547
313724
318916
310393
277396
278963
286030
286335
278971
286016
277395
245892
247636
253529
254315
247654
253555
245898
217933
219986
224597
225533
220005
224551
217991
190690
192844
197680
198721
192856
197697
190678
163157
165143
170308
171106
165164
170345
163163
137232
138698
143944
144271
138722
143949
137224
103331
114019
101393
113678
103287
114056
101353
355953
375769
352661
378257
356827
376355
353526
331543
334886
341110
344444
334893
341162
331327
298713
301730
306123
309307
301723
306226
298616
269152
271333
276439
278970
271373
276475
269131
240092
241607
247360
248979
241604
247361
240088
211128
212655
218346
219783
212650
218331
211151
184667
186295
191042
192694
186232
191028
184702
158925
160009
165527
166556
159978
165453
158984
133684
134525
139907
140827
134499
139888
133682
100238
111350
99556.2
112407
100207
111408
99541
347105
362998
339354
369631
347772
363231
339700
321398
324358
332010
334167
324479
331937
321304
283724
287957
292420
296588
288131
292475
283655
258717
262954
263571
269067
262834
263599
258673
233461
236010
240286
242739
235930
240200
233540
204219
206255
211618
213829
206252
211595
204202
178083
179715
183895
185690
179724
183990
177988
154485
155510
160413
161568
155479
160397
154494
130848
131475
136782
137428
131475
136780
130845
98318.2
109080
97409.7
110145
98309.9
109185
97409.8
325696
331514
311265
345717
325241
330539
310202
297124
304515
307710
314400
304438
307374
297308
260490
267072
269260
275689
266931
269075
260700
231794
236582
238108
243054
236521
237993
231892
209466
214840
214768
219796
214893
214710
209486
190817
195701
195578
200189
195553
195571
190867
170591
173297
176142
178908
173178
175929
170684
150834
152089
155785
157357
152072
155799
150850
128613
129167
134551
134997
129160
134508
128641
96126.1
106297
96681
108315
96125.8
106366
96645
260196
263186
255291
272682
259718
263767
255206
236117
243753
232718
248147
235949
243674
232683
212927
220739
210342
224405
212786
220701
210292
191050
199196
188814
202376
191025
199163
188831
170791
177200
168233
180987
170902
177146
168372
154755
158076
151054
163549
154760
158299
151183
136217
139888
132480
145939
136228
140024
132644
115610
120796
112992
126763
115891
120988
113447
334411
350974
336923
347311
334485
351049
336788
300574
318869
300080
315468
301208
318817
300541
268604
283141
267462
281727
269019
283520
267925
240112
252475
237654
252289
241058
252950
238404
213633
224407
211226
225315
213738
224983
211366
185950
198306
184113
198263
185953
198518
184236
157645
170610
155771
169795
157678
170693
155760
130610
142847
129323
142035
130525
142926
129223
372910
391512
369147
393750
372382
392678
369585
345147
347752
357696
355555
345406
347663
357611
310586
313803
318943
320614
310511
313821
318991
277467
279217
285939
286365
277430
279292
285929
245996
247908
253742
254699
245944
247997
253838
217823
220150
224503
225573
217788
220221
224549
190835
193005
197782
198863
190797
193061
197818
163156
165342
170502
171343
163156
165402
170543
137194
138766
143972
144319
137222
138763
143963
103404
114074
101460
113669
103337
114129
101385
357641
377186
354214
381041
359464
378974
355615
333252
335901
342329
346352
332681
336523
343052
299629
302180
307082
310098
299325
302456
307474
269346
271571
276689
279391
269301
271634
276764
240150
241619
247360
249003
240127
241631
247369
211013
212712
218220
219715
211048
212723
218159
184246
185994
190872
192511
184394
185889
190770
158440
159763
164991
166159
158557
159683
164826
133657
134494
139795
140706
133669
134477
139760
100347
111494
99699.7
112514
100289
111629
99659.4
348902
362795
339542
371667
350119
362318
338733
323001
325765
333296
336323
322494
326392
334002
284699
289118
293224
298060
284466
289385
293481
258585
262466
264145
268719
258697
262332
264313
232503
235525
239580
242174
232798
235387
239293
204173
206217
211397
213575
204231
206169
211268
178133
179681
184301
185928
178158
179612
184318
154381
155316
160281
161222
154416
155252
160229
130889
131499
136775
137419
130876
131509
136775
98476.4
109303
97602.4
110413
98440
109486
97590.1
324011
328374
308216
343357
322993
327271
306801
295278
303771
305999
313247
295798
303356
305578
259420
266550
268073
275157
259551
266565
267861
231246
236912
237520
243767
231349
237194
237439
209561
215263
214554
220442
209497
215326
214549
190442
194733
195506
199773
190529
194504
195469
170467
172941
175527
178260
170468
172899
175466
150630
151903
155869
157260
150687
151818
155878
128456
129140
134298
134875
128498
129121
134225
96295.1
106417
96731.5
108620
96288.4
106528
96687.1
258761
263342
254756
269559
257893
263510
254473
235629
243472
232632
247084
235314
243243
232550
212588
220662
210249
223983
212390
220569
210143
191051
199212
188977
202293
191161
199151
189122
171144
177221
168655
181509
171495
177379
168949
154866
158699
151469
164160
155110
159095
151798
136372
140279
132950
146411
136496
140637
133350
116251
121355
114093
127351
116195
121784
114544
334620
350770
336567
346562
334766
350845
336405
301930
318787
301184
316850
302210
319119
302186
269715
284065
268523
282693
270253
284603
269072
242069
253566
239248
254003
242550
254245
240083
213926
225531
211525
226273
214022
226066
211667
185958
198688
184318
198304
185927
198805
184343
157694
170748
155747
169761
157659
170768
155675
130708
142980
129388
142038
130583
143044
129260
371960
393065
369796
393106
371666
393980
370035
344610
347203
356911
355069
344654
347104
356952
310916
313913
319218
320809
310843
313965
319314
277802
279852
286035
286819
277693
280017
286108
246602
248619
254157
255350
246400
248859
254294
218130
220567
224963
226376
218029
220643
225178
190933
193230
197927
199124
190921
193265
197966
163095
165470
170578
171433
163123
165464
170560
137086
138719
143901
144258
137117
138701
143873
103507
114179
101516
113720
103435
114276
101419
360934
380012
356648
384485
362777
381540
357851
335748
338418
345035
349243
335104
339006
345915
300694
303215
308698
311617
300456
303439
309052
269508
271810
276987
279694
269467
271871
277058
190305
192193
190140
183471
185501
183679
185349
157998
159405
164339
165643
158098
159308
164199
133636
134437
139673
140560
133642
134422
139651
100485
111693
99865
112640
100395
111812
99802.4
350640
360697
337596
372540
351008
360707
337146
323340
328073
334857
338518
323486
328461
334937
285302
289985
293825
298766
285195
290123
293916
257803
261927
264243
268408
258065
261769
264094
184295
185793
184333
178016
179348
178035
179307
154211
155084
160085
160938
154259
155030
160033
130945
131548
136765
137396
130935
131554
136758
98690
109649
97861.1
110682
98628.2
109834
97821.1
321685
325470
305094
341159
320798
324782
303945
293425
302147
303979
311474
293832
301823
303740
259377
266563
267532
274777
259401
266544
267410
231359
237909
237622
244548
231253
238036
237765
215349
220708
215309
209791
214746
209750
214825
194034
199316
193923
190171
195345
190227
195304
178030
170550
172831
175429
170522
172798
175446
150312
151553
155791
156958
150395
151466
155724
128320
129069
134007
134693
128345
129058
133948
96562.6
106596
96971.5
108982
96513
106759
96916.2
257005
262815
254013
267367
256526
262910
253768
235086
243075
232602
246453
235027
242875
232609
212249
220583
210140
223843
212197
220580
210094
191398
199237
189483
202510
191723
199266
189761
171880
177709
169355
182361
172328
178076
169706
155465
159550
152222
165032
155828
160023
152659
136649
141061
133731
147173
136746
141549
134006
116330
122192
115202
127643
116160
122714
115390
335015
350392
336104
345363
335074
350596
335707
302418
319672
303353
317814
302383
320430
304030
270918
285192
269597
283690
271369
285848
270054
242802
255007
240901
255506
242759
255799
241437
214111
226536
211732
226444
214124
226895
211678
185879
198864
184309
198247
185800
198889
184220
157593
170731
155586
169682
157539
170658
155479
130780
143084
129437
142027
130599
143146
129275
371377
393766
370016
392563
371144
394347
370039
344460
346829
356586
354725
344477
346771
356648
311245
314214
319587
321089
311143
314242
319673
278388
280704
286493
287569
278244
280900
286657
247550
249880
254913
256367
247307
250114
255153
218572
220991
225829
227195
218469
221089
226017
190848
193300
198062
199192
190893
193283
198076
162927
165379
170460
171328
162975
165340
170422
136991
138637
143798
144145
137010
138622
143784
103665
114390
101584
113904
103591
114572
101460
363609
381866
358464
386684
364320
383236
359130
337728
340312
347664
351281
337308
340664
348341
301406
303966
309878
312590
301264
304091
310080
269690
272062
277258
279947
269642
272129
277309
241845
247455
240210
240187
249329
241927
247459
212888
217974
210779
210840
220054
212913
218027
189758
183018
184937
191740
183067
184849
189725
157716
159053
163891
165244
157768
158986
163824
133666
134420
139606
140474
133658
134423
139598
100630
111931
100040
112862
100514
112120
99959.7
351050
359660
336612
373560
351310
360109
336390
323107
328928
334607
339516
323085
329044
334835
285493
290404
294092
299192
285473
290466
294128
256232
261043
263329
267680
256670
260738
262999
233396
236178
229474
229056
239864
233064
235748
204901
209246
202645
202363
211667
204694
208932
183678
177461
178817
184886
177589
178743
183502
153959
154861
159823
160677
154027
154805
159742
130999
131598
136727
137361
130989
131612
136712
98909.7
109972
98133
111008
98822.1
110174
98075.1
319838
323465
302724
339938
319305
323344
302023
291939
300888
302592
310192
292271
300661
302400
259125
266431
267029
274422
259228
266372
266888
231828
238184
238156
244745
231718
238180
238246
215055
209871
215005
220487
209846
214956
215065
193547
189995
195138
198799
190007
193417
195102
170565
172613
175512
177758
170580
172541
175518
149999
151217
155478
156598
150072
151144
155398
128310
129094
133828
134601
128305
129107
133808
96829.5
106948
97353.4
109375
96724.7
107160
97312.8
256162
262218
253463
266723
256159
262610
253197
235159
242887
232856
246932
235469
242966
233097
212229
220717
210160
224212
212303
220879
210176
192096
199418
190247
203077
192477
199557
190650
172787
178547
170052
183324
173153
179044
170301
156098
160478
153131
165817
156268
160844
153511
136788
142019
134182
147597
136757
142445
134292
116388
123229
115882
127698
116166
123661
115815
335166
350202
334961
344009
334633
350786
334626
302446
320941
304265
317743
302634
321306
304324
271705
286407
270205
284091
271688
286818
270203
242720
256468
241538
255712
242749
256834
241459
214090
227045
211522
226349
214089
227151
211338
185699
198877
184078
198146
185662
198900
184002
157510
170572
155442
169605
157533
170574
155459
130809
143191
129472
142023
130608
143317
129312
370995
393618
369927
393113
371345
394560
370167
344417
346621
356342
354838
344389
346645
356565
311589
314683
319889
321538
311531
314709
319964
278814
281450
287224
288520
278751
281426
287391
248173
250757
255850
257317
248104
250835
256034
218508
221254
226467
227674
218634
221215
226526
190368
193199
197982
199078
190520
193125
197900
162736
165186
170325
171168
162776
165096
170294
136947
138634
143790
144137
136973
138636
143807
103864
114752
101649
114178
103733
114963
101503
364521
382944
359311
387495
364790
384072
359494
338635
341166
349088
352153
338455
341270
349600
301782
304314
310529
312942
301716
304331
310605
269765
272255
277380
280059
269750
272284
277396
240107
242157
247404
249622
240101
242219
247412
210883
212931
218078
220175
210888
212923
218083
182989
184733
189710
191589
182987
184719
189719
157564
158849
163685
165060
157602
158814
163636
133721
134465
139579
140438
133713
134476
139570
100757
112302
100220
113225
100624
112532
100112
351406
359001
336013
374598
351753
359754
335930
323472
329259
335085
339821
323362
329249
335531
285542
290593
294213
299525
285529
290622
294241
255347
259979
262446
267072
255436
259879
262389
228109
231989
234932
238758
228248
231825
234790
201730
204262
208266
210970
201805
204205
208168
177151
178617
183183
184799
177203
178596
183135
153656
154618
159488
160379
153737
154542
159391
131045
131668
136661
137312
131041
131677
136641
99093.4
110374
98410.4
111455
98963.7
110623
98315.8
318788
322220
301308
339828
318757
322970
301163
290816
300081
301271
309846
291002
299988
301504
258904
266163
266372
274129
258806
266091
266346
232461
238027
238580
244617
232268
238041
238783
210318
214671
215446
220268
210166
214701
215644
190184
193289
195262
198634
190132
193303
195330
170449
172374
175523
177611
170485
172333
175528
149745
150961
155203
156326
149807
150898
155161
128320
129133
133790
134541
128340
129130
133787
97066.1
107382
97812.3
109937
96897.2
107602
97705.6
256104
261888
252723
266846
255923
262109
251656
235842
243441
233594
248518
236130
244202
233810
212357
221162
210225
224778
212270
221400
210049
192810
199840
191102
203686
192886
200061
191284
173383
179517
170435
183964
173393
179843
170407
156310
161042
153745
166109
156200
161159
153866
136684
142706
134310
147542
136526
142845
134296
116427
123864
116145
127872
116140
123974
115955
336768
337986
327417
330492
337952
327381
336816
344685
356482
339861
350395
356213
339856
344768
334068
324498
329868
320603
324453
329816
334132
345943
355622
347817
358248
347786
358313
345742
336696
330467
337889
327276
337935
327335
336578
344556
350536
356026
339948
356155
339881
344466
333975
320623
324339
329858
324394
329803
333864
302395
303399
294299
296216
303375
294321
302356
307796
315854
304555
312237
315869
304596
307761
299927
292073
297120
289579
292140
297165
299886
310385
320539
313778
318919
313741
318910
310447
302485
296125
303267
294238
303316
294299
302561
307856
312296
315953
304897
315906
304719
307933
299988
289648
292303
297358
292235
297250
300051
269328
269719
261155
262833
269749
261175
269315
275773
284088
273670
281679
284083
273691
275773
267672
259643
265822
258132
259673
265843
267660
277401
286356
279079
285962
279058
285995
277406
269357
262929
269915
261257
269848
261213
269399
275781
281732
284066
273774
284076
273730
275791
267693
258157
259733
265911
259705
265878
267715
238619
239410
231292
233200
239386
231263
238643
244452
251969
243064
250504
251988
243066
244453
237087
229856
235695
228459
229835
235695
237095
245896
254402
247775
253657
247728
253600
245911
238591
233213
239346
231185
239379
231222
238567
244463
250518
252076
243089
252033
243071
244489
237082
228440
229790
235706
229811
235701
237081
211277
212406
204308
206785
212377
204291
211324
216197
222943
214351
221297
222915
214368
216234
209518
202751
207582
200974
202734
207589
209561
217849
225498
220074
224487
220053
224502
217793
211238
206679
212314
204252
212356
204270
211214
216168
221282
222875
214399
222886
214390
216155
209496
200963
202702
207636
202718
207614
209484
184074
184889
176757
178867
184925
176789
184026
189204
196066
187690
194305
196064
187679
189174
182446
175532
181028
174317
175537
181017
182418
190720
198747
192939
197750
192900
197723
190756
184154
178965
185087
176909
185008
176846
184241
189233
194289
196057
187609
196062
187649
189246
182489
174281
175569
180942
175554
180988
182523
156897
157425
150213
151720
157432
150197
156890
162151
168888
161078
167647
168893
161068
162159
155703
149220
154619
148206
149210
154612
155711
163154
171158
165273
170449
165210
170395
163154
156908
151733
157468
150161
157446
150178
156919
162140
167617
168906
161004
168900
161045
162127
155692
148191
149166
154559
149194
154597
155670
130878
131095
124054
125178
131109
124026
130867
136325
142794
135499
141808
142790
135480
136317
129906
123384
129196
122932
123349
129164
129904
137246
144287
138762
143972
138747
143964
137233
130892
125241
131144
124017
131123
124071
130899
136333
141801
142778
135476
142784
135481
136328
129919
122991
123360
129175
123424
129160
129923
322659
325950
314088
317330
325946
314229
322484
329215
338643
327319
337284
338720
327457
328976
320254
311485
317832
309014
311637
317994
320084
331834
344656
335380
341984
335002
341519
332229
322921
317419
326324
314819
326049
314480
323284
329550
337705
339600
328140
339125
327759
329997
320561
309283
312294
318673
311921
318278
320964
291469
294367
284048
286813
294394
284064
291446
295897
303412
292429
300503
303531
292476
295845
288523
281320
284983
278173
281312
284996
288513
298866
309370
301928
306733
301782
306441
299069
291543
286888
294570
284197
294465
284118
291658
296038
300741
304087
292926
303768
292659
296249
288587
278208
281386
285250
281335
285096
288697
261903
263861
254662
256420
263884
254665
261894
267041
274173
265101
271921
274177
265066
267036
259998
252888
258150
251204
252881
258128
259999
269202
279085
271503
276613
271437
276540
269251
261926
256435
263954
254666
263920
254668
261945
267056
271860
274196
264955
274185
265019
267065
259998
251177
252851
258046
252874
258098
259985
232873
234280
225666
227029
234284
225656
232870
238660
245728
237340
244233
245728
237314
238663
231552
224355
230273
222970
224330
230225
231566
240102
248975
241608
247357
241604
247361
240111
232873
227016
234292
225608
234290
225637
232865
238652
244205
245701
237218
245724
237275
238626
231526
222889
224240
230067
224291
230154
231485
204114
205800
197567
199252
205797
197563
204122
209646
216998
208003
215461
216967
207974
209674
202492
195742
200579
193821
195764
200595
202490
211096
219770
212690
218267
212660
218304
211067
204097
199241
205840
197524
205806
197552
204075
209611
215391
216869
207882
216922
207934
209577
202508
193904
195855
200663
195809
200629
202526
178450
179851
172130
173216
179800
172048
178511
183025
189339
181356
187554
189336
181345
183055
176804
170669
175205
169105
170584
175170
176886
184602
192666
186084
190944
186162
190997
184511
178326
173144
179621
171718
179723
171895
178164
182971
187581
189307
181270
189327
181320
182891
176685
168988
170262
175013
170437
175105
176552
152434
153527
146166
147162
153509
146134
152483
157759
164281
156640
162848
164188
156579
157837
151368
145126
150391
144227
145114
150359
151405
158813
166488
159841
165158
159918
165324
158680
152354
147128
153404
146040
153460
146086
152274
157643
162726
163872
156395
164042
156491
157518
151306
144210
145050
150254
145089
150313
151227
127465
128144
121380
121842
128139
121361
127455
132856
138948
132154
138151
138937
132153
132860
126716
120606
126171
120178
120596
126167
126706
133689
140813
134505
139831
134510
139864
133678
127482
121919
128177
121426
128147
121461
127513
132861
138149
138912
132156
138927
132153
132857
126732
120236
120640
126189
120676
126172
126749
311441
314736
301700
305547
314865
301772
311355
316639
326908
311067
321521
326799
311090
316540
306632
296879
301055
291361
296914
301055
306564
321662
334563
325238
332811
324784
332295
322025
311668
305831
315582
302261
315149
301971
311983
316872
321701
327365
311140
327055
311147
317140
306796
291399
297192
301101
297029
301098
307013
275906
280368
269125
274294
280532
269286
275792
278826
287587
273255
282047
287597
273231
278827
270648
263309
264885
256955
263390
264864
270603
283920
296886
288807
292927
288457
292662
284191
276125
274381
281126
269626
280851
269450
276400
278897
282057
287800
273218
287678
273227
279025
270781
257123
263794
264955
263597
264885
270988
253176
256281
246908
249513
256223
246822
253240
251266
256924
242945
249691
257037
243208
251181
245598
239923
237041
231804
239988
237311
245505
258764
269016
262583
263908
262711
263711
258770
253023
249439
256020
246476
256137
246670
252843
251419
250026
257397
243926
257208
243594
251593
245780
232111
240137
237987
240080
237681
245946
226368
229016
219160
221510
228879
219106
226381
227681
233931
220933
226444
233972
221038
227627
221373
215087
215561
210076
215198
215575
221310
233293
242658
235675
239833
235815
240045
233064
226245
221368
228576
218843
228726
218993
226048
227747
226627
234022
221175
234018
221129
227762
221453
210056
215230
215568
215267
215586
221467
197132
198899
190323
192034
198930
190375
197099
201920
208779
199057
204767
208745
199047
201906
195222
188739
192984
186857
188755
192979
195198
204239
213761
206238
211491
206248
211555
204247
197186
192170
199036
190589
198981
190468
197246
201922
204711
208620
198837
208705
198988
201883
195241
186814
188792
192810
188783
192930
195233
172207
173697
166333
167673
173679
166325
172207
176560
182467
175004
180849
182495
174991
176488
170795
165099
169325
163831
165096
169324
170797
178138
185835
179718
184247
179730
184136
178160
172195
167608
173579
166252
173640
166295
172166
176597
180799
182557
174928
182540
174964
176614
170791
163862
165077
169317
165091
169322
170783
148574
149432
142695
143428
149422
142696
148575
153601
159328
152793
158356
159329
152794
153596
147785
141997
147085
141350
142006
147090
147780
154468
161509
155380
160327
155436
160368
154444
148572
143420
149369
142688
149401
142694
148559
153602
158371
159316
152777
159326
152796
153596
147794
141351
142003
147074
142009
147088
147787
124905
125457
118977
119468
125449
118979
124906
130257
136122
129666
135524
136120
129663
130258
124259
118291
123745
117755
118298
123741
124266
130853
137426
131485
136777
131478
136779
130863
124918
119502
125470
119012
125456
119019
124935
130257
135523
136116
129660
136119
129656
130262
124269
117822
118340
123773
118346
123748
124285
287295
294561
278130
284866
294479
277963
287453
288605
298191
281793
290025
297859
281449
288818
279486
270933
272273
265232
270715
272014
279710
296792
314248
304096
306737
304338
307073
296361
286984
284739
294217
277257
294397
277647
286578
288072
289256
296855
279918
297311
280685
287460
279019
264806
269646
270849
270255
271522
278420
252275
258644
244894
250479
258501
244739
252461
254759
262929
250815
257146
262743
250681
254906
247519
240639
243415
237638
240531
243300
247619
260172
275543
266611
268404
266758
268769
259828
252015
250417
258304
244338
258367
244532
251765
254444
256808
261847
250040
262366
250409
254010
247292
237468
240087
242825
240336
243111
246977
225872
230594
220243
225027
230544
220158
225956
228290
234518
225698
230928
234434
225614
228379
222577
216696
219321
214125
216626
219248
222652
231646
243055
236666
237655
236515
237825
231487
225746
225042
230683
219925
230547
220042
225612
228134
230796
234081
225309
234280
225486
227943
222448
214030
216365
218976
216508
219137
222288
204713
209971
200036
205120
210045
200092
204680
205526
211271
202942
207977
211225
202891
205573
200595
195518
196905
192627
195537
196849
200591
209447
219901
215167
214584
215027
214639
209449
204813
205114
210169
200177
210116
200141
204922
205472
207891
211055
202757
211148
202832
205422
200599
192639
195686
196791
195606
196823
200610
186101
190434
181442
184628
190322
181191
186260
186750
191555
183169
187255
191574
183188
186724
182190
177448
178004
174391
177399
178003
182213
190730
200121
195015
195537
195306
195560
190626
185907
184422
189685
180619
190047
180864
185726
186757
187346
191643
183299
191611
183250
186752
182163
174403
177276
178021
177330
178013
182134
165482
167711
160525
162449
167694
160527
165483
167934
172923
165430
169157
172893
165457
167936
163239
158374
159696
156243
158403
159755
163201
170525
178680
173001
175616
173081
175745
170487
165495
162466
167676
160587
167680
160548
165520
167935
169192
172824
165584
172852
165506
167929
163293
156339
158527
160039
158459
159872
163360
145654
146523
140163
140831
146502
140114
145699
149078
153912
147139
150665
153937
147192
149073
144378
139109
141249
137632
139057
141344
144364
150790
157347
151976
155849
152033
155818
150737
145592
140791
146407
139935
146464
140034
145522
149095
150797
154081
147453
153989
147290
149122
144394
137721
138910
141620
138981
141493
144414
122810
123177
116779
117223
123172
116750
122828
128034
133994
127351
131552
133990
127320
128084
122553
116268
120724
116047
116186
120822
122629
128577
134980
129151
134369
129156
134442
128531
122779
117296
123208
116748
123195
116784
122759
127962
131670
133854
127201
133941
127259
127887
122448
116002
116069
120894
116150
120879
122370
336211
337813
327217
330419
336408
337734
327174
344234
355771
340104
351530
344337
355724
340394
333705
324316
330019
321105
333756
324335
330275
344906
355314
347353
357193
347487
357206
344777
336022
330396
337535
327152
337624
327148
335892
344142
351821
355538
341036
355478
340697
344128
333722
321387
324516
330939
324402
330589
333792
302651
303270
294159
296026
302614
303271
294086
308114
316023
305075
312899
308017
316122
305268
300173
292309
297482
289986
300113
292287
297609
310673
320656
313858
319134
313841
319058
310760
302680
296133
303404
294019
303336
294036
302710
308222
313212
316401
305661
316251
305464
308335
300237
290046
292264
297850
292269
297732
300304
269528
270103
261319
263328
269458
270221
261393
275842
284064
273823
281913
275811
284068
273875
267786
259776
265947
258233
267745
259827
265985
277525
286484
279620
285980
279482
285944
277601
269612
263562
270575
261581
270441
261484
269702
275890
281969
284120
273981
284087
273927
275947
267844
258268
259963
266073
259890
266026
267907
238557
239391
231166
233436
238551
239433
231194
244592
252134
243114
250620
244535
252200
243145
237104
229781
235709
228384
237087
229794
235716
246095
254876
248342
254042
248186
253942
246226
238608
233654
239713
231410
239580
231278
238758
243223
244660
250670
252356
252274
243181
244743
235759
237146
228394
229948
229851
235731
237240
211235
212329
204245
206546
211213
212339
204251
216184
222894
214400
221265
216160
222938
214405
209490
202691
207647
200916
209483
202683
207651
217885
225782
220459
224765
220352
224630
217945
211276
206579
212438
204293
212391
204268
211328
214467
216224
221314
223073
222998
214423
216284
207653
209507
200894
202683
202681
207653
209533
184396
185177
176970
179237
184324
185252
177020
189249
196053
187561
194201
189251
196048
187503
182556
175581
180881
174090
182547
175580
180806
190870
198943
193180
197891
193126
197855
190899
184454
179308
185375
177078
185321
177056
184496
189239
194160
196031
187361
196041
187436
189220
182550
174004
175539
180619
175566
180719
182528
156927
157487
150145
151758
156926
157504
150125
162081
168905
160957
167464
162108
168894
160908
155614
149134
154511
148084
155645
149098
154461
163150
171387
165466
170581
165444
170570
163141
156917
151752
157506
150063
157507
150097
156900
162046
167393
168838
160778
168872
160848
162002
155575
148031
149010
154346
149056
154406
155531
130901
131165
124077
125218
130902
131179
124020
136298
142763
135474
141740
136322
142741
135445
129912
123436
129167
122955
129918
123369
129167
137172
144313
138739
143926
138752
143947
137142
130891
125277
131185
124005
131179
124060
130886
136277
141701
142667
135398
142708
135425
136249
129901
123008
123363
129150
123420
129152
129894
324252
326726
315230
318337
323732
327218
315701
331047
339976
328591
339277
330485
340604
329135
321958
312731
319152
310638
321430
313216
319687
333838
347022
337819
344453
337167
343627
334491
324817
318776
328307
316732
327754
316208
325409
331623
339856
341792
330261
341121
329679
332235
322520
311140
314247
320795
313729
320244
323103
291974
294706
284291
287220
291806
294861
284390
296755
304461
293215
301895
296501
304862
293435
288997
281455
285429
278425
288840
281527
285609
299918
310458
302973
308303
302720
307888
300195
292149
287352
295176
284578
295021
284478
292321
297008
302253
305634
293881
305262
293665
297252
289158
278500
281660
285935
281586
285779
289316
261982
263986
254667
256472
261965
264017
254670
267081
274213
264898
271672
267081
274232
264841
259944
252823
257985
250973
259968
252786
257913
269389
279476
271752
276911
271695
276835
269429
254681
261997
256489
264084
264050
254675
262011
267074
271633
274279
264700
274253
264768
267066
252692
259912
250874
257743
252742
257831
259877
232830
234288
225568
226946
232851
234279
225517
238548
245665
237156
243957
238589
245616
237110
231382
224184
229973
222605
231436
224123
229886
241644
247399
240200
240176
249022
241640
247383
234247
225362
232747
232797
226922
234265
225449
245457
236966
238437
238503
243816
245554
237095
223933
229652
231198
231313
222512
224046
229798
204039
205885
197486
199185
204052
205906
197424
209533
216813
207815
215106
209551
216750
207725
202562
195888
200679
194191
202546
195908
200620
212732
218007
210852
210946
219720
212725
218087
205910
197207
203891
203998
199156
205912
197335
216563
207586
209431
209493
214991
216672
207605
195732
200555
202425
202546
194043
195877
200479
177784
179488
171528
172734
177982
179331
171331
182644
189271
181198
187524
182785
189207
181089
176221
170075
174893
168477
176399
169881
174720
190462
184072
192438
185640
185770
190633
183877
177565
172570
178976
170914
179158
171125
177332
188827
182467
187350
180685
189065
180910
182240
176020
168313
169491
174345
169684
174513
175802
152125
153347
145993
146988
152199
153285
145943
157262
163700
156293
162292
157390
163527
156190
151057
145004
150189
144120
151143
144956
150124
158323
166035
159503
164493
159597
164659
158207
152048
146933
153148
145844
153218
145893
151970
157136
162159
163201
156006
163359
156093
157020
150975
144087
144866
150003
144910
150061
150900
127554
128190
121547
121938
127526
128207
121503
132857
138891
132164
138123
132861
138870
132168
126781
120743
126198
120275
126760
120700
126223
133652
140664
134448
139699
134465
139728
133643
127559
122015
128220
121552
128212
121597
127576
132862
138110
138826
132180
138847
132177
132858
126796
120376
120759
126261
120808
126237
126819
312787
316105
302607
307226
312382
316689
302927
317559
327447
311001
321356
317396
327693
310670
307356
297359
301025
291200
307237
297443
300795
323392
336897
327592
334888
327004
334467
323565
313082
307666
317758
303115
317263
303108
313136
317369
320789
327194
309879
327370
310245
317118
307233
291011
297312
300204
297364
300475
307067
276857
281373
269816
274760
276644
281596
269998
279291
287923
273217
281960
279165
287990
273238
271332
263995
265058
257699
271168
264215
265172
284895
298318
289817
293718
289618
293602
285061
277044
274917
281960
270328
281795
270164
277206
279405
281897
288088
273339
288042
273291
279503
271473
257862
264490
265376
264385
265281
271589
252452
255893
246260
249044
252653
255753
246024
251950
257592
244206
250814
251791
257773
244440
246102
240140
238225
232579
246058
240080
238408
258446
268642
262068
264336
262202
264369
258275
245511
252235
248881
255440
255602
245773
251997
252039
251012
258041
244754
257931
244624
252049
239785
246077
232630
238614
239960
238538
245984
225562
228439
218668
221035
225815
228324
218466
227583
233970
221175
226842
227708
233855
221130
221242
215095
215516
209743
221397
214876
215426
234981
238639
231892
232195
241990
235283
238979
228087
217999
225034
225292
220953
228239
218234
233441
220921
227137
227391
226814
233678
221044
214285
215155
220747
221021
209572
214597
215304
197319
199085
190685
192492
197298
199061
190751
201608
208467
198594
204095
201789
208253
198297
195045
188759
192588
186367
195173
188674
192317
206091
210910
203901
204056
213526
206095
211096
198844
190767
197172
197293
192268
198848
190787
207692
197774
201118
201385
203828
207993
198005
188505
191936
194675
194850
186246
188597
192097
172059
173494
166197
167261
172122
173369
166133
176597
182547
174892
180536
176614
182533
174860
170750
165060
169315
163832
170772
165034
169320
184281
178092
185786
179403
179491
184309
178049
172003
167153
173140
166022
173224
166071
171960
182454
176573
180474
174816
182493
174834
176552
170724
163805
164960
169277
165000
169303
170695
148515
149332
142678
143370
148539
149293
142665
153546
159300
152741
158292
153575
159270
152692
147749
141992
147042
141282
147771
141976
147000
154342
161138
155135
160133
155191
160181
154302
148488
143350
149216
142632
149254
142650
148458
153510
158240
159191
152575
159233
152637
153469
147720
141247
141933
146900
141956
146952
147687
124987
125484
119086
119525
124954
125511
119084
130280
136113
129664
135489
130272
136109
129666
124337
118422
123799
117926
124307
118422
123827
130905
137415
131534
136770
131525
136772
130918
125010
119619
125563
119171
125534
119185
125047
130291
135469
136095
129670
136103
129669
130299
124364
118034
118516
123882
118527
123849
124404
285715
293954
276867
284135
286118
293601
276567
286247
296026
278940
286978
286716
295521
278087
277224
268989
270011
262866
277754
268400
269174
294755
312654
302543
304604
302904
304943
294308
285328
283913
292988
276070
293272
276317
284967
285759
286309
294322
276651
294787
277293
285277
276840
262221
267672
267725
267986
268393
276473
251540
258403
244195
250874
251585
258503
244145
253123
261292
249626
255171
253547
260792
249177
246332
239830
242511
236709
246640
239594
242153
259393
275065
266573
267653
266572
267769
259399
251582
251040
258680
244288
258594
244191
251662
252777
254629
260155
248401
260401
248774
252517
246080
236478
239267
241561
239403
241849
245896
225394
230914
219826
225622
225490
231183
219756
227550
233871
225140
230153
227741
233674
224944
221944
216214
218819
213595
222113
216073
218638
231192
244040
237722
237499
237473
237424
231190
225337
225832
231683
219719
231450
219720
225325
227388
229948
233392
224633
233510
224789
227263
221797
213474
215865
218339
215953
218488
221684
205072
210198
200202
204987
205013
210202
200213
205377
210961
202719
207552
205390
210880
202674
200716
195764
196815
192746
200650
195832
196830
215365
209630
220574
214663
215359
214590
209694
210142
205113
204914
200203
210182
200213
205141
205381
207474
210796
202672
210823
202668
205405
200787
192841
195935
196951
195887
196889
200861
185459
189355
180461
183662
185575
189121
180358
186721
191672
183366
187541
186740
191698
183423
182099
177233
178046
174418
182109
177200
178079
194162
190362
199650
195386
194315
195427
190290
188803
185377
183525
180246
188954
180291
185315
186686
187626
191739
183613
191719
183507
186642
182104
174424
177174
178206
177189
178133
182119
165611
167683
160642
162528
165557
167706
160724
167957
172821
165665
169371
167938
172839
165741
163525
158602
160205
156792
163435
158690
160359
170477
178178
172853
175423
172871
175433
170497
165681
162503
167726
160788
167735
160767
165758
167971
169448
172913
165939
172865
165818
168006
163634
156964
158884
160672
158793
160504
163776
145340
146335
139848
140607
145433
146253
139757
149138
154211
147590
151408
149130
154332
147701
144406
138832
141732
137759
144438
138749
141856
150558
157196
151642
155843
151730
155872
150479
145237
140536
146084
139566
146168
139660
145130
149139
151549
154535
147774
154449
147734
149127
144327
137676
138554
141958
138653
141921
144228
122736
123235
116828
117373
122743
123246
116798
127756
133742
127122
131851
127823
133640
127055
122249
116127
120834
115845
122309
116061
120783
128415
134827
129082
134075
129103
134148
128374
122718
117471
123272
116838
123259
116876
122713
127688
131775
133429
126919
133531
126978
127621
122192
115812
116031
120656
116105
120704
122145
335798
337433
327179
330357
335812
337351
327232
344179
355347
341333
352846
344112
355457
341646
334020
324669
331291
322347
333895
324859
331623
344557
354839
346930
356817
346994
356768
344529
335817
330330
337202
327360
337265
327297
335851
344204
353011
355447
342170
355336
341908
344253
334147
322632
325219
332196
325050
331926
334271
302784
303607
294037
296527
302739
303793
294085
308565
316567
305849
314122
308451
316728
306026
300455
292280
297961
290166
300382
292310
298063
310983
320890
314128
319496
314068
319406
311051
302852
296765
304334
294263
304109
294159
302962
308672
314360
317016
306322
316880
306183
308769
300523
290206
292408
298237
292354
298155
300596
269912
270798
261694
264128
269804
270932
261820
276102
284171
274039
282131
276019
284230
274103
258435
268068
260054
266132
267982
260158
266200
277932
287008
280442
286340
280254
286208
278086
270033
264377
271296
262133
271129
261966
270180
276199
282180
284369
274241
284297
274170
276306
258511
268170
260408
266349
260276
266273
268285
239217
240024
231575
234335
238973
240363
231796
243273
250849
243340
244976
252451
244850
252559
235804
228582
235879
237545
230076
237383
230229
246824
255600
249513
254679
249216
254466
247062
239489
234632
241163
232369
240817
232088
239816
250927
243541
243430
245131
252839
252685
245311
228688
236113
235987
237722
230632
230411
237906
211458
212506
204322
206711
211389
212562
204355
214507
221482
214540
216431
223176
216354
223330
207652
200816
207651
209604
202688
209567
202693
218241
226619
220849
225616
220748
225394
218357
211530
206762
212694
204427
212631
204391
211606
221594
214669
214598
216516
223649
223485
216608
200785
207677
207653
209644
202696
202696
209686
184532
185419
177084
179419
184522
185446
177077
194003
189158
196018
187277
189193
196001
187182
182443
175499
180509
173705
182492
175449
180395
190934
199159
193300
198037
193291
198004
190921
184527
179427
185461
177032
185461
177059
184508
193935
189114
195953
186959
195980
187076
189060
182386
173601
175334
180173
175392
180281
182325
156851
157492
150023
151693
156877
157474
149981
161895
168793
160701
167128
161951
168740
160620
155429
148960
154280
147866
155481
148909
154212
163060
171421
165417
170497
165443
170532
163019
156822
151656
157416
149891
157444
149936
156792
161836
167031
168621
160458
168681
160538
161777
155376
147815
148811
154077
148858
154143
155324
130883
131195
124055
125275
130883
131200
124007
136200
142628
135376
141571
136225
142591
135354
129886
123429
129139
122973
129889
123385
129140
137060
144232
138659
143819
138679
143846
137032
130883
125333
131198
124011
131193
124051
130892
136182
141534
142525
135327
142556
135341
136165
129887
123035
123418
129151
123452
129140
129894
326573
328846
317250
320140
325999
329361
317744
333413
342268
330786
341718
332815
342970
331306
324235
314743
321299
312292
323679
315197
321748
336312
349732
339966
347307
339500
346491
336875
327103
320538
330241
318592
329826
318196
327586
333938
342154
344095
332127
343416
331737
334446
324741
312476
315913
322456
315590
322131
325192
292641
295324
284679
287625
292487
295462
284777
297689
305951
294077
302924
297480
306222
294253
289606
281742
286073
278676
289467
281824
286193
300909
311927
303816
309640
303640
309365
301099
292781
287703
295702
284955
295589
284869
292906
297879
303106
306705
294539
306476
294407
298048
289732
278710
281968
286371
281900
286292
289843
254688
256566
254700
262047
264122
262026
264171
267055
274311
264636
271583
267060
274352
264571
252646
250609
252624
259814
257662
259842
257588
269550
279762
271996
277191
271933
277122
269594
256611
254732
254714
262073
264281
264224
262103
267052
271545
274420
264407
274388
264495
267050
250475
252540
252580
259788
257359
257483
259765
176905
178794
170715
172081
177109
178621
170537
188544
186879
188276
181744
180520
181993
180429
175398
169314
174203
167935
175592
169161
174075
192088
189854
189977
183293
185050
185188
183155
176732
171940
178329
170263
178465
170386
176598
186756
187990
188053
181553
180124
180271
181468
175244
167842
168924
173872
169030
173957
175137
151827
153076
145798
146778
151895
153005
145755
156829
163059
155929
161854
156918
162937
155862
150774
144826
149949
143989
150833
144790
149899
157909
165523
159130
163975
159215
164078
157833
151765
146731
152869
145683
152935
145716
151711
156755
161774
162747
155746
162833
155801
156694
150724
143962
144735
149812
144760
149853
150681
127601
128220
121649
122013
127583
128227
121607
132866
138808
132189
138074
132864
138795
132193
126857
120886
126277
120418
126834
120837
126305
133642
140532
134413
139617
134418
139632
133645
127613
122093
128245
121655
128231
121692
127637
132880
138064
138777
132219
138784
132208
132890
126879
120553
120921
126365
120961
126327
126918
312978
318125
303139
308157
313046
318302
303167
316674
326732
309504
319773
316870
326654
309208
306821
297271
299955
290557
306934
297232
299734
323197
338767
328842
334805
328695
334736
323132
312939
308236
318408
303227
318373
303197
312918
316475
319247
326314
308685
326296
308908
316337
306719
290434
297145
299379
297188
299542
306634
277421
282089
270445
275055
277333
282186
270500
279633
288123
273358
281746
279578
288144
273369
271776
264561
265453
258157
271685
264593
265508
285382
298889
290328
294047
290236
293990
285438
277470
275030
282299
270337
282255
270456
277487
279670
281707
288160
273358
288156
273370
279694
271831
258191
264531
265550
264580
265539
271833
245246
248494
244948
251421
255284
251733
255128
251818
258076
244828
251321
251977
258026
244848
239560
232512
239270
245584
238637
245824
238608
257474
268270
261333
263640
261574
263889
257090
248219
243858
244479
251014
254582
254898
250521
251573
251332
257715
244748
257897
244817
251262
232386
238378
238856
245241
238415
238530
244829
171876
173068
165975
166927
171920
173005
165923
182429
180359
182417
176508
174791
176538
174753
170614
164914
169240
163632
170662
164858
169183
185688
183951
184253
177935
179025
179199
177770
171803
166855
172822
165781
172917
165859
171701
180279
182172
182341
176428
174575
174679
176300
170540
163552
164701
169011
164786
169106
170442
148383
149176
142611
143277
148423
149133
142587
153369
159142
152510
158044
153423
159085
152442
147605
141907
146844
141121
147649
141878
146784
154155
160875
154918
159901
154974
159972
154093
148339
143249
149045
142529
149089
142560
148291
153308
157964
158940
152293
159017
152369
153240
147556
141076
141814
146661
141846
146722
147504
125110
125586
119301
119683
125075
125615
119275
130328
136087
129678
135407
130314
136081
129688
124481
118653
123913
118149
124438
118629
123957
130961
137387
131579
136740
131569
136750
130971
125140
119830
125680
119365
125644
119420
125177
130352
135391
136068
129736
136076
129712
130368
124515
118303
118714
124048
118779
123999
124557
284298
292718
275830
283330
284618
292472
275602
284265
293566
275977
284515
284729
293180
275449
275700
267388
267161
260699
276078
267121
266689
293011
310885
301188
303143
301472
303292
292654
283987
283161
292021
275153
292235
275377
283692
283780
283838
292230
274467
292546
274928
283362
275336
260364
266582
265947
266856
266282
274989
251842
258753
244412
251416
251755
258810
244540
252245
259973
248122
253462
252343
259824
247903
245718
239185
241366
235983
245777
239156
241208
259342
274688
266480
267161
266517
267287
259295
251912
251492
258867
244751
258849
244657
251953
252189
253284
259550
247738
259686
247791
252161
245712
235956
239239
241147
239174
241155
245758
226172
225457
231860
219772
225367
231967
219850
227148
233323
224541
229486
227183
233302
224460
221586
215816
218242
213238
221612
215806
218160
231480
244642
238165
238043
238118
237910
231602
226187
225564
232049
220018
232026
219935
225675
227158
229447
233399
224453
233328
224445
227211
221604
213238
215895
218134
215833
218134
221665
210087
204648
210014
205161
200186
205158
200160
205515
210802
202723
207393
205449
210841
202783
201008
195974
197061
193196
200933
196014
197172
220683
215153
215242
209817
214951
214893
209832
204535
209805
209918
205150
200076
200124
205118
205601
207443
211008
203000
210910
202886
205709
201091
193345
196121
197474
196056
197319
201202
188672
183227
188580
185219
180212
185264
180181
186577
191759
183734
187911
186602
191782
183848
182160
177147
178290
174635
182133
177154
178375
199198
193680
193808
190120
195205
195259
190058
183139
188350
188476
185166
180148
180143
185125
186575
187995
191863
184080
191812
183960
186629
182205
174732
177308
178535
177220
178444
182299
165839
167699
160793
162339
165808
167649
160775
168216
172991
166064
169784
168102
173113
166206
164084
158958
160840
157381
163938
159012
161018
177973
170571
172686
175499
172750
175473
170583
165840
162257
167499
160675
167581
160733
165814
168327
169919
173322
166451
173230
166328
168425
164179
157466
159044
161347
159040
161190
164233
144932
146001
139478
140331
145027
145920
139398
149037
154557
147774
151977
149091
154539
147773
144008
138454
141912
137421
144115
138359
141867
150229
156868
151298
155562
151381
155645
150149
144846
140268
145767
139263
145842
139327
144768
148968
152056
154424
147709
154489
147742
148893
143908
137321
138197
141735
138274
141793
143821
122721
123293
116941
117539
122710
123320
116907
127511
133334
126855
131573
127563
133253
126812
122093
116089
120614
115699
122113
116025
120596
128307
134658
129071
133858
129062
133898
128299
122738
117686
123397
117000
123356
117035
122769
127470
131514
133126
126742
133184
126771
127440
122089
115767
116060
120578
116117
120578
122105
335922
337130
327411
330200
335883
337054
327440
344298
355284
342361
353736
344267
355399
342565
334457
325345
332425
323281
334374
325412
332621
344437
354601
346662
356596
346696
356465
344437
335977
330144
336912
327433
336977
327451
336047
344301
353736
355388
342849
355264
342701
344316
334525
323426
325384
332911
325417
332776
334586
303271
304658
294401
297481
303104
304868
294615
308934
317131
306440
314874
308859
317220
306538
300763
292471
298311
290304
300678
292539
298375
311354
321213
314484
319819
314412
319751
311453
303463
297805
305425
295005
305192
294814
303674
309001
314973
317308
306665
317279
306615
309054
300855
290339
292720
298474
292627
298429
300951
270535
271516
262320
265092
270355
271673
262517
276530
284445
274319
282326
276420
284532
274397
268554
260557
266430
258796
268416
260719
266519
278530
287915
281320
287034
281169
286832
278660
270712
265351
272030
262880
271880
262711
270909
276637
282375
284725
274519
284629
274467
276717
268690
258901
261009
266693
260873
266607
268822
240437
241558
232630
235449
240145
241823
232869
243661
245690
253017
251233
245505
253196
243780
236243
238347
230835
229109
238120
231021
236396
247770
256717
250536
255651
250387
255423
247959
240713
235743
242417
233270
242149
233087
240980
245878
251342
253548
244031
253381
243915
246036
238546
229219
231328
236643
231188
236527
238722
211757
212770
204457
206852
211680
212844
204473
214739
216776
223806
221906
216700
223945
214794
207701
209759
202692
200681
209725
202681
207717
218651
227387
221227
226329
221196
226186
218674
211846
206865
212918
204424
212917
204467
211917
216829
221983
224157
214853
224066
214831
216857
209780
200639
202618
207699
202658
207713
209787
184434
185451
177000
179371
184476
185428
176964
188926
195920
186847
193703
188998
195879
186751
182201
175278
180077
173342
182263
175225
179997
190778
199195
193230
198049
193265
198074
190668
184382
179336
185365
176886
185404
176928
184319
188839
193622
195775
186641
195831
186685
188754
182142
173286
175144
179894
175182
179937
182086
156731
157375
149848
151532
156762
157339
149807
161669
168563
160384
166777
161720
168512
160320
155238
148769
154015
147686
155277
148732
153960
162878
171286
165243
170354
165294
170388
162826
156703
151490
157272
149740
157300
149771
156679
161627
166717
168438
160223
168469
160266
161596
155208
147654
148685
153878
148705
153914
155187
130936
131212
124092
125371
130909
131224
124057
136150
142497
135325
141450
136157
142474
135321
129932
123524
129166
123063
129910
123493
129192
136982
144129
138615
143781
138616
143779
136975
130970
125474
131263
124116
131235
124153
131022
136154
141433
142453
135336
142459
135328
136158
129965
123185
123585
129266
123624
129222
130007
328333
330584
318923
321410
327991
330871
319191
335189
344313
332413
343395
334833
344902
332656
325868
316164
322722
312973
325565
316393
322930
338019
351367
341083
349087
340892
348548
338295
328596
321589
331257
319544
331087
319395
328800
335420
343440
345514
332932
345001
332808
335632
326091
313152
316769
323190
316607
323083
326253
293110
295802
285037
287860
293016
295890
285119
298323
306908
294653
303571
298196
307092
294752
290020
282030
286434
278718
289938
282094
286483
301527
312731
304266
310398
304191
310251
301630
293187
287897
296005
285209
295957
285171
293250
298434
303708
307409
294912
307258
294837
298532
290087
278699
282158
286552
282133
286521
290143
254760
262169
264344
256815
262136
264414
254785
267042
274452
264303
271340
267049
274468
264176
252510
259715
257218
249963
259746
252459
257057
269723
279991
272224
277366
272186
277344
269740
262188
256887
264531
254792
264476
254795
262193
267019
271233
274453
263872
274467
264039
266976
259667
249746
252300
256668
252390
256882
259595
234482
225351
232722
232730
227295
234578
225388
245241
236264
238153
238043
242799
245190
235975
223419
228446
230846
230743
221092
223392
228358
240150
249406
242091
247419
242017
247448
240118
232724
227362
234727
225416
234658
225406
232714
237902
242526
245015
235280
245111
235559
237793
230630
220979
223274
228016
223337
228181
230531
205843
196727
203612
203676
198776
205824
196711
216098
206782
208939
208936
213763
216083
206653
195076
199750
201925
201949
193142
195083
199613
210877
220098
212933
218071
212927
218057
210890
203699
198707
205770
196678
205799
196680
203698
208921
213718
216010
206615
216051
206655
208887
201932
193215
194975
199715
195030
199721
201870
176431
178216
170168
171629
176499
178129
170098
188038
181453
180045
186422
181449
188109
180026
175018
168843
173803
167643
175063
168786
173757
182992
191657
184749
189702
184786
189706
182983
176389
171571
178032
170011
178069
170048
176365
181449
186453
188090
179999
188103
180010
181448
174989
167596
168709
173689
168744
173718
174970
151626
152809
145655
146615
151665
152756
145632
156603
162678
155698
161594
156645
162624
155652
150615
144714
149775
143898
150646
144697
149741
157673
165183
158885
163726
158930
163771
157636
151592
146587
152677
145594
152711
145612
151562
156565
161543
162536
155559
162578
155607
156527
150587
143880
144665
149671
144681
149707
150558
127696
128259
121767
122132
127659
128285
121739
132921
138772
132240
138049
132908
138769
132255
126995
121079
126404
120627
126948
121043
126458
133684
140462
134446
139586
134437
139591
133694
127731
122272
128361
121854
128316
121875
127783
132940
138045
138761
132290
138766
132276
132952
127030
120796
121169
126568
121202
126503
127079
312957
318469
303257
308526
312925
318586
303291
316128
325929
308454
318906
316195
326072
308335
306520
297105
299243
290155
306565
297071
299136
323146
339430
329264
335223
329145
334792
323261
313018
308646
318977
303372
318768
303327
313100
316054
318645
326125
308155
325812
308219
316087
306489
290084
297022
298986
297043
299052
306479
277458
282323
270168
274786
277479
282331
270010
279718
288157
273337
281563
279706
288152
273312
271799
264461
265545
258155
271820
264385
265529
285506
299278
290558
294184
290516
294157
285519
277434
274686
282333
269795
282332
269886
277414
279719
281525
288148
273271
288147
273288
279717
271777
258121
264264
265496
264317
265511
271760
243228
249464
254225
246908
249987
253856
242673
250696
257541
244656
251204
250955
257379
244555
237974
244120
238282
231910
244443
237636
238145
255862
267428
260153
262564
260409
262743
255606
249045
246454
253138
241955
253456
242260
248744
250483
251140
257134
244357
257241
244452
250317
243854
231760
237132
237891
237358
238012
243643
226065
215991
222723
222322
218726
225840
215638
231521
220046
225225
224875
225831
231192
219876
212517
214192
218855
218510
208171
212198
214006
228716
239413
232230
235135
232569
235402
228450
222003
218477
225235
215117
225511
215352
221746
224579
225680
230679
219567
230913
219716
224333
218220
207993
211703
213675
211929
213833
217978
197986
190064
196185
195905
191293
197763
189818
206150
196808
199897
199655
202358
205863
196607
187829
191110
193699
193513
185392
187656
190922
202122
211448
204373
208457
204526
208674
201933
195716
191332
197659
189426
197700
189620
195571
199441
202176
205398
196350
205616
196461
199290
193356
185265
187378
190700
187498
190784
193240
171477
172722
165692
166638
171584
172643
165602
181947
176013
174454
179854
176151
181755
174335
170220
164605
168906
163267
170330
164509
168801
177353
184873
178646
183261
178687
183367
177268
171381
166573
172523
165431
172577
165515
171299
175896
179738
181528
174152
181619
174233
175805
170119
163178
164329
168622
164417
168705
170030
148187
149002
142496
143168
148240
148960
142459
153100
158855
152218
157709
153171
158771
152151
147399
141780
146605
140966
147453
141743
146554
153888
160612
154685
159577
154747
159661
153815
148131
143141
148870
142383
148916
142422
148073
153029
157632
158601
152020
158687
152088
152954
147339
140927
141656
146448
141701
146503
147277
125265
125717
119545
119911
125215
125766
119505
130396
136057
129760
135360
130388
136039
129769
124635
118888
124088
118376
124592
118835
124129
131016
137351
131646
136679
131632
136696
131026
125313
120117
125884
119677
125815
119707
125378
130408
135342
135992
129779
136016
129779
130410
124683
118565
118990
124226
119031
124174
124740
283120
291817
274928
282713
283397
291639
274708
282471
291568
273908
282470
282889
291302
273521
274305
266295
265655
259875
274646
266020
265488
291587
309893
300259
301765
300427
301846
291295
282853
282585
291345
274262
291477
274488
282618
281996
281806
290554
273001
290726
273148
281512
273920
259863
265629
265510
265783
265439
273566
251935
258865
244816
251559
251961
258845
244850
252219
259414
247788
253276
252163
259300
247899
245995
239346
241253
236227
245852
239497
241402
258991
274337
266236
266539
266306
266733
258864
251891
251537
258771
244905
258812
244869
251858
252337
253452
259304
248320
259244
248089
252504
246185
236444
239887
241911
239680
241642
246423
225892
232046
220100
226079
225783
232024
220189
227424
233512
224522
229632
227302
233666
224611
221898
215987
218187
213407
221764
216110
218267
231941
244732
238091
238415
238153
238322
232089
226013
226007
231913
220458
231985
220302
226179
227571
229804
234073
224865
233855
224735
227735
222066
213516
216431
218520
216260
218383
222264
209686
205053
200008
204147
205079
209571
199958
205985
211133
203158
207767
205836
211289
203318
201499
196225
197658
193841
201339
196356
197845
209923
220404
214738
215279
214854
215145
210032
205063
204024
209353
200020
209462
199958
205141
206155
207942
211698
203684
211477
203507
206344
201672
194019
196648
198259
196501
198048
201861
188240
185160
180164
182912
185133
188160
180188
186824
191945
184210
188374
186717
192053
184354
182478
177403
178652
175088
182386
177501
178802
190031
198688
193294
195194
193331
195131
190078
185195
182863
188075
180245
188104
180218
185236
186934
188537
192309
184607
192176
184482
187044
182575
175179
177649
179110
177585
178946
182673
165716
167412
160606
161986
165770
167324
160532
168539
173398
166542
170317
168495
173465
166620
164241
159021
161445
157585
164249
158980
161516
170543
177698
172420
175522
172475
175521
170516
165659
161900
167168
160388
167242
160459
165604
168554
170417
173567
166683
173519
166662
168547
164215
157569
158860
161567
158924
161546
164187
144638
145699
139207
140121
144699
145640
139160
148734
154351
147652
152059
148814
154278
147598
143680
138127
141665
137101
143745
138063
141610
149932
156521
151022
155260
151080
155325
149869
144587
140085
145543
139084
145589
139121
144544
148650
152019
154156
147450
154211
147523
148563
143623
137037
137940
141498
138003
141548
143575
122856
123442
117177
117748
122808
123487
117121
127412
133082
126717
131403
127424
133055
126704
122183
116212
120600
115841
122139
116139
120628
128325
134591
129125
133794
129123
133799
128328
122903
117933
123575
117264
123528
117317
122963
127405
131384
133041
126695
133042
126711
127391
122231
116013
116240
120723
116309
120670
122305
336236
336971
327376
329887
336131
337010
327310
344326
355170
342922
354270
344301
355455
343003
334710
325370
333008
323711
334644
325422
333086
344448
354734
346695
356756
346672
356376
344499
336357
329803
337383
327310
337155
327287
336533
344341
354067
355543
343044
355145
343023
344392
334759
323775
325594
333149
325503
333122
334817
304197
305833
295205
298548
303916
306060
295402
309129
317316
306690
315046
309099
317301
306696
301157
292820
298514
290446
301055
292920
298549
311615
321737
314804
320187
314759
320071
311564
304493
298779
306540
295609
306259
295561
304731
309148
315090
317424
306714
317349
306683
309215
301254
290477
293092
298619
293020
298574
301351
271262
272206
262999
265538
271086
272269
263071
276855
284821
274564
282480
276794
284912
274603
269035
261123
266765
259182
268936
261213
266833
278833
288743
281405
287668
281459
287557
278782
271480
265606
272543
263121
272427
263103
271643
276908
282518
285059
274688
284995
274635
276952
269122
259254
261337
266969
261281
266895
269204
241456
242682
233416
236269
241253
242778
233508
246256
253692
244132
251673
246164
253813
244218
239035
231454
236747
229479
238887
231556
236838
248155
257506
251031
256372
250971
256220
248135
241561
236318
243005
233507
242882
233541
241680
246319
251755
254009
244325
253924
244283
246351
239115
229511
231596
236948
231594
236906
239169
211885
212921
204323
206721
211934
212875
204219
216824
224228
214862
222118
216854
224274
214856
209759
202562
207676
200536
209783
202512
207662
218378
227735
221184
226593
221201
226552
218296
211849
206701
212958
204030
212906
204143
211883
216792
222132
224313
214815
224295
214836
216767
209733
200510
202401
207621
202465
207643
209717
184192
185338
176840
179180
184254
185302
176785
188615
195720
186613
193499
188681
195670
186584
181983
175108
179862
173183
182033
175069
179828
190268
199069
193030
197858
193059
197845
190166
184177
179153
185370
176624
185310
176721
184259
188562
193477
195588
186482
195630
186549
188489
181946
173145
174982
179726
175029
179793
181915
156671
157258
149715
151424
156668
157250
149685
161555
168415
160189
166610
161574
168394
160158
155171
148669
153850
147591
155176
148653
153827
162679
171158
164983
170315
165019
170278
162567
156707
151401
157349
149512
157278
149631
156810
161532
166579
168359
160071
168375
160120
161492
155166
147560
148583
153764
148626
153795
155165
131164
131318
124280
125527
131087
131372
124220
136187
142458
135355
141418
136177
142468
135367
130131
123781
129315
123289
130063
123716
129376
136894
144168
138593
143903
138626
143836
136725
131260
125776
131598
124344
131446
124456
131412
136193
141407
142475
135356
142472
135376
136169
130202
123564
123867
129483
123977
129431
130292
329044
331374
319648
321879
328940
331466
319717
335860
345410
332966
344027
335738
345932
333011
326420
316866
323249
313573
326354
316915
323267
338685
351850
341390
349903
341305
349398
338729
329087
321900
331546
319749
331497
319740
329123
335888
343654
346102
332917
345616
332954
335969
326431
313560
316872
323169
316907
323224
326447
293344
296036
285236
287973
293303
296057
285258
298691
307550
294981
304099
298619
307661
295043
290225
282166
286576
278650
290189
282180
286597
301800
312959
304325
310607
304325
310624
301774
293358
287988
296063
285297
296059
285262
293341
298738
304133
307657
295065
307686
295086
298713
290238
278648
282218
286607
282183
286599
290236
262206
264576
254790
257070
262195
264619
254802
266927
274439
263757
271042
266942
274436
263692
259512
252237
256518
249255
259541
252204
256427
269787
280083
272366
277464
272311
277414
269841
262228
257126
264725
254888
264662
254828
262281
266933
271034
274495
263713
274445
263671
266983
259511
249213
252239
256418
252200
256389
259554
232722
234789
225427
227533
232711
234846
225450
237680
244950
235097
242079
237719
244916
234979
230412
223222
227882
220651
230456
223189
227786
240141
249692
242330
247489
242281
247444
240181
232748
227552
234939
225492
234899
225470
232783
237672
242032
244953
234929
244914
234913
237704
230396
220623
223195
227739
223177
227731
230421
203687
205741
196686
198618
203685
205722
196695
208817
215968
206556
213512
208839
215932
206535
201795
194935
199690
193018
201821
194917
199685
210875
220176
212890
218097
212903
218087
210875
203676
198596
205674
196667
205695
196693
203662
208806
213494
215930
206549
215919
206533
208811
201774
193010
194887
199679
194906
199681
201770
176332
178008
169979
171461
176350
177985
169940
181450
188084
179987
186403
181451
188084
179978
174934
168673
173662
167446
174955
168625
173630
182985
191575
184648
189702
184700
189723
182943
176304
171414
177880
169779
177954
169887
176228
181445
186400
188068
179927
188085
179968
181404
174903
167378
168448
173510
168564
173591
174826
151503
152649
145577
146521
151534
152623
145557
156434
162489
155505
161355
156484
162429
155440
150493
144648
149632
143814
150528
144628
149590
157516
165018
158715
163475
158773
163575
157458
151463
146486
152543
145488
152589
145525
151406
156373
161269
162236
155265
162356
155365
156292
150451
143785
144565
149489
144602
149542
150400
127891
128411
122063
122410
127832
128475
122042
132981
138754
132309
138024
132970
138743
132317
127192
121394
126622
120987
127129
121364
126685
133728
140416
134484
139509
134488
139544
133713
127940
122715
128618
122374
128538
122374
127982
132996
138002
138684
132305
138720
132326
132985
127250
121340
121689
126767
121700
126728
127326
313279
319147
303420
309076
313188
319203
303470
316109
325836
308074
318924
316070
326320
308041
306490
297012
298935
289975
306478
297016
298907
323374
339456
329083
335196
329114
334957
323273
313293
309089
319020
303529
319127
303501
313294
316120
318478
326650
308001
325943
307975
316337
306487
289976
297055
298972
297005
298893
306564
277390
282333
269734
274527
277395
282336
269708
279725
288155
273259
281485
279718
288162
273262
271761
264229
265485
258051
271752
264225
265488
285536
299587
290643
294283
290633
294255
285556
277388
274515
282341
269758
282323
269708
277415
279735
281501
288201
273331
288157
273280
279770
271781
258058
264306
265583
264244
265504
271818
248419
252918
241735
245761
248537
252783
241595
250144
257060
244276
250995
250200
257033
244221
243387
236954
237786
231392
243485
236831
237701
255320
267050
259876
262437
259839
262378
255369
248371
245691
252740
241541
252720
241520
248403
250137
250988
257122
244352
257044
244207
250208
243330
231379
236803
237830
236750
237702
243402
221385
225018
214928
217911
221544
224861
214792
223986
230492
219432
225289
224137
230357
219334
217641
211517
213527
207671
217786
211426
213470
228026
238665
231726
234722
231724
234699
228039
221331
217847
224764
214751
224768
214743
221342
223933
225298
230288
219382
230267
219335
223953
217594
207672
211414
213523
211396
213478
217610
195379
197607
189293
191147
195449
197577
189231
199137
205265
196280
201930
199191
205195
196249
193111
187298
190657
185094
193156
187259
190639
201704
210927
204206
208144
204188
208133
201714
195347
191140
197583
189185
197573
189204
195342
199124
201929
205195
196257
205176
196250
199135
193092
185084
187229
190643
187243
190639
193090
171156
172475
165345
166369
171226
172425
165254
175680
181468
174090
179563
175736
181425
174038
169870
164240
168549
162929
169948
164147
168481
177115
184797
178536
183082
178579
183110
177059
171093
166289
172287
165028
172376
165164
170994
175640
179545
181370
173939
181402
173999
175580
169802
162848
163923
168329
164057
168422
169702
147957
148821
142345
143053
148015
148771
142307
152797
158510
151947
157391
152876
158414
151873
147153
141611
146390
140791
147214
141568
146333
153571
160283
154350
159145
154458
159290
153470
147898
143021
148660
142230
148717
142269
147839
152721
157311
158183
151745
158316
151806
152644
147094
140748
141486
146231
141527
146280
147036
125510
125951
119929
120314
125438
126024
119922
130425
135966
129784
135269
130422
135940
129781
124861
119240
124277
118738
124794
119215
124337
131050
137289
131692
136575
131693
136613
131033
125561
120684
126178
120348
126090
120301
125606
130436
135240
135868
129750
135909
129776
130431
124927
119106
119613
124430
119589
124386
125008
282227
291234
274000
282302
282400
291166
273842
280688
289979
272770
281132
280996
290148
272720
273252
265621
265590
260097
273316
265694
265701
290621
309414
299985
301442
299898
300944
290498
282145
282270
291168
274040
291118
273861
282225
280547
280741
290249
272003
289678
272564
280636
273369
260178
265928
265762
265806
265846
273697
252043
258718
245003
251417
251888
258682
245169
252882
259464
248571
254199
252692
259688
248792
246969
240091
242213
237064
246686
240272
242503
259095
274135
266274
266731
266123
266485
259337
252272
251514
258939
245542
258762
245364
252536
253036
254481
260250
248802
259951
248973
253094
247255
237122
240405
242995
240394
242801
247553
226591
231855
220634
225884
226373
231888
220826
228011
234305
224975
230430
227891
234540
225037
222701
216601
218661
213780
222480
216744
218792
232639
244747
238359
239146
238168
238989
232761
226802
225982
232171
221133
232010
221004
226977
228044
230626
235000
224686
234766
224996
227924
222914
213733
216747
219003
216808
218922
223156
205383
209311
200103
203919
205253
209338
200186
206674
211938
203852
208508
206527
212183
203957
202258
196776
198468
194455
202055
196881
198690
210458
220367
214845
215998
214771
215839
210542
205505
203954
209482
200282
209405
200252
205596
206737
208692
212681
203694
212419
203952
206674
202457
194414
196886
199123
196930
198903
202686
185322
188070
180266
182815
185278
188078
180281
187169
192437
184674
189096
187127
192566
184704
182866
177685
179240
175284
182767
177691
179370
190218
198664
193329
195444
193321
195396
190220
185365
182818
188111
180253
188095
180283
185393
187144
189249
192838
184305
192694
184614
187010
182976
175189
177527
179618
177652
179487
183125
165513
167103
160320
161680
165554
167046
160258
168455
173610
166662
170636
168513
173658
166618
164161
158785
161563
157383
164161
158705
161587
170407
177607
172234
175523
172299
175536
170327
165484
161613
166914
160148
166998
160203
165450
168362
170725
173844
166246
173727
166510
168189
164213
157241
158507
161796
158619
161644
164370
144472
145496
139048
139969
144505
145450
139007
148364
154114
147349
151927
148469
154098
147248
143536
137874
141452
136853
143542
137799
141430
149686
156270
150788
155129
150839
155136
149632
144449
139930
145377
138917
145409
138963
144440
148235
151944
154214
146794
154123
147085
148044
143571
136737
137586
141563
137713
141452
143695
123102
123628
117518
118068
123027
123699
117473
127337
133056
126695
131391
127380
133080
126661
122510
116483
120807
116164
122401
116412
120873
128315
134523
129130
133793
129138
133787
128277
123183
118436
123891
117826
123780
117851
123274
127274
131456
133266
126383
133134
126605
127122
122652
116426
116698
121153
116756
120972
122880
)
;

boundaryField
{
    inlet
    {
        type            zeroGradient;
    }
    outlet
    {
        type            fixedValue;
        value           uniform 0;
    }
    seabed
    {
        type            zeroGradient;
    }
    top
    {
        type            zeroGradient;
    }
    side1
    {
        type            zeroGradient;
    }
    side2
    {
        type            zeroGradient;
    }
    submarine
    {
        type            zeroGradient;
    }
}


// ************************************************************************* //
