/*--------------------------------*- C++ -*----------------------------------*\
  =========                 |
  \\      /  F ield         | OpenFOAM: The Open Source CFD Toolbox
   \\    /   O peration     | Website:  https://openfoam.org
    \\  /    A nd           | Version:  10
     \\/     M anipulation  |
\*---------------------------------------------------------------------------*/
FoamFile
{
    format      ascii;
    class       volScalarField;
    location    "3.8";
    object      p;
}
// * * * * * * * * * * * * * * * * * * * * * * * * * * * * * * * * * * * * * //

dimensions      [0 2 -2 0 0 0 0];

internalField   nonuniform List<scalar> 
12920
(
621248
699200
606977
643086
597201
593665
560358
540662
506710
476684
439959
403577
362999
322207
279515
237059
193808
151387
109137
56666
920892
745693
641808
649727
606832
598395
564467
544401
509339
479589
441773
404942
364011
322855
279977
237314
193915
151383
108952
56229.5
1.13261e+06
812768
681187
683215
625654
614161
572501
551225
513918
483363
444648
407446
365842
324350
281237
238398
194707
151736
108928
56025.3
463989
682345
654941
669884
630963
620608
579162
557753
520158
488799
449393
411379
369184
327162
283615
240126
195923
152473
109248
56110.1
446115
754419
716479
721703
656819
647113
594264
571804
529812
497243
456056
416942
373784
330902
286401
242141
197395
153743
109990
56542.6
933248
842586
759654
747266
681858
673523
618542
587175
542811
507334
465372
424134
379878
335492
290075
245081
199703
155261
111157
56896
1.09681e+06
1.01039e+06
799010
798286
719180
704942
643200
610933
563150
522325
476489
433603
387382
341553
295044
248896
202591
157482
112816
57748.4
1.15109e+06
1.01326e+06
825378
823592
742299
728509
677233
639229
595090
551869
507262
459845
410671
361226
301280
254026
207240
161496
115287
58943.8
968783
984013
879115
868303
787594
768125
717572
671529
624459
579398
533277
483597
432003
379416
320267
261860
213807
165858
118193
60328.5
922340
957009
872891
887223
815254
800865
754084
704623
655133
607229
555402
501957
448072
393266
332736
271416
220778
170731
121306
61762.2
928875
974907
914946
932270
865839
847113
798325
743166
688921
634178
578494
522726
466950
409387
345434
280923
228247
176055
124619
63046.4
564005
905919
916643
957082
911764
890858
841092
784785
725711
664316
602532
544840
486144
425724
359080
291807
236429
181862
128166
64467.9
725617
1.02214e+06
994653
1.03959e+06
987615
959665
895913
832313
761419
692884
625714
562928
500375
438702
366275
306221
246005
188053
131933
66035
996414
1.20147e+06
1.13397e+06
1.1502e+06
1.08146e+06
1.03331e+06
950543
878166
790901
719363
642946
576564
508570
444928
378600
316557
254583
194713
136406
68077.5
1.30159e+06
1.40806e+06
1.31448e+06
1.28254e+06
1.18265e+06
1.11512e+06
1.00743e+06
924092
826727
747087
665188
593267
521270
453995
386811
322675
259037
197749
138287
68897.6
1.57317e+06
1.65102e+06
1.50457e+06
1.4149e+06
1.26791e+06
1.17766e+06
1.05061e+06
961844
854881
772624
683126
608011
531259
462077
392600
327206
261984
199740
139234
69023.5
2.05774e+06
1.90405e+06
1.70234e+06
1.55805e+06
1.36388e+06
1.2472e+06
1.09298e+06
995660
877712
791670
696337
618334
538315
467382
396323
329889
263739
200903
139959
69301.6
2.41417e+06
2.20956e+06
1.85992e+06
1.6748e+06
1.42708e+06
1.29514e+06
1.1185e+06
1.01744e+06
891484
803400
704208
624893
542515
470699
398397
331580
264989
202147
141126
70376
2.61935e+06
2.34695e+06
1.98129e+06
1.76274e+06
1.49386e+06
1.34157e+06
1.1432e+06
1.03553e+06
900519
810691
708044
628078
544404
472030
399199
332239
265677
203256
142797
72132.1
2.76109e+06
2.42243e+06
2.03639e+06
1.80382e+06
1.51754e+06
1.36288e+06
1.16068e+06
1.0459e+06
906037
813801
709811
629466
545402
472812
399793
332734
266402
204208
144027
73872.2
534260
674221
607614
643263
596938
593528
560057
540753
506823
476983
440116
403715
363065
322203
279443
236952
193685
151294
109023
56445.4
794934
734941
636325
648803
604790
597706
564215
544491
509322
479649
441891
405111
364039
322850
279863
237202
193746
151274
108803
55707.4
958567
797600
679596
679706
625683
614196
572233
551234
513800
483486
444707
407518
365838
324262
281125
238294
194621
151608
108747
55159.6
389661
678061
651383
668270
631116
620917
578674
557733
519963
488916
449440
411430
369199
327117
283501
240025
195825
152350
109061
55173.8
620649
770636
721298
724331
659037
648808
594766
572362
529786
497433
456099
417047
373780
330859
286251
242041
197280
153592
109710
55447.4
834185
840562
759815
746162
678447
672282
617510
588144
543110
507599
465428
424184
379827
335365
289954
244973
199534
155085
110884
55900.2
965674
985806
794013
797581
717695
706394
642209
610504
562809
522415
476623
433501
387110
341182
294916
248781
202438
157281
112526
56749.3
895042
978811
828376
824036
741486
728989
677477
639151
595064
551858
507164
459809
410856
361399
301323
254023
207121
161249
114985
57946.9
940613
958994
885961
869032
787471
768444
718131
671390
624270
579405
532753
483261
431847
379521
319898
261885
213711
165666
117901
59327
882501
956927
874174
888375
813620
801368
754407
704263
654869
606915
554850
501697
447959
393148
332215
271456
220678
170482
120931
60723.4
837579
983557
913619
933468
864202
846048
797409
742665
688983
633815
578009
522808
467101
409496
345107
281136
228185
175790
124189
61931.5
554322
912436
910995
959028
912028
892765
842449
785125
725467
663572
602363
544813
486186
425798
359092
292104
236412
181616
127677
63144
691845
1.01459e+06
983039
1.03953e+06
987593
960652
896676
831918
760940
692786
625795
563117
500729
439030
366203
306227
246189
187938
131521
64659.8
999103
1.20298e+06
1.12884e+06
1.1511e+06
1.0812e+06
1.03367e+06
950361
877415
790314
719108
642959
576924
508865
444968
378705
316599
254474
194470
135892
66791.1
1.20244e+06
1.4116e+06
1.30956e+06
1.28419e+06
1.18342e+06
1.1162e+06
1.00638e+06
923991
826300
747076
665029
593293
521244
454070
386928
322783
258944
197457
137728
67297.2
1.73094e+06
1.68245e+06
1.50779e+06
1.41972e+06
1.2686e+06
1.17879e+06
1.05003e+06
962195
854632
772739
682925
608027
531198
462127
392611
327213
261817
199377
138670
67512.1
1.93414e+06
1.9041e+06
1.70152e+06
1.56009e+06
1.36396e+06
1.24788e+06
1.09243e+06
996058
877359
791749
696022
618325
538172
467340
396209
329814
263493
200507
139410
67869.9
2.36708e+06
2.2205e+06
1.86395e+06
1.67408e+06
1.42557e+06
1.29599e+06
1.11784e+06
1.01776e+06
890790
803360
703704
624765
542231
470540
398187
331448
264732
201813
140684
69110.4
2.44341e+06
2.34713e+06
1.98379e+06
1.76049e+06
1.49133e+06
1.34174e+06
1.14185e+06
1.03572e+06
899405
810489
707488
627832
544010
471734
398864
332035
265452
203048
142534
71338.6
2.79949e+06
2.43971e+06
2.03946e+06
1.80349e+06
1.51642e+06
1.36331e+06
1.15749e+06
1.04516e+06
904379
813404
709185
629140
545055
472608
399613
332611
266299
204112
143869
73629.9
388353
660007
612458
642544
596974
593158
560144
541161
507022
477413
440357
403952
363160
322214
279321
236773
193479
151104
108808
56001.5
795309
730769
631501
647160
603658
597725
563969
544698
509553
480146
442289
405563
364196
322865
279669
236992
193513
151064
108563
54526.2
849206
801293
678717
679213
625640
614442
572053
551499
513840
483935
444976
407925
365922
324302
280918
238077
194390
151346
108399
53537.5
428458
692289
647608
668985
631868
622276
578187
558032
519800
489296
449627
411720
369288
327140
283230
239801
195601
152121
108644
53348.6
621653
771201
723461
727277
661614
650637
595280
573406
529773
497790
456197
417254
373748
330764
286034
241882
197079
153282
109166
53581.1
801849
836569
757481
746306
675931
671146
615837
589237
543405
508026
465483
424292
379743
335247
289805
244816
199260
154748
110419
53947.5
869711
960238
784904
795450
714723
708242
640918
610323
562455
522715
477016
433544
386989
340975
294844
248672
202234
156951
112048
54741
944976
974603
839900
826800
741232
729475
677760
638203
594540
551412
506633
459567
411067
361704
301662
254136
206947
160809
114470
55917.3
784915
938926
891270
871330
787917
768396
718999
671360
624002
579277
532047
482794
431574
379288
319189
261975
213458
165255
117368
57273.6
929090
966552
881669
890567
811949
801655
754913
703714
654533
605864
553836
501376
447864
393109
331643
271313
220484
170025
120208
58602.1
941965
1.01542e+06
923289
937888
862778
845223
796013
741957
688478
630388
577623
523377
467516
409748
344992
281449
228101
175365
123366
59729.7
614496
939994
905082
963256
913805
895442
844044
784800
724527
662810
602191
544723
486258
426104
359577
292589
236471
181180
126789
60743.9
606332
1.03397e+06
981852
1.04292e+06
988439
962446
898198
830609
760230
692589
625941
563332
501210
439378
366179
306383
246376
187710
130757
62117.2
945139
1.20488e+06
1.13306e+06
1.15396e+06
1.08142e+06
1.03453e+06
949865
876301
789538
718426
642891
576983
509014
444797
378869
316685
254317
193979
134812
63905.5
1.1317e+06
1.4215e+06
1.29849e+06
1.28557e+06
1.18362e+06
1.11722e+06
1.00489e+06
923711
825763
747093
664818
593325
521239
454225
387111
322962
258818
196934
136615
64496.3
1.79138e+06
1.70085e+06
1.51061e+06
1.42395e+06
1.26883e+06
1.17997e+06
1.04889e+06
962567
854169
772857
682658
608131
531150
462240
392631
327271
261542
198745
137482
64760.3
1.88465e+06
1.89891e+06
1.69626e+06
1.56338e+06
1.36433e+06
1.24903e+06
1.09143e+06
996549
876713
791864
695589
618407
538012
467328
396006
329707
263148
199899
138413
65209.3
2.2714e+06
2.19546e+06
1.86352e+06
1.67189e+06
1.42698e+06
1.29649e+06
1.11737e+06
1.0185e+06
889928
803421
702923
624658
541817
470365
397857
331232
264364
201311
139867
66646.1
2.61501e+06
2.33994e+06
1.99736e+06
1.75788e+06
1.49322e+06
1.33965e+06
1.14292e+06
1.03607e+06
898306
810417
706513
627554
543469
471399
398384
331764
265160
202766
142089
69678.9
2.82902e+06
2.44659e+06
2.047e+06
1.80209e+06
1.51743e+06
1.36232e+06
1.15445e+06
1.04428e+06
902266
812863
708107
628601
544482
472252
399291
332394
266126
204000
143665
73090.6
486597
653916
607593
641166
595809
592981
560205
541577
507283
477903
440688
404267
363271
322177
279114
236550
193252
150912
108600
55314.2
588260
730309
617263
643728
602860
597958
563736
545051
509849
480936
442888
406291
364358
322836
279329
236693
193195
150773
108288
52442.2
729331
774875
667479
674934
625095
615117
571938
552105
513907
484565
445208
408374
365923
324187
280512
237791
194118
151060
107895
50760.8
248587
727370
635651
672292
632754
623737
577853
558730
519629
489891
449750
411948
369277
327067
282839
239550
195336
151832
108146
50338.9
682547
788749
725546
731085
663890
652406
595572
574437
529808
498186
456258
417399
373702
330697
285769
241663
196785
152880
108777
50524.6
801011
825594
758383
747464
676793
670488
614137
590121
543729
508495
465533
424433
379730
335208
289667
244647
198914
154332
109805
50763.7
691500
935873
780022
793672
712516
709681
639530
610555
562290
523307
477765
434078
387477
341362
294911
248608
201998
156546
111357
51500
958830
962337
844053
827307
738682
729674
676813
636715
594032
550633
505680
458876
410707
361450
302340
254346
206769
160377
113847
52645.7
790764
929761
894759
872293
787624
766327
719238
671284
623673
578518
531064
481906
430863
378716
318945
262414
213296
164809
116666
53946
988482
991132
887671
893632
811085
800832
754221
703600
654228
604652
552868
501008
447913
393251
331756
271420
220190
169403
119476
55161.7
1.06409e+06
1.03839e+06
925097
939213
862363
844303
794266
741353
687861
630807
576892
523214
467587
409961
345347
281936
228050
174873
122422
56204.3
624814
953181
899989
967145
913646
896418
843832
784399
723731
662393
602274
544730
486466
426611
360715
293227
236537
180705
125810
57203.5
547393
1.01279e+06
976964
1.04516e+06
988762
964004
899388
828885
759819
692354
626109
563583
501539
439797
366430
306341
246335
187288
129839
58496.8
1.03019e+06
1.21131e+06
1.1401e+06
1.15732e+06
1.08108e+06
1.03535e+06
949006
875823
789069
717803
642876
576571
508792
444490
378938
316665
254101
193308
133508
60233.6
1.13806e+06
1.42258e+06
1.29636e+06
1.28813e+06
1.18319e+06
1.11754e+06
1.00358e+06
923465
825449
747273
664712
593391
521226
454339
387225
323006
258620
196301
135363
60745.7
1.88169e+06
1.72414e+06
1.52086e+06
1.42749e+06
1.26909e+06
1.18093e+06
1.04798e+06
962922
853919
773128
682452
608316
531016
462330
392584
327270
261282
198121
136345
61002.3
1.84528e+06
1.90091e+06
1.70725e+06
1.56869e+06
1.3655e+06
1.25023e+06
1.09078e+06
997159
876246
792163
695171
618592
537719
467351
395794
329623
262906
199312
137280
61497.2
2.60815e+06
2.2097e+06
1.87769e+06
1.67389e+06
1.43027e+06
1.29591e+06
1.11961e+06
1.0191e+06
889238
803619
702115
624689
541364
470322
397447
331116
264138
200811
138879
62979.2
2.46585e+06
2.31875e+06
2.0051e+06
1.75768e+06
1.49532e+06
1.33903e+06
1.14528e+06
1.03587e+06
897853
810590
705541
627468
542988
471151
397864
331552
264883
202510
141638
66818.6
2.79858e+06
2.47163e+06
2.0685e+06
1.80147e+06
1.51903e+06
1.36121e+06
1.15498e+06
1.04436e+06
900683
812602
706789
627985
543789
471833
398921
332182
265996
203949
143502
72160.3
458203
634995
605877
639671
594915
593211
560253
541938
507507
478358
440963
404566
363304
322108
278906
236331
193064
150793
108578
54623.3
497118
701391
614040
640931
603068
598582
563777
545639
510200
482002
443549
407180
364410
322759
278880
236342
192856
150533
108290
49480.3
568978
768166
657688
674642
624353
616355
571678
553208
513951
485384
445335
408926
365812
324072
280064
237509
193814
150791
107940
46869.2
351100
703377
630987
675670
633149
625576
577496
560003
519414
490777
449721
412088
369288
327104
282427
239319
195073
151589
108229
46226.3
698549
789029
729199
734879
665967
653604
595969
575337
530206
498425
456443
417465
373746
330744
285545
241480
196517
152541
108744
46370.6
792299
806333
757337
749741
678376
668495
615054
590119
544735
508778
465923
424557
379870
335243
289737
244665
198610
154001
109816
46500.9
635761
944041
780044
793045
713834
707460
641213
611003
563095
524309
478727
435062
388363
342128
295312
248760
201842
156225
111285
47227.4
790680
945341
847867
828809
739234
728111
676277
637509
594089
550676
505165
458271
410200
361082
303463
254624
206622
160037
113830
48291.2
735684
943258
890705
869338
787813
764849
719251
671227
623623
577749
529967
480968
430239
378407
319353
263333
213172
164433
116577
49521.7
1.16683e+06
1.01307e+06
897594
894290
812555
800277
752916
703980
654049
603923
552547
501012
448122
393442
332559
272308
220169
168929
119203
50688.8
1.22042e+06
1.0688e+06
926940
940356
864008
843615
792767
741211
687576
632016
576736
522813
467674
410162
346075
282737
228184
174530
121830
51692.8
531727
962443
894168
970005
913815
896072
842772
784264
723502
662313
602440
544841
486736
427107
362161
293878
236704
180462
125005
52718.2
609082
1.01279e+06
989791
1.05053e+06
989944
964846
898777
829321
759819
691875
626136
563534
501637
440229
366775
306176
246270
187009
128883
53970.1
1.0349e+06
1.2003e+06
1.14406e+06
1.15982e+06
1.0812e+06
1.03514e+06
948579
875841
789447
717695
643126
575934
508262
444141
378774
316474
254005
192857
132562
55215.5
1.09288e+06
1.43763e+06
1.28917e+06
1.29034e+06
1.18269e+06
1.1164e+06
1.00429e+06
923092
826023
747529
665101
593524
521293
454247
387251
322915
258577
195964
134409
55838.8
1.83893e+06
1.74055e+06
1.51992e+06
1.42815e+06
1.26959e+06
1.18129e+06
1.04895e+06
962878
854414
773148
682637
608445
531073
462314
392635
327276
261315
197759
135306
56194.7
1.9501e+06
1.90836e+06
1.70431e+06
1.56924e+06
1.36661e+06
1.24887e+06
1.09209e+06
997028
876914
792172
695355
618669
537779
467407
395819
329688
262936
199012
136211
56722.3
2.60887e+06
2.20099e+06
1.88148e+06
1.67371e+06
1.4315e+06
1.29578e+06
1.12156e+06
1.01894e+06
890142
803601
702461
624672
541561
470484
397449
331241
264111
200567
137975
58460.7
2.4657e+06
2.31257e+06
2.01508e+06
1.75784e+06
1.4972e+06
1.33898e+06
1.14695e+06
1.03552e+06
899023
810646
705791
627747
543201
471233
397506
331535
264718
202430
141551
62963.2
2.8157e+06
2.46817e+06
2.07366e+06
1.80106e+06
1.51983e+06
1.36101e+06
1.15666e+06
1.04417e+06
900736
812648
705499
627423
543068
471450
398567
332008
265914
203993
143627
71154
566953
624919
584872
604924
566084
624221
584117
514507
570942
533063
553050
514126
570285
533059
591680
655334
610327
629810
591073
654928
610216
538755
595847
553456
577139
538749
595891
553517
682868
743546
707946
717962
683171
743902
707709
636546
695782
659359
671410
636372
695535
658994
591555
647234
611852
624309
591087
646999
611819
544947
600058
562930
579346
545098
600030
562504
496894
549836
510560
532926
496715
549494
510305
445957
497327
457455
483382
445784
497135
457271
393724
444017
403309
431923
393633
443829
403191
340354
389689
348671
379513
339964
389528
348312
716801
785173
745411
754353
716635
785085
745385
667497
732518
693286
704394
667224
732487
693203
619036
680425
640334
654961
619060
680179
640323
568710
627290
586577
607050
568337
627121
586266
515388
572677
531052
555074
515147
572372
531002
461643
517182
475916
501781
461551
517288
476018
407025
462014
419553
447991
406973
462100
419606
351793
405244
361901
393181
351498
405267
361598
756662
829327
788651
798003
756103
830295
788632
702310
774598
731260
742831
702462
774397
731141
647995
717085
672549
689056
647836
716758
671814
592598
656962
611081
633996
592268
656337
610944
536580
596475
553528
578185
536537
596283
553493
481027
539475
496217
522785
481117
539447
496240
423901
481502
436821
467034
423976
481543
436878
365675
421768
376148
409451
365412
421809
375899
799162
877546
836273
842578
799551
878496
836597
740774
820120
770083
785061
740669
820039
769808
680019
752025
703814
725605
679552
751878
703787
617337
686190
638200
663826
617280
686072
638083
559118
621091
576977
602426
559099
621098
576959
501057
560321
515691
544831
501081
560366
515660
440974
499028
453849
486176
441017
499086
453699
379868
437090
389543
425757
379713
437122
389524
683352
743934
707615
718999
683688
744361
707338
636320
695416
658858
671350
636009
695086
658562
591045
646885
611780
624088
590985
646619
611418
545065
599925
562233
579362
544663
599287
561431
496589
549265
510171
532235
496132
548593
509669
445651
497019
457192
482925
445270
496617
456931
393531
443755
403138
431708
393278
443522
402997
339784
389463
348187
379442
339038
389299
347659
716528
784772
745272
755012
716166
784392
744829
667108
732398
693120
703829
666767
732006
692779
619028
680037
640231
654614
618580
679630
639637
568074
626949
586068
606179
567259
625288
585318
515030
572180
530970
554119
514630
571512
532260
461515
517320
476083
501450
461404
517777
476402
406952
462164
419649
447878
406924
462466
419843
351397
405296
361537
393101
350949
405452
361221
755882
830255
788477
796545
755220
831516
787924
702415
774242
731035
742131
702103
773726
730546
647697
716594
671548
688629
646966
715925
670798
592081
656098
610829
631712
591673
655499
610434
536497
596158
553478
577673
537897
595875
553447
481178
539420
496244
523246
481491
539349
496277
424032
481562
436919
467423
424275
481651
437104
365396
421846
375866
409683
365212
422025
375702
799579
878617
836657
844113
799544
881078
836598
740575
819760
769514
784921
739988
818999
768513
679294
751744
703738
724768
678587
751078
703450
617227
686015
638043
662969
617018
685747
637834
559094
621122
576951
602209
559085
621120
576744
501078
560394
515643
544741
501061
560274
515321
441055
499128
453668
486230
441248
499072
453571
379737
437185
389682
426006
379780
437438
389963
683783
744213
707270
719399
684060
743983
707263
635874
695017
658492
671341
635394
695027
658337
590951
646543
611204
623748
590608
646323
610477
544455
598999
561158
578765
543689
598121
560312
495930
548336
509512
531393
495267
547524
509070
445059
496479
456844
482211
444468
496071
456671
393095
443451
402969
431091
392563
443337
402984
338867
389268
347605
378850
338267
389274
347396
716059
783994
744654
754664
715862
783128
744130
666684
731856
692663
703572
666510
731445
692346
618332
679505
639444
654302
617537
679170
638809
599180
593066
612535
605539
599470
592729
612231
546098
540750
559539
553560
546327
540504
559273
461373
518061
476495
501099
461330
518120
476531
406935
462552
419911
447877
407036
462643
420043
350932
405512
361292
393210
350768
405667
361219
754999
831326
787771
794898
754378
831068
787412
701970
773605
730336
741478
701555
773241
729695
646781
715664
670586
687997
646102
714935
670068
624344
619188
639267
632199
625062
621361
638784
570578
563293
583761
578708
570228
563905
583826
481593
539347
496303
523417
481627
539374
496385
424346
481692
437179
467597
424485
481819
437432
365311
422102
375808
409907
365299
422378
376024
799473
881158
836513
844200
799214
882468
836568
739743
818722
768198
784482
739115
818159
767493
678394
750868
703351
723888
677958
750381
702987
616954
685675
637759
662465
616892
685395
637358
559093
621135
576669
602236
559135
621029
576320
501065
560256
515243
544717
501152
560130
514991
441339
499106
453670
486402
441681
499283
454258
379964
437618
390288
426471
380389
438349
390939
684105
743695
707313
719556
684291
743552
707601
635202
695088
658301
671236
634972
695497
658269
590435
646256
610246
623594
590145
646138
609733
543355
597860
560058
577890
542548
597272
559537
494953
547298
508948
530208
494245
546869
508823
444189
495970
456664
481177
443587
495868
456733
392339
443346
403016
430380
391974
443426
403123
338295
389303
347534
378482
338389
389388
347692
715863
782580
743974
753405
715961
781663
743687
666475
731335
692273
703860
666440
731222
692147
617299
679084
638730
654066
616744
678909
638587
565864
624041
584058
604029
565460
624849
584035
514031
570358
532050
552581
513997
570486
530602
461350
517691
476494
500987
461483
517221
476528
407080
462649
420096
448075
407235
462721
420291
350942
405730
361444
393402
351152
405916
361678
754201
830561
787317
793154
753875
829565
787181
701432
773147
729515
741182
701205
773037
729205
646049
714747
669943
687608
646061
714433
669721
590632
654820
610234
632030
590389
654642
610320
537779
595917
553534
576690
536296
596002
553613
481578
539378
496411
522796
481609
539422
496525
424528
481862
437527
467642
424692
482021
437822
365521
422487
376313
410133
365719
422815
376801
799126
882376
836546
843252
798981
882990
836443
738948
818038
767315
784255
738671
817835
767191
677869
750313
702912
723503
677759
750289
702921
616914
685366
637262
662297
617012
685336
637283
559156
621043
576244
602394
559265
621156
576364
501200
560178
515129
544813
501367
560455
515646
441812
499467
454564
486677
442190
500117
455445
380708
438698
391374
427015
381290
439631
392214
684165
743431
707719
718184
683961
743190
707865
635139
695641
658310
671365
636014
695792
658563
590122
646149
609650
623918
590197
646332
609659
542357
597167
559458
577709
542261
597168
559492
494094
546801
508816
529732
494036
546832
508816
443436
495867
456764
480749
443474
495851
456769
391990
443458
403177
430084
392080
443464
403240
338751
389421
347976
378377
339113
389491
348354
716033
781307
743686
752554
716249
781338
743948
666466
731259
692153
704196
666654
731462
692299
616651
678892
638537
654204
616662
679014
638577
565402
624805
584025
603919
565455
624885
584141
514027
570527
530617
552613
514065
570670
530725
461526
517230
476563
501031
461524
517277
476457
407291
462758
420330
448122
407350
462632
420271
351444
405951
362038
393497
351684
405917
362238
753865
829033
787191
792736
754106
828653
787355
701194
773074
729174
741390
701318
773263
729309
646044
714407
669710
687689
646134
714482
669790
590410
654639
610362
632128
590531
654764
610534
536328
596045
553625
576920
536402
596156
553661
481644
539417
496565
522805
481527
539425
496500
424722
482070
437888
467545
424668
482001
437875
366044
422891
377221
410136
366173
422904
377490
799009
882774
836384
842262
799134
881905
836421
738662
817960
767348
784405
738841
818335
768159
677770
750436
703151
723586
677865
750786
703255
617057
685455
637464
662453
617283
685950
638025
559310
621301
576614
602571
559348
621776
576975
501414
560662
515878
544841
501406
561131
516331
442281
500364
455709
486705
442298
500660
455953
381701
439793
392820
427131
381933
439877
393271
585737
580016
572827
566652
586085
579685
572513
604208
618282
612532
625664
604848
617784
611285
591202
578534
598678
583476
591745
578196
597125
598873
605223
592084
611641
592399
611933
598521
585406
566357
579065
571941
579363
572205
585113
603961
625473
617399
611744
617476
611430
603942
590888
583136
577665
597744
577898
596793
590796
532829
527604
519936
514391
533067
527410
519859
552208
565223
557095
569354
552159
565035
555454
539872
526562
543735
531922
539451
527072
542515
545871
553292
540077
558766
540271
559004
545689
532645
514258
527076
519585
527230
519720
532558
552052
569085
564501
556616
564795
555177
551601
539762
531943
526402
543324
527087
542217
539128
611137
605901
597625
592924
611480
607677
597515
632448
647701
640083
655187
632705
647533
639927
617792
603679
625048
610249
618057
603552
624897
624240
632009
618630
638661
621793
638545
624563
610978
592991
605171
597396
607724
597429
611020
632280
655052
647203
639715
647362
639805
632208
617652
610214
603526
624748
603507
624796
617635
558047
549753
543461
536555
557018
549343
544018
575809
589582
581653
595848
575733
589591
581699
562045
547990
567541
553476
561944
548039
567584
570647
578698
562940
583738
563759
583815
570380
558028
536182
549380
543711
548723
544106
557324
575840
595865
589622
581763
589605
581736
575840
562049
553496
548062
567634
548049
567613
562038
661096
693623
674064
677394
661087
693989
674335
618588
654132
630540
639132
618670
654060
630074
574191
608593
585028
595116
574096
608443
585103
530991
564016
539457
551914
531017
563779
539299
485187
517389
492811
507273
485187
517341
492723
437395
469321
443720
459819
437374
469202
443538
388282
418901
393078
410729
388258
418752
392844
339163
367776
341494
361283
339021
367601
341195
739355
782767
755052
768068
739369
782906
754981
714665
706193
728218
717578
706235
728198
714629
667035
660374
679646
671489
660372
679648
667087
620032
614161
632242
624415
614060
632196
620073
573996
568295
586367
579378
568237
586421
573987
526321
521877
539355
533241
521838
539238
526390
475497
471880
488769
483556
471857
488738
475542
423174
420192
436721
431979
420173
436679
423265
369592
367389
383358
379440
367384
383340
369637
298246
327432
300977
320183
297974
327323
300719
772693
822003
796486
801168
772921
822113
796352
750762
741088
763158
754045
741084
763174
750728
700880
692216
713656
704568
692166
713582
700951
650580
642868
663131
655107
642862
663106
650535
601182
594854
613940
607197
594814
613939
601233
547597
542113
561105
555352
542071
561047
547637
493239
488542
506784
501918
488520
506766
493229
438706
434445
452461
448050
434429
452459
438704
383108
379479
397118
393248
379442
397104
383143
306481
338809
312069
332546
306390
338598
311972
820249
866103
841605
846948
820173
866365
842187
794948
783812
808401
798163
783732
808252
794998
739937
729630
754207
743093
729596
754006
740003
684662
675367
698515
688994
675514
698497
684608
627180
620429
641801
634171
620384
641698
627233
570174
564434
584417
578442
564391
584353
570226
514412
508882
528358
522742
508905
528368
514399
457444
452704
471868
466962
452719
471883
457427
398796
394809
413567
409397
394807
413575
398797
318438
352208
323889
345285
318415
352044
323800
864287
913493
892057
891704
865445
914263
893065
838390
827082
851584
841122
827240
851869
838197
781013
770302
795789
784865
770362
795883
780944
718776
710716
734645
725708
710690
734632
718797
655413
648457
671776
664232
648368
671702
655484
593881
587946
608729
602516
587929
608721
593881
535449
530443
550187
544846
530451
550192
535441
475480
471184
490728
486152
471190
490736
475480
413954
410412
429623
425723
410413
429623
413948
329659
363777
337761
359059
329619
363643
337582
865104
920145
893509
896297
865235
920567
894061
795286
854501
818026
832186
795022
854371
817831
726226
777927
745309
761236
726197
777721
745249
657824
706031
672223
692850
657728
705934
672064
593957
636292
607293
625747
594003
636250
607237
531139
571698
541899
563021
531171
571676
541698
469096
507184
478408
500535
469187
507187
478313
407097
444467
415371
438847
406861
444495
415201
661159
694458
674826
678273
661499
695322
675469
618745
653855
629570
638717
618503
653689
629039
574174
608241
585107
594843
574142
608053
585056
530991
563612
539145
551661
530862
563359
538916
485140
517220
492496
506977
485040
516980
492160
437331
468974
443212
459755
437309
468663
442820
388216
418528
392556
411019
388222
418303
392271
338987
367472
341054
361618
338826
367445
340750
739716
783403
754533
768590
739689
783895
753856
714896
706755
728495
718484
714845
706969
728742
666548
660209
679545
671355
666647
660115
679516
619835
613823
632088
624195
619890
613788
632016
573877
568556
586393
579401
573916
568599
586361
525758
521582
538769
532578
525933
521459
538609
474957
471601
488466
483154
475135
471495
488327
422646
419952
436419
431824
422775
419905
436318
369238
367190
383267
379563
369359
367140
383218
297580
327042
300464
319566
297162
326715
300095
773052
821288
795794
801920
773022
821321
795091
750661
741078
763218
754704
750654
741114
763486
700576
691814
713336
704107
700674
691659
713224
650482
642783
662926
654780
650527
642728
662855
600433
594268
613619
606717
600706
594018
613394
547017
541654
560601
554631
547208
541461
560370
493265
488387
506728
501616
493263
488330
506713
438740
434359
452471
447927
438726
434336
452482
382976
379279
397054
393122
382998
379233
397051
306349
338330
312076
331871
305963
338109
311757
819518
866820
842427
846193
818795
868143
843094
793899
782747
807907
797260
794239
782379
807958
739255
729273
753089
742500
739432
729130
752850
684415
675401
698448
688891
684580
675287
698328
626514
619916
641158
633566
626751
619685
640869
569827
564035
583940
577837
569891
563860
583798
514488
509021
528400
522831
514460
509074
528432
457666
452862
472006
467199
457587
452961
472083
398868
394833
413673
409553
398831
394855
413734
318572
351860
323927
345007
318433
351770
323788
866126
915407
894652
894936
867634
917318
896450
840068
828122
853505
843447
839664
828348
854702
781038
770421
796473
785110
781191
770354
796456
718340
710266
734360
725257
718508
710015
734198
654803
647842
671165
663341
654956
647690
670954
593807
587764
608721
602298
593838
587718
608722
535389
530423
550173
544791
535426
530393
550151
475511
471243
490763
486196
475499
471271
490764
414104
410472
429719
425853
414037
410523
429785
329874
363669
337973
359266
329912
363811
337967
865353
920454
894957
897981
865991
921514
896304
794540
854039
817402
831430
793785
853442
816772
726135
777357
745140
760581
726042
776886
744979
657590
705767
671829
692689
657416
705507
671645
594032
636183
607138
625863
594064
636064
606976
531168
571643
541394
563223
531180
571538
541060
469292
507220
478216
500963
469423
507217
478059
406862
444624
415563
439203
406574
444750
415458
662075
695336
675985
677953
662930
696339
676659
618251
653411
628451
637297
617873
653089
627798
574141
607878
584998
594306
574295
607780
584959
530687
563145
538559
551060
530497
562981
538113
484819
516691
491787
506233
484608
516448
491517
437194
468349
442394
459317
437161
468177
442085
388134
418182
392149
411000
388102
418242
392114
338937
367550
340910
361695
338829
367765
340749
739513
783735
752802
767704
738741
783607
751450
715136
707617
728910
719230
715050
707828
729071
666355
659899
679538
671375
666389
659831
679587
619493
613733
631799
623910
619578
613696
631743
573248
568393
586080
579149
573472
568225
585909
524743
520957
538008
531868
525032
520773
537759
474096
471017
487816
482667
474328
470859
487627
422040
419548
435954
431458
422207
419438
435813
368640
366716
382972
379164
368796
366568
382863
297071
326461
300128
318992
296913
326411
299939
772343
820449
793923
801628
771234
820545
792519
750285
741067
763370
755009
750386
741013
763470
700096
691308
712800
703630
700194
691235
712679
650134
642493
662621
654452
650246
642388
662542
506714
501307
506731
493336
488142
493309
488092
438855
434308
452547
447855
438819
434319
452575
383028
379189
397105
393131
382995
379208
397144
306111
338048
311999
331584
305889
338101
311814
817509
868414
842703
845215
815994
869360
841886
792367
781306
807043
795775
792722
780953
806864
738580
728668
752281
741789
738747
728511
752103
683393
674850
697728
688315
683657
674675
697480
528888
523181
529068
514800
509408
514716
509471
458002
453256
472348
467577
457935
453318
472412
399090
395001
413947
409808
399035
395056
414010
318762
351840
324169
345094
318537
352076
324054
867818
917957
897336
896568
867619
918993
897927
841009
828548
855811
844342
840841
828530
856290
780288
769903
796217
784677
780494
769752
796117
717416
709276
733477
724295
717631
709048
733242
647263
662672
647145
654322
670502
654420
670388
587722
602190
587753
593775
608724
593765
608735
544714
535217
530304
550060
535250
530294
550040
475686
471407
490803
486296
475615
471472
490845
414649
410798
430114
426215
414473
410924
430270
330432
364192
338657
360049
330552
364692
338894
866566
921529
897442
899583
867448
922612
898483
792792
852797
816191
829732
791761
851886
815682
725960
776432
744856
759957
725915
776018
744799
657210
705266
671594
692481
656901
704921
671511
594079
635984
606815
626018
594115
635841
606623
531186
571505
540975
563472
531101
571417
541023
469536
507321
478118
501397
469600
507428
478277
406794
445009
416075
439583
406598
445295
415932
663563
696025
677130
676969
663063
696523
676628
617573
652791
627195
637194
617602
653165
627052
574631
607877
584992
593955
575136
608231
585047
530298
562877
537671
550421
530212
562869
537389
484319
516353
491423
505454
484140
516443
491487
437048
468156
441897
458601
436997
468228
441846
387898
418429
392140
410511
387767
418665
392183
339100
368016
341057
361321
339034
368280
340923
737552
782738
749770
766101
736478
782545
748754
715511
708403
728962
719445
715391
708694
729108
666132
659573
679812
671262
666204
659507
679890
619213
613587
631606
623634
619261
613586
631601
572103
567529
585300
578297
572404
567303
585096
523557
520001
536949
530773
523847
519763
536690
473073
470103
486983
481659
473313
469896
486775
421336
418873
435366
430705
421500
418716
435220
368129
366077
382506
378648
368230
365998
382417
297379
326578
300313
319078
297708
326948
300260
769539
819614
790721
801012
768100
820048
789274
749478
740543
762670
754080
749706
740297
762568
699916
691157
712474
703662
699925
691196
712466
649666
642006
662316
654156
649779
641891
662251
591806
611363
598207
597962
604408
591564
611135
539938
558617
545595
545540
552735
539847
558522
506381
493095
487900
500971
493134
487894
506313
439038
434419
452665
447963
438982
434473
452713
383231
379323
397296
393290
383184
379362
397347
306283
338325
312272
332117
306299
338679
312318
813975
868900
840299
844432
812368
869594
838821
790883
779756
805438
793932
791232
779373
805113
738017
728114
751656
741256
738127
728030
751562
682590
674181
696824
687749
682740
674060
696668
617493
638990
624849
625012
631988
618031
639249
563148
583573
570023
569782
576747
562963
583432
528808
514628
509309
522882
514720
509176
528618
458126
453396
472458
467591
458104
453410
472466
399372
395246
414178
410023
399292
395310
414248
319046
352498
324680
345642
319069
353017
324761
866408
918856
897617
896983
865221
919515
897222
841108
828171
856242
843739
841123
828032
856276
779673
769359
795831
784330
779783
769268
795775
716981
708542
732743
723613
717029
708450
732672
646968
654133
670167
662338
654152
646948
670145
587872
593918
608826
602313
593869
587917
608873
535281
530324
550082
544751
535235
530350
550137
476158
471726
491102
486533
476024
471822
491214
415485
411397
430833
426753
415281
411564
431030
331268
365394
339971
361462
331445
366011
340446
867715
922194
898643
899909
867254
921969
897627
790821
851253
815687
828781
790456
851389
815945
725934
775828
744937
759795
725901
775821
744992
656463
704740
671617
692122
655972
704716
671722
594144
635785
606550
626158
594089
635678
606602
530868
571477
541317
563597
530573
571545
541538
469694
507663
478852
501640
469718
507848
479307
406947
445780
416733
440017
406790
446134
416903
662446
695639
675970
676003
661961
695592
676101
618254
653435
628035
637910
618441
653812
628862
575292
608602
584906
594218
575319
608871
584946
530157
563155
537523
550886
530308
563359
538073
484151
516649
491529
505090
484141
516781
491464
436800
468360
441887
458330
436710
468539
442140
387641
418904
392247
410195
387609
419052
392284
339583
368500
341476
361184
339490
368743
341464
736010
781531
748913
765555
736465
781684
749624
715483
708504
729278
719062
715757
708144
729348
666221
659610
680109
671215
666123
659744
680158
619163
613775
631757
623740
619152
613832
631846
571436
566757
584703
577737
571470
566727
584699
522940
519115
536087
529855
522987
519029
536046
472629
469284
486389
480856
472635
469220
486384
421179
418410
435061
430168
421147
418420
435101
368042
366053
382397
378385
368024
366108
382448
298825
327407
300819
319713
298910
327848
300740
767871
819050
789177
801022
768033
819603
789420
748773
739626
761639
752995
748829
739568
761844
700136
691424
712642
704082
700064
691501
712735
649446
641672
662140
654072
649451
641660
662148
597587
591103
610721
603876
597592
591065
610696
545529
539775
558409
552551
545506
539798
558429
493164
487967
506305
501027
493136
487987
506329
439262
434648
452884
448150
439236
434683
452902
383445
379536
397526
393474
383428
379561
397547
307060
339093
313086
332908
307075
339497
313146
812183
868611
838074
844045
812255
868621
837677
790142
778516
803954
792860
790146
778484
804015
737969
727983
751516
741270
737932
728022
751569
682331
673851
696423
687589
682346
673846
696422
625197
617939
639436
632027
625151
617978
639479
569605
563211
583290
576796
569580
563298
583304
514595
509177
528413
522828
514591
509193
528411
458244
453524
472554
467664
458245
453517
472550
399594
395479
414408
410162
399579
395481
414414
319829
353521
325562
346452
319817
353869
325522
864069
918607
896155
896124
864057
919145
896614
840990
827640
855664
842789
841002
827575
855775
779566
769144
795753
784299
779544
769173
795766
717029
708377
732725
723511
717003
708388
732760
654246
646985
670224
662350
654179
647044
670287
594136
588057
609063
602485
594087
588096
609136
535478
530428
550380
544842
535454
530439
550421
476553
472088
491545
486757
476493
472127
491592
416065
411996
431550
427152
416004
412066
431623
332190
366600
341611
362514
332040
367014
341550
866025
920415
896184
898328
865106
919798
895281
790771
851558
816853
829619
791492
851570
817430
725674
776238
745141
759696
725050
776481
744963
655627
705322
672170
692006
655931
705984
672926
593889
635909
606971
626139
593499
636174
607050
530314
572067
541974
563484
530289
572562
542355
469666
508200
479738
501576
469358
508274
479704
407375
446468
417915
440210
407175
446551
417825
703817
694259
690729
682880
694253
690724
703800
723205
736497
731820
743560
736483
731855
723178
711531
699354
720048
707888
699313
720024
711545
714740
717722
706514
728505
706384
728269
714819
703858
683052
694388
690710
694334
690724
703862
723257
743665
736806
731974
736564
731912
723335
711530
707808
699205
720005
699266
720021
711530
655765
647820
643313
636505
647718
643175
655837
675325
687552
683544
695721
687517
683472
675388
663308
651365
671391
659256
651232
671269
663382
666926
671466
660269
679589
660355
679627
666779
655681
636466
647446
642989
647602
643083
655583
675230
695643
687382
683289
687465
683394
675098
663210
659133
651011
671037
651116
671163
663098
609548
601949
597327
591433
601902
597332
609531
627852
639608
635325
647183
639539
635331
627885
616384
604623
623532
611812
604633
623524
616381
619985
624396
613848
632133
613945
632174
619928
609537
591240
601780
597203
601863
597288
609468
627796
647106
639364
635220
639463
635304
627710
616342
611828
604573
623455
604620
623512
616282
563080
555981
550666
545040
556038
550644
562994
581185
593008
588220
600101
593017
588199
581127
569319
556999
575767
562833
556853
575679
569355
573979
579377
568398
586429
568327
586443
573945
563101
545123
556167
550471
556141
550586
563050
581160
600109
592994
587929
593022
588128
581055
569240
562692
556506
575305
556692
575537
569071
514168
508512
501202
496867
508435
501150
514224
531494
544453
536791
549765
544369
536735
531560
518774
505830
523676
510499
505777
523621
518844
526216
533111
521688
538918
521784
539074
526082
514087
496805
508165
500923
508301
501055
513973
531378
549656
544076
536480
544248
536643
531209
518679
510415
505572
523384
505691
523511
518556
462750
457640
449513
445917
457612
449457
462775
479731
492957
484091
497288
492922
484065
479767
466673
453424
470771
457415
453381
470742
466707
475412
483469
471724
488585
471793
488675
475292
462699
445846
457483
449233
457548
449359
462618
479662
497226
492766
483928
492858
484009
479564
466604
457350
453183
470604
453296
470682
466502
410024
405599
396500
393716
405596
396446
410085
426800
440338
430531
443968
440272
430483
426874
413342
399841
416903
403282
399772
416871
413396
423045
431942
420060
436523
420099
436613
422912
409964
393651
405593
396285
405578
396369
409909
426695
443902
440079
430365
440180
430427
426592
413280
403242
399627
416770
399702
416826
413209
356223
352441
342203
340272
352465
342116
356235
372720
386511
376055
389647
386438
376002
372757
359040
345510
362264
348591
345440
362193
359063
369539
379455
367291
383307
367320
383329
369461
356208
340146
352494
341763
352479
341995
356159
372652
389592
386284
375852
386363
375935
372555
358972
348510
345170
361984
345365
362093
358873
738422
729043
726040
716764
729013
725945
738473
760520
774303
771566
785096
774270
771556
760461
747921
735453
758408
745446
735456
758409
747893
750738
754105
741112
763339
741077
763161
750756
738367
716707
728931
725806
728968
725869
738334
760528
784982
774586
771475
774279
771477
760607
747946
745438
735375
758346
735433
758370
747963
688177
679865
675647
667422
679802
675616
688201
709831
722893
719412
732543
722887
719410
709838
696887
684280
706294
693274
684254
706281
696902
700823
704498
691963
713427
692085
713508
700753
688133
667328
679595
675485
679711
675560
688074
709809
732544
722768
719365
722848
719405
709763
696895
693249
684177
706239
684214
706267
696886
638233
630840
626160
619049
630829
626171
638193
658738
671741
667265
680373
671655
667187
658822
645853
633259
653817
640368
633240
653767
645893
650575
655044
642813
662989
642852
663059
650556
638278
619072
630866
626161
630848
626172
638289
658654
680290
671430
666930
671539
667070
658555
645827
640370
633179
653575
633230
653674
645802
587951
581910
574608
568653
581852
574543
588026
607539
620674
614045
627290
620635
614002
607587
594085
580495
600389
586525
580450
600341
594131
601084
607131
594473
613787
594664
613896
600926
587838
568544
581479
574258
581721
574422
587662
607429
627236
620399
613742
620548
613898
607245
593976
586421
580185
600065
580348
600231
593798
534064
528768
520461
515341
528712
520407
534107
553127
566804
558814
572626
566764
558762
553167
539438
525637
544953
531045
525615
544904
539482
547512
555254
541824
560795
541974
560945
547377
533989
515258
528513
520302
528629
520358
533881
553026
572522
566511
558541
566666
558667
552886
539352
531030
525564
544745
525588
544833
539254
479724
475104
466132
461618
475089
466130
479719
498214
511830
503450
517219
511845
503492
498182
484612
470897
489740
475935
470913
489764
484587
493250
501860
488440
506740
488487
506754
493258
479730
461586
475020
466136
475059
466133
479733
498263
517256
511911
503593
511878
503541
498307
484646
475969
470974
489852
470940
489803
484682
424907
420753
411025
407013
420741
411021
424906
443261
457132
447967
462027
457143
447977
443254
429312
415245
433832
419561
415242
433842
429308
438711
448023
434383
452464
434409
452462
438716
424909
406996
420701
411013
420724
411017
424911
443277
462056
457195
448043
457165
448002
443302
429322
419578
415252
433896
415243
433862
429339
369073
365633
354910
351729
365572
354843
369130
386915
401142
390871
405242
401128
390857
386940
372705
358511
376504
361825
358453
376457
372754
383067
393216
379329
397066
379388
397084
383026
368994
351665
365401
354606
365489
354775
368917
386890
405250
401113
390835
401116
390844
386867
372642
361747
358249
376340
358387
376396
372581
781597
770343
768143
756540
770205
767932
781731
805800
820328
816075
829273
820254
816167
805807
792237
778662
802462
788654
778582
802541
792260
794767
798019
783217
808289
783494
808165
794589
781347
756336
769610
767154
769928
767589
781005
805769
829474
820700
816665
820238
816317
805828
792142
788657
778041
802750
778373
802634
792018
725994
715878
712195
702367
715922
712201
725987
750233
764783
760198
774564
764637
760147
750346
735957
722028
745569
731231
722009
745548
735980
739788
742971
729401
753354
729515
753697
739616
725950
702475
715883
712149
715918
712181
725863
750030
774501
763938
759947
764343
760052
749795
735882
731206
721927
745435
721985
745487
735787
670699
661745
656507
647968
661774
656351
670618
694358
708312
702681
717059
708271
702621
694463
679807
664967
687796
672390
664685
687684
680033
684718
689095
675480
698485
675522
698486
684695
670636
647930
661686
656000
661761
656202
670532
694163
716926
708081
702155
708206
702402
693936
679506
672111
664084
687121
664372
687410
679208
612860
606597
598648
592546
606542
598599
612900
634140
649532
641348
656834
649323
641260
634233
619317
604807
625969
611074
604781
625922
619357
627086
634118
620121
641385
620282
641568
626939
612777
592430
606269
598364
606428
598502
612649
634019
656610
648879
640912
649107
641111
633857
619251
611036
604601
625752
604715
625848
619147
556120
550477
542247
536576
550454
542248
556134
575912
590377
581930
596452
590325
581881
575972
561782
547916
567588
553516
547910
567550
561808
570090
578335
564188
584096
564307
584243
569987
556092
536564
550349
542234
550412
542242
556057
575828
596393
590059
581741
590216
581811
575728
561759
553507
547894
567491
547903
567513
561742
500365
495011
486172
481042
495031
486182
500356
519892
533979
525251
539475
533981
525255
519886
505652
491239
510816
496224
491247
510821
505648
514428
522764
508977
528386
508939
528377
514443
500382
481072
495106
486232
495064
486202
500404
519892
539466
533964
525234
533976
525250
519887
505656
496233
491276
510816
491260
510822
505659
442937
438392
428266
423911
438401
428279
442927
462102
476719
466691
481511
476733
466702
462087
447409
432570
451809
436830
432581
451817
447400
457476
466990
452793
471946
452748
471909
457524
442962
423936
438464
428342
438423
428302
443004
462127
481526
476784
466746
476757
466720
462165
447432
436847
432639
451865
432602
451836
447468
383989
380282
369081
365623
380244
368996
384038
402722
417698
406629
421771
417702
406628
402720
387718
372767
391421
376094
372726
391402
387738
398794
409419
394811
413625
394805
413596
398801
383943
365554
380157
368778
380198
368912
383911
402725
421785
417749
406642
417721
406629
402738
387693
376028
372566
391359
372674
391379
387670
824615
813247
810063
799253
813386
810207
824441
850602
866301
865410
877349
866333
865205
850398
837495
822199
850023
836288
822324
849945
837402
838720
841508
828055
853546
827590
852324
839471
824957
799376
813848
810795
813603
810547
825312
850848
877487
867734
866067
866601
865332
851562
837749
836421
822678
850456
822452
850075
838163
765826
755578
750309
740767
755577
750286
765824
791998
808406
804593
820039
808425
804552
791999
776735
759512
786539
770070
759493
786469
776752
781126
784945
770458
796383
770423
796126
781233
765857
740726
755546
750124
755551
750227
765854
791973
820062
808632
804119
808551
804354
791961
776710
770011
759312
785912
759420
786227
776620
703175
695430
687510
679946
695381
687440
703212
726731
743732
736250
752011
743715
736320
726727
711269
695034
718565
703821
694977
718564
711278
718723
725676
710480
734489
710618
734578
718637
703107
679782
695060
687169
695265
687322
703003
726722
751955
743590
736467
743667
736397
726686
711247
703820
694771
718558
694890
718568
711205
639342
632633
623670
617332
632582
623650
639403
662452
679316
671079
686166
679251
671066
662490
646512
630237
652863
638175
630217
652832
646528
655294
664065
648032
671370
648224
671564
655113
639282
617324
632409
623633
632492
623645
639211
662376
686137
679042
670979
679156
671041
662262
646467
638141
630166
652708
630195
652791
646398
579323
573422
564683
559112
573411
564679
579321
599929
615136
607467
621091
615142
607466
599940
585306
570289
590481
576979
570280
590486
585298
593878
602486
587825
608722
587888
608725
593860
579317
559105
573359
564646
573389
564666
579300
599931
621106
615195
607466
615166
607474
599932
585327
576990
570235
590501
570268
590513
585335
520718
515803
505655
501066
515815
505664
520701
540349
555502
546605
560339
555513
546616
540351
525470
510165
529524
515688
510168
529526
525443
535454
544841
530444
550185
530453
550193
535447
520742
501076
515819
505682
515822
505677
520747
540342
560382
555536
546594
555529
546637
540321
525517
515714
510159
529544
510171
529574
525542
460359
456103
444918
440979
456109
444916
460353
479639
495179
485114
499039
495195
485099
479658
464522
448818
468046
453808
448797
468041
464506
475484
486164
471220
490756
471202
490747
475489
460373
440991
456148
444941
456124
444922
460394
479618
499097
495242
485031
495221
485091
479597
464550
453773
448764
468040
448776
468066
464583
398460
394996
382759
379827
394990
382694
398474
417383
433503
422385
437086
433515
422313
417414
401999
385430
405165
389517
385331
405149
401988
413966
425733
410435
429669
410416
429638
413990
398453
379806
394972
382543
394978
382656
398457
417356
437123
433592
422158
433546
422233
417351
402025
389596
385163
405138
385290
405151
402064
703890
694525
690702
683453
703870
694618
690704
723423
736764
732037
744212
723360
736941
732096
711591
699146
719966
707517
711570
699071
719926
714926
718656
707446
728987
707210
728760
715005
703926
683577
694919
690693
694760
690698
703982
723439
744218
736939
732151
736849
732122
723441
711590
707422
698924
719878
698985
719901
711584
655451
647335
642902
636221
655509
647184
642810
674826
687277
683153
695295
674954
687164
683009
662874
650915
670915
658740
662981
650827
670797
666480
671348
659968
679510
660043
679503
666432
655414
636136
646903
642647
647056
642734
655378
674737
695182
687041
682774
687082
682884
674677
662787
658644
650675
670613
650749
670695
662738
609262
601755
597139
591013
609377
601692
597057
627517
639266
635133
646787
627617
639175
635064
616096
604504
623412
611695
616192
604420
623350
619751
624161
613770
631862
613795
631938
619661
609155
591007
601571
596834
601652
596970
609062
627431
646700
639044
634884
639103
634979
627332
615993
611585
604177
623146
604299
623254
615883
562846
556185
550351
544957
562971
556101
550197
580713
592917
587694
599765
580896
592827
587455
568639
556263
575008
561942
568842
556029
574734
573793
579409
568519
586222
568600
586315
573656
562687
544827
555751
549807
555944
550014
562501
586883
580505
599547
592544
592704
587182
580271
574176
568430
561690
555602
555823
574467
568197
513690
508024
500761
496455
513844
507886
500574
530886
543865
536291
549034
531056
543692
536116
518233
505424
523238
510012
518410
505245
523064
525552
532403
521155
538233
521306
538431
525309
513517
496286
507612
500153
507741
500367
513322
535716
530696
548826
543295
543509
535928
530469
522661
518021
509839
504832
505040
522868
517797
462376
457377
449089
445559
462507
457297
448934
479292
492639
483830
496890
479437
492487
483724
466259
453063
470517
457107
466385
452939
470422
474756
483026
471211
487997
471336
488166
474548
462229
445392
457101
448577
457180
448760
462081
479135
496755
492151
483494
492321
483612
478972
466124
457019
452664
470213
452804
470321
465979
409802
405552
396190
393495
409856
405575
396092
426373
439971
430298
443677
426482
439861
430230
413048
399545
416711
403085
413129
399460
416653
422511
431746
419714
436090
419780
436206
422369
409735
393359
405497
395853
405531
395976
409654
426260
443599
439623
430106
439742
430165
426151
412959
403037
399284
416549
399370
416597
412873
355979
352459
341587
339542
356085
352426
341287
372336
386199
375774
389401
372448
386114
375696
358607
345051
361862
347969
358742
344824
361749
369099
379506
366893
383071
367001
383150
368951
355849
339313
352129
340770
352273
341081
355709
372228
389345
385942
375575
386025
375630
372125
358463
347857
344474
361552
344700
361640
358331
738186
728882
725733
716407
738258
728840
725645
760547
774539
771316
784778
760546
774780
771203
747814
735267
758259
745145
747886
735147
758138
750548
754760
741123
763575
741110
763368
750511
738094
716281
728714
725419
728775
725539
738018
760434
784476
774783
770805
774687
771006
760323
747707
744992
734896
757814
735022
757983
747596
687936
679457
675422
666978
688011
679306
675350
709672
722661
719303
732286
709723
722547
719215
696838
684100
706186
693009
696866
684024
706106
700452
703964
691403
712942
691520
713088
700316
687840
666864
679064
675176
679171
675262
687734
709599
732153
722321
718967
722435
719100
709505
696778
692893
683849
705902
683936
706007
696692
638222
630855
626100
618938
638266
630810
625977
658403
671315
666792
679895
658475
671208
666666
645692
633073
653486
640086
645760
632907
653393
650420
654694
642580
662703
642658
662781
650344
625579
638140
618787
630632
630744
625801
638012
658324
679759
671027
666436
671119
666552
658234
632401
645585
639887
653147
632683
653281
645439
587145
581234
574044
567827
587429
580972
573788
606640
620185
613540
626714
606985
619890
613310
593229
579961
599852
585838
593549
579683
599603
593405
612830
599792
600120
606468
593727
613124
580352
573167
586457
586816
567554
580675
573491
618928
612390
605593
606184
626312
619483
612968
578961
598898
592330
592826
585556
579348
599278
533620
528368
520246
514901
533755
528193
520183
552539
566308
558384
571961
552719
566069
558172
539074
525546
544635
530850
539157
525544
544441
541006
559831
546587
546816
554389
541247
560111
527802
520034
533308
533485
514763
528001
520120
565518
557898
552237
552369
571708
565802
557938
525957
544816
539169
539057
530920
525616
544338
479740
474977
466141
461476
479736
474929
466150
498403
511946
503651
517349
498352
511992
503720
484774
471017
489913
476172
484724
471070
489991
506697
493269
501533
488198
488267
506700
493281
479746
461439
474824
466183
474879
466164
479758
512258
498471
517449
503989
512076
503833
498570
484835
476286
471202
490217
471133
490103
484906
424928
420679
411015
406935
424917
420661
411024
443386
457236
448103
462250
443339
457287
448179
429406
415272
433947
419705
429368
415302
434014
438761
447899
434309
452521
434319
452499
438787
424946
406925
420646
411066
420649
411041
424972
443441
462358
457410
448368
457346
448269
443500
429453
419772
415389
434172
415342
434092
429505
368772
365306
354509
351210
368838
365221
354326
386852
401120
390844
405338
386856
401138
390859
372477
358180
376297
361393
372521
358042
376265
382970
393106
379185
397076
379203
397058
382973
368714
351123
365087
354090
365144
354255
368677
386866
405392
401206
390931
401167
390894
386889
372445
361360
357878
376230
358009
376245
372433
780121
769255
766723
755656
780568
768968
766383
805552
820488
816673
831049
805687
820892
816826
791427
777677
802704
788281
791760
777308
802611
793474
796730
781666
807516
781984
807598
793107
779740
755438
768412
765841
768675
766084
779426
805259
831068
820811
816742
820701
816782
804966
791056
788080
776753
802288
777003
802458
790712
725648
715827
712107
702321
725751
715726
712031
749463
763618
759812
774001
749614
763385
759673
735562
721824
745367
730898
735697
721682
745245
739096
742318
728826
752459
728974
752646
738920
725519
702223
715493
711742
715617
711902
725376
749314
773838
763028
759378
763195
759507
749151
735425
730737
721290
744976
721500
745126
735267
670101
661610
655759
647507
670345
661495
655491
693336
707905
701925
716399
693654
707682
701669
678532
663784
686852
671288
678874
663483
686570
684189
688768
675016
697963
675164
698166
683928
654902
669837
647261
661187
661348
655203
669571
693001
716173
707125
701104
707416
701391
692665
662919
678196
671035
686005
663193
686284
677877
612305
606085
598201
591893
612493
605904
598020
633470
648638
640751
655886
633673
648389
640590
618815
604436
625642
610701
618999
604225
625518
618798
639922
625711
626188
633142
619387
640482
605624
597726
611802
612077
591733
605735
597851
647898
640260
632966
633228
655686
648136
640426
603828
625218
618322
618584
610564
604016
625373
556031
550259
542236
536390
556028
550111
542268
575620
589903
581677
596037
575656
589754
581630
561750
547887
567482
553461
561737
547889
567477
563683
583703
569965
569839
577705
563716
583705
550548
542786
556388
556117
536402
549999
542399
589590
581620
575659
575621
595940
589646
581611
547958
567504
561859
561791
553448
547915
567483
500472
495158
486276
481259
500432
495223
486334
519874
533950
525210
539390
519879
533941
525181
505670
491298
510802
496249
505662
491327
510786
528676
514537
522896
509267
509149
528511
514618
500530
481370
495421
486500
495307
486409
500608
533978
519883
539364
525139
533948
525155
519913
505690
496259
491420
510767
491368
510772
505726
443143
438526
428400
424108
443066
438616
428472
462274
476820
466779
481585
462213
476867
466820
447582
432690
451904
436972
447519
432754
451952
457756
467316
453168
472261
453068
472169
457849
443230
424196
438800
428637
438711
428554
443319
462344
481615
476988
466920
476924
466867
462418
447654
437034
432902
452071
432826
452008
447729
383889
380116
368749
365270
383890
380091
368641
402805
417791
406669
421896
402767
417846
406705
387653
372550
391342
375755
387652
372460
391344
398920
409618
394942
413876
394894
413803
398973
383896
365304
380109
368563
380087
368652
383921
402856
421956
417978
406820
417909
406758
402912
387662
375769
372429
391396
372487
391358
387692
825826
813885
810981
799605
825517
813964
811164
852224
867738
866462
879842
851735
869040
867212
838809
822861
850723
836704
838433
822986
851121
840334
843518
828552
855707
828431
854927
840651
826085
799590
814053
811301
814011
811273
826309
852559
880171
870321
868336
869365
867702
852966
839099
836636
822990
851640
823006
851358
839339
765641
755484
749985
740447
765772
755394
749806
791552
808581
803857
819542
791744
808526
803637
776213
759146
785531
769220
776476
758935
785139
780867
785038
770030
796336
770188
796406
780700
765438
740230
755042
749307
755249
749585
765188
791306
819258
808244
803030
808396
803354
791036
775917
768859
758385
784335
758690
784732
775595
702670
694819
686963
679037
702862
694557
686744
726502
743480
736485
751580
726614
743336
736429
711015
694622
718517
703654
711136
694449
718416
718107
725011
709516
733733
709766
733994
717863
702449
678801
694069
686325
694310
686523
702232
726341
751335
742924
736184
743161
736308
726134
710866
703565
694139
718199
694286
718314
710711
639080
632324
623623
617161
639146
632233
623613
661999
678924
670906
685925
662135
678801
670800
646269
630144
652643
637976
646334
630122
652541
647400
654664
663147
670634
647544
670785
654534
632030
639019
617089
623579
632135
623600
638959
661862
685853
678574
670560
678686
670698
661727
646209
637925
630081
652346
630103
652464
646154
579256
573336
564624
559089
579279
573325
564598
599942
615234
607482
621112
599942
615271
607461
585334
570183
590528
576887
585336
570123
590499
587701
593782
602246
608721
587699
608724
593767
573345
579240
559084
564541
573328
564570
579232
599932
621141
615345
607421
615314
607465
599902
585322
576844
569984
590453
570052
590505
585306
520714
515805
505674
501070
520739
515782
505654
540227
555534
546585
560347
540282
555518
546499
525540
510134
529559
515534
525550
510088
529493
535344
544765
530327
550089
530359
550123
535294
520681
501063
515731
505601
515755
505628
520645
540158
560344
555465
546318
555494
546443
540082
525518
515479
509964
529377
510029
529471
525487
460459
456181
444973
441106
460422
456222
445019
479552
495257
485009
499093
479574
495264
484928
464664
448763
468068
453602
464621
448776
468046
475532
486210
471351
490778
471307
490768
475564
460508
441171
456334
445164
456272
445082
460573
479536
499112
495281
484794
495271
484881
479531
464721
453583
448870
468089
448810
468081
464797
398526
394972
382568
379683
398477
394997
382509
417433
433656
422174
437225
417376
433738
422237
402223
385204
405208
389680
402128
385155
405274
414199
425922
410686
429981
410597
429873
414320
398602
379771
395116
382628
395042
382610
398714
417529
437334
433981
422569
433846
422401
417659
402352
389887
385341
405577
385292
405411
402521
704167
695088
690709
683884
704054
695293
690750
723378
736761
732130
744251
723406
736795
732090
711598
698901
719863
707233
711584
698909
719853
715206
719204
708260
729119
708019
728985
715311
704316
683967
695701
690848
695488
690790
704511
723342
744014
736606
731923
736580
732006
723331
711640
707231
698987
719874
698941
719855
711716
655261
646749
642554
635726
655331
646581
642452
674605
687035
682708
694983
674636
687053
682669
662652
650600
670549
658432
662694
650521
670504
666315
671359
659686
679724
659748
679651
666264
655187
635556
646187
642239
646385
642348
655102
674562
694988
687173
682660
687094
682652
674542
662608
658380
650369
670458
650443
670473
662569
608890
601483
596683
590876
608977
601390
596528
627127
638987
634779
646470
627231
638925
634673
610965
615638
604019
623018
615763
603830
622863
619409
623816
613626
631641
613650
631689
619331
608795
590748
601211
596205
601288
596366
608698
627024
646396
638800
634454
638861
634563
626928
610719
615514
603412
622507
603623
622688
615394
562055
555530
549568
544236
562291
555296
549293
586568
598699
586249
579750
592350
580018
592128
573872
560878
573564
567686
555364
567949
555109
572989
578965
567786
585513
568010
585717
572705
561787
543961
554708
548651
555013
548983
561499
598403
585634
585934
579471
591652
591891
579192
560592
572959
573258
567403
554519
554821
567113
512879
507465
499921
495749
513105
507313
499678
535481
548063
535235
529936
543052
530211
542791
522465
509365
522273
517333
504624
517566
504417
524444
531643
520298
537220
520527
537493
524144
512647
495498
506815
499148
507062
499420
512409
547785
534762
534985
529667
542239
542515
529416
509216
521899
522081
517113
504027
504213
516910
461740
456960
448379
444899
461918
456808
448179
496338
478616
491977
483370
478799
491795
483249
465659
452513
470101
456765
465822
452371
469996
473831
482433
470396
487200
470611
487417
473572
461544
444653
456319
447759
456541
447968
461356
496199
478429
491438
483039
491611
483137
478266
465504
456707
452136
469837
452242
469908
465371
409435
405327
395709
392962
409550
405201
395558
425938
439496
430058
443392
426040
439381
430022
412699
399202
416511
402957
412782
399134
416488
421859
431251
419093
435518
419244
435664
421683
409315
392740
404841
395227
404998
395395
409196
425850
443353
439208
430007
439282
430003
425784
412628
402962
399033
416489
399075
416479
412579
355436
351952
340605
338607
355568
351797
340333
371941
385863
375541
389253
372029
385799
375523
358095
344394
361481
347456
358205
344208
361437
368488
378991
366228
382621
366378
382742
368349
355323
338463
351512
340023
351628
340232
355232
371870
389256
385694
375550
385741
375532
371816
358008
347486
344075
361420
344205
361418
357958
737816
728650
725283
715968
737918
728604
725150
759928
774498
770528
783830
760127
774421
770243
747312
734760
757620
744477
747458
734614
757417
750114
754738
740753
763132
740885
763164
749944
737699
715898
728515
724907
728556
725019
737596
759662
783372
773788
769580
774005
769908
759389
747149
744300
734314
757001
734461
757206
746989
687560
678980
675096
666614
687640
678916
675025
709287
722197
718835
731712
709396
722070
718701
696496
683759
705785
692547
696594
683671
705668
700020
703582
691150
712514
691183
712585
699964
687494
666557
678839
674902
678869
674961
687446
709186
731574
721840
718464
721947
718575
709100
696406
692438
683518
705465
683590
705560
696332
625322
618063
625053
637658
630478
637846
630297
658008
670936
666312
679384
658126
670846
666181
632082
639298
631790
645085
652993
645265
652833
650015
654376
642134
662387
642266
662463
649896
617793
624571
624799
637469
629909
630103
637291
657888
679270
670673
665929
670758
666049
657776
639061
631411
631556
644918
652533
652669
644776
479793
474774
466206
461347
479775
474735
466225
512562
518245
512847
498821
504169
498703
504331
485049
471271
490308
476556
484987
471327
490379
501215
506510
506657
493303
487956
488030
493216
479783
461332
474663
466245
474697
466237
479751
518323
512494
512847
498811
504199
504355
498673
485051
476557
471358
490303
471353
490365
485009
425040
420652
411099
406957
425003
420670
411139
443615
457472
448455
462610
443560
457528
448514
429612
415440
434247
419967
429559
415493
434305
438893
447858
434369
452625
434338
452597
438932
425081
406991
420735
411239
420701
411185
425126
443660
462636
457590
448559
457565
448543
443693
429657
420009
415585
434362
415542
434335
429694
368660
365047
354089
350791
368656
365033
353958
386976
401253
390983
405564
386932
401306
391023
372447
357923
376241
361182
372436
357814
376269
383079
393167
379283
397246
379248
397192
383125
368681
350850
365064
353954
365041
354029
368718
387036
405614
401400
391143
401358
391089
387070
372474
361302
357841
376382
357909
376320
372510
778882
768150
765613
754783
779143
767892
765399
804244
820441
816579
831468
804589
820362
816400
790170
776548
802125
787645
790426
776359
801968
791986
795218
780170
806053
780557
806343
791616
778635
754573
767390
765010
767635
765196
778401
803861
831157
819673
815890
819911
816153
803494
789937
787523
776023
801693
776182
801833
789729
725055
715362
711552
701828
725220
715231
711347
748837
762872
759249
773478
748992
762707
759112
734902
721060
744816
730116
735089
720820
744650
738419
741626
728227
751783
728361
751934
738265
724884
701689
714978
710943
715101
711139
724720
748680
773353
762403
758846
762546
758975
748531
734715
729899
720362
744323
720583
744482
734539
654619
646738
654374
669083
661037
669319
660892
692035
706827
700820
715404
692340
706534
700550
662669
670393
662448
677307
685742
677579
685498
683143
688151
674326
697015
674494
697237
682923
646443
653988
654139
668856
660510
660700
668657
691759
715157
706014
700089
706260
700303
691520
670218
662076
662244
677062
685094
685280
676854
500762
495518
486592
481662
500692
495585
486661
534023
539356
534079
520015
525136
519960
525145
505824
491479
510774
496332
505774
491534
510790
523172
529012
529113
514813
509429
509461
514786
500778
481667
495551
486663
495584
486686
500764
539366
534108
534107
520049
525164
525156
520051
505858
496359
491581
510822
491571
510807
505866
443466
438878
428714
424405
443400
438938
428780
462554
477053
466978
481735
462490
477109
467036
447869
432978
452137
437259
447802
433048
452205
458047
467598
453382
472454
453356
472444
458077
443516
424450
439012
428880
438980
428834
443555
462607
481777
477178
467156
477150
467096
462652
447927
437343
433181
452350
433115
452276
447981
383989
380133
368645
365230
383948
380174
368573
403043
418048
406897
422186
402977
418117
406983
387786
372531
391449
375796
387730
372508
391527
399153
409860
395176
414121
395119
414067
399214
384036
365364
380279
368654
380219
368700
384102
403121
422278
418258
407200
418186
407087
403203
387854
375974
372676
391745
372664
391623
387944
826507
814055
811280
799385
826442
814034
811217
853505
870500
868643
881846
853216
871208
869103
839593
822923
851758
836523
839484
822816
851984
841086
844156
828321
856485
828432
856272
841144
826514
799293
813909
810981
813978
811112
826531
853681
881985
871811
869658
871349
869365
853816
839649
836532
822620
852279
822712
852137
839715
764682
754822
749016
739519
764932
754635
748747
790496
808092
802674
818505
790761
807938
802364
774984
758063
783942
767914
775281
757754
783600
780095
784572
769474
795915
769608
796018
779924
764468
739309
754298
748294
754460
748504
764294
790261
818313
807669
801881
807791
802095
790054
774741
767733
757228
783042
757484
783324
774538
678223
701868
693845
686160
702033
693641
686015
725750
742688
736063
750671
725936
742465
735922
710481
694005
718125
703220
710580
693876
718018
717245
724078
708674
732864
708845
733034
717117
678077
701751
693318
685784
693463
685888
701667
725604
750533
742151
735690
742277
735809
725503
710414
703116
693667
717885
693763
717963
710375
631924
616907
631833
638859
623553
638905
623526
661485
678472
670437
685562
661600
678379
670268
646066
630050
652263
637627
646107
630008
652129
662557
647002
647058
654245
670214
670291
654189
616885
631744
631772
638831
623500
623508
638817
661383
685497
678254
669937
678307
670123
661291
646035
637517
629912
651902
629960
652038
646013
573374
559106
573406
579241
564516
579233
564495
599835
615366
607396
621087
599868
615378
607311
585290
569920
590436
576544
585295
569862
590365
602206
587829
587790
593797
608785
608755
593828
559120
573455
573432
579258
564485
564484
579285
599806
621084
615412
607139
615392
607250
599783
585299
576451
569786
590270
569816
590338
585323
520601
515715
505583
501079
520617
515711
505579
539941
555440
546230
560183
540008
555420
546082
525453
509910
529345
515080
525464
509865
529255
544712
535203
530305
550047
530294
550034
535207
520606
501110
515737
505653
515718
505605
520632
539892
560175
555443
545870
555420
545987
539869
525472
515040
509890
529218
509862
529251
525522
460761
456406
445269
441442
460657
456487
445395
479600
495308
484764
499105
479550
495359
484761
465037
448967
468174
453803
464901
449099
468258
475780
486345
471634
490997
471549
490911
475894
460886
441557
456677
445709
456578
445544
461028
479692
499197
495565
485067
495444
484905
479819
465210
454024
449469
468607
449268
468425
465417
399024
395212
382837
380036
398854
395335
382928
418042
434151
422814
437808
417833
434355
423059
402980
385602
405843
390428
402733
385743
406099
414851
426338
411226
430636
411069
430446
415063
399216
380280
395640
383344
395476
383200
399431
418292
438072
434860
423667
434593
423367
418566
403253
390761
386292
406719
386077
406400
403554
704940
695854
690913
684229
704724
696029
690978
723339
736368
731819
743680
723317
736403
731758
712010
699066
719913
707386
711837
699175
719967
715656
719406
708861
729301
708791
729085
715780
705156
684286
696071
691097
696082
691045
705323
723365
743461
736366
731668
736244
731694
723412
712196
707483
699399
720139
699297
720040
712378
654904
645931
642129
635057
655001
645712
642036
674544
687278
682692
695196
674542
687403
682748
662544
650301
670455
658276
662550
650238
670474
666055
671229
659505
680050
659464
679970
666046
654836
634939
645466
641935
645505
641971
654835
674561
695338
687683
682908
687542
682822
674604
662548
658259
650164
670557
650186
670509
662578
608539
601126
596047
590314
608605
601077
595900
626766
638746
634349
646201
626839
638708
634249
615179
603208
622335
610037
615282
603022
622184
619173
623586
613685
631684
613577
631625
619157
608510
590186
600940
595643
600999
595758
608520
626709
646162
638729
634109
638700
634167
626667
615100
609866
602755
621957
602868
622052
615061
560900
554337
548307
543065
561199
554000
547957
585359
578675
591423
597626
578922
591218
585114
572686
566567
554222
559842
566830
553948
572446
571831
578062
566900
584770
567068
584909
571618
560617
542757
553349
547327
553635
547613
560373
578458
597427
590912
584746
591046
584907
578281
566334
559668
553532
572091
553712
572246
566152
511946
506496
498864
494704
512175
506211
498585
534575
529007
541981
547114
529191
541760
534431
521743
516594
503865
508869
516731
503734
521630
523293
530446
519317
536227
519496
536439
523108
511738
494426
505705
498182
505915
498345
511579
528862
546972
541453
534281
541579
534332
528761
516495
508835
503596
521532
503649
521565
516443
460993
456025
447539
443995
461170
455798
447330
478027
491293
482969
495905
478124
491184
482939
465197
452056
469794
456685
465261
452014
469790
472859
481380
469476
486429
469647
486573
472720
460826
443747
455325
447039
455528
447149
460722
477974
495880
491080
482946
491113
482937
477943
465168
456709
451962
469809
451977
469797
465157
408950
404628
395051
392185
409070
404483
394911
425731
439153
430036
443372
425746
439130
430075
412553
399007
416515
403049
412555
398995
416555
421211
430511
418453
435046
418531
435088
421144
408865
392009
404201
394756
404308
394815
408862
425733
443399
439135
430160
439124
430117
425762
412562
403083
398999
416634
398986
416594
412597
355142
351431
340047
338206
355171
351380
339916
371809
385663
375591
389331
371798
385663
375626
357967
344172
361438
347499
357942
344087
361482
368068
378546
365990
382359
365950
382367
368032
355164
338345
351337
339976
351336
340036
355236
371844
389360
385704
375730
385679
375680
371872
358021
347707
344203
361609
344253
361538
358096
737396
728465
724820
715877
737483
728415
724766
758752
773224
769221
782318
759066
772946
768892
746691
734182
756801
743842
746829
734076
756628
749218
753525
739816
762030
740015
762088
749008
737327
715904
728390
724754
728382
724743
737297
758420
781829
772156
768305
772381
768566
758131
746578
743743
733973
756409
734003
756489
746513
687401
678825
674851
666452
687414
678826
674814
708986
721757
718376
731259
709033
721704
718315
696245
683457
705388
692218
696277
683403
705333
699942
703750
691340
712557
691261
712496
699995
687403
666441
678914
674795
678859
674794
687434
708970
731221
721706
718276
721687
718281
708992
696236
692170
683357
705308
683368
705305
696248
624372
636973
629719
617080
637128
629543
624188
657578
670594
665822
679010
657673
670525
665725
631340
644538
652429
638717
644652
631270
652329
649571
654100
641713
662152
641788
662191
649492
636836
616892
629279
623891
629396
624021
636729
657493
678951
670429
665579
670471
665641
657429
644428
638658
631102
652150
631183
652233
644338
578812
571761
584881
584704
565690
578600
571634
617560
611091
604076
604150
624908
617675
611279
577624
597505
590824
590827
584081
577597
597560
597784
604196
591201
610811
591359
610950
597659
584574
565557
578293
571477
578426
571540
584484
604167
624922
617654
611155
617684
611247
604161
590814
584061
577571
597486
577579
597537
590800
526965
519515
532527
532512
513986
526904
519479
564400
556980
551384
551269
570428
564347
557009
525604
544259
538591
538305
530651
525165
543701
545504
552644
539782
558419
539792
558456
545496
532490
513981
526896
519458
526884
519454
532491
551224
570455
564327
557157
564323
557068
551225
538182
530519
524978
543888
525028
543703
538149
479722
474647
466262
461392
479723
474667
466294
512088
498430
503978
517347
498523
511862
503834
484928
471354
490224
476478
484962
471356
490163
493094
500971
487936
506284
487911
506287
493108
479744
461438
474735
466393
474699
466340
479782
498385
517228
511714
503753
511758
503759
498379
484918
476490
471412
490186
471370
490152
484942
425234
420780
411288
407125
425174
420835
411346
443771
457613
448582
462660
443732
457638
448613
429802
415642
434396
420166
429740
415719
434450
439111
448019
434592
452835
434531
452773
439184
425309
407183
420952
411490
420895
411422
425384
443846
462681
457737
448724
457683
448664
443917
429883
420233
415860
434584
415795
434518
429958
368846
365096
354143
350916
368773
365146
354135
387187
401458
391214
405800
387129
401534
391275
372645
358085
376456
361400
372569
358054
376536
383299
393348
379480
397482
379427
397414
383364
368924
351148
365284
354405
365209
354387
369014
387274
405864
401668
391391
401605
391347
387326
372732
361681
358316
376693
358327
376614
372809
778006
767158
764846
754053
778189
766959
764711
802713
819062
815589
830349
803089
818730
815303
789392
775885
801561
787247
789546
775775
801461
790561
793378
778727
804339
779011
804564
790316
777865
753941
766707
764559
766801
764612
777782
802338
829789
817775
814795
818099
815021
802035
789272
787200
775659
801361
775697
801393
789204
724452
714869
710772
701331
724573
714775
710631
748282
762284
758732
773077
748398
762196
758641
734250
720168
744183
729370
734382
720011
744073
737945
741196
727969
751496
727981
751508
737917
724354
701258
714686
710452
714713
710523
724297
748196
773039
762141
758528
762146
758571
748155
734152
729268
719817
743945
719894
743994
734081
653936
668377
660367
646093
668503
660255
653904
691166
705805
699915
714598
691323
705637
699781
661946
676550
684944
669839
676684
661843
684829
682475
687663
673891
696470
673962
696550
682393
668275
646089
660083
653840
660161
653870
668197
691051
714495
705432
699636
705514
699690
690976
676449
669762
661721
684707
661767
684751
676385
604331
597305
611047
611048
590476
604255
597226
647075
639657
632158
632161
654735
647005
639627
603545
624736
617638
617667
610258
603569
624745
625082
632066
617928
639400
617980
639354
625117
611040
590410
604104
597145
604163
597173
611034
632198
654673
646953
639622
646968
639616
632248
617719
610287
603647
624797
603605
624766
617778
550102
542992
556601
556214
536274
549507
542544
589614
581782
575813
575787
595943
589609
581802
548080
567646
562015
561981
553550
548060
567661
569652
576680
563118
583302
563012
583341
569593
556008
536209
549750
542218
549576
542320
555918
575779
595970
589641
581857
589619
581826
575791
561944
553576
548001
567717
548032
567684
561918
500645
495460
486636
481564
500685
495389
486627
534084
520006
525169
539382
520029
534051
525175
505814
491584
510833
496439
505842
491592
510830
514571
522787
509137
528426
509114
528485
514562
500640
481575
495420
486668
495386
486638
500660
519972
539396
533976
525208
534026
525194
519941
505814
496478
491651
510883
491616
510851
505819
443630
439040
428925
424584
443591
439073
428983
462744
477200
467219
481909
462696
477226
467287
448097
433250
452429
437628
448037
433326
452513
458164
467607
453488
472522
453444
472487
458209
443680
424643
439172
429100
439122
429046
443731
462800
481963
477309
467432
477265
467360
462856
448162
437731
433476
452680
433406
452599
448224
384284
380350
368882
365478
384184
380434
368867
403403
418336
407332
422602
403302
418422
407467
388167
372918
391883
376399
388048
372931
392037
399459
410083
395439
414376
395384
414317
399528
384391
365740
380607
369170
380522
369152
384497
403512
422715
418586
407721
418509
407605
403598
388288
376734
373222
392343
373212
392194
388395
826534
813855
810863
799042
826523
813803
810784
853888
871707
869711
882752
853848
871979
869846
839824
822552
852324
836525
839765
822504
852332
841076
843339
827762
856004
827882
855993
841040
826559
798989
813765
810736
813766
810744
826614
853901
882747
872013
869877
871905
869846
853845
839881
836480
822460
852123
822476
852251
839951
764045
754156
748124
738814
764155
754044
747988
789733
807581
801759
817922
789880
807531
801638
774257
757008
782836
767172
774382
756822
782654
779600
784279
769158
795749
769205
795751
779563
763968
738722
753921
747853
753966
747896
763922
789625
817869
807572
801688
807528
801641
789576
774181
767179
756736
782542
756726
782578
774153
701598
693209
685712
677805
701616
693137
685668
725420
742078
735643
750239
725444
742051
735630
710409
693597
717884
702832
710374
693551
717862
716967
723538
708374
732675
708396
732653
716977
701612
677769
693087
685659
693098
685652
701646
725433
750280
742143
735910
742075
735758
725468
710485
702853
693549
717959
693538
717932
710589
631738
638832
623502
616944
638819
631745
623511
661164
678231
669814
685303
661216
678239
669720
646032
629872
651839
637165
646012
629841
651752
654131
662304
646955
670175
646944
670148
654144
638858
616976
631783
623549
631759
623528
638895
661141
685333
678366
669877
678286
669793
661142
646081
637210
629822
651778
629826
651766
646155
573479
579385
564504
559186
579327
573511
564540
599786
615448
607077
621028
599774
615504
607015
585454
569779
590269
576176
585373
569796
590247
593974
602353
588009
608993
587963
608930
594032
579456
559222
573586
564644
573546
564590
579530
599821
621102
615690
607221
615585
607091
599875
585568
576240
569921
590375
569847
590313
585710
520744
515763
505721
501252
520681
515784
505799
539932
555500
545880
560208
539881
555593
545940
525736
509959
529301
515250
525613
510053
529384
535341
544779
530424
550294
530383
550210
535401
520819
501307
515869
505947
515820
505878
520900
540016
560341
555891
546343
555728
546152
540113
525891
515473
510293
529730
510166
529569
526071
461337
456783
445885
441945
461181
456892
446057
480164
495723
485324
499647
479980
495906
485577
465910
449698
468867
454857
465655
449937
469124
476284
486604
472011
491440
471919
491328
476395
461492
442074
457101
446354
457000
446216
461639
480360
499901
496315
486172
496106
485897
480556
466167
455176
450401
469675
450174
469422
466412
399905
395817
383716
380826
399662
395999
383892
419155
435147
424011
439031
418860
435442
424305
404210
386733
407080
391567
403881
386947
407323
415684
426892
411871
431409
411731
431225
415859
400145
381200
396335
384447
396172
384319
400366
419443
439384
436025
424895
435740
424620
419664
404535
392014
387503
407672
387361
407519
404816
705191
695799
691084
684035
705359
695605
691034
723358
736236
731646
743631
723411
736403
731650
712475
699494
720231
707784
712494
699513
720285
715314
718511
707741
728602
707917
728739
715108
705048
683996
695451
691019
695521
691003
704918
723291
743210
735809
731571
735847
731597
723213
712451
707836
699540
720247
699539
720272
712421
655183
645683
641971
635525
654942
645945
642183
674768
687806
682997
695715
674674
687860
683080
662790
650192
670620
658397
662649
650323
670703
666360
671285
660082
680207
659896
680183
666479
655325
635769
646378
642477
646136
642325
655490
674851
695772
687934
683207
687903
683144
674923
662894
658461
650546
670837
650425
670766
663011
608582
600858
595564
590136
608556
600832
595527
626703
638791
634076
646189
626663
638879
634085
615086
602668
621903
609606
615059
602626
621882
619189
623835
613961
631993
613907
631917
619233
608603
590165
600852
595557
600834
595523
608654
626744
646258
639022
634202
638937
634145
626787
615106
609627
602681
621967
602649
621924
615161
560111
553104
547128
542265
560196
553054
547034
578120
590819
584641
597115
578167
590772
584596
565957
553409
571989
559429
566026
553364
571941
571452
577700
566739
584759
566690
584714
571506
560169
542240
553063
547144
553039
547075
560216
578155
597140
590841
584660
590807
584630
578185
565984
559463
553430
571994
553394
571970
566026
511511
505488
498091
494070
511520
505362
498047
528711
541367
534256
546783
528724
541339
534268
516409
503560
521513
508822
516413
503542
521518
522926
529748
518991
536067
518984
536057
522942
511504
494042
505206
498032
505228
498023
511496
528725
546804
541387
534312
541362
534288
528742
516413
508815
503532
521525
503529
521522
516419
460700
455134
446947
443419
460686
455035
446939
477925
491056
482961
495865
477922
491064
482969
465173
451946
469827
456780
465157
451949
469831
472658
480763
469230
486383
469214
486390
472679
460736
443454
454968
446974
454975
446950
460745
477932
495856
491057
482955
491060
482962
477936
465179
456775
451960
469810
451951
469821
465181
408944
404092
394743
392022
408895
404029
394765
425798
439167
430204
443476
425780
439196
430232
412700
399019
416678
403216
412658
399040
416704
421188
430090
418443
435108
418431
435117
421199
408974
392060
403957
394796
403963
394776
408976
425807
443470
439202
430232
439201
430232
425813
412710
403231
399071
416703
399059
416705
412717
355437
351360
340224
338760
355345
351398
340153
371940
385745
375789
389458
371910
385809
375826
358245
344454
361681
347922
358172
344386
361745
368094
378363
366196
382511
366162
382498
368132
355508
339096
351500
340504
351450
340462
355550
371989
389482
385868
375870
385849
375858
372009
358327
348316
344753
361842
344716
361807
358393
737359
728422
724794
716106
737302
728482
724864
757839
771700
768111
781453
757892
771769
768084
746559
733987
756395
743741
746501
734048
756462
748862
752519
739725
761498
739627
761432
748963
737421
716188
728568
725047
728517
724960
737498
758012
781196
771582
768455
771453
768272
758197
746661
743855
734257
756693
734161
756581
746768
687553
678979
674808
666513
687489
679042
674849
709106
721760
718310
731328
709043
721836
718369
696340
683373
705337
692186
696283
683401
705379
700203
704144
691627
712878
691564
712807
700266
687617
666587
679169
674989
679102
674924
687673
709172
731400
721974
718494
721909
718437
709229
696404
692238
683530
705494
683465
705438
696461
636647
629209
623804
616606
636663
629176
623779
657394
670418
665539
678909
657391
670437
665541
644259
631043
652093
638514
644274
631029
652073
649493
654142
641771
662276
641715
662211
649552
636676
616626
629262
623834
629214
623797
636722
657439
678961
670549
665636
670488
665592
657493
644294
638548
631098
652147
631057
652112
644338
584443
578212
571449
565392
584439
578184
571461
604196
617626
611104
624799
604158
617635
611108
590837
577584
597460
584048
590799
577619
597482
597642
603892
591125
610760
591095
610722
597691
584505
565425
578245
571562
578216
571518
584553
604272
624847
617727
611232
617679
611175
604339
590910
584085
577734
597600
577683
597541
590973
532510
526910
519473
514046
532500
526932
519493
551289
564354
557236
570569
551253
564393
557288
538157
524966
543936
530661
538145
524982
543993
545561
552582
539853
558514
539827
558477
545588
532537
514057
526958
519537
526948
519517
532559
551332
570611
564492
557381
564448
557337
551368
538191
530704
525038
544077
525015
544053
538222
479843
474766
466439
461553
479820
474788
466460
498415
511706
503777
517265
498393
511733
503798
484989
471450
490220
476556
484976
471459
490228
493161
501030
487978
506351
487983
506341
493153
479825
461538
474764
466412
474776
466435
479808
498410
517273
511755
503768
511747
503782
498399
484960
476496
471386
490161
471416
490187
484938
425456
421003
411541
407334
425430
421040
411571
443964
457776
448767
462744
443960
457780
448755
430008
415908
434630
420329
430009
415910
434624
439247
448135
434672
452855
434678
452876
439234
425452
407347
421040
411577
421042
411575
425450
443924
462675
457704
448656
457733
448691
443903
429975
420286
415883
434544
415888
434569
429961
369159
365357
354733
351370
369100
365409
354650
387386
401713
391434
405953
387376
401722
391441
372913
358622
376763
361941
372870
358528
376814
383461
393489
379593
397552
379586
397548
383464
369185
351674
365472
354946
365449
354948
369202
387395
405925
401700
391438
401701
391440
387398
372944
362243
358792
376852
358805
376840
372969
777834
766684
764555
753913
777767
766750
764604
801767
817175
814623
829058
801807
817145
814594
789262
775664
801367
787232
789195
775714
801415
790343
792600
778928
803883
778716
803765
790515
777948
754019
766996
764771
766879
764694
778051
801977
828610
816818
814815
816726
814703
802180
789372
787287
775870
801548
775795
801472
789482
724315
714698
710416
701217
724286
714736
710427
748200
762181
758530
773139
748158
762235
758570
734079
719773
743924
729194
734059
719782
743952
738015
741333
728141
751683
728084
751625
738078
724357
701265
714840
710528
714780
710478
724412
748253
773205
762348
758694
762287
758628
748318
734128
729252
719886
744062
719832
744004
734182
668133
660032
653830
646046
668150
660009
653841
690925
705389
699613
714405
690935
705375
699609
676344
661706
684691
669721
676353
661715
684684
682371
687644
673942
696513
673897
696468
682413
668163
646094
660084
653926
660046
653887
668197
690958
714441
705460
699673
705415
699637
690996
676372
669757
661793
684735
661756
684707
676406
611060
604105
597135
590442
611040
604130
597144
632372
646962
639647
654664
632305
646995
639697
617903
603693
624838
610414
617840
603734
624896
625279
632085
618117
639600
618058
639550
625335
611114
590476
604234
597206
604183
597166
611162
632458
654722
647101
639840
647057
639782
632513
617977
610481
603826
625038
603781
624983
618033
555896
549804
542188
536371
555888
549875
542189
575803
589660
581895
596079
575789
589679
581925
561903
547980
567742
553639
561893
547985
567758
569634
576857
563442
583354
563386
583320
569669
555929
536387
549952
542187
549920
542183
555941
575823
596122
589739
581981
589705
581955
575855
561913
553651
547987
567790
547983
567775
561924
500694
495460
486701
481637
500695
495466
486697
519944
533952
525201
539426
519940
533945
525210
505840
491686
510900
496576
505841
491689
510909
514558
522814
509144
528376
509164
528387
514535
500642
481572
495383
486589
495417
486635
500605
519914
539425
533931
525183
533933
525189
519897
505791
496531
491588
510843
491630
510868
505758
443768
439208
429132
424717
443767
439205
429132
462906
477348
467489
482083
462899
477350
467507
448277
433524
452741
437913
448269
433537
452761
458185
467594
453405
472434
453449
472483
458142
443723
424683
439121
429091
439153
429104
443692
462857
482035
477248
467443
477290
467469
462821
448237
437890
433495
452697
433512
452723
448208
384633
380655
369550
365937
384580
380691
369474
403693
418636
407824
422927
403666
418655
407875
388541
373574
392474
377189
388480
373476
392557
399602
410143
395481
414399
395485
414400
399600
384658
366192
380728
369751
380714
369767
384668
403710
422911
418643
407883
418646
407886
403712
388575
377499
373728
392615
373746
392594
388592
826688
813785
810760
799053
826666
813822
810806
853676
871741
869668
882793
853755
871776
869375
840003
822450
851951
836338
839999
822449
851690
840860
842223
827551
855296
827556
855298
840814
826626
799081
813838
810905
813806
810849
826639
853516
882116
871182
868940
871254
869174
853437
839935
836406
822495
851421
822449
851561
839932
763957
753907
747863
738704
763926
753939
747912
789665
807643
801897
818107
789611
807679
802081
774274
756788
782669
767528
774184
756879
782827
779614
784357
769284
795815
769226
795778
779665
764025
738778
754053
748061
753998
747997
764085
789752
818281
807767
802447
807725
802334
789825
774448
767907
757145
783235
757037
783068
774564
701742
693095
685683
677793
701699
693102
685718
725571
742261
736152
750543
725513
742360
736204
710824
693578
718109
703211
710719
693627
718173
717066
723550
708456
732805
708420
732788
717093
701738
677832
693133
685804
693115
685765
701734
725577
750703
742429
736215
742418
736282
725552
710825
703311
693669
718328
693672
718287
710799
639030
631820
623580
617123
638951
631880
623641
661278
678478
670105
685557
661178
678598
670230
646406
629844
651913
637590
646264
629932
652079
654372
662411
647213
670400
647143
670358
654457
639139
617221
632041
623838
631978
623759
639209
661414
685809
678742
670608
678709
670504
661493
646602
637885
630140
652550
630062
652408
646693
579676
573631
564699
559328
579608
573648
564743
600024
615817
607480
621413
599944
615946
607651
586016
570002
590540
576770
585870
570083
590681
594200
602531
588168
609234
588140
609202
594240
579717
559346
573671
564808
573668
564790
579729
600087
621641
616097
607841
616066
607811
600116
586129
576940
570165
591045
570138
590920
586131
520970
515878
506003
501438
520953
515884
506036
540325
556071
546623
560808
540236
556226
546743
526352
510415
529954
516054
526252
510497
530064
535494
544846
530447
550433
530440
550431
535496
520969
501419
515851
506025
515864
506036
520966
540357
561025
556335
547042
556330
546961
540352
526387
516250
510511
530229
510508
530178
526374
461822
457181
446466
442325
461765
457212
446522
480817
496526
486457
500531
480726
496675
486642
466776
450574
469907
455855
466639
450653
470007
476550
486725
472093
491578
472106
491588
476535
461810
442307
457160
446486
457180
446503
461798
480825
500619
496727
486809
496734
486768
480804
466793
455939
450612
470057
450639
470053
466761
400663
396474
384871
381650
400557
396557
384842
419859
436266
425180
439850
419807
436380
425340
405149
387911
407824
392883
405035
387881
407913
416071
427139
412081
431598
412081
431611
416055
400706
381941
396623
385154
396601
385151
400731
419876
439861
436373
425444
436388
425421
419879
405188
393254
388197
408054
388189
407990
405210
)
;

boundaryField
{
    inlet
    {
        type            zeroGradient;
    }
    outlet
    {
        type            fixedValue;
        value           uniform 0;
    }
    seabed
    {
        type            zeroGradient;
    }
    top
    {
        type            zeroGradient;
    }
    side1
    {
        type            zeroGradient;
    }
    side2
    {
        type            zeroGradient;
    }
    submarine
    {
        type            zeroGradient;
    }
}


// ************************************************************************* //
