/*--------------------------------*- C++ -*----------------------------------*\
  =========                 |
  \\      /  F ield         | OpenFOAM: The Open Source CFD Toolbox
   \\    /   O peration     | Website:  https://openfoam.org
    \\  /    A nd           | Version:  10
     \\/     M anipulation  |
\*---------------------------------------------------------------------------*/
FoamFile
{
    format      ascii;
    class       volScalarField;
    location    "1";
    object      p;
}
// * * * * * * * * * * * * * * * * * * * * * * * * * * * * * * * * * * * * * //

dimensions      [0 2 -2 0 0 0 0];

internalField   nonuniform List<scalar> 
12920
(
2.09516e+06
1.72926e+06
1.46704e+06
1.35269e+06
1.2168e+06
1.11659e+06
1.00995e+06
921773
829731
747601
665754
588836
513157
440661
369228
300312
231789
162883
94142.3
32626.6
1.70371e+06
1.59836e+06
1.4372e+06
1.33209e+06
1.20616e+06
1.11026e+06
1.0037e+06
915652
824577
742760
661787
585566
510970
438936
367827
299115
230774
162493
94098.1
32477.7
1.28183e+06
1.46254e+06
1.33906e+06
1.2811e+06
1.16693e+06
1.08389e+06
986621
903845
815632
736064
656428
581629
507725
436483
365969
297615
229424
161634
93417.8
32292.6
1.52208e+06
1.46923e+06
1.3528e+06
1.26088e+06
1.14738e+06
1.06268e+06
966737
884323
801177
723130
647145
573739
501867
431472
362211
294549
227338
160227
92533.9
31961.9
1.31255e+06
1.32262e+06
1.21607e+06
1.18165e+06
1.08854e+06
1.01899e+06
930532
860174
780983
707599
634898
564271
494207
425926
357864
291307
224842
158451
91400.3
31430.9
1.18821e+06
1.34966e+06
1.25159e+06
1.16995e+06
1.06201e+06
985099
896151
824518
751313
683327
616667
550041
484476
417955
352208
286876
221600
156166
89990.6
30801.4
1.82986e+06
1.43116e+06
1.1975e+06
1.1118e+06
1.00759e+06
939649
860923
790313
727075
663125
597880
534765
469723
408157
344854
282094
217969
153600
88315.4
30043.1
1.85055e+06
1.43497e+06
1.17931e+06
1.07673e+06
965301
891354
849180
783317
722481
664963
601253
538708
476825
415503
334654
274124
213174
150638
86477.7
29165.1
1.26291e+06
1.09109e+06
954111
935751
881205
858463
813900
761780
702024
647610
591686
533354
473789
413668
344629
266536
206877
145876
83964.1
28060.9
547406
818292
840808
845565
811564
803242
773903
726828
678305
626251
574681
519618
462687
404407
336866
261512
202033
141783
80796.2
26484.4
392617
676475
675904
736002
737128
747275
734203
699848
657232
609632
559756
507373
452928
396525
331123
256771
198289
139084
78980.1
25561.6
514628
640103
687889
727231
723623
723116
707252
678840
641023
596073
548037
497757
444762
389405
324256
251832
195121
136743
77445.4
24776.7
600785
675651
655891
705099
705045
707336
684899
659797
621214
578966
531195
481480
428819
374972
304267
248878
192243
134892
76126.4
24113
662839
738028
726574
737828
724728
714810
679864
650731
603735
562952
511085
463714
409345
357075
300978
246279
190121
133348
75041.3
23542.2
813005
845523
793137
794579
749601
733124
688204
653870
605322
561353
509433
460372
407346
354002
299029
244242
188397
132109
74155.3
23062.7
747197
917973
850198
849943
783575
754854
700404
662195
609035
563754
509550
459653
405888
353053
297489
242989
187317
131262
73589.3
22695.1
1.24796e+06
1.19269e+06
913936
906683
815032
774384
715363
671784
614559
566676
511043
460158
405118
352202
296668
242436
186664
130651
73130.3
22499.6
1.65231e+06
1.23649e+06
1.03233e+06
959848
849611
795100
725928
678035
618316
568559
511957
460522
405016
352037
296349
241982
186107
130297
72900.8
22451.3
1.00075e+06
1.10103e+06
978171
956858
861172
808012
735795
685085
622581
571476
513546
461399
405212
351958
296030
241718
185809
130164
72782.8
22425.2
1.201e+06
1.12162e+06
1.01588e+06
969056
869637
814025
740338
687285
624539
572224
514154
461497
405250
351861
295948
241611
185690
130096
72734
22401.2
2.05609e+06
1.72849e+06
1.46753e+06
1.35147e+06
1.21659e+06
1.11651e+06
1.00998e+06
921695
829630
747567
665690
588755
513063
440437
369246
300283
231696
162914
94131.7
32584.5
1.60397e+06
1.58798e+06
1.43272e+06
1.33111e+06
1.20591e+06
1.10988e+06
1.00388e+06
915742
824597
742658
661716
585384
510812
438574
367532
298953
230758
162478
94053.8
32465.5
1.37849e+06
1.44066e+06
1.3349e+06
1.28257e+06
1.1663e+06
1.08399e+06
986834
904705
815921
736219
656555
581686
507745
436469
365983
297554
229439
161647
93385.9
32308.4
1.35425e+06
1.43858e+06
1.34629e+06
1.25996e+06
1.14699e+06
1.06284e+06
967206
884627
801463
723243
647147
573808
501934
431434
362200
294535
227335
160223
92532.1
31960.8
1.18218e+06
1.31544e+06
1.2152e+06
1.18141e+06
1.08837e+06
1.01885e+06
929546
859542
780194
707697
634578
564347
494260
425940
357868
291308
224842
158451
91397.3
31429.9
1.1372e+06
1.35979e+06
1.25205e+06
1.17053e+06
1.06262e+06
984716
896270
823887
751599
683044
616541
549924
484300
417916
352196
286877
221595
156163
89988.6
30800.8
1.60035e+06
1.40988e+06
1.1913e+06
1.11112e+06
1.00907e+06
938777
860910
790636
726936
663301
598127
534600
469677
408146
344829
282079
217956
153592
88311.6
30042.1
1.78923e+06
1.41692e+06
1.17826e+06
1.0796e+06
965622
891492
849043
783969
722524
664423
601222
538894
476840
415527
334708
274170
213192
150625
86468
29162.4
1.22491e+06
1.08646e+06
957156
937872
881369
858615
813521
762024
702596
647407
591628
533261
473831
413698
344675
266553
206911
145921
83975.3
28063.1
652641
824519
837604
842142
806748
802352
773008
727318
678249
626350
574467
519587
462643
404414
336859
261508
202041
141784
80798.6
26488.1
408159
655523
670456
735239
737825
748534
733976
699792
657302
609531
560068
507170
452897
396493
331077
256743
198286
139084
78981.7
25563.9
632778
646687
688354
727941
723564
723164
707299
679093
640884
596393
547707
497782
444712
389375
324226
251853
195126
136748
77445
24775.3
710525
673099
652933
705543
705602
707575
685293
659819
621315
578829
531092
481369
428879
374942
304206
248872
192245
134905
76134.7
24111.9
583972
714590
723035
737709
724706
714771
679258
650315
603666
562814
511103
463799
409350
357072
301017
246281
190138
133374
75045.8
23540.2
731960
832161
789747
790791
749295
733065
688234
653806
605168
561240
509293
460315
407272
353959
299031
244305
188437
132143
74167.6
23067.1
818412
922310
853863
847390
783728
754622
700158
662100
608722
563589
509448
459717
405836
352981
297473
242987
187356
131291
73602.1
22706
1.12427e+06
1.16017e+06
901110
902980
815090
774336
715727
671769
614472
566629
510944
460154
405075
352153
296643
242446
186670
130653
73138.2
22516.1
1.53439e+06
1.22871e+06
1.02911e+06
959454
849252
794623
726122
678035
618249
568562
511926
460529
405022
352070
296337
241986
186106
130312
72899.1
22453.1
922770
1.10142e+06
976391
954638
860865
807744
736052
685188
622590
571477
513514
461409
405192
351938
296028
241724
185810
130168
72784.9
22424.6
1.12774e+06
1.12709e+06
1.01644e+06
968738
869764
814092
740424
687357
624510
572228
514123
461492
405242
351860
295947
241608
185689
130096
72733.4
22400.4
2.02208e+06
1.72105e+06
1.47055e+06
1.351e+06
1.21707e+06
1.11688e+06
1.01002e+06
921701
829614
747564
665535
588634
513092
440358
369085
300191
231884
162977
94206.9
32593.2
1.68614e+06
1.6011e+06
1.43556e+06
1.33092e+06
1.20626e+06
1.11005e+06
1.00386e+06
915819
824651
742821
661920
585703
510984
438771
367474
298808
230751
162491
93992.5
32537.9
1.49172e+06
1.47083e+06
1.34351e+06
1.28471e+06
1.16631e+06
1.08447e+06
987151
904708
815774
736129
656354
581657
507748
436460
365934
297530
229447
161638
93377.4
32311.6
1.48915e+06
1.44883e+06
1.34851e+06
1.26052e+06
1.14713e+06
1.06276e+06
967774
885752
801760
723782
647245
574095
502095
431410
362196
294512
227320
160230
92544
31952.4
1.33326e+06
1.3258e+06
1.21677e+06
1.18033e+06
1.08743e+06
1.01799e+06
929106
858968
779777
708096
634323
564532
494266
425955
357874
291306
224838
158455
91398.6
31429.2
1.51183e+06
1.38686e+06
1.25679e+06
1.17271e+06
1.06357e+06
984886
896171
824201
752283
682580
616784
549675
484109
417866
352179
286874
221588
156157
89985.3
30799.3
1.66612e+06
1.41464e+06
1.19051e+06
1.11242e+06
1.01025e+06
938329
860890
791834
726775
663325
598423
534466
469634
408103
344814
282043
217930
153577
88304.9
30040
1.85533e+06
1.39993e+06
1.18102e+06
1.08353e+06
966218
892502
849531
784408
722588
663567
601187
539050
476983
415626
334761
274303
213217
150587
86448.6
29157.2
1.1589e+06
1.07145e+06
949776
938022
880266
858385
813603
761894
703125
647023
591517
533256
473849
413782
344731
266537
206995
146023
83993.7
28067.1
703109
834786
837464
840010
805606
801723
773138
727053
677823
626131
574081
519374
462550
404385
336853
261492
202059
141788
80807.6
26492.9
506296
657018
670579
735311
738333
750000
734999
699593
656848
609013
559380
506923
452950
396433
331014
256687
198283
139087
78982.2
25567.5
472050
634570
685691
727316
723435
723180
707763
679406
640791
596061
547850
498060
444684
389250
324086
251849
195142
136751
77442.4
24774.8
477596
643995
648406
706152
706018
707676
685513
659857
621500
578843
531038
481310
428930
374841
304158
248888
192271
134926
76141.9
24109.5
435404
679153
710985
737011
724531
714907
679132
650008
603667
562733
511214
463567
409296
357253
301228
246325
190185
133382
75058.9
23534.7
823700
825951
789616
790967
748017
732958
688126
653931
605377
561409
509781
460512
407305
354084
299055
244349
188485
132163
74176.5
23073.5
732129
934914
850880
845096
783952
754607
700502
662229
608858
563649
509710
459996
405847
352990
297568
243023
187348
131297
73610.1
22728.9
1.22147e+06
1.15303e+06
899745
899488
814401
774301
715730
671858
614568
566621
511047
460226
405046
352172
296727
242444
186637
130681
73148.4
22541.3
1.4648e+06
1.22756e+06
1.02907e+06
959125
849302
794309
726842
678289
618387
568699
512043
460614
405044
352078
296315
241969
186097
130333
72902.7
22457.1
905183
1.11068e+06
975586
952724
861467
807554
736237
685324
622540
571534
513524
461430
405184
351913
296036
241733
185813
130173
72787.4
22423.9
1.30829e+06
1.1464e+06
1.01804e+06
968972
870462
814211
740388
687352
624423
572211
514126
461508
405242
351861
295946
241604
185686
130095
72732.4
22399.1
1.88492e+06
1.70659e+06
1.46646e+06
1.34957e+06
1.21689e+06
1.11697e+06
1.00996e+06
921617
829544
747520
665463
588717
512831
440362
368889
300319
231871
163155
94285.2
32613.5
1.7661e+06
1.62315e+06
1.43694e+06
1.33173e+06
1.20737e+06
1.11033e+06
1.00395e+06
915848
824579
742802
661818
585587
510899
438684
367347
298717
230761
162471
93999.4
32522.5
1.47419e+06
1.47698e+06
1.33648e+06
1.28428e+06
1.16546e+06
1.08486e+06
987350
904718
815623
736022
656200
581498
507592
436492
365935
297509
229438
161648
93383.7
32301.5
1.36159e+06
1.43357e+06
1.34554e+06
1.26132e+06
1.1476e+06
1.06236e+06
968116
886432
801653
723795
647211
574061
502182
431279
362173
294499
227314
160227
92548.3
31948.9
1.37563e+06
1.31764e+06
1.22007e+06
1.17845e+06
1.08637e+06
1.01734e+06
929329
859122
780444
708813
634409
564916
494449
425977
357876
291315
224837
158455
91397.5
31428.2
1.47666e+06
1.38544e+06
1.25832e+06
1.17333e+06
1.06447e+06
985029
895830
823632
752669
682355
617084
549462
483941
417800
352160
286865
221578
156151
89981.5
30798.4
1.56821e+06
1.39484e+06
1.18561e+06
1.11129e+06
1.01073e+06
937958
860900
793546
726494
663111
598394
534562
469721
408101
344831
281991
217899
153560
88296.8
30037.8
1.6958e+06
1.36431e+06
1.18088e+06
1.0852e+06
966028
893485
849695
784934
721991
664356
601402
539175
477253
415772
334845
274479
213243
150536
86424.5
29150.8
1.08129e+06
1.04548e+06
953791
937564
879704
858959
814226
761363
703254
646357
591413
533368
473897
413880
344798
266531
207083
146142
84007.5
28068.8
670745
846308
831490
837743
805192
801086
773523
726155
677526
625751
573775
519295
462550
404358
336849
261486
202095
141804
80802.1
26495.3
404143
644544
669116
735539
737941
750147
735431
699501
656495
610549
559408
507298
452907
396404
330965
256651
198288
139097
78965.6
25565.8
443586
614817
679033
725394
723120
722787
707893
679221
640356
595783
548232
498364
444640
389111
323883
251846
195171
136757
77429.9
24771.9
468459
622099
649075
706378
706689
708512
685700
659791
621471
579086
531086
481415
428954
374863
304222
248925
192289
134934
76149.2
24109.2
491207
683379
709676
737286
724539
714849
679205
650201
603911
562920
511335
463694
409444
357301
301268
246343
190214
133396
75071.8
23531.4
880114
814263
792011
790558
749012
733068
688604
654214
605815
561529
510016
460578
407324
354146
299080
244405
188538
132178
74184
23077.1
896813
927233
855740
841219
782388
754389
700847
662564
609012
563732
509844
460063
405833
353021
297583
243094
187383
131326
73588.6
22743.7
1.20839e+06
1.17938e+06
890275
896292
812872
773956
715886
671914
614650
566686
511122
460284
405170
352251
296777
242485
186645
130728
73151.4
22562.9
1.50246e+06
1.22252e+06
1.02833e+06
956959
848995
794075
726949
678324
618413
568717
512092
460656
405084
352113
296312
241962
186099
130345
72909.6
22463.6
1.08771e+06
1.12437e+06
984252
951221
862107
807908
736159
685676
622604
571525
513561
461438
405183
351911
296043
241741
185817
130179
72789.8
22424.1
1.39657e+06
1.15906e+06
1.02418e+06
969899
870966
814582
740705
687595
624494
572271
514181
461539
405265
351869
295944
241598
185684
130095
72731.6
22398.2
1.79785e+06
1.69776e+06
1.4709e+06
1.35034e+06
1.21715e+06
1.11708e+06
1.00995e+06
921639
829513
747485
665482
588664
512899
440349
369006
300178
231764
163227
94312.3
32610.1
1.92768e+06
1.64891e+06
1.43994e+06
1.33379e+06
1.20858e+06
1.11051e+06
1.00409e+06
915919
824601
742888
661898
585703
510937
438733
367342
298686
230672
162480
94003.9
32528.1
1.38793e+06
1.50064e+06
1.33521e+06
1.28497e+06
1.16561e+06
1.0855e+06
987498
904769
815562
736011
656138
581502
507514
436387
365901
297463
229422
161659
93388.5
32302.6
1.38664e+06
1.43785e+06
1.34355e+06
1.26104e+06
1.1482e+06
1.06197e+06
968154
886729
801529
723737
647133
573981
502189
431334
362143
294493
227309
160227
92552.9
31946.8
1.25213e+06
1.30592e+06
1.22208e+06
1.17854e+06
1.08513e+06
1.01709e+06
929925
859302
781044
709206
634554
565145
494669
425984
357868
291322
224838
158449
91397
31427.9
1.38377e+06
1.38451e+06
1.25888e+06
1.17411e+06
1.06476e+06
985031
895439
823300
752665
682240
617389
549216
483749
417736
352129
286852
221570
156147
89979.5
30797.4
1.68397e+06
1.39555e+06
1.18749e+06
1.11216e+06
1.01174e+06
938210
861114
794323
726190
662980
597866
534787
469850
408148
344925
281868
217872
153547
88290.7
30036.5
1.76408e+06
1.36578e+06
1.18409e+06
1.08638e+06
966076
894004
849524
785319
721936
663612
601641
539490
477548
415974
334789
274675
213255
150500
86401.2
29145.2
1.20284e+06
1.04839e+06
952267
936126
879450
860113
814440
761721
703119
646386
591592
533502
473989
414004
344880
266493
207160
146211
84000.9
28061.3
670667
845841
830755
838196
805523
800842
773942
726419
677335
625709
573477
519117
462445
404321
336880
261380
202142
141829
80784.2
26484
361283
636924
669828
735776
737349
749348
734730
699095
656405
609664
559489
507797
452900
396343
330907
256514
198263
139079
78929.8
25555.5
438594
612146
678031
724537
723212
721868
707529
678757
639787
595715
548460
498657
444587
388980
323805
251742
195190
136758
77409
24761.6
413976
581551
645711
705969
707083
708916
685731
659645
621520
579275
531070
481423
428885
374821
304150
248945
192296
134932
76149.1
24110.5
567168
663051
708916
738156
724629
714648
679562
650448
604159
563048
511454
463732
409490
357258
301322
246357
190234
133402
75077.6
23530.3
870180
800477
794972
790375
749202
732718
689243
654257
606122
561528
510105
460574
407321
354227
299135
244452
188552
132192
74193.3
23079.3
877644
928848
854476
838623
781461
753912
701378
662836
609151
563740
509908
460091
405830
353027
297628
243137
187398
131326
73606.9
22757.2
1.24662e+06
1.15309e+06
895267
891729
811915
774016
716060
671840
614717
566705
511161
460308
405175
352263
296823
242520
186644
130732
73166
22574.4
1.38096e+06
1.20385e+06
1.02727e+06
955273
848685
794130
727008
678309
618454
568748
512130
460682
405084
352095
296289
241941
186095
130350
72914.8
22467.1
1.00965e+06
1.07675e+06
977562
950134
862169
808473
736651
685751
622795
571664
513661
461480
405208
351931
296051
241764
185821
130182
72791.6
22424.6
1.4042e+06
1.13748e+06
1.02629e+06
971323
871305
814933
740740
687740
624590
572326
514209
461561
405276
351878
295943
241588
185682
130095
72731.1
22397.9
587396
611327
575873
625773
587152
611925
575452
533325
563017
525154
573824
533202
562764
525080
571957
599023
562888
609231
571697
598789
562884
521382
550591
513043
559152
521568
550633
513238
774692
784387
747461
813485
774727
784052
747739
717943
735566
697584
761969
718350
735525
697529
661255
684055
644372
702374
661101
684092
644407
606344
630997
592275
647433
606089
630941
592073
548251
578508
537137
591634
548281
578404
537072
488884
522860
479924
533266
488848
522793
479902
428877
465365
421493
473824
428875
465277
421533
368248
406522
361951
413687
368310
406528
361948
738655
744344
716072
773387
738749
744247
716243
691078
705897
673475
727138
690958
706104
673526
639530
661991
625911
678263
639552
662043
625883
588073
613375
575920
626304
587809
613316
575943
533585
563131
523704
574550
533569
563327
523778
477090
510227
469213
519630
477034
510188
469182
419139
455261
412774
462652
419150
455265
412756
359947
398404
355142
404415
359966
398396
355137
709521
712472
691505
733975
709465
712720
691679
668373
683216
654949
699876
668474
683310
654844
621809
644638
611482
657291
621833
644571
611298
572381
599851
562850
609568
572709
599605
562912
520607
550705
512587
560045
520599
550503
512514
466801
499997
460318
507170
466767
499938
460298
410770
446639
405228
452883
410749
446620
405155
353477
391301
349000
396506
353459
391175
349075
687002
693952
675933
707388
687240
694029
675962
651224
668489
641316
678986
651165
668604
641484
608211
631597
599592
640896
608233
631737
599640
560063
588536
552802
596379
560004
588587
552774
510381
540842
504239
547812
510306
540826
504191
458458
491780
452737
497737
458457
491744
452808
403486
439436
398481
444721
403467
439491
398513
347068
384532
343120
389393
347075
384606
343152
774761
783954
747983
813666
775056
783875
748351
718500
735528
697484
762112
718474
735770
697157
661014
684125
644480
703061
660734
683852
644433
605994
630969
591999
647177
606118
630922
591748
548314
578330
537003
591561
548255
578066
536905
488868
522739
479882
533247
488879
522587
479825
428877
465275
421527
473833
428907
465195
421474
368312
406525
361944
413755
368340
406503
361944
738939
744069
716222
773052
738793
744538
715871
690872
706156
673571
727369
690586
705816
673263
639580
662031
625907
677906
639524
661745
625956
587717
613256
575923
626242
587485
613651
575779
533518
563233
523962
574163
533365
562904
523178
477011
510224
469188
519376
476926
509866
469214
419145
455273
412739
462564
419099
455310
412677
359962
398388
355132
404389
359951
398347
355108
709389
712685
691853
734791
709297
713356
692229
668549
683416
654835
699599
668300
683720
654848
621851
644506
611214
656962
621910
644376
610977
572680
599495
562959
610332
572239
599219
562835
520655
550458
512593
559560
519659
550551
512940
466758
499985
460290
506983
466741
500191
460279
410732
446613
405140
452950
410677
446604
405085
353448
391149
349060
396446
353415
391075
348937
687398
693781
675925
707780
687751
693604
675986
651187
668649
641510
679365
651239
668760
641597
608165
631723
599685
640845
607934
631764
599772
559952
588586
552726
596191
560236
588861
552799
510383
540792
504216
547728
510822
540823
504347
458445
491736
452792
497992
458424
491766
452702
403452
439476
398510
444688
403407
439437
398497
347062
384602
343140
389294
346964
384619
343106
775074
783860
747813
813936
774953
784323
746957
718482
735562
696951
761385
718739
734594
696285
660696
683727
644348
703249
660470
683474
644132
606072
630840
591652
646486
605915
630614
591412
548220
577984
536886
591398
548198
577760
536773
488887
522535
479796
533318
488889
522529
479788
428931
465176
421460
473878
429004
465162
421417
368361
406498
361950
413850
368439
406483
361953
738694
744670
715842
773507
738281
745156
715808
690409
705685
673066
726172
689801
705543
672829
639400
661548
625848
677592
638973
661527
625766
609029
613199
621572
625957
608994
613168
621507
556821
560645
570165
573967
556923
560581
570069
476897
509817
469245
519325
476938
509875
469225
419093
455296
412664
462560
419070
455250
412651
359952
398336
355103
404365
359926
398316
355062
709317
713404
692306
735465
709385
713747
692284
668128
683770
654832
699560
667771
683701
654721
621712
644330
610879
656558
621922
644094
610460
594709
596206
606638
606876
594359
592211
606966
543258
546939
556134
558533
543340
546575
556160
466766
500220
460283
507076
466816
500354
460316
410665
446608
405062
452913
410640
446533
404973
353407
391046
348882
396413
353350
390933
348699
687796
693258
675953
708022
687707
692716
675904
651212
668746
641579
679314
651032
668729
641550
607800
631735
599723
640501
607406
631683
599655
560305
588879
552874
595848
560438
588908
553130
510943
540857
504411
548177
511186
541079
504758
458438
491806
452667
498275
458436
492029
452463
403390
439405
398484
444655
403315
439162
398393
346914
384622
343093
389146
346763
384564
343030
774911
784480
746997
814437
775294
785082
747062
718748
734574
696236
761623
718664
734563
696537
660436
683447
644092
703172
660450
683606
643737
605902
630570
591321
646247
605849
630423
591077
548227
577715
536743
591494
548267
577518
536567
488897
522498
479768
533469
488877
522399
479656
429034
465150
421406
473958
429076
465083
421369
368484
406481
361965
413968
368580
406479
361912
738261
745175
715786
773720
738391
745010
715487
689761
705475
672743
726394
689892
705261
672425
638841
661490
625833
677450
638648
661058
625746
587086
613923
575675
625733
586879
613441
575561
533192
562761
523148
573551
533069
562711
523933
476922
510092
469233
519194
476805
510454
469237
419062
455236
412641
462468
419019
455206
412604
359930
398306
355062
404328
359870
398270
354981
709332
713684
692207
735086
708994
713664
691837
667654
683636
654606
699133
667435
683360
654186
621967
643905
610345
656415
621799
643520
610158
572120
598733
562873
609703
572132
598662
562950
519851
550648
513347
559455
521030
550783
513542
466827
500409
460313
507773
466847
500752
460330
410632
446530
404936
452895
410598
446514
404827
353346
390893
348652
396357
353230
390765
348429
687598
692398
675846
707772
687170
692631
675688
650934
668698
641532
678889
650518
668568
641336
607347
631660
599690
639923
607239
631434
599700
560449
588936
553186
595716
560513
588768
553404
511268
541125
504827
548399
511484
541341
504945
458445
492084
452418
498633
458445
492124
452340
403284
439110
398340
444593
403147
438996
398198
346724
384503
343021
389004
346574
384388
342939
775485
785287
747068
815669
775841
785441
747062
718576
734567
696634
761827
718607
734611
696509
660511
683643
643653
703312
660663
683338
643323
606014
630362
590990
646659
606431
630108
590731
548286
577441
536445
591843
548393
577255
536354
488916
522297
479579
533569
489053
522249
479594
429087
465066
421364
474122
429126
465058
421366
368707
406487
361941
414099
368655
406509
361668
738417
744819
715491
773676
738444
744693
715452
689871
705233
672335
726455
689634
705178
672201
638607
660986
625719
676871
638374
660862
625644
586810
613439
575559
625515
586587
613363
575460
532997
562715
523849
573257
532798
562617
523779
476766
510448
469239
518991
476790
510422
469280
419008
455202
412590
462428
418987
455237
412550
359913
398257
355034
404313
359619
398234
354749
708932
713396
691652
734595
708806
713331
691266
667385
683182
654077
699000
667298
682808
653703
621799
643389
610110
656319
621748
643063
609923
572153
598644
563018
609560
572080
598510
563071
521030
550852
513610
559434
521022
550944
513734
466859
500765
460339
507814
466913
500820
460385
410574
446514
404795
452947
410518
446515
404752
353264
390734
348450
396310
352913
390718
348101
687014
692605
675654
707582
686602
693658
675663
650389
668585
641372
678365
650053
668540
641394
607214
631369
599710
639586
607101
631283
599687
560561
588726
553505
595665
560631
588742
553742
511543
541442
504911
548570
511653
541594
504698
458442
492119
452320
498718
458448
492072
452267
403111
438958
398150
444580
403056
438809
398011
346598
384335
342987
388973
346286
384208
342671
596065
600241
583426
587298
596095
600188
583306
605980
617989
599762
610754
605706
618290
599756
592649
579803
587702
575854
592503
579828
586877
609029
625837
613136
621497
613156
621441
609034
596091
587235
600118
583209
600153
583252
596088
605970
610654
618192
600229
618246
600099
605715
592614
576128
579624
587634
579634
587669
592549
543304
546996
529902
533273
543407
546945
529855
553376
566688
550494
563461
553485
566668
551578
539565
526233
538005
526856
539778
526207
539265
556754
573885
560444
569949
560511
569987
556725
543260
533264
546840
529835
546893
529866
543227
553328
563611
566490
550261
566535
551468
553292
539568
526922
526210
537982
526251
538909
539670
581655
583990
568897
570813
581479
582127
568889
590300
602488
587092
598925
590344
602391
587120
578176
565748
575083
562877
578227
565729
575074
594654
606647
596193
606660
593139
606879
594306
581632
571349
583876
568671
582762
568888
581343
590323
598861
602305
586989
602335
587048
590302
578161
562891
565638
574973
565730
575030
578054
530151
534528
517194
524266
530254
536383
517136
540696
553266
538159
550594
540685
553237
538218
527907
515114
525476
513119
527862
515222
525559
543286
558823
546699
555970
546742
556151
543196
530125
524343
534413
517444
536275
517227
530228
540738
550613
553199
538333
553251
538279
540748
527966
513181
515428
525741
515323
525651
528016
816997
825907
797616
849006
817100
826294
797052
751938
766935
738244
783731
752033
767204
738439
692669
706866
680603
722539
692729
706773
680440
632746
649409
622416
664703
632579
649355
622579
570246
590659
562749
601242
570225
590645
562709
507411
530493
501879
538807
507337
530493
501892
446092
469745
441052
476823
446081
469785
441063
383767
408929
380502
415510
383644
408982
380516
829812
831313
805888
858635
829809
831154
805840
791179
801152
804533
813587
801169
804369
791141
739627
746895
752325
761801
746918
752422
739583
682086
688306
695350
702087
688356
695407
682002
628631
633927
641059
647543
633913
641011
628618
573270
577382
586709
591662
577349
586681
573304
515326
518443
529382
533336
518428
529394
515386
456315
458689
470499
473795
458702
470497
456303
396392
398366
410850
413668
398357
410875
396408
314063
339666
311579
344650
314114
339666
311578
784261
777951
759887
803044
784413
777757
759830
752444
761913
763939
773715
761773
763772
752447
707797
715259
719204
726839
715250
719183
707793
660205
665455
672613
678309
665467
672602
660212
608892
613796
621582
626239
613751
621583
608947
557439
561171
570818
574657
561166
570817
557435
502442
505522
516408
519636
505506
516421
502452
445885
448328
460124
462674
448288
460128
445910
387746
389692
402344
404410
389690
402345
387741
307684
333952
304978
336864
307691
333945
304971
737979
732600
721682
747716
738318
732944
722253
718633
726897
726103
734034
726965
726014
718556
684079
689546
693802
699881
689606
693796
684053
641469
645704
652647
657240
645708
652643
641469
593875
597296
606096
609605
597269
606065
593906
543818
546988
556497
559776
547022
556469
543834
491530
494022
504690
507294
493995
504612
491547
436856
438976
450726
452906
438972
450719
436862
380564
382248
394735
396520
382242
394731
380571
302115
328278
299974
331106
302113
328277
299968
714595
719959
704259
723322
714714
720227
704563
696885
701179
703963
707211
701200
703940
696851
666468
670098
674973
678853
670120
675012
666449
627343
630619
637679
640981
630587
637677
627357
581765
584033
593393
596153
584055
593401
581739
532825
535601
545518
547977
535524
545493
532889
483151
485046
495673
497696
485047
495625
483168
429513
431191
442968
444742
431194
442954
429516
373761
375518
387611
389404
375521
387621
373742
297617
322713
294231
324244
297608
322710
294216
676311
684104
672157
685378
676385
684536
672308
643773
657286
637236
659813
643801
657443
637413
602338
618454
597236
621208
602300
618616
597398
556839
575823
551462
578833
556948
576005
551532
508222
528602
503898
531166
508244
528505
503900
457028
478988
452228
481483
457009
479066
452220
404010
426480
399705
428855
404006
426554
399822
348895
373306
345158
375005
348908
373304
345198
816895
827456
796698
849204
816995
827789
797084
752121
767274
738651
784465
752199
767389
738422
692769
706379
680139
722616
692582
705594
679852
632446
648644
622529
663695
632227
648329
622319
570263
590583
562729
601182
570294
590586
562771
507347
530537
501939
538972
507382
530544
501939
446093
469827
441086
476898
446140
469833
441111
383664
409014
380528
415568
383705
409044
380546
829831
830611
805690
858634
829817
830336
805544
790932
801337
803611
813601
790981
801289
803394
739644
747250
752589
762150
739612
747350
752652
682637
688535
695936
702808
682555
688591
696113
628664
633808
640986
647379
628687
633771
641054
573198
577324
586569
591603
573220
577315
586526
515274
518419
529298
533256
515272
518406
529237
456327
458732
470532
473825
456339
458717
470522
396399
398354
410884
413713
396389
398366
410884
314145
339664
311594
344700
314156
339652
311607
783632
777257
759583
802237
783111
777463
759617
751798
761373
763531
773047
751983
761291
763620
708227
715397
719541
727435
708147
715488
719619
660103
665500
672524
678179
660087
665479
672453
608849
613299
621728
626326
608806
613226
621723
557209
561020
570591
574357
557301
560941
570465
502374
505444
516413
519515
502413
505429
516348
445813
448228
460101
462631
445835
448211
460073
387741
389688
402348
404404
387747
389682
402338
307697
333933
304970
336852
307685
333922
304961
738695
732921
722285
749554
739293
733403
722849
719079
726757
726368
734281
718835
726856
726761
683990
689727
693631
699700
683979
689649
693677
641374
645668
652672
657239
641426
645602
652632
593801
597221
605946
609522
593767
597313
605926
543819
547228
556533
559903
543760
547139
556549
491532
494018
504548
507178
491525
494027
504610
436847
438954
450696
452913
436844
438951
450702
380508
382216
394694
396476
380523
382202
394679
302101
328253
299945
331052
302073
328197
299903
714575
719960
704170
723514
714593
720119
704009
696950
701352
703608
707503
696899
701563
703646
666682
670308
675200
679212
666604
670391
675281
627222
630430
637617
640884
627247
630381
637631
581767
584339
593494
596365
581758
584480
593517
533090
535340
545190
547631
532997
535373
545219
483192
485024
495713
497851
483153
485056
495779
429461
431152
442938
444702
429471
431141
442931
373752
375496
387646
389355
373758
375467
387644
297603
322721
294183
324187
297586
322713
294147
676256
684368
672205
685738
676361
685052
672510
644021
657648
637618
659864
644178
657917
638054
602213
618735
597649
621420
602208
619091
597930
557123
576295
551614
578750
557257
576537
551767
508312
528431
503929
531064
508341
528420
503914
457035
479021
452251
481298
457058
479070
452372
404028
426723
399906
428911
404052
426837
399879
348866
373337
345196
374886
348822
373273
345182
817075
827816
797699
849582
817569
827316
798978
752199
766973
738431
784990
752241
766706
738816
692509
704812
679241
722230
692319
704582
678526
632102
647997
622118
663963
632165
647703
621965
570360
590601
562740
601240
570415
590604
562728
507459
530544
501957
539115
507595
530552
502000
446203
469848
441169
477106
446281
469875
441250
383774
409085
380584
415697
383860
409136
380624
829868
829873
805396
858723
830089
829971
805592
791172
801562
803543
813601
791210
801694
803817
739116
747102
752399
761751
739227
747009
752244
682620
688655
696228
703154
682639
688613
696185
628284
633580
641056
646845
628381
633485
640903
573025
577196
586417
591478
573085
577163
586358
515189
518369
529166
533270
515189
518359
529164
456296
458725
470521
473857
456293
458731
470517
396463
398432
410880
413801
396445
398455
410881
314178
339649
311639
344755
314170
339638
311660
782887
777463
759671
801576
782693
777764
759965
752053
761274
763743
773367
751796
761652
763941
707696
715170
718980
726779
707876
714762
718919
659797
665211
672169
677714
659871
665118
672086
516146
519348
516105
502347
505316
502358
505326
445739
448163
460006
462553
445741
448161
460016
387711
389667
402310
404377
387720
389661
402300
307697
333909
304977
336841
307684
333898
304958
739709
733474
723084
750387
740056
733819
723469
719771
727150
727481
735234
719628
727267
727719
684052
689396
693827
699618
684035
689385
693876
641150
645266
652410
656760
641209
645139
652341
504537
507332
504564
491491
493915
491500
493961
436814
438930
450743
452930
436832
438912
450740
380439
382165
394631
396430
380459
382153
394615
302052
328113
299868
330989
302004
328020
299804
714255
719682
703614
723416
714073
719567
703361
696990
701888
703468
707947
696994
701960
703501
666831
670536
675412
679415
666837
670528
675402
627002
630165
637545
640726
627081
630066
637477
584352
595967
584333
581852
593404
581868
593352
535637
548004
535806
533632
545501
533481
545652
498122
483466
485217
496049
483395
485280
496159
429414
431109
442911
444674
429425
431094
442904
373681
375340
387610
389211
373702
375278
387588
297573
322739
294138
323955
297530
322681
294115
676247
684781
672338
685977
676401
685543
672690
644222
657924
638294
659893
644270
658080
638584
602216
619139
598012
621507
602199
619397
598226
557428
576651
551901
578934
557553
576735
552105
508003
528499
503768
531065
507924
528663
503685
457101
479118
452407
481374
457148
479140
452453
404053
426827
399762
428962
404051
426792
399667
348765
373051
345103
374858
348716
372923
345059
817958
827013
799683
849652
818208
827340
800214
752369
766835
739098
785151
752422
766843
739304
691888
704607
678215
721863
691516
704722
678163
632673
647666
621987
664220
632676
647954
622323
570497
590684
562794
601506
570582
590761
562915
507793
530565
502036
539303
508028
530617
502144
446384
469907
441355
477403
446494
469968
441473
383948
409200
380705
415864
384009
409291
380791
830448
829941
805762
859671
831108
830949
806423
791261
801602
804437
814262
791226
801639
804458
738961
747105
751580
761458
739009
747171
751504
682682
688500
696153
703239
682660
688497
696129
627881
633224
640448
646229
627975
633117
640391
572869
577126
586239
591410
572870
577120
586191
515260
518382
529169
533400
515228
518394
529182
456328
458789
470486
473910
456316
458803
470476
396537
398549
410897
413904
396519
398577
410903
314195
339632
311714
344828
314161
339594
311729
782582
777586
759925
801115
782793
777729
759826
752410
761935
764164
773577
752433
761956
764189
707016
713946
718578
726270
707070
714029
718484
659492
664870
671931
677491
659564
664788
671865
613107
621556
609032
608977
625738
613073
621545
560424
569934
556748
556695
573698
560358
569872
516157
502384
505302
519293
502373
505302
516170
445706
448147
460016
462533
445724
448129
460004
387671
389648
402272
404348
387686
389636
402259
307727
333899
304984
336850
307702
333872
304948
740018
733654
723350
750056
739828
733809
722856
719904
727388
728089
735429
719911
727396
728157
683816
689169
693791
699396
683947
689045
693695
640932
645096
652058
656466
640963
645082
651967
598152
606372
594054
593871
609879
597629
606146
546494
556029
543384
543492
559331
546545
556073
504809
491821
494148
507605
491718
494238
505021
436749
438869
450703
452899
436765
438854
450691
380347
382116
394554
396392
380373
382102
394535
302006
327940
299791
330920
301929
327816
299702
713602
718907
703111
722769
713483
718966
703008
696720
701870
703243
707921
696817
701803
703236
666579
670345
675189
679114
666668
670270
675095
626555
629584
637144
640128
626668
629471
637001
584241
581803
593286
595744
581826
584209
593239
536109
533989
545901
548280
533911
536171
545967
483567
485406
496406
498426
483568
485446
496444
429291
431014
442839
444620
429322
430984
442812
373604
375170
387519
389078
373624
375132
387478
297520
322549
294153
323822
297455
322452
294116
676330
685180
672533
686069
676452
685802
672730
644307
658066
638583
659706
644277
657965
638645
602136
619411
598234
621436
602180
619606
598310
557761
576763
552196
579178
557800
576706
552263
507931
528709
503552
531073
507953
528853
503544
457175
479167
452427
481422
457239
479177
452431
404021
426627
399557
428929
403952
426560
399506
348663
372909
345059
374862
348589
372926
345059
818438
827789
800448
849889
818483
828902
800596
752574
766961
739382
785510
752687
767016
739370
691341
704872
678168
722015
691391
704928
678138
632573
648650
623054
663097
632470
648656
623464
570682
590901
563126
601734
570790
591061
563209
508258
530668
502289
539708
508373
530708
502510
446606
470041
441620
477650
446673
470115
441775
384098
409361
380928
416114
384070
409461
380854
831451
831374
806892
860213
831938
831748
807435
791974
802126
804988
814894
791741
802891
805196
738953
747243
751535
761799
738927
747277
751501
682804
688492
696040
703182
682773
688548
695986
627618
632989
640238
646515
627665
633020
640169
573022
577247
586084
591638
572949
577267
586056
515419
518496
529136
533492
515362
518510
529126
456486
458911
470415
473997
456427
458938
470430
396732
398713
410890
414018
396671
398734
410895
314227
339546
311859
344827
313952
339438
311808
783045
777488
759307
800903
782872
777568
759341
752303
762374
764197
773839
752342
762221
764185
707123
714341
718653
726442
707133
714366
718665
658962
664382
671451
677174
659058
664215
671267
608763
612952
621465
625664
608820
612892
621414
556532
560170
569715
573394
556595
560087
569653
502269
505138
516103
519046
502302
505078
516059
445604
448060
459919
462421
445630
448038
459906
387622
389613
402225
404314
387638
389601
402217
307798
333896
305022
336828
307677
333806
304875
739053
733138
722371
749142
738687
733277
722389
719290
726960
727721
734637
719416
726859
727616
683291
688797
693230
699050
683360
688752
693148
640798
645130
651796
656383
640865
645123
651761
593607
597371
605840
609633
593663
597309
605768
543853
546804
556322
559478
543805
546809
556357
491930
494337
505280
507809
491917
494351
505293
436700
438834
450686
452909
436709
438832
450691
380267
382059
394486
396329
380285
382044
394472
301952
327723
299743
330795
301768
327581
299561
713293
718532
703023
722045
713370
718935
703315
696215
701332
702896
707603
696299
701186
703008
666121
669932
674767
678573
666264
669769
674623
626339
629206
636735
639697
626386
629132
636656
581794
584231
593167
595712
581791
584244
593154
534258
536394
546116
548508
534202
536444
546144
483601
485546
496612
498652
483595
485542
496590
429195
430899
442740
444585
429209
430879
442720
373506
375045
387376
388967
373539
375024
387341
297495
322444
294155
323783
297346
322365
293976
676311
685559
672624
686351
676263
686132
672474
644408
658026
638717
659611
644434
657955
638744
602155
619613
598289
621643
602206
619597
598182
557855
576717
552246
579261
557907
576656
552259
507980
528808
503527
531086
508059
528827
503469
457268
479172
452420
481421
457289
479124
452399
403875
426554
399494
428847
403816
426570
399493
348517
372945
345097
374746
348367
372952
345026
777430
787693
765952
774712
787876
766111
777329
781297
793269
771463
784325
793120
771382
781326
768579
756725
759315
747494
756821
759239
768583
791247
813490
801330
803967
801369
804269
791179
777485
774745
788209
766287
788104
766270
777573
781147
784223
792858
771308
793074
771194
781339
768909
747671
756706
759639
756734
759377
769013
724972
733041
711027
717991
733067
711104
724948
731671
744486
723558
735562
744541
723544
731619
717955
704090
710675
697600
704145
710678
717944
739637
761890
747157
752576
746978
752527
739636
725003
718178
733255
711312
733111
711142
725034
731656
735482
744495
723402
744563
723563
731558
717953
697615
704172
710577
704166
710661
717920
667525
675125
655401
661214
675073
655378
667522
676347
689850
670884
684069
689876
670901
676318
662491
649298
657289
644369
649299
657334
662455
682219
702246
688457
695694
688426
695472
682403
667590
661179
674839
655302
675000
655345
667715
676451
684093
690093
671002
689963
670948
676574
662551
644378
649374
657536
649317
657452
662682
614519
620475
601425
606315
620424
601413
614567
623216
635784
618508
630951
635755
618397
623255
609811
596617
605349
592228
596584
605269
609849
628657
647459
633827
640983
633848
640990
628686
614425
606258
620149
601366
620268
601398
614327
623141
630928
635650
618101
635711
618265
623059
609732
592134
596506
605027
596554
605147
609638
558503
563096
544641
548239
563067
544632
558535
568965
582649
564975
578474
582617
564952
568997
554751
540767
550958
537129
540727
550947
554781
573260
591658
577324
586617
577335
586661
573241
558456
548261
563059
544591
563061
544613
558440
568983
578440
582591
564917
582626
564945
568962
554736
537098
540669
550903
540713
550930
554695
500241
503983
486099
488853
503960
486028
500241
511920
526237
508715
522854
526203
508734
511945
497273
482878
494304
479913
482837
494257
497280
515311
533282
518407
529345
518428
529379
515309
500236
488855
503941
486011
503974
486044
500214
511891
522813
526175
508666
526188
508705
511880
497251
479894
482800
494209
482814
494228
497246
440948
444077
426578
428875
444079
426564
440930
453426
468086
450838
465332
468023
450783
453419
438593
423876
436063
421511
423874
436071
438575
456333
473821
458719
470535
458706
470529
456333
440964
428868
444098
426562
444088
426561
440969
453459
465305
467987
450772
468030
450790
453447
438619
421532
423880
436102
423883
436106
438615
380816
383671
366781
368288
383688
366805
380790
393922
408753
391797
406524
408756
391806
393918
378782
363817
376738
361966
363823
376742
378778
396386
413676
398349
410885
398348
410878
396385
380821
368297
383705
366816
383697
366810
380826
393917
406529
408761
391808
408761
391810
393916
378779
361951
363807
376746
363808
376741
378779
741478
750431
730571
738575
750253
730551
741547
743934
753414
734912
744232
753377
735041
743843
733866
723257
725802
716123
723270
725834
733817
752354
773574
761314
763826
761482
763766
752271
741381
738532
750093
730450
749959
730431
741334
743863
744094
753423
734939
753305
734913
743861
733884
716183
723402
725839
723313
725807
733937
696459
703345
684766
691061
703308
684753
696475
701540
712559
695423
705963
712586
695415
701554
690337
678855
684706
673465
678864
684685
690348
707788
727021
715330
719261
715302
719126
707927
696511
691045
703246
684727
703278
684743
696571
701596
706018
712755
695624
712652
695522
701689
690355
673465
678911
684827
678873
684749
690395
647450
652368
634790
639527
652378
634805
647462
655107
667136
650186
662019
667118
650178
655124
642771
630228
638251
625902
630257
638219
642812
660175
678289
665485
672555
665489
672578
660126
647444
639543
652487
634810
652425
634816
647467
655080
662024
667111
650209
667132
650211
655040
642712
625870
630252
638155
630251
638173
642708
596527
601062
583926
588007
600916
583838
596714
604551
617358
600751
613372
617364
600696
604751
592414
579927
588384
575917
579877
588313
592418
608796
626249
613434
621677
613643
621610
608757
596390
587910
600616
583685
600793
583781
596243
604536
613333
617438
600759
617395
600702
604594
592357
575865
579821
588309
579826
588333
592273
543848
547403
530193
533592
547401
530215
543835
553852
567054
550250
563193
567099
550268
553826
540477
526935
536938
523695
526936
536943
540461
557402
574597
561096
570710
561133
570781
557362
543852
533583
547359
530208
547387
530216
543817
553872
563318
567036
550326
567132
550265
553853
540508
523762
526956
537079
526952
537062
540491
488459
491343
474398
477080
491343
474383
488460
499490
513287
496656
510201
513283
496644
499488
485682
471734
483017
469198
471728
482997
485689
502446
519624
505491
516452
505500
516440
502442
488442
477055
491305
474338
491318
474367
488443
499470
510186
513286
496603
513293
496605
499463
485677
469195
471701
482974
471723
482993
485663
431415
433709
416973
419141
433693
416971
431437
443501
457635
441227
455233
457613
441225
443516
429213
414820
427068
412769
414817
427070
429225
445854
462658
448233
460116
448264
460123
445843
431405
419153
433703
416969
433710
416974
431399
443489
455235
457607
441186
457613
441208
443474
429203
412770
414809
427045
414818
427068
429186
373010
374862
358430
359968
374859
358442
373007
385829
400335
383994
398401
400334
383995
385831
371265
356630
369524
355153
356646
369522
371268
387750
404417
389691
402351
389692
402352
387749
373013
359965
374865
358431
374867
358435
373009
385831
398404
400336
383992
400339
383997
385829
371269
355141
356640
369514
356641
369522
371263
711208
718747
702861
709552
718761
702856
711222
711783
717964
705694
712405
717933
705801
711662
704750
696811
698976
691495
696788
698997
704725
718633
733847
726785
726309
726799
726052
718738
711142
709519
718593
702723
718652
702759
711188
711819
712510
718291
706095
718029
705903
711988
704784
691533
696860
699289
696778
699081
704921
673909
679137
663461
668367
679120
663432
673881
678869
688158
674250
683216
688129
674244
678895
669148
658983
664823
654933
658984
664791
669159
684043
699912
689745
693640
689654
693702
684008
673923
668410
679290
663488
679180
663430
673950
678827
683235
688132
674280
688094
674245
678834
669111
654874
658968
664779
658970
664768
669104
629913
633941
618126
621812
633898
618107
629928
637533
648467
633928
644639
648473
633911
637538
626248
614714
622876
611449
614687
622851
626273
641460
657261
645703
652669
645726
652641
641453
629938
621799
633853
618058
633872
618069
629919
637511
644612
648440
633837
648454
633879
637485
626213
611373
614600
622739
614633
622808
626158
581507
584852
568922
572492
584847
568910
581601
590728
602802
587780
599800
602774
587774
590752
578358
565836
575180
562854
565849
575210
578418
593817
609561
597254
605974
597217
606008
593791
581387
572576
584929
568916
584813
568904
581289
590702
599705
602666
587650
602719
587714
590664
578302
562882
565862
575278
565891
575200
578255
530434
533657
517613
520552
533638
517525
530465
540808
553566
538103
550641
553527
538051
540867
527495
514986
524922
512505
514890
524854
527568
543785
559910
547073
556539
547039
556473
543746
530507
520567
533903
517492
533767
517493
530688
540801
550553
553407
537962
553448
538007
540753
527561
512464
514852
525012
514834
524865
527648
478111
480522
464517
466777
480506
464499
478138
489239
502302
487062
499930
502225
487047
489262
475889
462386
473804
460317
462383
473803
475928
491506
507211
493997
504517
493973
504529
491517
478080
466777
480481
464475
480486
464491
478078
489208
499901
502207
487033
502173
487029
489216
475879
460307
462323
473730
462357
473770
475888
422906
424934
408862
410766
424938
408857
422909
434831
448627
432925
446636
448623
432924
434834
420910
407002
419059
405202
406998
419056
420917
436838
452898
438949
450695
438950
450703
436839
422899
410762
424922
408836
424934
408850
422891
434817
446625
448601
432901
448611
432910
434808
420897
405178
406971
419026
406985
419041
420889
366294
367916
352123
353485
367904
352124
366316
378930
392984
377294
391232
392950
377261
378974
364754
350549
363099
349054
350534
363143
364816
380553
396516
382226
394707
382236
394722
380537
366276
353467
367883
352090
367895
352104
366259
378910
391202
392916
377226
392930
377249
378898
364732
349065
350512
363146
350515
363157
364722
690291
694443
683161
687041
694482
683179
690288
693072
698472
688507
693787
698295
688464
693086
686517
679838
683420
675948
679843
683436
686509
696882
707230
701322
703843
701230
703840
696936
690315
687107
694678
683293
694542
683223
690372
693044
693896
698317
688489
698233
688434
693089
686514
675929
679883
683458
679854
683412
686540
657263
660791
647811
651195
660798
647809
657277
663510
671479
659749
668514
671526
659745
663512
654192
644970
651728
641354
645028
651764
654182
666489
678887
670221
675124
670163
675055
666531
657281
651170
660866
647819
660821
647814
657319
663513
668546
671597
659740
671568
659729
663537
654201
641383
645191
651798
645146
651774
654197
616165
619691
605027
608260
619652
605027
616117
624547
634171
620870
631674
634241
620930
624520
613295
602819
611022
599599
602832
611047
613293
627320
640926
630472
637626
630530
637648
627282
616252
608290
619474
605137
619562
605050
616270
624604
631690
634402
621006
634330
620967
624695
613331
599574
602857
611164
602836
611023
613414
569624
572120
557939
560055
572089
557877
569613
579775
590799
576373
588537
590800
576376
579745
567315
555609
565495
552773
555617
565502
567292
581790
596274
584200
593410
584117
593386
581782
569662
560067
572069
557729
572036
557802
569699
579801
588526
590798
576434
590796
576378
579827
567349
552762
555545
565563
555578
565515
567362
520219
522484
508323
510313
522384
508263
520328
530805
542739
528224
540801
542719
528167
530890
518047
506568
516626
504194
506511
516607
518069
532799
547884
535379
545276
535424
545354
532919
520178
510265
522524
508221
522392
508199
520226
530787
540826
542690
528159
542700
528144
530771
518047
504176
506451
516594
506469
516590
518044
469891
471757
456640
458459
471773
456645
469861
481577
493598
478972
491775
493543
478970
481601
467905
455170
466350
452761
455170
466378
467886
483130
497669
484985
495646
485017
495588
483121
469884
458466
471719
456662
471750
456657
469852
481576
491755
493497
478961
493477
478963
481576
467909
452795
455166
466417
455174
466401
467898
415556
417234
401826
403484
417235
401833
415559
428110
441061
425752
439461
441053
425744
428118
413820
400584
412600
398494
400582
412605
413826
429496
444733
431163
442944
431175
442948
429485
415550
403476
417219
401836
417226
401835
415545
428090
439491
441048
425698
441055
425723
428071
413811
398507
400591
412606
400584
412611
413805
359520
361306
345678
347079
361306
345668
359546
372639
385836
370352
384568
385880
370361
372621
357993
345008
357075
343150
345030
357071
357967
373763
389403
375518
387641
375527
387631
373761
359504
347075
361297
345630
361312
345645
359492
372655
384596
385921
370369
385905
370366
372663
357999
343154
345019
357057
345023
357062
358002
777969
788346
766227
774863
777724
788445
766342
781580
792655
771377
783979
781436
792612
771495
769513
756826
759933
748265
769238
757100
760141
790915
813616
801417
803386
801316
803288
791043
778143
774967
788737
766564
788590
766471
778257
781649
783870
792638
771322
792542
771478
781669
769678
748340
757496
759944
757371
760157
769728
725062
733516
711397
718555
725091
733582
711386
731377
744358
723208
735664
731460
744390
723184
717767
704212
710491
697415
717852
704155
710394
739627
762177
747243
752562
747337
752641
739457
724954
718566
733498
711220
733584
711308
724771
731327
735769
744508
723051
744451
723150
731252
717676
697311
703863
710131
704027
710300
717505
667962
674548
655321
660898
667863
674318
655313
676681
690192
671015
684093
676651
690214
670999
662802
649468
657581
644539
662793
649537
657535
682671
702984
688656
696220
688663
696199
682670
668013
660825
674127
655266
674174
655298
668031
676662
683989
690053
670852
690172
670942
676612
662814
644510
649474
657461
649512
657490
662807
614273
620090
601340
606017
614258
620111
601327
622873
635579
617969
630981
622954
635573
617904
609533
596442
604936
591911
609575
596386
604862
628578
647300
633653
641162
633711
641149
628483
614299
606093
620122
601241
620134
601301
614269
617936
622906
630965
635516
635549
617952
622875
604712
609490
591822
596257
596331
604788
609414
558357
563059
544615
548318
558394
563068
544622
568871
582541
564843
578238
568918
582469
564772
554604
540627
550826
536964
554653
540573
550777
573181
591594
577255
586472
577280
586511
573135
558333
548289
563010
544545
563053
544590
558315
564603
568795
578144
582346
582410
564683
568704
550672
554560
536913
540525
540541
550716
554514
500155
503941
485997
488866
500189
503920
485980
511828
526130
508625
522689
511860
526065
508584
497187
482791
494171
479877
497226
482758
494137
515250
533262
518391
529189
518406
529217
515234
500118
488885
503924
485962
503922
485970
500103
511814
522635
525961
508504
526019
508540
511733
497141
479848
482709
494060
482725
494099
497114
440953
444102
426559
428881
440963
444104
426557
453418
467987
450770
465255
453438
467968
450768
438576
423875
436094
421509
438605
423860
436065
456305
473830
458712
470523
458716
470523
456294
440940
428894
444125
426560
444114
426556
440930
453419
465223
467938
450770
467960
450777
453412
438554
421495
423832
436029
423848
436051
438529
380833
383712
366823
368317
380828
383719
366834
393908
408761
391805
406518
393912
408756
391794
378775
363808
376747
361941
378776
363807
376750
396413
413735
398403
410881
398384
410881
396427
380837
368327
383741
366865
383730
366849
380843
393906
406513
408742
391772
408752
391784
393905
378772
361946
363816
376750
363816
376749
378770
741258
750217
730647
738992
741331
750261
730639
743635
753186
734801
744248
743727
753204
734790
733844
723417
725814
716114
733914
723329
725755
751643
772855
761124
763620
761102
763477
751647
741082
738939
750184
730144
750171
730459
740909
743521
744234
753262
734875
753079
734744
743554
733708
715972
722933
725701
723140
725696
733607
696638
703252
684695
690803
696621
703270
684653
701864
712927
695741
706117
701848
712937
695728
690503
678898
684931
673560
690491
678885
684915
708163
727414
715383
719182
715470
719464
708011
696577
690712
703115
684493
703248
684600
696450
701790
705975
712579
695450
712796
695611
701522
690394
673445
678645
684625
678785
684812
690203
647356
652494
634825
639639
647447
652396
634893
654986
667101
650190
661981
655010
667046
650148
642625
630270
638148
625917
642683
630319
638131
660050
678068
665320
672250
665432
672349
659952
634840
647273
639627
652252
652307
634896
647246
654921
661877
666868
649964
666956
650075
654853
630349
642568
625900
638039
630347
638076
642549
596093
600519
583610
587630
596178
600413
583543
604846
617466
600791
613225
604707
617497
600952
592202
579768
588259
575917
592231
579741
588251
613206
621667
608981
608899
626278
613193
621690
600278
583472
596082
596077
587567
600344
583511
617745
601719
605351
605039
613146
617563
601045
579776
588218
592326
592225
575904
579754
588184
543683
547286
530167
533479
543765
547215
530109
553727
566927
550321
563103
553807
566814
550275
540345
526927
537153
523930
540452
526831
537107
560734
570238
557013
557117
574250
560847
570346
547073
529945
543496
543604
533429
547137
530041
566662
550029
553544
553652
562998
566692
550192
526462
536179
539970
540208
523915
526705
537031
488399
491269
474318
476988
488422
491241
474300
499395
513259
496620
510161
499445
513198
496610
485630
471692
482969
469188
485652
471681
482968
516182
502361
519446
505355
505400
516267
502344
488385
476959
491192
474281
491214
474296
488366
512960
499378
510082
496588
513101
496614
499344
485629
469197
471706
483001
471696
482990
485607
431382
433694
416963
419127
431390
433685
416947
443398
457609
441160
455276
443447
457616
441143
429143
414796
427019
412714
429170
414774
426994
445783
462598
448173
460012
448189
460038
445757
431364
419115
433659
416915
433674
416931
431349
443372
455296
457599
441130
457618
441133
443345
429118
412696
414737
426949
414754
426976
429095
373004
374866
358428
359962
373008
374861
358424
385816
400331
383985
398373
385825
400320
383974
371254
356637
369510
355127
371260
356634
369502
387735
404399
389670
402318
389678
402329
387726
372999
359960
374851
358413
374857
358423
372995
385810
398361
400295
383952
400307
383965
385798
371249
355122
356620
369485
356632
369495
371242
711402
718530
702718
709326
711251
718534
702789
712549
718340
706188
713046
712148
718845
706523
705348
696965
699511
692009
705059
697154
699740
719244
734468
727069
727281
726920
726951
719479
711506
709296
718591
702950
718540
702866
711652
712814
713137
719440
706870
719103
706695
713045
705512
692125
697358
700035
697256
699891
705672
673905
679359
663482
668522
673929
679329
663441
678968
688217
674359
683568
678890
688368
674456
669161
658954
664809
654843
669113
658941
664856
683987
699644
689445
693773
689547
693726
683998
673881
668425
679096
663299
679230
663363
673850
679027
683654
688521
674573
688446
674523
679087
669205
654848
658907
664917
658909
664905
669214
629853
633835
618072
621850
629869
633855
618083
637349
648397
633763
644463
637412
648338
633686
626054
614557
622649
611132
626101
614522
622567
641308
657121
645412
652496
645511
652573
641253
618127
629825
621882
633722
633809
618121
629839
637286
644421
648234
633519
648280
633590
637240
614447
626014
611050
622412
614488
622491
626009
581364
584929
568981
572615
581288
584882
569087
590558
602611
587552
599398
590611
602579
587414
578125
565825
575332
562956
578190
565750
575266
597985
606309
594032
593830
609542
597453
605993
584741
569015
581464
581442
572447
584774
569101
602575
587155
590345
590406
599312
602580
587266
565793
575064
578234
578124
562883
565663
575167
530697
533911
517532
520733
530715
533911
517563
540661
553362
537874
550517
540644
553301
537884
527819
514911
525204
512723
527779
514942
525280
546695
556228
543709
543819
559734
546929
556435
533067
517396
530595
530696
520698
533738
517534
553308
538063
540680
540670
550535
553275
537966
515045
525407
527861
527847
512833
515001
525364
478084
480479
464467
466745
478076
480486
464468
489261
502248
487044
500075
489233
502300
487063
475862
462320
473718
460276
475867
462312
473711
504611
491540
507148
493951
493994
504652
491521
478093
466743
480471
464480
480489
464477
478101
502398
489285
500144
487141
502372
487100
489290
475865
460274
462311
473730
462310
473722
475869
422874
424908
408824
410712
422883
424893
408810
434802
448591
432890
446604
434807
448588
432886
420876
406960
419015
405124
420883
406945
419008
436849
452940
438942
450726
438948
450717
436841
422862
410694
424862
408776
424878
408793
422847
434797
446602
448599
432874
448593
432879
434786
420865
405107
406907
418983
406927
418995
420852
366231
367876
352073
353441
366244
367865
352060
378863
392897
377201
391124
378881
392879
377170
364693
350498
363128
349036
364708
350485
363092
380492
396463
382178
394648
382191
394663
380474
366213
353433
367846
352018
367856
352045
366193
378843
391100
392834
377096
392855
377138
378827
364680
348991
350444
363001
350469
363050
364671
690474
694815
683361
687553
690416
695024
683434
693100
698127
688390
693846
693036
698205
688453
686545
679892
683399
675957
686522
679925
683427
696963
707561
701845
703586
701689
703557
697004
690521
687670
695283
683539
695158
683495
690562
693079
693635
698118
688386
698087
688381
693107
686533
675964
679960
683390
679940
683395
686537
657458
660922
647823
651218
657386
660978
647830
663586
671613
659748
668700
663556
671641
659783
654242
645206
651775
641556
654205
645209
651794
666754
679299
670511
675393
670461
675346
666811
657510
651239
661038
647884
661015
647857
657539
663612
668721
671673
659844
671657
659803
663642
654277
641563
645228
651825
645210
651791
654307
616239
619390
605115
608102
616262
619299
605092
624661
634440
620998
631757
624686
634472
621028
613509
602959
611208
599781
613474
603020
611271
627185
640874
630249
637596
630320
637624
627145
616204
608034
619133
605018
619215
605062
616154
624622
631734
634490
621030
634486
621003
624585
613507
599760
602936
611272
602986
611256
613481
569670
572139
557697
560006
569698
572284
557698
579801
590817
576480
588722
579816
590898
576543
567302
555525
565531
552730
567347
555552
565541
584424
581858
596299
593447
584469
593486
581872
572364
569692
560120
557690
572369
557679
569806
579791
588792
590962
576637
590949
576579
579877
567279
552711
555642
565595
555586
565521
567288
520520
522728
508278
510527
520367
522809
508399
530923
542624
528145
540778
530803
542628
528161
518212
506502
516585
504257
518112
506606
516616
535489
533190
547644
545385
535400
545284
533338
522953
520641
510679
508732
522865
508562
520803
531074
540754
542865
528302
542720
528191
531237
518328
504289
506877
516757
506740
516651
518462
469870
471689
456651
458427
469853
471683
456642
481717
493604
478942
491748
481619
493709
478909
467904
455154
466395
452773
467898
455139
466393
483251
497932
485152
495958
485096
495877
483320
469889
458424
471715
456634
471693
456636
469914
481830
491743
493955
478906
493848
478888
481928
467916
452731
455126
466386
455133
466389
467932
415527
417207
401831
403439
415535
417199
401823
428040
441035
425673
439449
428053
441020
425664
413785
400591
412586
398510
413792
400593
412575
429448
444694
431119
442918
431131
442923
429438
415516
403424
417182
401804
417191
401814
415506
428027
439451
440991
425654
441005
425666
428017
413775
398505
400587
412553
400591
412564
413765
359471
361280
345608
347042
359481
361252
345597
372672
385926
370376
384606
372667
385930
370387
358009
345008
357067
343130
358005
345004
357069
373741
389327
375391
387626
375429
387637
373722
359457
347008
361167
345561
361214
345578
359438
372674
384613
385932
370382
385931
370387
372675
358011
343124
345003
357056
345002
357064
358016
777928
788807
766568
775081
778211
788968
766379
781083
792700
771201
784026
781339
792915
771150
768974
757405
759620
747348
769420
756932
759306
791078
813679
801587
804234
801645
804062
791129
777639
774995
788882
765636
788891
765936
777302
781069
784178
793291
771270
793140
771191
781121
768552
747008
756126
759158
756480
759099
768489
724564
733579
711169
718545
724638
733660
711306
731060
744503
722922
735072
731112
744296
722599
717225
703752
709921
696699
717366
703651
709617
739060
761385
746994
751745
746921
751898
739060
724412
718629
733742
711694
733716
711577
724353
730938
734770
743751
722110
744032
722298
730752
717205
696426
703582
709308
703609
709428
717124
668039
674170
655247
660595
668035
674137
655197
676510
689923
670763
683615
676555
689839
670708
644272
662782
649447
657428
662798
649410
657383
682639
703226
688508
696167
688560
696165
682635
668039
660551
674134
655100
674177
655145
667995
676519
683535
689768
670647
689799
670666
676527
644201
662774
649321
657291
649364
657344
662746
614143
620042
601201
606027
614211
619977
601140
617871
630715
617816
622765
635494
622827
635519
604645
591561
604570
609256
596184
609335
596097
628178
646678
633283
640552
633400
640722
628075
614065
605977
619836
601034
619906
601086
613989
630663
617741
617782
622697
635520
635535
622630
591494
604435
604501
609167
595949
596036
609070
558233
562986
544496
548201
558280
562978
544450
564501
577904
564440
568528
582279
568623
582200
550610
536851
550570
554443
540466
554487
540408
572955
591439
577117
586264
577140
586308
572898
558202
548202
562970
544420
562970
544426
558195
577826
564327
564374
568463
582083
582146
568396
536827
550450
550513
554405
540352
540383
554334
500079
503941
485964
488887
500074
503954
485975
522540
511677
525928
508483
511684
525908
508488
497071
482696
494033
479797
497076
482694
494030
515188
533299
518354
529173
518355
529162
515207
500062
488898
503969
485982
503971
485976
500052
522533
511665
525873
508477
525903
508481
511662
497058
479794
482684
494031
482689
494028
497052
440912
444147
426568
428950
440920
444164
426577
453404
467931
450770
465171
453413
467922
450766
438496
423822
436020
421444
438514
423811
436007
456300
473872
458765
470500
458755
470508
456307
440905
428985
444214
426605
444195
426592
440902
453396
465168
467902
450754
467914
450764
453380
438484
421432
423790
435990
423804
436000
438468
380859
383755
366886
368384
380850
383771
366905
393905
408735
391767
406491
393907
408727
391760
378767
363828
376750
361950
378768
363829
376752
396482
413828
398512
410890
398489
410884
396499
380867
368418
383811
366951
383789
366932
380881
393908
406488
408715
391755
408723
391760
393904
378769
361958
363844
376750
363844
376751
378773
741067
750253
729934
738472
740884
750174
729973
743649
753234
734942
744914
743510
753369
735086
733498
722802
725727
715841
733506
722764
725806
752273
773442
761899
764159
761852
764053
752401
741267
738357
750323
730001
750290
729992
741361
743709
745029
753410
735209
753375
735150
743770
733498
715825
722764
725900
722763
725870
733528
696062
702919
684354
690151
696296
702570
684207
701188
712359
695267
705591
701272
712187
695082
689917
678539
684411
672981
690019
678496
684247
707388
726462
713980
718697
714399
718832
707195
695818
689943
701825
683936
702188
684065
695652
701071
705573
711925
694839
712058
694951
700909
689821
672932
678358
684011
678435
684129
689680
634740
639273
634636
647209
652199
647225
652131
654872
666834
649838
661484
654855
666810
649830
630410
625786
630455
642652
637999
642591
638013
659720
677664
664970
671988
665049
672035
659644
639129
634353
634504
647175
651943
652045
647095
654871
661527
666776
649976
666792
649938
654859
625782
630351
630448
642695
638171
638147
642710
488382
491149
474268
476912
488365
491155
474281
512846
509971
512830
499330
496596
499334
496613
485667
471721
483013
469232
485637
471715
483019
519348
516113
516132
502366
505326
505323
502370
488376
476927
491162
474288
491158
474287
488379
510037
512850
512839
499356
496708
496677
499392
485677
469233
471702
483070
471713
483068
485674
431330
433652
416904
419083
431337
433645
416892
443343
457588
441134
455286
443338
457591
441133
429073
414724
426936
412658
429078
414714
426931
445740
462560
448157
460029
448162
460027
445736
431324
419080
433635
416871
433643
416884
431315
443350
455271
457580
441121
457591
441133
443350
429070
412656
414697
426925
414707
426931
429064
372988
374847
358415
359940
372989
374842
358404
385782
400285
383941
398329
385792
400276
383929
371229
356619
369477
355088
371236
356605
369467
387706
404373
389651
402282
389660
402293
387693
372980
359942
374834
358385
374839
358403
372977
385777
398322
400257
383911
400268
383921
385762
371218
355083
356581
369444
356606
369448
371210
711830
718640
703023
709377
711741
718725
703089
713339
719650
706936
713569
713196
719884
707035
705887
697443
700133
692347
705792
697505
700203
719840
735352
727401
728051
727328
727889
719914
711897
709390
718817
703151
718767
703128
711954
713394
713613
720161
707053
720003
707034
713449
705936
692326
697532
700178
697530
700215
705956
673822
678975
663269
667951
673809
678879
663264
679162
688580
674600
683795
679135
688620
674585
669211
658900
664919
654813
669222
658879
664905
684052
699607
689264
693851
689343
693881
684014
673828
667870
678714
663147
678810
663230
673795
679127
683746
688581
674505
688607
674545
679090
669187
654791
658803
664864
658872
664892
669147
618106
621646
618192
629751
633644
629829
633617
637204
648206
633468
644287
637216
648220
633408
614443
610732
614408
625933
622330
625954
622230
641071
656664
645050
652166
645071
652260
641011
621804
618246
618257
629696
633551
633565
629690
637145
644213
648040
633113
648153
633311
637026
610566
614222
614308
625891
621860
622048
625673
478132
480474
464474
466789
478120
480492
464480
502414
500252
502413
489298
487180
489297
487211
475879
462329
473750
460278
475872
462334
473782
507436
504668
504630
491512
494019
493995
491586
478151
466805
480549
464507
480517
464493
478179
500297
502505
502455
489297
487247
487226
489302
475892
460300
462342
473820
462337
473804
475911
422813
424849
408757
410656
422831
424834
408740
434756
448602
432870
446594
434773
448598
432864
420812
406885
418966
405035
420835
406860
418947
436801
452922
438883
450720
438898
450736
436784
422793
410648
424810
408701
424823
408721
422772
434743
446561
448566
432798
448589
432827
434720
420789
405005
406806
418885
406834
418916
420760
366149
367831
352001
353387
366168
367820
351973
378792
392811
377056
391011
378812
392792
377007
364626
350418
362944
348823
364643
350381
362900
380426
396421
382127
394578
382140
394596
380399
366123
353374
367784
351921
367797
351957
366104
378770
390971
392747
376913
392769
376964
378744
364595
348771
350298
362770
350349
362840
364567
690577
695331
683554
687809
690581
695363
683539
693055
697897
688251
693172
693052
697902
688249
686493
679957
683317
675956
686508
679951
683310
696953
707928
701957
703411
701953
703407
696907
690552
687778
695310
683407
695353
683489
690498
693008
692823
697760
688171
697743
688178
692990
686455
675931
679880
683253
679924
683269
686417
657514
661041
647885
651170
657540
661014
647861
663659
671667
659835
668763
663655
671651
659857
654318
645230
651816
641595
654318
645214
651843
666792
679382
670417
675280
670482
675356
666737
657469
651114
660923
647731
660973
647808
657423
663646
668748
671543
659820
671609
659844
663632
654297
641583
645132
651838
645174
651848
654261
607641
616003
619037
604964
616080
618899
604897
624482
634460
620993
631742
624532
634408
620991
613371
602876
611239
599705
613424
602836
611232
626901
640627
629803
637273
629937
637388
626791
607505
615903
618581
604764
618751
604828
615789
624424
631725
634272
620913
634344
620962
624369
613303
599687
602770
611174
602795
611214
613231
572335
560390
572402
569921
557786
569876
557931
579963
590954
576681
588897
579953
590933
576737
567369
555744
565627
553000
567323
555847
565721
595922
584302
584364
581854
593328
593317
581851
560430
572365
572402
569985
558083
558044
569972
579941
588913
590826
576798
590883
576773
579915
567454
553071
556012
565825
555945
565739
567508
523080
511037
523226
521149
508845
520992
508931
531517
542991
528430
540978
531381
543112
528580
518763
507036
516861
504520
518607
507193
516986
548113
536031
535930
533747
545837
545762
533830
511110
523517
523376
521256
509124
509022
521351
531638
541033
543300
528888
543224
528722
531763
518900
504651
507467
517313
507343
517177
519007
469963
471735
456632
458422
469938
471785
456624
482057
494066
478933
491873
482009
494146
478913
467956
455116
466397
452612
467948
455099
466371
498193
483522
485373
496339
485328
496259
483556
469984
458422
471842
456625
471832
456626
470000
482079
491953
494257
478886
494215
478900
482080
467961
452527
455056
466274
455076
466319
467962
415479
417171
401791
403367
415493
417157
401773
427985
440974
425625
439347
428003
440952
425588
413733
400578
412533
398471
413749
400568
412513
429398
444671
431044
442864
431073
442887
429352
415458
403342
417116
401734
417138
401755
415425
427950
439235
440861
425461
440896
425521
427910
413706
398443
400514
412432
400550
412477
413665
359404
361092
345545
346866
359421
361053
345521
372667
385927
370374
384621
372672
385920
370367
358020
345003
357047
343070
358017
344991
357034
373663
389178
375204
387545
375244
387566
373642
359386
346817
360971
345483
361011
345514
359367
372659
384617
385886
370350
385905
370367
372648
358019
343063
344955
357022
344985
357028
358024
777283
788735
765376
774966
777205
788669
765294
781276
793454
771441
784627
781224
793447
771552
768688
756038
759246
747059
768549
756079
759358
791373
814354
801935
804887
801747
804687
791506
777388
775007
789113
765475
788773
765341
777566
781475
784938
793808
771824
793754
771718
781606
768847
747099
756102
759559
756113
759473
768925
724349
733711
711761
718774
724356
733784
711787
730265
743479
722067
734594
730436
743327
722040
716905
703567
709284
696269
717004
703582
709294
738928
761530
747224
751543
747190
751503
738919
724323
718713
733866
711623
733812
711753
724306
730171
734581
743184
721986
743236
721994
730144
716870
696399
703686
709357
703602
709328
716881
667957
674186
655091
660403
667982
674189
655143
676609
689774
670640
683478
676566
689819
670638
662686
649296
657254
643928
662723
649283
657222
682724
703192
688510
696088
688498
696119
682748
667955
660413
674279
655285
674231
655232
667960
676643
683541
689943
670636
689889
670639
676657
662668
643815
649047
657074
649171
657208
662676
613816
619818
600990
605845
613908
619763
600945
617698
622479
635486
630521
622557
635435
617645
604381
608935
595862
591229
609006
595757
604336
627802
646233
632978
640301
633081
640350
627730
613718
605889
619680
600858
619763
600910
613618
622404
630475
635310
617534
635380
617595
622315
608883
591156
595548
604232
595656
604289
608809
558176
563003
544423
548234
558177
563022
544447
564306
568332
582039
577648
568376
581964
564243
550442
554257
540317
536717
554295
540299
550400
572882
591468
577162
586124
577162
586162
572909
558164
548277
563091
544495
563078
544467
558149
568294
577591
581833
564103
581901
564185
568257
554221
536651
540248
550286
540276
550359
554190
500022
503987
485980
488884
500032
503996
485978
511640
525858
508439
522485
511646
525861
508429
497016
482670
494014
479745
497033
482649
494006
515284
533452
518442
529172
518432
529183
515319
499999
488884
504051
485968
504027
485966
499978
511617
522437
525813
508329
525839
508392
511585
496986
479707
482596
493924
482620
493971
496961
440897
444248
426622
429048
440899
444273
426639
453348
467884
450741
465131
453368
467861
450719
438447
423784
435983
421390
438459
423778
435972
456359
473938
458857
470435
458833
470461
456388
440893
429077
444342
426688
444319
426667
440872
453342
465110
467824
450662
467849
450691
453318
438441
421379
423767
435959
423768
435968
438430
380918
383846
366987
368505
380897
383885
367006
393898
408709
391755
406477
393905
408700
391749
378790
363865
376752
361955
378781
363855
376755
396567
413944
398657
410893
398626
410897
396616
380940
368584
384010
367061
383946
367064
380945
393905
406478
408693
391746
408694
391749
393904
378805
361974
363819
376754
363885
376755
378813
741356
750323
729943
738284
741385
750435
729842
743685
753376
735192
745201
743740
753344
735172
733458
722722
725854
715691
733495
722637
725783
752378
773732
762234
764174
762092
764198
752358
741328
738350
750583
729944
750500
729810
741344
743593
745111
753131
734979
753252
735082
743508
733402
715594
722603
725592
722576
725695
733347
695505
701799
683877
689779
695559
701870
683843
700673
711822
694726
705370
700766
711732
694601
689538
678307
683873
672668
689603
678287
683755
707068
726360
714271
718637
714169
718591
707112
695520
689840
702115
683719
702016
683806
695487
700633
705273
711761
694517
711718
694524
700590
689489
672495
678052
683640
678229
683690
689443
634218
646879
651855
638727
647001
651759
634157
654730
666771
649932
661343
654802
666733
649661
630086
642382
637967
625858
642637
630032
637632
659391
677479
664596
671640
664712
671778
659209
646725
638682
651499
634126
651607
634139
646652
654463
661180
666316
649454
666595
649497
654192
642226
625785
629934
637703
629988
637683
642158
600096
583178
596068
596014
587010
600047
583102
617927
601878
605441
605211
613459
617692
601339
579550
588495
592451
592326
575567
579420
588319
608936
625743
612999
621501
613043
621538
608869
595965
586950
599950
582972
600001
583043
595907
605094
613438
617487
601128
617568
601277
604981
592247
575603
579261
588299
579348
588367
592144
546837
529867
543269
543272
533164
546787
529875
566458
549810
553336
553278
562699
566365
549823
526457
536231
539817
539936
523970
526673
536667
556693
573633
560238
569769
560318
569835
556638
543288
533130
546694
529852
546763
529886
543250
553291
562737
566253
549881
566330
549892
553234
540014
523911
526764
536856
526750
536785
540018
488367
491153
474271
476903
488365
491150
474265
513032
499499
496793
510349
499468
513126
496863
485684
471692
483104
469235
485684
471684
483125
502364
519247
505205
516143
505254
516165
502341
488337
476856
491033
474210
491093
474233
488314
499529
510402
513214
496903
513191
496880
499530
485683
469234
471662
483144
471671
483135
485674
431285
433627
416860
419048
431302
433612
416844
443326
457568
441107
455223
443338
457558
441093
429038
414686
426912
412631
429052
414672
426900
445682
462506
448080
459937
448109
459970
445650
431267
419036
433576
416809
433597
416828
431245
443308
455210
457525
441066
457538
441076
443290
429020
412615
414643
426872
414657
426881
429004
372959
374830
358387
359914
372968
374828
358369
385743
400247
383905
398296
385757
400234
383891
371190
356577
369436
355042
371198
356554
369426
387660
404338
389620
402234
389630
402247
387645
372949
359938
374827
358339
374819
358394
372948
385733
398282
400208
383862
400222
383877
385722
371182
355052
356491
369405
356565
369412
371187
711900
718811
703116
709247
711947
718772
703041
713373
720085
706972
713792
713407
720100
706924
705884
697505
700119
692108
705942
697436
700028
719769
735240
727165
727985
727294
728050
719626
711767
709129
718527
702756
718666
702911
711619
713217
713609
719739
706652
719858
706771
713085
705768
691984
697180
699738
697324
699891
705624
673533
678589
663007
667531
673699
678450
662844
678934
688533
674462
683569
679029
688457
674406
668936
658681
664801
654437
669060
658540
664689
683649
699262
688838
693385
688906
693548
683477
673354
667494
678299
662645
678334
662721
673221
678815
683486
688223
674171
688351
674322
678680
668789
654306
658257
664426
658388
664534
668653
618171
629698
633521
621869
629707
633556
618098
636701
647901
632949
643750
636868
647740
632829
614123
625489
621736
610266
625582
613998
621594
640963
656435
645107
651845
645075
651895
640935
629666
621807
633599
618000
633597
618061
629635
636595
643635
647473
632516
647610
632692
636492
625354
610209
613748
621375
613865
621474
625217
584873
568693
581286
581240
572042
584726
568701
602280
586952
590294
590255
598698
602223
586937
565632
574937
578007
577966
562875
565627
574918
593780
609763
597421
605917
597546
606011
593715
581243
572137
584755
568806
584790
568756
581250
590224
598676
602083
586963
602153
586943
590194
577973
562900
565732
574965
565666
574925
577996
532937
517776
530518
530736
520995
533580
518044
553228
538382
540819
540861
550679
553245
538426
515570
525828
528134
528238
513444
515688
525913
543614
559446
546749
556249
546704
556161
543722
530906
521040
533898
518297
533813
518191
531035
540935
550727
553376
538558
553300
538476
541024
528380
513491
515843
526095
515764
526005
528497
478257
480590
464515
466833
478216
480623
464522
502559
489527
487284
500486
489416
502670
487371
476009
462349
473850
460309
475958
462361
473902
491892
507746
494318
505276
494296
505202
491910
478293
466839
480665
464549
480649
464535
478311
489633
500633
502968
487516
502857
487457
489674
476060
460321
462391
473980
462379
473945
476085
422729
424793
408679
410624
422750
424776
408661
434673
448548
432771
446522
434696
448539
432748
420703
406780
418854
404894
420732
406751
418823
436732
452895
438838
450683
438843
450685
436721
422710
410606
424752
408634
424760
408647
422696
434653
446517
448525
432706
448531
432728
434638
420680
404861
406696
418766
406721
418796
420659
366054
367767
351908
353318
366077
367758
351878
378651
392717
376863
390845
378710
392685
376787
364473
350265
362705
348588
364522
350213
362650
380316
396371
382067
394501
382083
394511
380297
366038
353318
367743
351792
367746
351870
366030
378602
390803
392616
376711
392634
376743
378570
364428
348549
350068
362570
350179
362594
364410
690327
695230
683296
687463
690424
695122
683178
692856
697512
688071
692470
692901
697514
688084
686289
679816
683195
675797
686352
679753
683176
696576
707742
701532
703061
701651
703055
696457
690210
687319
694825
682929
694981
683055
690079
692783
692400
697453
688088
697373
688049
692745
686214
675758
679645
683134
679697
683161
686136
657260
660850
647637
650809
657357
660767
647518
663567
671462
659785
668654
663606
671389
659719
654110
645081
651849
641447
654201
645013
651782
666484
679008
670082
674886
670183
674995
666379
657146
650631
660486
647266
660663
647385
657012
663523
668643
671218
659581
671309
659687
663463
653991
641472
644747
651676
644923
651803
653839
615640
618477
604767
607300
615686
618407
604698
624279
634183
620893
631570
624320
634077
620827
613043
602743
611179
599710
613138
602713
611137
626513
640023
629279
636794
629360
636871
626462
615582
607266
618287
604634
618341
604656
615531
624255
631550
633843
620899
633961
620868
624226
612996
599722
602622
611128
602671
611190
612991
572334
569911
558089
560454
569934
572308
558103
579813
590791
576808
588861
579875
590773
576801
567551
556053
565891
553233
567536
556100
565920
581790
595724
584207
593181
584194
593216
581789
569907
560475
572331
558195
572305
558137
569925
579762
588831
590714
576764
590739
576800
579732
567561
553298
556238
565952
556164
565946
567573
523616
521522
509215
511375
521445
523683
509307
531977
543352
529026
541178
531876
543417
529148
519169
507571
517423
504872
519087
507669
517480
534061
548340
536326
546073
536241
546025
534134
521596
511454
523846
509441
523767
509398
521662
532073
541234
543549
529331
543482
529249
532161
519244
504909
507853
517544
507760
517513
519348
470018
471870
456618
458442
470011
471898
456608
482047
494310
478882
492103
482063
494333
478869
467942
455033
466272
452380
467955
455011
466266
483573
498515
485546
496573
485492
496480
483591
470032
458445
471962
456596
471929
456602
470048
482034
492100
494353
478881
494372
478876
482025
467942
452360
454979
466268
454994
466275
467933
415345
417085
401683
403218
415383
417032
401644
427815
440833
425400
439063
427864
440804
425345
413586
400464
412384
398290
413620
400423
412336
429259
444606
430923
442767
430958
442788
429232
415309
403185
416969
401579
417000
401610
415275
427770
439029
440734
425258
440773
425297
427735
413544
398241
400347
412240
400381
412286
413495
359337
360924
345468
346676
359348
360893
345437
372598
385859
370334
384467
372625
385814
370310
358020
344934
357022
342982
358027
344891
357012
373592
389045
375069
387401
375100
387432
373568
359331
346656
360838
345399
360856
345456
359320
372558
384430
385707
370250
385761
370288
372525
357998
343000
344806
356974
344878
357002
357970
778091
789410
765547
775701
777926
789916
765594
781718
793855
771923
785433
781677
793905
771865
768969
756088
759540
747053
768961
756099
759537
792102
815175
803481
805659
803253
805249
792176
778134
775790
790351
765632
790214
765613
778157
781650
785116
794020
771686
793747
771695
781646
768951
747050
756107
759512
756089
759515
768954
724325
733836
711512
718586
724305
733842
711459
730165
743140
722015
734580
730150
743120
722047
716882
703752
709366
696629
716888
703764
709356
738968
761814
747273
751494
747277
751483
738981
724353
718528
733684
711385
733700
711456
724397
730183
734590
743152
722075
743120
722063
730201
716875
696559
703612
709325
703684
709341
716876
667991
674374
655308
660596
667980
674554
655302
676640
689976
670610
683593
676658
689973
670480
662571
648958
656869
643554
662666
648910
656720
682827
703214
688640
695961
688518
695969
682815
668006
660627
674689
655194
674628
655263
667983
676546
683456
689837
670123
689897
670268
676400
662467
643435
648865
656512
648882
656597
662410
613411
619741
600832
606250
613498
619841
600863
622111
635237
617463
630290
622224
635158
617379
608636
595467
604167
590891
608731
595396
604092
627633
646623
633090
640127
633084
640142
627671
613459
606419
620107
601049
620034
600960
613538
622007
630207
635026
617175
635086
617284
621944
608570
590804
595473
603931
595405
604016
608539
558087
563148
544524
548308
558116
563158
544539
568151
581761
564017
577355
568212
581686
563914
554111
540213
550216
536319
554153
540189
550121
573110
591808
577395
586143
577390
586109
573120
558106
548367
563396
544740
563309
544676
558167
568129
577287
581677
563825
581663
563846
568153
554096
536292
540283
550073
540238
550068
554113
499978
504109
485987
488903
499956
504167
486157
511520
525778
508214
522202
511533
525755
508137
496938
482586
493846
479539
496940
482601
493815
515490
533533
518521
529200
518533
529146
515530
500046
489053
504369
486338
504310
486282
500107
511570
522210
525811
508198
525781
508160
511607
496976
479571
482717
493883
482673
493851
497004
440864
444385
426718
429092
440864
444412
426771
453326
467824
450646
465055
453322
467835
450631
438448
423779
435961
421358
438438
423796
435961
456566
474067
459011
470509
459002
470466
456627
440891
429131
444573
426960
444509
426865
440928
453339
465062
467867
450615
467853
450623
453351
438460
421360
423863
435963
423826
435962
438468
380957
384115
367177
368694
380945
384218
367120
393921
408702
391746
406494
393915
408715
391737
378838
363848
376747
361838
378817
363751
376746
396800
414066
398772
410946
398772
410920
396831
380982
368897
384399
367045
384323
367263
381035
393948
406502
408747
391739
408733
391738
393962
378836
361917
363582
376760
363837
376734
378874
741394
750565
729978
738427
741387
750561
729986
743316
752920
734843
744724
743406
752832
734744
733325
722579
725556
715493
733338
722557
725513
752160
773472
762058
764302
762079
764031
752137
741377
738443
750530
730028
750548
730018
741378
743193
744515
752713
734559
752577
734624
743127
733290
715473
722529
725449
722549
725468
733254
695419
702152
683592
689801
695465
702159
683498
700544
711770
694492
705218
700573
711741
694471
689236
677861
683583
672274
689373
677657
683531
707087
726455
714344
718665
714360
718671
707051
695346
689728
702092
683262
702136
683325
695292
700522
705204
711708
694444
711735
694463
700493
689180
672209
677535
683478
677558
683489
689160
646526
651427
634097
638555
646584
651361
634053
654060
666036
649444
660924
654119
665907
649414
642028
629882
637690
625683
642075
629834
637661
658857
677007
663981
671047
664082
671115
658787
646450
638476
651154
633925
651260
633988
646385
653997
660859
665807
649370
665820
649368
653989
641975
625640
629765
637637
629783
637625
641967
595811
599899
582917
586733
595863
599841
582857
604847
617439
601082
613402
604913
617391
601007
592026
579211
588299
575525
592086
579152
588261
608709
625601
612747
621299
612826
621357
608653
595769
586657
599717
582751
599783
582807
595727
604800
613358
617328
600945
617347
600958
604775
591987
575500
579063
588207
579108
588236
591958
543160
546634
529813
532907
543216
546547
529760
553153
566202
549890
562684
553205
566139
549864
539981
526752
536879
523841
540016
526728
536881
556469
573318
559938
569540
560009
569601
556383
543108
532831
546409
529633
546466
529705
543033
553106
562658
566036
549807
566090
549845
553045
539948
523810
526646
536845
526697
536874
539897
488258
490990
474189
476746
488280
490953
474168
499513
513216
496902
510451
499525
513204
496902
485651
471652
483146
469245
485663
471648
483145
502241
519000
505075
515986
505066
516025
502222
488259
476774
490995
474202
490975
474187
488263
499514
510441
513152
496891
513190
496903
499494
485657
469271
471680
483160
471671
483162
485656
431215
433563
416795
418996
431230
433550
416779
443262
457516
441053
455202
443272
457510
441045
428978
414631
426856
412575
428990
414619
426841
445593
462424
448011
459928
448020
459920
445586
431207
418991
433534
416763
433541
416769
431200
443265
455227
457543
441045
457533
441048
443264
428971
412562
414608
426815
414612
426826
428962
372938
374816
358397
359800
372935
374825
358301
385700
400198
383851
398246
385713
400189
383833
371174
356534
369383
354928
371170
356411
369375
387619
404311
389595
402213
389598
402213
387613
372920
359875
374843
358136
374816
358386
372944
385695
398237
400184
383819
400184
383826
385688
371157
355005
356211
369369
356476
369350
371178
711343
718401
702582
708892
711438
718357
702473
712682
719402
706429
713434
712853
719369
706286
705286
697005
699548
691444
705450
696821
699344
719168
734469
726749
727523
726750
727356
719186
711272
708841
718289
702440
718303
702393
711329
712505
713100
719257
706032
719064
706063
712454
705158
691306
696647
699159
696698
699194
705102
673074
678242
662576
667355
673146
678197
662511
678414
688070
674044
683001
678547
687892
673923
668413
658131
664331
653972
668523
658034
664220
683234
699031
688727
693123
688745
693078
683308
673024
667302
678172
662477
678173
662468
673092
678309
682860
687724
673723
687770
673800
678263
668331
653829
657922
664007
657951
664106
668301
629491
633597
617915
621781
629571
633582
617830
636322
647368
632375
643253
636404
647293
632277
625031
613653
621294
610059
625105
613579
621220
640719
656324
645102
651721
645088
651713
640707
629400
621756
633575
617649
633558
617724
629362
636249
643123
647193
632189
647211
632198
636229
624975
609990
613503
621126
613523
621147
624960
581241
584755
568844
572134
581255
584722
568857
590138
602016
586978
598622
590168
601948
586977
578015
565799
575018
563060
578014
565833
575044
593549
609609
597241
605640
597273
605701
593488
581216
572116
584661
568811
584697
568849
581169
590097
598577
601807
586898
601875
586953
590029
577999
563074
565818
575011
565839
575040
577952
531178
533958
518343
521035
531127
533986
518373
541167
553461
538634
550898
541113
553510
538681
528634
515906
526168
513646
528583
515942
526224
543876
559465
546791
556348
546809
556366
543881
531210
521031
533985
518419
533993
518397
531227
541205
550923
553533
538760
553530
538718
541232
528675
513685
516011
526319
515976
526264
528710
478347
480683
464570
466872
478329
480697
464590
489675
502971
487516
500764
489668
502969
487527
476122
462406
473996
460354
476103
462422
474015
491953
507816
494369
505325
494369
505313
491959
478377
466906
480728
464625
480725
464622
478381
489703
500788
503012
487588
502991
487559
489715
476154
460380
462453
474067
462452
474049
476163
422665
424738
408611
410544
422680
424715
408590
434610
448530
432690
446516
434627
448535
432672
420628
406672
418742
404770
420641
406651
418716
436701
452938
438837
450718
438838
450714
436697
422653
410526
424691
408560
424701
408571
422645
434599
446521
448544
432640
448547
432655
434587
420618
404758
406621
418695
406633
418700
420609
365996
367719
351831
353129
366006
367716
351705
378513
392597
376686
390716
378541
392574
376666
364361
350077
362534
348309
364371
349924
362522
380256
396317
382024
394439
382035
394451
380243
365963
353186
367701
351502
367686
351770
365976
378495
390710
392547
376653
392554
376659
378481
364328
348367
349679
362508
349962
362494
364335
689794
694644
682798
686841
689930
694451
682658
692640
697298
688033
692969
692658
697452
688061
685944
679596
683116
675579
686032
679541
683036
696031
707292
700950
703071
700994
702779
696023
689603
686659
694184
682405
694245
682503
689529
692483
693132
697520
688041
697183
688075
692463
685826
675690
679299
682997
679463
683085
685629
656766
660350
647167
650212
656885
660241
647006
663286
671115
659579
668487
663392
670989
659454
653480
644605
651688
641319
653669
644541
651519
666012
678413
669600
674383
669669
674474
665918
656629
650109
660051
646898
660150
646942
656548
663139
668551
670697
659472
670857
659519
662998
653414
641378
644468
651436
644501
651475
653317
615441
618241
604609
607188
615485
618196
604577
624161
633785
620878
631286
624201
633756
620793
612896
602577
611054
599691
612946
602535
610997
626283
639622
628990
636567
629041
636606
626244
615374
607142
618096
604501
618137
604530
615329
624106
631276
633672
620730
633720
620770
624048
612826
599695
602432
610930
602471
610973
612737
569983
572377
558268
560596
569958
572406
558329
579732
590678
576768
588707
579716
590634
576791
567603
556321
565939
553608
567593
556398
565937
581794
595691
584206
593112
584233
593128
581807
569991
560615
572412
558408
572415
558367
570013
579759
588719
590571
576888
590588
576833
579812
567602
553686
556521
565996
556451
565961
567623
521795
523916
509500
511567
521736
523969
509537
532370
543603
529353
541554
532260
543662
529349
519506
507943
517475
504824
519469
507930
517433
534296
548531
536528
546219
536477
546165
534353
521845
511599
524089
509624
524015
509576
521917
532427
541616
543776
529256
543717
529301
532452
519452
504753
507828
517459
507860
517441
519392
470049
471976
456586
458437
470055
471986
456571
481991
494272
478846
492088
482017
494161
478763
467872
454968
466224
452296
467915
454961
466151
483629
498674
485599
496633
485555
496611
483655
470053
458444
472066
456542
472023
456560
470059
481938
492068
494023
478654
494084
478698
481895
467806
452279
454928
466060
454952
466096
467729
415218
416946
401552
403081
415238
416928
401518
427682
440683
425219
438912
427704
440596
425176
413354
400318
412188
398109
413433
400298
412134
429173
444584
430838
442679
430857
442704
429148
415199
403061
416907
401474
416915
401493
415183
427652
438852
440395
424997
440491
425090
427599
413243
398039
400216
412018
400244
412059
413158
359271
360817
345435
346476
359284
360822
345326
372458
385616
370221
384281
372491
385521
370179
357874
344831
356940
342865
357924
344729
356891
373489
388962
375028
387298
375027
387313
373476
359240
346548
360855
345140
360816
345397
359255
372428
384216
385357
370072
385436
370121
372391
357810
342931
344564
356863
344808
356845
357781
)
;

boundaryField
{
    inlet
    {
        type            zeroGradient;
    }
    outlet
    {
        type            fixedValue;
        value           uniform 0;
    }
    seabed
    {
        type            zeroGradient;
    }
    top
    {
        type            zeroGradient;
    }
    side1
    {
        type            zeroGradient;
    }
    side2
    {
        type            zeroGradient;
    }
    submarine
    {
        type            zeroGradient;
    }
}


// ************************************************************************* //
